 1626714524 448158085 0  
  1626714525 448158085 0  
  1626714527 448158085 0  
  1626714528 448158085 0  
  1626714529 448158085 0  
  1626714530 448158085 0  
  1626714531 448158085 0  
  1626714532 448158085 0  
  1626714533 448158085 0  
  1626714534 448158085 0  
  1626714535 448158085 0  
  1626714536 448158085 0  
  1626714537 448158085 0  
  1626714538 448158085 0  
  1626714539 448158085 0  
  1626714540 448158085 0  
  1626714541 448158085 0  
  1626714542 448158085 0  
  1626714543 448158085 0  
  1626714544 448158085 0  
  1626714545 448158085 0  
  1626714546 448158085 0  
  1626714547 448158085 0  
  1626714548 448158085 0  
  1626714549 448158085 0  
  1626714550 448158085 0  
  1626714551 448158085 0  
  1626714552 448158085 0  
  1626714553 448158085 0  
  1626714554 448158085 0  
  1626714555 448158085 0  
  1626714556 448158085 0  
  1626714557 448158085 0  
  1626714558 448158085 0  
  1626714559 448158085 0  
  1626714560 448158085 0  
  1626714561 448158085 0  
  1626714562 448158085 0  
  1626714563 448158085 0  
  1626714565 448158085 0  
  1626714566 448158085 0  
  1626714567 448158085 0  
  1626714568 448158085 0  
  1626714569 448158085 0  
  1626714570 448158085 0  
  1626714571 448158085 0  
  1626714572 448158085 0  
  1626714573 448158085 0  
  1626714574 448158085 0  
  1626714575 448158085 0  
  1626714576 448158085 0  
  1626714577 448158085 0  
  1626714578 448158085 0  
  1626714579 448158085 0  
  1626714580 448158085 0  
  1626714581 448158085 0  
  1626714582 448158085 0  
  1626714583 448158085 0  
  1626714584 448158085 0  
  1626714585 448158085 0  
  1626714586 448158085 0  
  1626714587 448158085 0  
  1626714588 448158085 0  
  1626714589 448158085 0  
  1626714590 448158085 0  
  1626714591 448158085 0  
  1626714592 448158085 0  
  1626714593 448158085 0  
  1626714594 448158085 0  
  1626714595 448158085 0  
  1626714596 448158085 0  
  1626714597 448158423 0  
  1626714598 448158423 0  
  1626714599 448158423 0  
  1626714600 448158423 0  
  1626714601 448158423 0  
  1626714602 448158423 0  
  1626714604 448158423 0  
  1626714605 448158423 0  
  1626714606 448158423 0  
  1626714607 448158423 0  
  1626714608 448158423 0  
  1626714609 448158423 0  
  1626714610 448162732 0  
  1626714611 448163056 0  
  1626714612 448163764 0  
  1626714613 448163764 0  
  1626714614 448163764 0  
  1626714615 448163764 0  
  1626714616 448163764 0  
  1626714617 448163764 0  
  1626714618 448163764 0  
  1626714619 448163764 0  
  1626714620 448163764 0  
  1626714621 448163764 0  
  1626714622 448168397 0  
  1626714623 448173030 0  
  1626714624 448173738 0  
  1626714625 448179079 0  
  1626714626 448179079 0  
  1626714627 448179787 0  
  1626714628 448179787 0  
  1626714629 448179787 0  
  1626714630 448179787 0  
  1626714631 448179787 0  
  1626714632 448179787 0  
  1626714633 448179787 0  
  1626714634 448179787 0  
  1626714635 448179787 0  
  1626714636 448179787 0  
  1626714637 448179787 0  
  1626714638 448179787 0  
  1626714639 448179787 0  
  1626714640 448179787 0  
  1626714641 448179787 0  
  1626714643 448179787 0  
  1626714644 448180144 0  
  1626714645 448180144 0  
  1626714646 448180144 0  
  1626714647 448180144 0  
  1626714648 448180144 0  
  1626714649 448180144 0  
  1626714650 448180144 0  
  1626714651 448180144 0  
  1626714652 448180144 0  
  1626714653 448180144 0  
  1626714654 448180144 0  
  1626714655 448180144 0  
  1626714656 448180144 0  
  1626714657 448180144 0  
  1626714658 448180144 0  
  1626714659 448180144 0  
  1626714660 448180144 0  
  1626714661 448180144 0  
  1626714662 448180144 0  
  1626714663 448180802 0  
  1626714664 448180802 0  
  1626714665 448180802 0  
  1626714666 448180802 0  
  1626714667 448180802 0  
  1626714668 448180802 0  
  1626714669 448180802 0  
  1626714670 448180802 0  
  1626714671 448180802 0  
  1626714672 448180802 0  
  1626714673 448180802 0  
  1626714674 448180802 0  
  1626714675 448180802 0  
  1626714676 448180802 0  
  1626714677 448180802 0  
  1626714678 448180802 0  
  1626714679 448180802 0  
  1626714680 448180802 0  
  1626714681 448180802 0  
  1626714683 448180802 0  
  1626714684 448180802 0  
  1626714685 448180802 0  
  1626714686 448180802 0  
  1626714687 448180802 0  
  1626714688 448180802 0  
  1626714689 448180802 0  
  1626714690 448180802 0  
  1626714691 448180802 0  
  1626714692 448180802 0  
  1626714693 448180802 0  
  1626714694 448180802 0  
  1626714695 448180802 0  
  1626714696 448180802 0  
  1626714697 448180802 0  
  1626714698 448180802 0  
  1626714699 448180802 0  
  1626714700 448180802 0  
  1626714701 448180802 0  
  1626714702 448180802 0  
  1626714703 448180802 0  
  1626714704 448180802 0  
  1626714705 448180802 0  
  1626714706 448180802 0  
  1626714707 448180802 0  
  1626714708 448180802 0  
  1626714709 448180802 0  
  1626714710 448180802 0  
  1626714711 448180802 0  
  1626714712 448180894 0  
  1626714713 448180894 0  
  1626714714 448180894 0  
  1626714715 448180894 0  
  1626714716 448180894 0  
  1626714717 448180894 0  
  1626714718 448180894 0  
  1626714719 448180894 0  
  1626714720 448180894 0  
  1626714722 448180894 0  
  1626714723 448180894 0  
  1626714724 448180894 0  
  1626714725 448180894 0  
  1626714726 448180894 0  
  1626714727 448180894 0  
  1626714728 448180894 0  
  1626714729 448180894 0  
  1626714730 448180894 0  
  1626714731 448180894 0  
  1626714732 448180894 0  
  1626714733 448180894 0  
  1626714734 448180894 0  
  1626714735 448180894 0  
  1626714736 448180894 0  
  1626714737 448180894 0  
  1626714738 448180894 0  
  1626714739 448180894 0  
  1626714740 448180894 0  
  1626714741 448180894 0  
  1626714742 448180894 0  
  1626714743 448180894 0  
  1626714744 448180894 0  
  1626714745 448180894 0  
  1626714746 448180894 0  
  1626714747 448180894 0  
  1626714748 448180894 0  
  1626714749 448180894 0  
  1626714750 448180894 0  
  1626714751 448180894 0  
  1626714752 448180894 0  
  1626714753 448180894 0  
  1626714754 448180894 0  
  1626714755 448180894 0  
  1626714756 448180894 0  
  1626714757 448180894 0  
  1626714758 448180894 0  
  1626714760 448180894 0  
  1626714761 448180894 0  
  1626714762 448180894 0  
  1626714763 448180894 0  
  1626714764 448180894 0  
  1626714765 448180894 0  
  1626714766 448180894 0  
  1626714767 448180894 0  
  1626714768 448180894 0  
  1626714769 448180894 0  
  1626714770 448180986 0  
  1626714771 448180986 0  
  1626714772 448180986 0  
  1626714773 448185295 0  
  1626714774 448185619 0  
  1626714775 448185619 0  
  1626714776 448186327 0  
  1626714777 448186327 0  
  1626714778 448186327 0  
  1626714779 448186327 0  
  1626714780 448186327 0  
  1626714781 448186327 0  
  1626714782 448186327 0  
  1626714783 448186327 0  
  1626714784 448186327 0  
  1626714785 448186327 0  
  1626714786 448186327 0  
  1626714787 448186327 0  
  1626714788 448186327 0  
  1626714789 448186327 0  
  1626714790 448186327 0  
  1626714791 448186327 0  
  1626714792 448186327 0  
  1626714793 448186327 0  
  1626714794 448186327 0  
  1626714795 448186327 0  
  1626714796 448186327 0  
  1626714797 448186327 0  
  1626714799 448186395 0  
  1626714800 448186395 0  
  1626714801 448186395 0  
  1626714802 448186395 0  
  1626714803 448186395 0  
  1626714804 448187619 0  
  1626714805 448187619 0  
  1626714806 448187619 0  
  1626714807 448187619 0  
  1626714808 448187619 0  
  1626714809 448187619 0  
  1626714810 448187619 0  
  1626714811 448187619 0  
  1626714812 448187619 0  
  1626714813 448187619 0  
  1626714814 448187619 0  
  1626714815 448187619 0  
  1626714816 448187619 0  
  1626714817 448187619 0  
  1626714818 448187619 0  
  1626714819 448187619 0  
  1626714820 448187619 0  
  1626714821 448187619 0  
  1626714822 448187619 0  
  1626714823 448187619 0  
  1626714824 448187619 0  
  1626714825 448187619 0  
  1626714826 448187619 0  
  1626714827 448187619 0  
  1626714828 448187619 0  
  1626714829 448187619 0  
  1626714830 448187619 0  
  1626714831 448187619 0  
  1626714832 448187619 0  
  1626714833 448187619 0  
  1626714834 448187619 0  
  1626714835 448187619 0  
  1626714836 448187619 0  
  1626714838 448187619 0  
  1626714839 448187619 0  
  1626714840 448187619 0  
  1626714841 448187619 0  
  1626714842 448187619 0  
  1626714843 448187619 0  
  1626714844 448187619 0  
  1626714845 448187619 0  
  1626714846 448187619 0  
  1626714847 448187619 0  
  1626714848 448187619 0  
  1626714849 448187619 0  
  1626714850 448187619 0  
  1626714851 448187619 0  
  1626714852 448187619 0  
  1626714853 448187619 0  
  1626714854 448187619 0  
  1626714855 448187619 0  
  1626714856 448187619 0  
  1626714857 448187619 0  
  1626714858 448187619 0  
  1626714859 448187619 0  
  1626714860 448187619 0  
  1626714861 448187619 0  
  1626714862 448187619 0  
  1626714863 448187619 0  
  1626714864 448189214 0  
  1626714865 448189214 0  
  1626714866 448189214 0  
  1626714867 448189214 0  
 