 1626788918 467475290 0  
  1626788919 467475290 0  
  1626788920 467475290 0  
  1626788921 467475290 0  
  1626788922 467475290 0  
  1626788923 467475290 0  
  1626788924 467475290 0  
  1626788925 467475290 0  
  1626788926 467475290 0  
  1626788927 467475290 0  
  1626788928 467475290 0  
  1626788929 467475290 0  
  1626788930 467475290 0  
  1626788931 467475290 0  
  1626788933 467475290 0  
  1626788934 467475290 0  
  1626788935 467475290 0  
  1626788936 467475290 0  
  1626788937 467475290 0  
  1626788938 467475290 0  
  1626788939 467475290 0  
  1626788940 467475372 0  
  1626788941 467475372 0  
  1626788942 467475372 0  
  1626788943 467475372 0  
  1626788944 467475372 0  
  1626788945 467475372 0  
  1626788946 467475372 0  
  1626788947 467475372 0  
  1626788948 467475372 0  
  1626788949 467475372 0  
  1626788950 467475372 0  
  1626788951 467475372 0  
  1626788952 467475372 0  
  1626788953 467475372 0  
  1626788954 467475372 0  
  1626788955 467475372 0  
  1626788956 467475372 0  
  1626788957 467475372 0  
  1626788958 467475372 0  
  1626788959 467475372 0  
  1626788960 467475372 0  
  1626788961 467475372 0  
  1626788962 467475372 0  
  1626788963 467475372 0  
  1626788964 467475372 0  
  1626788965 467475372 0  
  1626788966 467475372 0  
  1626788967 467475372 0  
  1626788968 467475372 0  
  1626788969 467475372 0  
  1626788970 467475372 0  
  1626788972 467475372 0  
  1626788973 467475372 0  
  1626788974 467475372 0  
  1626788975 467475372 0  
  1626788976 467475372 0  
  1626788977 467475372 0  
  1626788978 467475372 0  
  1626788979 467475372 0  
  1626788980 467475372 0  
  1626788981 467475372 0  
  1626788982 467475372 0  
  1626788983 467475372 0  
  1626788984 467475372 0  
  1626788985 467475372 0  
  1626788986 467475372 0  
  1626788987 467475372 0  
  1626788988 467475372 0  
  1626788989 467475372 0  
  1626788990 467475372 0  
  1626788991 467475372 0  
  1626788992 467475372 0  
  1626788993 467475372 0  
  1626788994 467475372 0  
  1626788995 467475372 0  
  1626788996 467475372 0  
  1626788997 467475372 0  
  1626788998 467475372 0  
  1626788999 467475372 0  
  1626789000 467475372 0  
  1626789001 467479681 0  
  1626789002 467480005 0  
  1626789003 467480005 0  
  1626789004 467480713 0  
  1626789005 467480713 0  
  1626789006 467480713 0  
  1626789007 467480713 0  
  1626789008 467480713 0  
  1626789009 467480713 0  
  1626789010 467480713 0  
  1626789012 467480713 0  
  1626789013 467480713 0  
  1626789014 467480713 0  
  1626789015 467485022 0  
  1626789016 467485346 0  
  1626789017 467485346 0  
  1626789018 467490687 0  
  1626789019 467495960 0  
  1626789020 467496736 0  
  1626789021 467496736 0  
  1626789022 467496736 0  
  1626789023 467496736 0  
  1626789024 467496736 0  
  1626789025 467496736 0  
  1626789026 467496736 0  
  1626789027 467496736 0  
  1626789028 467496736 0  
  1626789029 467496736 0  
  1626789030 467496736 0  
  1626789031 467496736 0  
  1626789032 467496736 0  
  1626789033 467496736 0  
  1626789034 467496736 0  
  1626789035 467496736 0  
  1626789036 467496736 0  
  1626789037 467497093 0  
  1626789038 467497093 0  
  1626789039 467497093 0  
  1626789040 467497093 0  
  1626789041 467497093 0  
  1626789042 467497093 0  
  1626789043 467497093 0  
  1626789044 467497093 0  
  1626789045 467497093 0  
  1626789046 467497093 0  
  1626789047 467497093 0  
  1626789048 467497093 0  
  1626789049 467497093 0  
  1626789051 467497093 0  
  1626789052 467497093 0  
  1626789053 467497093 0  
  1626789054 467497093 0  
  1626789055 467497093 0  
  1626789056 467497093 0  
  1626789057 467497093 0  
  1626789058 467497093 0  
  1626789059 467497093 0  
  1626789060 467497093 0  
  1626789061 467497093 0  
  1626789062 467497093 0  
  1626789063 467497093 0  
  1626789064 467497093 0  
  1626789065 467497689 0  
  1626789066 467497689 0  
  1626789067 467497689 0  
  1626789068 467497689 0  
  1626789069 467497689 0  
  1626789070 467497689 0  
  1626789071 467497689 0  
  1626789072 467497689 0  
  1626789073 467497689 0  
  1626789074 467497689 0  
  1626789075 467497689 0  
  1626789076 467497689 0  
  1626789077 467497689 0  
  1626789078 467497689 0  
  1626789079 467497689 0  
  1626789080 467497689 0  
  1626789081 467497689 0  
  1626789082 467497689 0  
  1626789083 467497689 0  
  1626789084 467497689 0  
  1626789085 467497689 0  
  1626789086 467497689 0  
  1626789087 467497689 0  
  1626789089 467497689 0  
  1626789090 467497689 0  
  1626789091 467497689 0  
  1626789092 467497689 0  
  1626789093 467497689 0  
  1626789094 467497689 0  
  1626789095 467497689 0  
  1626789096 467497689 0  
  1626789097 467497689 0  
  1626789098 467497689 0  
  1626789099 467497689 0  
  1626789100 467497689 0  
  1626789101 467497689 0  
  1626789102 467497689 0  
  1626789103 467497689 0  
  1626789104 467497689 0  
  1626789105 467497689 0  
  1626789106 467497689 0  
  1626789107 467497689 0  
  1626789108 467497689 0  
  1626789109 467497689 0  
  1626789110 467497689 0  
  1626789111 467497689 0  
  1626789112 467497689 0  
  1626789113 467497689 0  
  1626789114 467497689 0  
  1626789115 467497689 0  
  1626789116 467497689 0  
  1626789117 467497689 0  
  1626789118 467497689 0  
  1626789119 467497689 0  
  1626789120 467497689 0  
  1626789121 467497689 0  
  1626789122 467497689 0  
  1626789123 467497689 0  
  1626789124 467497689 0  
  1626789125 467497689 0  
  1626789127 467497689 0  
  1626789128 467497689 0  
  1626789129 467497689 0  
  1626789130 467497689 0  
  1626789131 467497689 0  
  1626789132 467497689 0  
  1626789133 467497689 0  
  1626789134 467497689 0  
  1626789135 467497689 0  
  1626789136 467497689 0  
  1626789137 467497689 0  
  1626789138 467497689 0  
  1626789139 467497689 0  
  1626789140 467497689 0  
  1626789141 467497689 0  
  1626789142 467497689 0  
  1626789143 467497689 0  
  1626789144 467497689 0  
  1626789145 467497689 0  
  1626789146 467497689 0  
  1626789147 467497689 0  
  1626789148 467497689 0  
  1626789149 467497689 0  
  1626789150 467497689 0  
  1626789151 467497689 0  
  1626789152 467497689 0  
  1626789153 467497689 0  
  1626789154 467497689 0  
  1626789155 467497689 0  
  1626789156 467497689 0  
  1626789157 467497689 0  
  1626789158 467497689 0  
  1626789159 467497689 0  
  1626789160 467497689 0  
  1626789161 467497689 0  
  1626789162 467497689 0  
  1626789163 467497689 0  
  1626789164 467502254 0  
  1626789166 467502322 0  
  1626789167 467503030 0  
  1626789168 467503030 0  
  1626789169 467503030 0  
  1626789170 467503030 0  
  1626789171 467503030 0  
  1626789172 467503030 0  
  1626789173 467503030 0  
  1626789174 467503030 0  
  1626789175 467503030 0  
  1626789176 467503030 0  
  1626789177 467503030 0  
  1626789178 467503030 0  
  1626789179 467503030 0  
  1626789180 467503030 0  
  1626789181 467503030 0  
  1626789182 467503030 0  
  1626789183 467503030 0  
  1626789184 467503030 0  
  1626789185 467503030 0  
  1626789186 467503030 0  
  1626789187 467503030 0  
  1626789188 467503030 0  
  1626789189 467503030 0  
  1626789190 467503030 0  
  1626789191 467503030 0  
  1626789192 467503030 0  
  1626789193 467503030 0  
  1626789194 467503030 0  
  1626789195 467503030 0  
  1626789196 467503030 0  
  1626789197 467503030 0  
  1626789198 467503030 0  
  1626789199 467503030 0  
  1626789200 467503030 0  
  1626789201 467503030 0  
  1626789202 467503030 0  
  1626789204 467503030 0  
  1626789205 467503030 0  
  1626789206 467503030 0  
  1626789207 467503030 0  
  1626789208 467503030 0  
  1626789209 467503030 0  
  1626789210 467503030 0  
  1626789211 467503030 0  
  1626789212 467503030 0  
  1626789213 467503030 0  
  1626789214 467503030 0  
  1626789215 467503030 0  
  1626789216 467503030 0  
  1626789217 467503030 0  
  1626789218 467503030 0  
  1626789219 467503030 0  
  1626789220 467503030 0  
  1626789221 467503030 0  
  1626789222 467503030 0  
  1626789223 467503030 0  
  1626789224 467503030 0  
  1626789225 467503030 0  
  1626789226 467503030 0  
  1626789227 467503030 0  
  1626789228 467503030 0  
  1626789229 467503030 0  
  1626789230 467503030 0  
  1626789231 467503030 0  
  1626789232 467503030 0  
  1626789233 467503030 0  
  1626789234 467503030 0  
  1626789235 467503030 0  
  1626789236 467503030 0  
  1626789237 467503030 0  
  1626789238 467503030 0  
  1626789239 467503030 0  
  1626789240 467503030 0  
  1626789241 467503030 0  
  1626789243 467503030 0  
  1626789244 467503030 0  
  1626789245 467503030 0  
  1626789246 467503030 0  
  1626789247 467503030 0  
  1626789248 467503030 0  
  1626789249 467503030 0  
  1626789250 467503030 0  
  1626789251 467503030 0  
  1626789252 467503030 0  
  1626789253 467503030 0  
  1626789254 467503030 0  
  1626789255 467503030 0  
  1626789256 467503030 0  
  1626789257 467503030 0  
  1626789258 467503030 0  
  1626789259 467503030 0  
  1626789260 467503030 0  
  1626789261 467503030 0  
  1626789262 467503030 0  
  1626789263 467503030 0  
  1626789264 467503030 0  
  1626789265 467503030 0  
  1626789266 467503626 0  
  1626789267 467503626 0  
  1626789268 467503626 0  
  1626789269 467503626 0  
  1626789270 467503626 0  
  1626789271 467503626 0  
  1626789272 467503626 0  
  1626789273 467503626 0  
  1626789274 467503626 0  
  1626789275 467503626 0  
  1626789276 467503626 0  
  1626789277 467503626 0  
  1626789278 467503626 0  
  1626789279 467503626 0  
  1626789280 467503626 0  
  1626789282 467503626 0  
  1626789283 467503626 0  
  1626789284 467503626 0  
  1626789285 467503626 0  
  1626789286 467503626 0  
  1626789287 467503626 0  
  1626789288 467503626 0  
  1626789289 467503626 0  
  1626789290 467503626 0  
  1626789291 467503626 0  
  1626789292 467503626 0  
  1626789293 467503626 0  
  1626789294 467503626 0  
  1626789295 467503626 0  
  1626789296 467503626 0  
  1626789297 467503626 0  
  1626789298 467503626 0  
  1626789299 467503626 0  
  1626789300 467503626 0  
  1626789301 467507935 0  
  1626789302 467508259 0  
  1626789303 467508967 0  
  1626789304 467508967 0  
  1626789305 467508967 0  
  1626789306 467508967 0  
  1626789307 467508967 0  
  1626789308 467508967 0  
  1626789309 467508967 0  
  1626789310 467508967 0  
  1626789311 467508967 0  
  1626789312 467508967 0  
  1626789313 467508967 0  
  1626789314 467508967 0  
  1626789315 467513276 0  
  1626789316 467513600 0  
  1626789317 467518233 0  
  1626789318 467523574 0  
  1626789319 467524282 0  
  1626789320 467524990 0  
  1626789322 467524990 0  
  1626789323 467524990 0  
  1626789324 467524990 0  
  1626789325 467524990 0  
  1626789326 467524990 0  
  1626789327 467524990 0  
  1626789328 467524990 0  
  1626789329 467524990 0  
  1626789330 467524990 0  
  1626789331 467525058 0  
  1626789332 467525058 0  
  1626789333 467525058 0  
  1626789334 467525058 0  
  1626789335 467525058 0  
  1626789336 467525058 0  
  1626789337 467526982 0  
  1626789338 467526982 0  
  1626789339 467526982 0  
  1626789340 467526982 0  
  1626789341 467526982 0  
  1626789342 467526982 0  
  1626789343 467526982 0  
  1626789344 467526982 0  
  1626789345 467526982 0  
  1626789346 467526982 0  
  1626789347 467526982 0  
  1626789348 467526982 0  
  1626789349 467526982 0  
  1626789350 467526982 0  
  1626789351 467526982 0  
  1626789352 467526982 0  
  1626789353 467526982 0  
  1626789354 467526982 0  
  1626789355 467526982 0  
  1626789356 467526982 0  
  1626789357 467526982 0  
  1626789358 467526982 0  
  1626789359 467526982 0  
  1626789361 467526982 0  
  1626789362 467526982 0  
  1626789363 467526982 0  
  1626789364 467526982 0  
  1626789365 467526982 0  
  1626789366 467526982 0  
  1626789367 467526982 0  
  1626789368 467526982 0  
  1626789369 467526982 0  
  1626789370 467526982 0  
  1626789371 467526982 0  
  1626789372 467526982 0  
  1626789373 467526982 0  
  1626789374 467526982 0  
  1626789375 467526982 0  
  1626789376 467526982 0  
  1626789377 467526982 0  
  1626789378 467526982 0  
  1626789379 467526982 0  
  1626789380 467526982 0  
  1626789381 467527074 0  
  1626789382 467527074 0  
  1626789383 467527074 0  
  1626789384 467527074 0  
  1626789385 467527074 0  
  1626789386 467527074 0  
  1626789387 467527074 0  
  1626789388 467527074 0  
  1626789389 467527074 0  
  1626789390 467527074 0  
  1626789391 467527074 0  
  1626789392 467527074 0  
  1626789393 467527074 0  
  1626789394 467527074 0  
  1626789395 467527074 0  
  1626789396 467527074 0  
  1626789397 467527074 0  
  1626789398 467527074 0  
  1626789399 467527074 0  
  1626789401 467527074 0  
  1626789402 467527074 0  
  1626789403 467527074 0  
  1626789404 467527074 0  
  1626789405 467527074 0  
  1626789406 467527074 0  
  1626789407 467527074 0  
  1626789408 467527074 0  
  1626789409 467527074 0  
  1626789410 467527074 0  
  1626789411 467527074 0  
  1626789412 467527074 0  
  1626789413 467527074 0  
  1626789414 467527074 0  
  1626789415 467527074 0  
  1626789416 467527074 0  
  1626789417 467527074 0  
  1626789418 467527074 0  
  1626789419 467527074 0  
  1626789420 467527074 0  
  1626789421 467527166 0  
  1626789422 467527166 0  
  1626789423 467527166 0  
  1626789424 467527166 0  
  1626789425 467527166 0  
  1626789426 467527166 0  
  1626789427 467527166 0  
  1626789428 467527166 0  
  1626789429 467527166 0  
  1626789430 467527166 0  
  1626789431 467527166 0  
  1626789432 467527166 0  
  1626789433 467527166 0  
  1626789434 467527166 0  
  1626789435 467527166 0  
  1626789436 467527166 0  
  1626789437 467527166 0  
  1626789438 467527166 0  
  1626789440 467527166 0  
  1626789441 467527166 0  
  1626789442 467527166 0  
  1626789443 467527166 0  
  1626789444 467527166 0  
  1626789445 467527166 0  
  1626789446 467527166 0  
  1626789447 467527166 0  
  1626789448 467527166 0  
  1626789449 467527166 0  
  1626789450 467527166 0  
  1626789451 467527166 0  
  1626789452 467527166 0  
  1626789453 467527166 0  
  1626789454 467527166 0  
  1626789455 467527166 0  
  1626789456 467527166 0  
  1626789457 467527166 0  
  1626789458 467527166 0  
  1626789459 467527166 0  
  1626789460 467527166 0  
  1626789461 467527166 0  
  1626789462 467527166 0  
  1626789463 467527166 0  
  1626789464 467531475 0  
  1626789465 467532395 0  
  1626789466 467533103 0  
  1626789467 467533103 0  
  1626789468 467533103 0  
  1626789469 467533103 0  
  1626789470 467533103 0  
  1626789471 467533103 0  
  1626789472 467533103 0  
  1626789473 467533103 0  
  1626789474 467533103 0  
  1626789475 467533103 0  
  1626789476 467533103 0  
  1626789477 467533103 0  
  1626789479 467533103 0  
  1626789480 467533103 0  
  1626789481 467533103 0  
  1626789482 467533103 0  
  1626789483 467533103 0  
  1626789484 467533103 0  
  1626789485 467533103 0  
  1626789486 467533103 0  
  1626789487 467533103 0  
  1626789488 467533103 0  
  1626789489 467533103 0  
  1626789490 467533103 0  
  1626789491 467533103 0  
  1626789492 467533103 0  
  1626789493 467533103 0  
  1626789494 467533103 0  
  1626789495 467533103 0  
  1626789496 467533103 0  
  1626789497 467533103 0  
  1626789498 467533103 0  
  1626789499 467533103 0  
  1626789500 467533103 0  
  1626789501 467533103 0  
  1626789502 467533103 0  
  1626789503 467533103 0  
  1626789504 467533103 0  
  1626789505 467533103 0  
  1626789506 467533103 0  
  1626789507 467533103 0  
  1626789508 467533103 0  
  1626789509 467533103 0  
  1626789510 467533103 0  
  1626789511 467533103 0  
  1626789512 467533103 0  
  1626789513 467533103 0  
  1626789514 467533103 0  
  1626789515 467533103 0  
  1626789516 467533103 0  
  1626789518 467533103 0  
  1626789519 467533103 0  
  1626789520 467533103 0  
  1626789521 467533103 0  
  1626789522 467533103 0  
  1626789523 467533103 0  
  1626789524 467533103 0  
  1626789525 467533103 0  
  1626789526 467533103 0  
  1626789527 467533103 0  
  1626789528 467533103 0  
  1626789529 467533103 0  
  1626789530 467533103 0  
  1626789531 467533103 0  
  1626789532 467533103 0  
  1626789533 467533103 0  
  1626789534 467533103 0  
  1626789535 467533103 0  
  1626789536 467533103 0  
  1626789537 467533103 0  
  1626789538 467533103 0  
  1626789539 467533103 0  
  1626789540 467533103 0  
  1626789541 467533103 0  
  1626789542 467533103 0  
  1626789543 467533103 0  
  1626789544 467533103 0  
  1626789545 467533103 0  
  1626789546 467533103 0  
  1626789547 467533103 0  
  1626789548 467533103 0  
  1626789549 467533103 0  
  1626789550 467533103 0  
  1626789551 467533103 0  
 