 1627436643 556449520 0  
  1627436644 556450228 0  
  1627436645 556450228 0  
  1627436646 556450228 0  
  1627436647 556450228 0  
  1627436648 556450228 0  
  1627436649 556450228 0  
  1627436650 556450228 0  
  1627436651 556450228 0  
  1627436652 556450228 0  
  1627436653 556450228 0  
  1627436654 556450228 0  
  1627436655 556450228 0  
  1627436656 556450228 0  
  1627436657 556450228 0  
  1627436658 556450228 0  
  1627436659 556450228 0  
  1627436660 556450228 0  
  1627436661 556450228 0  
  1627436662 556450228 0  
  1627436663 556450228 0  
  1627436664 556450228 0  
  1627436666 556450228 0  
  1627436667 556450228 0  
  1627436668 556450228 0  
  1627436669 556450228 0  
  1627436670 556450228 0  
  1627436671 556450228 0  
  1627436672 556450228 0  
  1627436673 556450228 0  
  1627436674 556450228 0  
  1627436675 556450228 0  
  1627436676 556450228 0  
  1627436677 556450228 0  
  1627436678 556450228 0  
  1627436679 556450228 0  
  1627436680 556450228 0  
  1627436681 556450228 0  
  1627436682 556450228 0  
  1627436683 556450228 0  
  1627436684 556450228 0  
  1627436685 556450228 0  
  1627436686 556450228 0  
  1627436687 556450228 0  
  1627436688 556450228 0  
  1627436689 556450228 0  
  1627436690 556450228 0  
  1627436691 556450228 0  
  1627436692 556450228 0  
  1627436693 556450228 0  
  1627436694 556450228 0  
  1627436695 556450228 0  
  1627436696 556450228 0  
  1627436697 556450228 0  
  1627436698 556450228 0  
  1627436699 556450228 0  
  1627436700 556450228 0  
  1627436701 556450228 0  
  1627436702 556450228 0  
  1627436703 556450228 0  
  1627436704 556450228 0  
  1627436706 556450228 0  
  1627436707 556450228 0  
  1627436708 556450228 0  
  1627436709 556450228 0  
  1627436710 556450228 0  
  1627436711 556450228 0  
  1627436712 556450228 0  
  1627436713 556450228 0  
  1627436714 556450228 0  
  1627436715 556450228 0  
  1627436716 556450228 0  
  1627436717 556450228 0  
  1627436718 556450228 0  
  1627436719 556450228 0  
  1627436720 556450228 0  
  1627436721 556450228 0  
  1627436722 556450228 0  
  1627436723 556450228 0  
  1627436724 556450228 0  
  1627436725 556450228 0  
  1627436726 556450228 0  
  1627436727 556450228 0  
  1627436728 556450228 0  
  1627436729 556450228 0  
  1627436730 556450228 0  
  1627436731 556450228 0  
  1627436732 556450228 0  
  1627436733 556450228 0  
  1627436734 556450228 0  
  1627436735 556450228 0  
  1627436736 556450228 0  
  1627436737 556450228 0  
  1627436738 556450228 0  
  1627436739 556450228 0  
  1627436740 556450228 0  
  1627436741 556450228 0  
  1627436742 556450228 0  
  1627436743 556450228 0  
  1627436744 556695324 0  
  1627436746 556695324 0  
  1627436747 556695324 0  
  1627436748 556695443 0  
  1627436749 556695443 0  
  1627436750 556695443 0  
  1627436751 556695443 0  
  1627436752 556695443 0  
  1627436753 556695443 0  
  1627436754 556695443 0  
  1627436755 556695443 0  
  1627436756 556695443 0  
  1627436757 556695443 0  
  1627436758 556695443 0  
  1627436759 556695443 0  
  1627436760 556695443 0  
  1627436761 556695443 0  
  1627436762 556695443 0  
  1627436763 556695443 0  
  1627436764 556695443 0  
  1627436765 556695443 0  
  1627436766 556695443 0  
  1627436767 556695443 0  
  1627436768 556695443 0  
  1627436769 556695443 0  
  1627436770 556695443 0  
  1627436771 556695443 0  
  1627436772 556695443 0  
  1627436773 556695443 0  
  1627436774 556695443 0  
  1627436775 556695443 0  
  1627436776 556695443 0  
  1627436777 556695443 0  
  1627436778 556695443 0  
  1627436779 556696101 0  
  1627436780 556696101 0  
  1627436781 556696101 0  
  1627436782 556696101 0  
  1627436783 556696101 0  
  1627436784 556696101 0  
  1627436786 556696101 0  
  1627436787 556696101 0  
  1627436788 556696101 0  
  1627436789 556696101 0  
  1627436790 556696101 0  
  1627436791 556696101 0  
  1627436792 556696101 0  
  1627436793 556696101 0  
  1627436794 556696101 0  
  1627436795 556696101 0  
  1627436796 556696101 0  
  1627436797 556696101 0  
  1627436798 556696101 0  
  1627436799 556696101 0  
  1627436800 556696101 0  
  1627436801 556696101 0  
  1627436802 556696101 0  
  1627436803 556696101 0  
  1627436804 556696101 0  
  1627436805 556696101 0  
  1627436806 556696101 0  
  1627436807 556696101 0  
  1627436808 556696101 0  
  1627436809 556696101 0  
  1627436810 556696101 0  
  1627436811 556696101 0  
  1627436812 556696101 0  
  1627436813 556696101 0  
  1627436814 556696101 0  
  1627436815 556696101 0  
  1627436816 556696101 0  
  1627436817 556696101 0  
  1627436818 556696101 0  
  1627436819 556696101 0  
  1627436820 556696101 0  
  1627436821 556696101 0  
  1627436822 556696101 0  
  1627436823 556696101 0  
  1627436824 556696101 0  
  1627436826 556696101 0  
  1627436827 556696101 0  
  1627436828 556696101 0  
  1627436829 556696101 0  
  1627436830 556696101 0  
  1627436831 556700410 0  
  1627436832 556700734 0  
  1627436833 556701442 0  
  1627436834 556701442 0  
  1627436835 556701442 0  
  1627436836 556701442 0  
  1627436837 556701442 0  
  1627436838 556701442 0  
  1627436839 556701442 0  
  1627436840 556701442 0  
  1627436841 556701442 0  
  1627436842 556701442 0  
  1627436843 556701442 0  
  1627436844 556701442 0  
  1627436845 556701442 0  
  1627436846 556701442 0  
  1627436847 556701442 0  
  1627436848 556701442 0  
  1627436849 556701442 0  
  1627436850 556701442 0  
  1627436851 556701442 0  
  1627436852 556701442 0  
  1627436853 556701442 0  
  1627436854 556701442 0  
  1627436855 556701442 0  
  1627436856 556701442 0  
  1627436857 556701442 0  
  1627436858 556705751 0  
  1627436859 556706075 0  
  1627436860 556706783 0  
  1627436861 556706783 0  
  1627436862 556706783 0  
  1627436863 556706783 0  
  1627436864 556706783 0  
  1627436866 556706783 0  
  1627436867 556706783 0  
  1627436868 556706783 0  
  1627436869 556706783 0  
  1627436870 556706783 0  
  1627436871 556706783 0  
  1627436872 556706783 0  
  1627436873 556706783 0  
  1627436874 556706783 0  
  1627436875 556706783 0  
  1627436876 556706783 0  
  1627436877 556706783 0  
  1627436878 556706783 0  
  1627436879 556708378 0  
  1627436880 556708378 0  
  1627436881 556708378 0  
  1627436882 556708378 0  
  1627436883 556708378 0  
  1627436884 556708378 0  
  1627436885 556708378 0  
  1627436886 556708378 0  
  1627436887 556708378 0  
  1627436888 556708378 0  
  1627436889 556708378 0  
  1627436890 556708378 0  
  1627436891 556708378 0  
  1627436892 556708378 0  
  1627436893 556708378 0  
  1627436894 556708378 0  
  1627436895 556708378 0  
  1627436896 556708378 0  
  1627436897 556708378 0  
  1627436898 556708378 0  
  1627436899 556708378 0  
  1627436900 556708470 0  
  1627436901 556716728 0  
  1627436902 556717736 0  
  1627436904 556717736 0  
  1627436905 556719152 0  
  1627436906 556719152 0  
  1627436907 556719152 0  
  1627436908 556719152 0  
  1627436909 556719152 0  
  1627436910 556719152 0  
  1627436911 556719152 0  
  1627436912 556719152 0  
  1627436913 556719152 0  
  1627436914 556719152 0  
  1627436915 556719152 0  
  1627436916 556719152 0  
  1627436917 556719152 0  
  1627436918 556719152 0  
  1627436919 556719152 0  
  1627436920 556719152 0  
  1627436921 556719152 0  
  1627436922 556719152 0  
  1627436923 556719152 0  
  1627436924 556719152 0  
  1627436925 556719152 0  
  1627436926 556719152 0  
  1627436927 556719152 0  
  1627436928 556719152 0  
  1627436929 556719152 0  
  1627436930 556719152 0  
  1627436931 556719152 0  
  1627436932 556719152 0  
  1627436933 556719152 0  
  1627436934 556719152 0  
  1627436935 556719152 0  
  1627436936 556719152 0  
  1627436937 556719152 0  
  1627436938 556719152 0  
  1627436939 556719152 0  
  1627436940 556723461 0  
  1627436942 556723785 0  
  1627436943 556723785 0  
  1627436944 556724493 0  
  1627436945 556724493 0  
  1627436946 556724493 0  
  1627436947 556724493 0  
  1627436948 556724493 0  
  1627436949 556724493 0  
  1627436950 556724493 0  
  1627436951 556724493 0  
  1627436952 556724493 0  
  1627436953 556724493 0  
  1627436954 556724493 0  
  1627436955 556724493 0  
  1627436956 556724493 0  
  1627436957 556724493 0  
  1627436958 556724493 0  
  1627436959 556724493 0  
  1627436960 556724493 0  
  1627436961 556724493 0  
  1627436962 556724493 0  
  1627436963 556724493 0  
  1627436964 556724493 0  
  1627436965 556724493 0  
 