 1626882563 476682203 0  
  1626882564 476682203 0  
  1626882565 476682203 0  
  1626882566 476682203 0  
  1626882567 476682203 0  
  1626882568 476682203 0  
  1626882569 476682203 0  
  1626882571 476682203 0  
  1626882572 476682203 0  
  1626882573 476682203 0  
  1626882574 476682203 0  
  1626882575 476682203 0  
  1626882576 476682203 0  
  1626882577 476682203 0  
  1626882578 476682203 0  
  1626882579 476682203 0  
  1626882580 476682203 0  
  1626882581 476682203 0  
  1626882582 476682203 0  
  1626882583 476682203 0  
  1626882584 476682203 0  
  1626882585 476682203 0  
  1626882586 476682295 0  
  1626882587 476682295 0  
  1626882588 476682295 0  
  1626882589 476682295 0  
  1626882590 476682295 0  
  1626882591 476682295 0  
  1626882592 476682295 0  
  1626882593 476682295 0  
  1626882594 476682295 0  
  1626882595 476682295 0  
  1626882596 476682295 0  
  1626882597 476682295 0  
  1626882598 476682295 0  
  1626882599 476682295 0  
  1626882600 476682295 0  
  1626882601 476682295 0  
  1626882602 476682295 0  
  1626882603 476682295 0  
  1626882604 476682295 0  
  1626882605 476682295 0  
  1626882606 476682295 0  
  1626882607 476682295 0  
  1626882608 476682295 0  
  1626882610 476682295 0  
  1626882611 476682295 0  
  1626882612 476682295 0  
  1626882613 476682387 0  
  1626882614 476682387 0  
  1626882615 476682387 0  
  1626882616 476682387 0  
  1626882617 476682387 0  
  1626882618 476682387 0  
  1626882619 476682387 0  
  1626882620 476682387 0  
  1626882621 476682387 0  
  1626882622 476682387 0  
  1626882623 476682387 0  
  1626882624 476682387 0  
  1626882625 476682387 0  
  1626882626 476682387 0  
  1626882627 476682387 0  
  1626882628 476682387 0  
  1626882629 476682387 0  
  1626882630 476682387 0  
  1626882631 476682387 0  
  1626882632 476682387 0  
  1626882633 476682387 0  
  1626882634 476682387 0  
  1626882635 476682387 0  
  1626882636 476682387 0  
  1626882637 476682387 0  
  1626882638 476682387 0  
  1626882639 476682387 0  
  1626882640 476682387 0  
  1626882641 476682387 0  
  1626882642 476682387 0  
  1626882643 476682744 0  
  1626882644 476682744 0  
  1626882645 476682744 0  
  1626882646 476682744 0  
  1626882648 476687053 0  
  1626882649 476687377 0  
  1626882650 476687377 0  
  1626882651 476692810 0  
  1626882652 476692810 0  
  1626882653 476693518 0  
  1626882654 476693518 0  
  1626882655 476693518 0  
  1626882656 476702784 0  
  1626882657 476702784 0  
  1626882658 476704200 0  
  1626882659 476704200 0  
  1626882660 476704200 0  
  1626882661 476704200 0  
  1626882662 476704200 0  
  1626882663 476704200 0  
  1626882664 476704200 0  
  1626882665 476704200 0  
  1626882666 476704200 0  
  1626882667 476704796 0  
  1626882668 476704796 0  
  1626882669 476704796 0  
  1626882670 476704796 0  
  1626882671 476704796 0  
  1626882672 476704796 0  
  1626882673 476704796 0  
  1626882674 476704796 0  
  1626882675 476704796 0  
  1626882676 476704796 0  
  1626882677 476704796 0  
  1626882678 476704796 0  
  1626882679 476704796 0  
  1626882680 476704796 0  
  1626882681 476704796 0  
  1626882682 476704796 0  
  1626882683 476704796 0  
  1626882684 476704796 0  
  1626882685 476704796 0  
  1626882687 476704796 0  
  1626882688 476704796 0  
  1626882689 476704796 0  
  1626882690 476704796 0  
  1626882691 476704796 0  
  1626882692 476704796 0  
  1626882693 476704796 0  
  1626882694 476704796 0  
  1626882695 476704796 0  
  1626882696 476704796 0  
  1626882697 476704796 0  
  1626882698 476704796 0  
  1626882699 476704796 0  
  1626882700 476704796 0  
  1626882701 476704796 0  
  1626882702 476704796 0  
  1626882703 476704796 0  
  1626882704 476704796 0  
  1626882705 476704796 0  
  1626882706 476704796 0  
  1626882707 476704796 0  
  1626882708 476704796 0  
  1626882709 476704796 0  
  1626882710 476704796 0  
  1626882711 476704796 0  
  1626882712 476704796 0  
  1626882713 476704796 0  
  1626882714 476704888 0  
  1626882715 476704888 0  
  1626882716 476704888 0  
  1626882717 476704888 0  
  1626882718 476704888 0  
  1626882719 476704888 0  
  1626882720 476704888 0  
  1626882721 476704888 0  
  1626882722 476704888 0  
  1626882723 476704888 0  
  1626882724 476704888 0  
  1626882726 476704888 0  
  1626882727 476704888 0  
  1626882728 476704888 0  
  1626882729 476704888 0  
  1626882730 476704888 0  
  1626882731 476704888 0  
  1626882732 476704888 0  
  1626882733 476704888 0  
  1626882734 476704888 0  
  1626882735 476704888 0  
  1626882736 476704888 0  
  1626882737 476704888 0  
  1626882738 476704888 0  
  1626882739 476704888 0  
  1626882740 476704888 0  
  1626882741 476704888 0  
  1626882742 476704888 0  
  1626882743 476704980 0  
  1626882744 476704980 0  
  1626882745 476704980 0  
  1626882746 476704980 0  
  1626882747 476704980 0  
  1626882748 476704980 0  
  1626882749 476704980 0  
  1626882750 476704980 0  
  1626882751 476704980 0  
  1626882752 476704980 0  
  1626882753 476704980 0  
  1626882754 476704980 0  
  1626882755 476704980 0  
  1626882756 476704980 0  
  1626882757 476704980 0  
  1626882758 476704980 0  
  1626882759 476704980 0  
  1626882760 476704980 0  
  1626882761 476704980 0  
  1626882762 476704980 0  
  1626882763 476704980 0  
  1626882765 476704980 0  
  1626882766 476704980 0  
  1626882767 476704980 0  
  1626882768 476706575 0  
  1626882769 476706575 0  
  1626882770 476706575 0  
  1626882771 476706575 0  
  1626882772 476706575 0  
  1626882773 476706575 0  
  1626882774 476711140 0  
  1626882775 476711208 0  
  1626882776 476711916 0  
  1626882777 476711916 0  
  1626882778 476711916 0  
  1626882779 476712008 0  
  1626882780 476712008 0  
  1626882781 476712008 0  
  1626882782 476712008 0  
  1626882783 476712008 0  
  1626882784 476712008 0  
  1626882785 476712008 0  
  1626882786 476712008 0  
  1626882787 476712008 0  
  1626882788 476712008 0  
  1626882789 476712008 0  
  1626882790 476712008 0  
  1626882791 476712008 0  
  1626882792 476712008 0  
  1626882793 476712008 0  
  1626882794 476712008 0  
  1626882795 476712008 0  
  1626882796 476712008 0  
  1626882797 476712008 0  
  1626882798 476712008 0  
  1626882799 476712008 0  
  1626882800 476712008 0  
  1626882801 476712008 0  
  1626882802 476712008 0  
  1626882804 476712008 0  
  1626882805 476712008 0  
  1626882806 476712008 0  
  1626882807 476712008 0  
  1626882808 476712008 0  
  1626882809 476712008 0  
  1626882810 476712008 0  
  1626882811 476712008 0  
  1626882812 476712008 0  
  1626882813 476712008 0  
  1626882814 476712008 0  
  1626882815 476712008 0  
  1626882816 476712008 0  
  1626882817 476712008 0  
  1626882818 476712008 0  
  1626882819 476712008 0  
  1626882820 476712008 0  
  1626882821 476712008 0  
  1626882822 476712008 0  
  1626882823 476712008 0  
  1626882824 476712008 0  
  1626882825 476712008 0  
  1626882826 476712008 0  
  1626882827 476712008 0  
  1626882828 476712008 0  
  1626882829 476712008 0  
  1626882830 476712008 0  
  1626882831 476712008 0  
  1626882832 476712008 0  
  1626882833 476712008 0  
  1626882834 476712008 0  
  1626882835 476712008 0  
  1626882836 476712008 0  
  1626882837 476712008 0  
  1626882838 476712008 0  
  1626882839 476712008 0  
  1626882840 476712008 0  
  1626882841 476712008 0  
  1626882843 476712008 0  
  1626882844 476712008 0  
  1626882845 476712100 0  
  1626882846 476712100 0  
  1626882847 476712100 0  
  1626882848 476712100 0  
  1626882849 476712100 0  
  1626882850 476712100 0  
  1626882851 476712100 0  
  1626882852 476712100 0  
  1626882853 476712100 0  
  1626882854 476712100 0  
  1626882855 476712100 0  
  1626882856 476712100 0  
  1626882857 476712100 0  
  1626882858 476712100 0  
  1626882859 476712100 0  
  1626882860 476712100 0  
  1626882861 476712100 0  
  1626882862 476712100 0  
  1626882863 476712100 0  
  1626882864 476712100 0  
  1626882865 476712100 0  
  1626882866 476712100 0  
  1626882867 476712100 0  
  1626882868 476712100 0  
  1626882869 476712100 0  
  1626882870 476712100 0  
  1626882871 476712100 0  
  1626882872 476712192 0  
  1626882873 476712192 0  
  1626882874 476712192 0  
  1626882875 476712192 0  
  1626882876 476712192 0  
  1626882877 476712192 0  
  1626882878 476712192 0  
  1626882879 476712192 0  
  1626882881 476712192 0  
  1626882882 476712192 0  
  1626882883 476712192 0  
  1626882884 476712192 0  
  1626882885 476712192 0  
  1626882886 476712192 0  
  1626882887 476712192 0  
  1626882888 476712192 0  
  1626882889 476712192 0  
  1626882890 476712192 0  
  1626882891 476712192 0  
  1626882892 476712192 0  
  1626882893 476712192 0  
  1626882894 476712192 0  
  1626882895 476712192 0  
  1626882896 476712192 0  
  1626882897 476712192 0  
  1626882898 476712192 0  
  1626882899 476712192 0  
  1626882900 476712192 0  
  1626882901 476712192 0  
  1626882902 476712192 0  
  1626882903 476712192 0  
  1626882904 476712192 0  
  1626882905 476712192 0  
  1626882906 476712192 0  
  1626882907 476712192 0  
  1626882908 476712192 0  
  1626882909 476712192 0  
  1626882910 476712284 0  
  1626882911 476712284 0  
  1626882912 476712284 0  
  1626882913 476712284 0  
  1626882914 476712284 0  
  1626882915 476712284 0  
  1626882916 476712284 0  
  1626882917 476712284 0  
  1626882918 476712284 0  
  1626882919 476712284 0  
  1626882921 476712284 0  
  1626882922 476712284 0  
  1626882923 476712284 0  
  1626882924 476712284 0  
  1626882925 476712284 0  
  1626882926 476712284 0  
  1626882927 476712284 0  
  1626882928 476712284 0  
  1626882929 476712284 0  
  1626882930 476712284 0  
  1626882931 476712284 0  
  1626882932 476712284 0  
  1626882933 476712284 0  
  1626882934 476712284 0  
  1626882935 476712284 0  
  1626882936 476712284 0  
  1626882937 476712284 0  
  1626882938 476712284 0  
  1626882939 476712284 0  
  1626882940 476712284 0  
  1626882941 476712284 0  
  1626882942 476712284 0  
  1626882943 476712641 0  
  1626882944 476712641 0  
  1626882945 476712641 0  
  1626882946 476712641 0  
  1626882947 476716950 0  
  1626882948 476717274 0  
  1626882949 476717274 0  
  1626882950 476717982 0  
  1626882951 476722615 0  
  1626882952 476722615 0  
  1626882953 476723323 0  
  1626882954 476723323 0  
  1626882955 476723323 0  
  1626882956 476732589 0  
  1626882957 476732589 0  
  1626882958 476734005 0  
  1626882959 476734005 0  
  1626882961 476734005 0  
  1626882962 476734005 0  
  1626882963 476734005 0  
  1626882964 476734005 0  
  1626882965 476734005 0  
  1626882966 476734005 0  
  1626882967 476734005 0  
  1626882968 476734595 0  
  1626882969 476734595 0  
  1626882970 476734595 0  
  1626882971 476734595 0  
  1626882972 476734595 0  
  1626882973 476734595 0  
  1626882974 476734595 0  
  1626882975 476734687 0  
  1626882976 476734687 0  
  1626882977 476734687 0  
  1626882978 476734687 0  
  1626882979 476734687 0  
  1626882980 476734687 0  
  1626882981 476734687 0  
  1626882982 476735025 0  
  1626882983 476735025 0  
  1626882984 476735025 0  
  1626882985 476735025 0  
  1626882986 476735025 0  
  1626882987 476735025 0  
  1626882988 476735025 0  
  1626882989 476735025 0  
  1626882990 476735025 0  
  1626882991 476735025 0  
  1626882992 476735025 0  
  1626882993 476735025 0  
  1626882994 476735025 0  
  1626882995 476735025 0  
  1626882996 476735025 0  
  1626882997 476735025 0  
  1626882998 476735025 0  
  1626882999 476735025 0  
  1626883001 476735117 0  
  1626883002 476735117 0  
  1626883003 476735117 0  
  1626883004 476735117 0  
  1626883005 476735117 0  
  1626883006 476735117 0  
  1626883007 476735117 0  
  1626883008 476735117 0  
  1626883009 476735117 0  
  1626883010 476735117 0  
  1626883011 476735117 0  
  1626883012 476735117 0  
  1626883013 476735455 0  
  1626883014 476735455 0  
  1626883015 476735455 0  
  1626883016 476735455 0  
  1626883017 476735455 0  
  1626883018 476735455 0  
  1626883019 476735455 0  
  1626883020 476735455 0  
  1626883021 476735455 0  
  1626883022 476735455 0  
  1626883023 476735455 0  
  1626883024 476735455 0  
  1626883025 476735455 0  
  1626883026 476735455 0  
  1626883027 476735455 0  
  1626883028 476735455 0  
  1626883029 476735455 0  
  1626883030 476735455 0  
  1626883031 476735455 0  
  1626883032 476735455 0  
  1626883033 476735455 0  
  1626883034 476735455 0  
  1626883035 476735455 0  
  1626883036 476735455 0  
  1626883037 476735455 0  
  1626883038 476735455 0  
  1626883039 476735547 0  
  1626883041 476735547 0  
  1626883042 476735547 0  
  1626883043 476735547 0  
  1626883044 476735547 0  
  1626883045 476735547 0  
  1626883046 476735547 0  
  1626883047 476735547 0  
  1626883048 476735547 0  
  1626883049 476735547 0  
  1626883050 476735547 0  
  1626883051 476735547 0  
  1626883052 476735547 0  
  1626883053 476735547 0  
  1626883054 476735547 0  
  1626883055 476735615 0  
  1626883056 476735615 0  
  1626883057 476735615 0  
  1626883058 476735615 0  
  1626883059 476735615 0  
  1626883060 476735615 0  
  1626883061 476736771 0  
  1626883062 476736771 0  
  1626883063 476736771 0  
  1626883064 476736771 0  
  1626883065 476736771 0  
  1626883066 476736771 0  
  1626883067 476736771 0  
  1626883068 476736771 0  
  1626883069 476736771 0  
  1626883070 476736771 0  
  1626883071 476736771 0  
  1626883072 476736771 0  
  1626883073 476736771 0  
  1626883074 476736771 0  
  1626883075 476736771 0  
  1626883076 476736771 0  
  1626883077 476738732 0  
  1626883078 476741404 0  
  1626883079 476741404 0  
  1626883081 476742112 0  
  1626883082 476742112 0  
  1626883083 476742112 0  
  1626883084 476742112 0  
  1626883085 476742112 0  
  1626883086 476742112 0  
  1626883087 476742112 0  
  1626883088 476742112 0  
  1626883089 476742112 0  
  1626883090 476742112 0  
  1626883091 476742112 0  
  1626883092 476742112 0  
  1626883093 476742112 0  
  1626883094 476742112 0  
  1626883095 476742112 0  
  1626883096 476742112 0  
  1626883097 476742112 0  
  1626883098 476742112 0  
  1626883099 476742112 0  
  1626883100 476742112 0  
  1626883101 476742112 0  
  1626883102 476742112 0  
  1626883103 476742204 0  
  1626883104 476742204 0  
  1626883105 476742204 0  
  1626883106 476742204 0  
  1626883107 476742204 0  
  1626883108 476742204 0  
  1626883109 476742204 0  
  1626883110 476742204 0  
  1626883111 476742204 0  
  1626883112 476742204 0  
  1626883113 476742204 0  
  1626883114 476742204 0  
  1626883115 476742204 0  
  1626883116 476742204 0  
  1626883117 476742204 0  
  1626883118 476742204 0  
  1626883119 476742204 0  
  1626883121 476742204 0  
  1626883122 476742204 0  
  1626883123 476742204 0  
  1626883124 476742204 0  
  1626883125 476742204 0  
  1626883126 476742204 0  
  1626883127 476742204 0  
  1626883128 476742204 0  
  1626883129 476742204 0  
  1626883130 476742204 0  
  1626883131 476742296 0  
  1626883132 476742296 0  
  1626883133 476742296 0  
  1626883134 476742296 0  
  1626883135 476742296 0  
  1626883136 476742296 0  
  1626883137 476742296 0  
  1626883138 476742296 0  
  1626883139 476742296 0  
  1626883140 476742296 0  
  1626883141 476742296 0  
  1626883142 476742296 0  
  1626883143 476742296 0  
  1626883144 476742296 0  
  1626883145 476742296 0  
  1626883146 476742296 0  
  1626883147 476742296 0  
  1626883148 476742352 0  
  1626883149 476742352 0  
  1626883150 476742352 0  
  1626883151 476742352 0  
  1626883152 476742352 0  
  1626883153 476742352 0  
  1626883154 476742352 0  
  1626883155 476742352 0  
  1626883156 476742352 0  
  1626883157 476742352 0  
  1626883158 476742352 0  
  1626883159 476742352 0  
  1626883161 476742352 0  
  1626883162 476742352 0  
  1626883163 476742690 0  
  1626883164 476742690 0  
  1626883165 476742690 0  
  1626883166 476742690 0  
  1626883167 476742690 0  
  1626883168 476743372 0  
  1626883169 476743372 0  
  1626883170 476743372 0  
  1626883171 476743372 0  
  1626883172 476743372 0  
  1626883173 476743372 0  
  1626883174 476743372 0  
  1626883175 476743372 0  
  1626883176 476743372 0  
  1626883177 476743372 0  
  1626883178 476743372 0  
  1626883179 476743372 0  
  1626883180 476743372 0  
  1626883181 476743372 0  
  1626883182 476743372 0  
  1626883183 476743372 0  
  1626883184 476743372 0  
  1626883185 476743372 0  
  1626883186 476743372 0  
  1626883187 476743372 0  
  1626883188 476743372 0  
  1626883189 476743372 0  
  1626883190 476743372 0  
  1626883191 476743372 0  
  1626883192 476743372 0  
  1626883193 476743372 0  
  1626883194 476743372 0  
  1626883195 476743372 0  
  1626883196 476743372 0  
  1626883197 476743372 0  
 