 1626774149 461081566 0  
  1626774150 461081566 0  
  1626774151 461081566 0  
  1626774152 461081566 0  
  1626774153 461081566 0  
  1626774154 461081566 0  
  1626774155 461081566 0  
  1626774156 461081566 0  
  1626774157 461081566 0  
  1626774158 461081566 0  
  1626774159 461081566 0  
  1626774160 461081566 0  
  1626774161 461081566 0  
  1626774162 461081566 0  
  1626774163 461081566 0  
  1626774165 461081566 0  
  1626774166 461081566 0  
  1626774167 461081566 0  
  1626774168 461081566 0  
  1626774169 461081566 0  
  1626774170 461085875 0  
  1626774171 461086199 0  
  1626774172 461086199 0  
  1626774173 461086907 0  
  1626774174 461086907 0  
  1626774175 461086907 0  
  1626774176 461086907 0  
  1626774177 461086907 0  
  1626774178 461086907 0  
  1626774179 461086907 0  
  1626774180 461086907 0  
  1626774181 461086907 0  
  1626774182 461086907 0  
  1626774183 461086907 0  
  1626774184 461086907 0  
  1626774185 461086907 0  
  1626774186 461086907 0  
  1626774187 461086907 0  
  1626774188 461086907 0  
  1626774189 461086907 0  
  1626774190 461086907 0  
  1626774191 461086907 0  
  1626774192 461086907 0  
  1626774193 461086907 0  
  1626774194 461086907 0  
  1626774195 461086907 0  
  1626774196 461086907 0  
  1626774197 461086907 0  
  1626774198 461086907 0  
  1626774199 461086907 0  
  1626774200 461086907 0  
  1626774201 461086907 0  
  1626774202 461086907 0  
  1626774203 461086907 0  
  1626774205 461086907 0  
  1626774206 461086907 0  
  1626774207 461086907 0  
  1626774208 461086907 0  
  1626774209 461086907 0  
  1626774210 461086907 0  
  1626774211 461086907 0  
  1626774212 461086907 0  
  1626774213 461086907 0  
  1626774214 461086907 0  
  1626774215 461086907 0  
  1626774216 461086999 0  
  1626774217 461086999 0  
  1626774218 461086999 0  
  1626774219 461086999 0  
  1626774220 461086999 0  
  1626774221 461086999 0  
  1626774222 461086999 0  
  1626774223 461086999 0  
  1626774224 461086999 0  
  1626774225 461086999 0  
  1626774226 461086999 0  
  1626774227 461086999 0  
  1626774228 461086999 0  
  1626774229 461086999 0  
  1626774230 461086999 0  
  1626774231 461086999 0  
  1626774232 461086999 0  
  1626774233 461086999 0  
  1626774234 461086999 0  
  1626774235 461086999 0  
  1626774236 461086999 0  
  1626774237 461086999 0  
  1626774238 461086999 0  
  1626774239 461086999 0  
  1626774240 461086999 0  
  1626774241 461086999 0  
  1626774242 461086999 0  
  1626774243 461086999 0  
  1626774245 461087091 0  
  1626774246 461087091 0  
  1626774247 461087091 0  
  1626774248 461087091 0  
  1626774249 461087091 0  
  1626774250 461087091 0  
  1626774251 461087091 0  
  1626774252 461087091 0  
  1626774253 461087091 0  
  1626774254 461087091 0  
  1626774255 461087091 0  
  1626774256 461087091 0  
  1626774257 461087091 0  
  1626774258 461087091 0  
  1626774259 461087091 0  
  1626774260 461087091 0  
  1626774261 461087091 0  
  1626774262 461087091 0  
  1626774263 461087091 0  
  1626774264 461087091 0  
  1626774265 461087687 0  
  1626774266 461087687 0  
  1626774267 461087687 0  
  1626774268 461087687 0  
  1626774269 461087687 0  
  1626774270 461087687 0  
  1626774271 461087687 0  
  1626774272 461087687 0  
  1626774273 461087687 0  
  1626774274 461087687 0  
  1626774275 461087687 0  
  1626774276 461087687 0  
  1626774277 461087687 0  
  1626774278 461087687 0  
  1626774279 461087687 0  
  1626774280 461087687 0  
  1626774281 461087687 0  
  1626774282 461087687 0  
  1626774283 461087687 0  
  1626774285 461087687 0  
  1626774286 461087687 0  
  1626774287 461087687 0  
  1626774288 461087687 0  
  1626774289 461087687 0  
  1626774290 461087687 0  
  1626774291 461087687 0  
  1626774292 461087687 0  
  1626774293 461088025 0  
  1626774294 461088025 0  
  1626774295 461088025 0  
  1626774296 461088025 0  
  1626774297 461088025 0  
  1626774298 461088025 0  
  1626774299 461088025 0  
  1626774300 461088025 0  
  1626774301 461088025 0  
  1626774302 461088025 0  
  1626774303 461088025 0  
  1626774304 461088025 0  
  1626774305 461088025 0  
  1626774306 461092334 0  
  1626774307 461092658 0  
  1626774308 461093298 0  
  1626774309 461093366 0  
  1626774310 461093366 0  
  1626774311 461093366 0  
  1626774312 461093366 0  
  1626774313 461093366 0  
  1626774314 461093366 0  
  1626774315 461093366 0  
  1626774316 461093366 0  
  1626774317 461093366 0  
  1626774318 461093366 0  
  1626774319 461093366 0  
  1626774320 461097675 0  
  1626774321 461102632 0  
  1626774322 461106941 0  
  1626774323 461108681 0  
  1626774325 461109253 0  
  1626774326 461109253 0  
  1626774327 461109253 0  
  1626774328 461109253 0  
  1626774329 461109253 0  
  1626774330 461109253 0  
  1626774331 461109253 0  
  1626774332 461109253 0  
  1626774333 461109253 0  
  1626774334 461109253 0  
  1626774335 461109253 0  
  1626774336 461109253 0  
  1626774337 461109253 0  
  1626774338 461109253 0  
  1626774339 461109253 0  
  1626774340 461109610 0  
  1626774341 461109610 0  
  1626774342 461109610 0  
  1626774343 461109610 0  
  1626774344 461109610 0  
  1626774345 461109610 0  
  1626774346 461109702 0  
  1626774347 461109702 0  
  1626774348 461109702 0  
  1626774349 461109702 0  
  1626774350 461109702 0  
  1626774351 461109702 0  
  1626774352 461109702 0  
  1626774353 461109702 0  
  1626774354 461109702 0  
  1626774355 461109702 0  
  1626774356 461109702 0  
  1626774357 461109702 0  
  1626774358 461109702 0  
  1626774359 461109702 0  
  1626774360 461109702 0  
  1626774361 461109702 0  
  1626774362 461109702 0  
  1626774364 461109702 0  
  1626774365 461109702 0  
  1626774366 461109702 0  
  1626774367 461109702 0  
  1626774368 461109702 0  
  1626774369 461109702 0  
  1626774370 461109702 0  
  1626774371 461109702 0  
  1626774372 461109702 0  
  1626774373 461109702 0  
  1626774374 461109794 0  
  1626774375 461109794 0  
  1626774376 461109794 0  
  1626774377 461109794 0  
  1626774378 461109794 0  
  1626774379 461109794 0  
  1626774380 461109794 0  
  1626774381 461109794 0  
  1626774382 461109794 0  
  1626774383 461109794 0  
  1626774384 461109794 0  
  1626774385 461109794 0  
  1626774386 461109794 0  
  1626774387 461109794 0  
  1626774388 461109794 0  
  1626774389 461109794 0  
  1626774390 461109794 0  
  1626774391 461109794 0  
  1626774392 461109794 0  
  1626774393 461109794 0  
  1626774394 461109794 0  
  1626774395 461109794 0  
  1626774396 461109794 0  
  1626774397 461109794 0  
  1626774398 461109794 0  
  1626774399 461109794 0  
  1626774400 461109794 0  
  1626774401 461109794 0  
  1626774402 461109794 0  
  1626774404 461109794 0  
  1626774405 461109794 0  
  1626774406 461109794 0  
  1626774407 461109794 0  
  1626774408 461109794 0  
  1626774409 461109794 0  
  1626774410 461109794 0  
  1626774411 461109794 0  
  1626774412 461109794 0  
  1626774413 461109794 0  
  1626774414 461109794 0  
  1626774415 461109794 0  
  1626774416 461109794 0  
  1626774417 461109794 0  
  1626774418 461109794 0  
  1626774419 461109794 0  
  1626774420 461109794 0  
  1626774421 461109794 0  
  1626774422 461109794 0  
  1626774423 461109794 0  
  1626774424 461109794 0  
  1626774425 461109794 0  
  1626774426 461109794 0  
  1626774427 461109794 0  
  1626774428 461109794 0  
  1626774429 461109794 0  
  1626774430 461109794 0  
  1626774431 461109794 0  
  1626774432 461109794 0  
  1626774433 461109794 0  
  1626774434 461109794 0  
  1626774435 461109794 0  
  1626774436 461109794 0  
  1626774437 461109794 0  
  1626774438 461109794 0  
  1626774439 461109794 0  
  1626774440 461109794 0  
  1626774441 461109794 0  
  1626774443 461109794 0  
  1626774444 461109794 0  
  1626774445 461109794 0  
  1626774446 461110132 0  
  1626774447 461110132 0  
  1626774448 461110132 0  
  1626774449 461110132 0  
  1626774450 461110132 0  
  1626774451 461110132 0  
  1626774452 461110132 0  
  1626774453 461110132 0  
  1626774454 461110132 0  
  1626774455 461110132 0  
  1626774456 461110132 0  
  1626774457 461110132 0  
  1626774458 461110132 0  
  1626774459 461110132 0  
  1626774460 461110132 0  
  1626774461 461110132 0  
  1626774462 461110132 0  
  1626774463 461110132 0  
  1626774464 461110132 0  
  1626774465 461110132 0  
  1626774466 461110728 0  
  1626774467 461110728 0  
  1626774468 461110728 0  
  1626774469 461115293 0  
  1626774470 461115361 0  
  1626774471 461116069 0  
  1626774472 461116069 0  
  1626774473 461116069 0  
  1626774474 461116069 0  
  1626774475 461116069 0  
  1626774476 461116161 0  
  1626774477 461116161 0  
  1626774478 461116161 0  
  1626774479 461116161 0  
  1626774480 461116161 0  
  1626774481 461116161 0  
  1626774483 461116161 0  
  1626774484 461116161 0  
  1626774485 461116243 0  
  1626774486 461116243 0  
  1626774487 461116243 0  
  1626774488 461116243 0  
  1626774489 461116243 0  
  1626774490 461116243 0  
  1626774491 461116243 0  
  1626774492 461116243 0  
  1626774493 461116243 0  
  1626774494 461116243 0  
  1626774495 461116243 0  
  1626774496 461116243 0  
  1626774497 461116243 0  
  1626774498 461116243 0  
  1626774499 461116243 0  
  1626774500 461116243 0  
  1626774501 461116243 0  
  1626774502 461116243 0  
  1626774503 461116243 0  
  1626774504 461116335 0  
  1626774505 461116335 0  
  1626774506 461116335 0  
  1626774507 461116335 0  
  1626774508 461116335 0  
  1626774509 461116335 0  
  1626774510 461116335 0  
  1626774511 461116335 0  
  1626774512 461116335 0  
  1626774513 461116335 0  
  1626774514 461116335 0  
  1626774515 461116335 0  
  1626774516 461116335 0  
  1626774517 461116335 0  
  1626774518 461116335 0  
  1626774519 461116335 0  
  1626774520 461116335 0  
  1626774522 461116335 0  
  1626774523 461116335 0  
  1626774524 461116335 0  
  1626774525 461116335 0  
  1626774526 461116335 0  
  1626774527 461116335 0  
  1626774528 461116335 0  
  1626774529 461116335 0  
  1626774530 461116335 0  
  1626774531 461116335 0  
  1626774532 461116335 0  
  1626774533 461116335 0  
  1626774534 461116335 0  
  1626774535 461116335 0  
  1626774536 461116335 0  
  1626774537 461116335 0  
  1626774538 461116335 0  
  1626774539 461116335 0  
  1626774540 461116335 0  
  1626774541 461116335 0  
  1626774542 461116335 0  
  1626774543 461116335 0  
  1626774544 461116335 0  
  1626774545 461116335 0  
  1626774546 461116335 0  
  1626774547 461116335 0  
  1626774548 461116335 0  
  1626774549 461116335 0  
  1626774550 461116335 0  
  1626774551 461116335 0  
  1626774552 461116335 0  
  1626774553 461116335 0  
  1626774554 461116335 0  
  1626774555 461116335 0  
  1626774556 461116335 0  
  1626774557 461116335 0  
  1626774558 461116335 0  
  1626774559 461116335 0  
  1626774561 461116335 0  
  1626774562 461116335 0  
  1626774563 461116335 0  
  1626774564 461116335 0  
  1626774565 461116335 0  
  1626774566 461116335 0  
  1626774567 461116335 0  
  1626774568 461116335 0  
  1626774569 461116335 0  
  1626774570 461116335 0  
  1626774571 461116335 0  
  1626774572 461116335 0  
  1626774573 461116335 0  
  1626774574 461116335 0  
  1626774575 461116335 0  
  1626774576 461116335 0  
  1626774577 461116335 0  
  1626774578 461116335 0  
  1626774579 461116335 0  
  1626774580 461116335 0  
  1626774581 461116335 0  
  1626774582 461116335 0  
  1626774583 461116335 0  
  1626774584 461116335 0  
  1626774585 461116335 0  
  1626774586 461116335 0  
  1626774587 461116335 0  
  1626774588 461116335 0  
  1626774589 461116335 0  
  1626774590 461116335 0  
  1626774591 461116335 0  
  1626774592 461116335 0  
  1626774593 461116335 0  
  1626774594 461116335 0  
  1626774595 461116673 0  
  1626774596 461116673 0  
  1626774597 461116673 0  
  1626774598 461116673 0  
  1626774599 461116673 0  
  1626774601 461116673 0  
  1626774602 461116673 0  
  1626774603 461116673 0  
  1626774604 461116673 0  
  1626774605 461116673 0  
  1626774606 461121074 0  
  1626774607 461121398 0  
  1626774608 461121398 0  
  1626774609 461122106 0  
  1626774610 461122106 0  
  1626774611 461122106 0  
  1626774612 461122106 0  
  1626774613 461122106 0  
  1626774614 461122106 0  
  1626774615 461122106 0  
  1626774616 461122106 0  
  1626774617 461122106 0  
  1626774618 461122106 0  
  1626774619 461122106 0  
  1626774620 461122250 0  
  1626774621 461126739 0  
  1626774622 461131372 0  
  1626774623 461136713 0  
  1626774624 461137353 0  
  1626774625 461138061 0  
  1626774626 461138061 0  
  1626774627 461138061 0  
  1626774628 461138061 0  
  1626774629 461138061 0  
  1626774630 461138061 0  
  1626774631 461138061 0  
  1626774632 461138061 0  
  1626774633 461138153 0  
  1626774634 461138153 0  
  1626774635 461138153 0  
  1626774636 461138153 0  
  1626774637 461138153 0  
  1626774638 461138153 0  
  1626774640 461138510 0  
  1626774641 461138510 0  
  1626774642 461138510 0  
  1626774643 461138510 0  
  1626774644 461138510 0  
  1626774645 461138510 0  
  1626774646 461138510 0  
  1626774647 461138510 0  
  1626774648 461138510 0  
  1626774649 461138510 0  
  1626774650 461138510 0  
  1626774651 461138510 0  
  1626774652 461138510 0  
  1626774653 461138510 0  
  1626774654 461138510 0  
  1626774655 461138510 0  
  1626774656 461138510 0  
  1626774657 461138510 0  
  1626774658 461138510 0  
  1626774659 461138510 0  
  1626774660 461138510 0  
  1626774661 461138510 0  
  1626774662 461138510 0  
  1626774663 461138510 0  
  1626774664 461138510 0  
  1626774665 461139106 0  
  1626774666 461139106 0  
  1626774667 461139106 0  
  1626774668 461139106 0  
  1626774669 461139106 0  
  1626774670 461139106 0  
  1626774671 461139106 0  
  1626774672 461139106 0  
  1626774673 461139106 0  
  1626774674 461139106 0  
  1626774675 461139106 0  
  1626774676 461139106 0  
  1626774678 461139106 0  
  1626774679 461139106 0  
  1626774680 461139106 0  
  1626774681 461139106 0  
  1626774682 461139106 0  
  1626774683 461139106 0  
  1626774684 461139106 0  
  1626774685 461139106 0  
  1626774686 461139106 0  
  1626774687 461139106 0  
  1626774688 461139106 0  
  1626774689 461139106 0  
  1626774690 461139106 0  
  1626774691 461139106 0  
  1626774692 461139106 0  
  1626774693 461139106 0  
  1626774694 461139106 0  
  1626774695 461139106 0  
  1626774696 461139106 0  
  1626774697 461139106 0  
  1626774698 461139106 0  
  1626774699 461139106 0  
  1626774700 461139106 0  
  1626774701 461139106 0  
  1626774702 461139106 0  
  1626774703 461139106 0  
  1626774704 461139106 0  
  1626774705 461139106 0  
  1626774706 461139106 0  
  1626774707 461139106 0  
  1626774708 461139106 0  
  1626774709 461139106 0  
  1626774710 461139106 0  
  1626774711 461139106 0  
  1626774712 461139106 0  
  1626774713 461139106 0  
  1626774714 461139106 0  
  1626774715 461139106 0  
  1626774717 461139106 0  
  1626774718 461139106 0  
  1626774719 461139106 0  
  1626774720 461139106 0  
  1626774721 461139106 0  
  1626774722 461139106 0  
  1626774723 461139106 0  
  1626774724 461139106 0  
  1626774725 461139106 0  
  1626774726 461139106 0  
  1626774727 461139106 0  
  1626774728 461139106 0  
  1626774729 461139106 0  
  1626774730 461139106 0  
  1626774731 461139106 0  
  1626774732 461139106 0  
  1626774733 461139106 0  
  1626774734 461139106 0  
  1626774735 461139106 0  
  1626774736 461139198 0  
  1626774737 461139198 0  
  1626774738 461139198 0  
  1626774739 461139198 0  
  1626774740 461139198 0  
  1626774741 461139198 0  
  1626774742 461139198 0  
  1626774743 461139198 0  
  1626774744 461139198 0  
  1626774745 461139198 0  
  1626774746 461139198 0  
  1626774747 461139198 0  
  1626774748 461139198 0  
  1626774749 461139198 0  
  1626774750 461139198 0  
  1626774751 461139198 0  
  1626774752 461139198 0  
  1626774753 461139198 0  
  1626774754 461139198 0  
  1626774756 461139198 0  
  1626774757 461139198 0  
  1626774758 461139198 0  
  1626774759 461139198 0  
  1626774760 461139198 0  
  1626774761 461139198 0  
  1626774762 461139290 0  
  1626774763 461139290 0  
  1626774764 461139290 0  
  1626774765 461139290 0  
  1626774766 461140885 0  
  1626774767 461140885 0  
  1626774768 461140885 0  
  1626774769 461140885 0  
  1626774770 461145194 0  
  1626774771 461145518 0  
  1626774772 461146226 0  
  1626774773 461146226 0  
  1626774774 461146226 0  
  1626774775 461146226 0  
  1626774776 461146226 0  
  1626774777 461146226 0  
  1626774778 461146226 0  
  1626774779 461146226 0  
  1626774780 461146226 0  
  1626774781 461146226 0  
  1626774782 461146226 0  
  1626774783 461146226 0  
  1626774784 461146226 0  
  1626774785 461146226 0  
  1626774786 461146226 0  
  1626774787 461146226 0  
  1626774788 461146226 0  
  1626774789 461146226 0  
  1626774790 461146226 0  
  1626774791 461146226 0  
  1626774792 461146226 0  
  1626774793 461146226 0  
  1626774795 461146226 0  
  1626774796 461146226 0  
  1626774797 461146226 0  
  1626774798 461146226 0  
  1626774799 461146226 0  
  1626774800 461146226 0  
  1626774801 461146318 0  
  1626774802 461146318 0  
  1626774803 461146318 0  
  1626774804 461146318 0  
  1626774805 461146318 0  
  1626774806 461146318 0  
  1626774807 461146318 0  
  1626774808 461146318 0  
  1626774809 461146318 0  
  1626774810 461146318 0  
  1626774811 461146318 0  
  1626774812 461146318 0  
  1626774813 461146318 0  
  1626774814 461146318 0  
  1626774815 461146318 0  
  1626774816 461146318 0  
  1626774817 461146318 0  
  1626774818 461146318 0  
  1626774819 461146318 0  
  1626774820 461146318 0  
  1626774821 461146318 0  
  1626774822 461146318 0  
  1626774823 461146318 0  
  1626774824 461146318 0  
  1626774825 461146318 0  
  1626774826 461146318 0  
  1626774827 461146318 0  
  1626774828 461146318 0  
  1626774829 461146318 0  
  1626774830 461146318 0  
  1626774831 461146318 0  
  1626774832 461146318 0  
  1626774834 461146318 0  
  1626774835 461146318 0  
  1626774836 461146318 0  
  1626774837 461146318 0  
  1626774838 461146318 0  
  1626774839 461146318 0  
  1626774840 461146318 0  
  1626774841 461146318 0  
  1626774842 461146318 0  
  1626774843 461146318 0  
  1626774844 461146318 0  
  1626774845 461146318 0  
  1626774846 461146318 0  
  1626774847 461146318 0  
  1626774848 461146318 0  
  1626774849 461146318 0  
  1626774850 461146318 0  
  1626774851 461146318 0  
  1626774852 461146318 0  
  1626774853 461146318 0  
  1626774854 461146318 0  
  1626774855 461146318 0  
  1626774856 461146318 0  
  1626774857 461146318 0  
  1626774858 461146318 0  
  1626774859 461146318 0  
  1626774860 461146318 0  
  1626774861 461146318 0  
  1626774862 461146318 0  
  1626774863 461146318 0  
  1626774864 461146318 0  
  1626774865 461146410 0  
  1626774866 461146410 0  
  1626774867 461146410 0  
  1626774868 461146410 0  
  1626774869 461146410 0  
  1626774870 461146410 0  
  1626774871 461146410 0  
  1626774872 461146410 0  
  1626774874 461146410 0  
  1626774875 461146410 0  
  1626774876 461146410 0  
  1626774877 461146410 0  
  1626774878 461146410 0  
  1626774879 461146410 0  
  1626774880 461146410 0  
  1626774881 461146410 0  
  1626774882 461146410 0  
  1626774883 461146410 0  
  1626774884 461146410 0  
  1626774885 461146410 0  
  1626774886 461146410 0  
  1626774887 461146410 0  
  1626774888 461146410 0  
  1626774889 461146410 0  
  1626774890 461146502 0  
  1626774891 461146502 0  
  1626774892 461146502 0  
  1626774893 461146502 0  
  1626774894 461146502 0  
  1626774895 461146502 0  
  1626774896 461146502 0  
  1626774897 461146502 0  
  1626774898 461146502 0  
  1626774899 461146502 0  
  1626774900 461146502 0  
  1626774901 461146502 0  
  1626774902 461146502 0  
  1626774903 461146502 0  
  1626774904 461146502 0  
  1626774905 461146502 0  
  1626774906 461150811 0  
  1626774907 461151135 0  
  1626774908 461151843 0  
  1626774909 461151843 0  
  1626774910 461151843 0  
  1626774911 461151843 0  
  1626774912 461151843 0  
  1626774914 461151843 0  
  1626774915 461151843 0  
  1626774916 461151843 0  
  1626774917 461151843 0  
  1626774918 461151843 0  
  1626774919 461151843 0  
  1626774920 461151843 0  
  1626774921 461160281 0  
  1626774922 461161109 0  
  1626774923 461167158 0  
  1626774924 461167158 0  
  1626774925 461167866 0  
  1626774926 461167866 0  
  1626774927 461167866 0  
  1626774928 461167866 0  
  1626774929 461167866 0  
  1626774930 461167866 0  
  1626774931 461167866 0  
  1626774932 461167866 0  
  1626774933 461167866 0  
  1626774934 461167934 0  
  1626774935 461167934 0  
  1626774936 461167934 0  
  1626774937 461167934 0  
  1626774938 461167934 0  
  1626774939 461167934 0  
  1626774940 461169447 0  
  1626774941 461169447 0  
  1626774942 461169447 0  
  1626774943 461169447 0  
  1626774944 461169447 0  
  1626774945 461169447 0  
  1626774946 461169447 0  
  1626774947 461169447 0  
  1626774948 461169447 0  
  1626774949 461169447 0  
  1626774950 461169447 0  
  1626774951 461169447 0  
  1626774952 461169447 0  
  1626774954 461169447 0  
  1626774955 461169447 0  
  1626774956 461169447 0  
  1626774957 461169447 0  
  1626774958 461169447 0  
  1626774959 461169447 0  
  1626774960 461169447 0  
  1626774961 461169447 0  
  1626774962 461169447 0  
  1626774963 461169447 0  
  1626774964 461169447 0  
  1626774965 461169447 0  
  1626774966 461170037 0  
  1626774967 461170037 0  
  1626774968 461170037 0  
  1626774969 461170037 0  
  1626774970 461170037 0  
  1626774971 461170037 0  
  1626774972 461170037 0  
  1626774973 461170037 0  
  1626774974 461170037 0  
  1626774975 461170037 0  
  1626774976 461170037 0  
  1626774977 461170037 0  
  1626774978 461170037 0  
  1626774979 461170037 0  
  1626774980 461170037 0  
  1626774981 461170037 0  
  1626774982 461170037 0  
  1626774983 461170037 0  
  1626774984 461170037 0  
  1626774985 461170037 0  
  1626774986 461170037 0  
  1626774987 461170037 0  
  1626774988 461170037 0  
  1626774989 461170037 0  
  1626774990 461170037 0  
  1626774991 461170037 0  
  1626774992 461170037 0  
  1626774994 461170037 0  
  1626774995 461170129 0  
  1626774996 461170129 0  
  1626774997 461170129 0  
  1626774998 461170129 0  
  1626774999 461170129 0  
  1626775000 461170129 0  
  1626775001 461170129 0  
  1626775002 461170129 0  
  1626775003 461170129 0  
  1626775004 461170129 0  
  1626775005 461170129 0  
  1626775006 461170129 0  
  1626775007 461170129 0  
  1626775008 461170129 0  
  1626775009 461170129 0  
  1626775010 461170129 0  
  1626775011 461170129 0  
  1626775012 461170129 0  
  1626775013 461170129 0  
  1626775014 461170129 0  
  1626775015 461170129 0  
  1626775016 461170129 0  
  1626775017 461170129 0  
  1626775018 461170221 0  
  1626775019 461170221 0  
  1626775020 461170221 0  
  1626775021 461170221 0  
  1626775022 461170221 0  
  1626775023 461170221 0  
  1626775024 461170221 0  
  1626775025 461170221 0  
  1626775026 461170221 0  
  1626775027 461170221 0  
  1626775028 461170221 0  
  1626775029 461170221 0  
  1626775030 461170221 0  
  1626775031 461170221 0  
  1626775032 461170221 0  
  1626775033 461170221 0  
  1626775035 461170221 0  
  1626775036 461170221 0  
  1626775037 461170221 0  
  1626775038 461170221 0  
  1626775039 461170221 0  
  1626775040 461170221 0  
  1626775041 461170221 0  
  1626775042 461170221 0  
  1626775043 461170221 0  
  1626775044 461170221 0  
  1626775045 461170221 0  
  1626775046 461170221 0  
  1626775047 461170221 0  
  1626775048 461170221 0  
  1626775049 461170221 0  
  1626775050 461170221 0  
  1626775051 461170221 0  
  1626775052 461170221 0  
  1626775053 461170221 0  
  1626775054 461170221 0  
  1626775055 461170221 0  
  1626775056 461170221 0  
  1626775057 461170221 0  
  1626775058 461170221 0  
  1626775059 461170221 0  
  1626775060 461170221 0  
  1626775061 461170221 0  
  1626775062 461170221 0  
  1626775063 461170221 0  
  1626775064 461170221 0  
  1626775065 461170221 0  
  1626775066 461170221 0  
  1626775067 461170221 0  
  1626775068 461170221 0  
  1626775069 461174530 0  
  1626775070 461174854 0  
  1626775071 461175562 0  
  1626775072 461175562 0  
  1626775074 461175562 0  
  1626775075 461175562 0  
  1626775076 461175562 0  
  1626775077 461175562 0  
  1626775078 461175562 0  
  1626775079 461175562 0  
  1626775080 461175562 0  
  1626775081 461175562 0  
  1626775082 461175562 0  
  1626775083 461175562 0  
  1626775084 461175562 0  
  1626775085 461175562 0  
  1626775086 461175562 0  
  1626775087 461175562 0  
  1626775088 461175562 0  
  1626775089 461175562 0  
  1626775090 461175562 0  
  1626775091 461175562 0  
  1626775092 461175562 0  
  1626775093 461175562 0  
  1626775094 461175562 0  
  1626775095 461175562 0  
  1626775096 461175562 0  
  1626775097 461175562 0  
  1626775098 461175562 0  
  1626775099 461175562 0  
  1626775100 461175562 0  
  1626775101 461175562 0  
  1626775102 461175562 0  
  1626775103 461175562 0  
  1626775104 461175562 0  
  1626775105 461175562 0  
  1626775106 461175562 0  
  1626775107 461175562 0  
  1626775108 461175562 0  
  1626775109 461175562 0  
  1626775110 461175562 0  
  1626775111 461175562 0  
  1626775112 461175562 0  
  1626775114 461175562 0  
  1626775115 461175562 0  
  1626775116 461175562 0  
 