 1626724513 450942141 0  
  1626724514 450947090 0  
  1626724515 450947482 0  
  1626724516 450952823 0  
  1626724518 450952823 0  
  1626724519 450953531 0  
  1626724520 450953531 0  
  1626724521 450953531 0  
  1626724522 450953531 0  
  1626724523 450953531 0  
  1626724524 450953531 0  
  1626724525 450953599 0  
  1626724526 450953599 0  
  1626724527 450953599 0  
  1626724528 450953599 0  
  1626724529 450953599 0  
  1626724530 450953599 0  
  1626724531 450955112 0  
  1626724532 450955112 0  
  1626724533 450955112 0  
  1626724534 450955112 0  
  1626724535 450955112 0  
  1626724536 450955112 0  
  1626724537 450955112 0  
  1626724538 450955112 0  
  1626724539 450955112 0  
  1626724540 450955112 0  
  1626724541 450955112 0  
  1626724542 450955112 0  
  1626724543 450955112 0  
  1626724544 450955112 0  
  1626724545 450955112 0  
  1626724546 450955112 0  
  1626724547 450955112 0  
  1626724548 450955112 0  
  1626724549 450955112 0  
  1626724550 450955112 0  
  1626724551 450955112 0  
  1626724552 450955112 0  
  1626724553 450955112 0  
  1626724554 450955112 0  
  1626724555 450955112 0  
  1626724556 450955112 0  
  1626724558 450955112 0  
  1626724559 450955112 0  
  1626724560 450955112 0  
  1626724561 450955112 0  
  1626724562 450955112 0  
  1626724563 450956707 0  
  1626724564 450956707 0  
  1626724565 450956707 0  
  1626724566 450956707 0  
  1626724567 450956707 0  
  1626724568 450956707 0  
  1626724569 450956707 0  
  1626724570 450956707 0  
  1626724571 450956707 0  
  1626724572 450956707 0  
  1626724573 450956707 0  
  1626724574 450956707 0  
  1626724575 450956707 0  
  1626724576 450956707 0  
  1626724577 450956707 0  
  1626724578 450956707 0  
  1626724579 450956707 0  
  1626724580 450956707 0  
  1626724581 450956707 0  
  1626724582 450956707 0  
  1626724583 450956707 0  
  1626724584 450956707 0  
  1626724585 450956707 0  
  1626724586 450956707 0  
  1626724587 450956707 0  
  1626724588 450956707 0  
  1626724589 450956707 0  
  1626724590 450956707 0  
  1626724591 450956707 0  
  1626724592 450956707 0  
  1626724593 450956707 0  
  1626724594 450956707 0  
  1626724595 450956707 0  
  1626724596 450956707 0  
  1626724598 450956707 0  
  1626724599 450956707 0  
  1626724600 450956707 0  
  1626724601 450956707 0  
  1626724602 450956707 0  
  1626724603 450956707 0  
  1626724604 450956707 0  
  1626724605 450956707 0  
  1626724606 450956707 0  
  1626724607 450956707 0  
  1626724608 450956707 0  
  1626724609 450956707 0  
  1626724610 450956707 0  
  1626724611 450956707 0  
  1626724612 450956707 0  
  1626724613 450956707 0  
  1626724614 450956707 0  
  1626724615 450956799 0  
  1626724616 450956799 0  
  1626724617 450956799 0  
  1626724618 450956799 0  
  1626724619 450956799 0  
  1626724620 450956799 0  
  1626724621 450956799 0  
  1626724622 450956799 0  
  1626724623 450956799 0  
  1626724624 450956799 0  
  1626724625 450956799 0  
  1626724626 450956799 0  
  1626724627 450956799 0  
  1626724628 450956799 0  
  1626724629 450956799 0  
  1626724630 450956799 0  
  1626724631 450956799 0  
  1626724632 450956799 0  
  1626724633 450956799 0  
  1626724634 450956799 0  
  1626724635 450956799 0  
  1626724636 450956799 0  
  1626724638 450956799 0  
  1626724639 450956799 0  
  1626724640 450956799 0  
  1626724641 450956799 0  
  1626724642 450956799 0  
  1626724643 450956799 0  
  1626724644 450956799 0  
  1626724645 450956799 0  
  1626724646 450956799 0  
  1626724647 450956799 0  
  1626724648 450956799 0  
  1626724649 450956799 0  
  1626724650 450956799 0  
  1626724651 450956799 0  
  1626724652 450956799 0  
  1626724653 450956799 0  
  1626724654 450956799 0  
  1626724655 450956799 0  
  1626724656 450956799 0  
  1626724657 450956799 0  
  1626724658 450956799 0  
  1626724659 450956799 0  
  1626724660 450956799 0  
  1626724661 450956799 0  
  1626724662 450958676 0  
  1626724663 450961432 0  
  1626724664 450961432 0  
  1626724665 450962140 0  
  1626724666 450962140 0  
  1626724667 450962140 0  
  1626724668 450962140 0  
  1626724669 450962140 0  
  1626724670 450962140 0  
  1626724671 450962140 0  
  1626724672 450962140 0  
  1626724673 450962140 0  
  1626724674 450962140 0  
  1626724675 450962140 0  
  1626724676 450962232 0  
  1626724678 450962232 0  
  1626724679 450962232 0  
  1626724680 450962232 0  
  1626724681 450962232 0  
  1626724682 450962232 0  
  1626724683 450962232 0  
  1626724684 450962232 0  
  1626724685 450962232 0  
  1626724686 450962232 0  
  1626724687 450962232 0  
  1626724688 450962232 0  
  1626724689 450962232 0  
  1626724690 450962232 0  
  1626724691 450962232 0  
  1626724692 450962232 0  
  1626724693 450962232 0  
  1626724694 450962232 0  
  1626724695 450962232 0  
  1626724696 450962232 0  
  1626724697 450962232 0  
  1626724698 450962232 0  
  1626724699 450962232 0  
  1626724700 450962232 0  
  1626724701 450962232 0  
  1626724702 450962232 0  
  1626724703 450962232 0  
  1626724704 450962232 0  
  1626724705 450962232 0  
  1626724706 450962232 0  
  1626724707 450962232 0  
  1626724708 450962232 0  
  1626724709 450962232 0  
  1626724710 450962232 0  
  1626724711 450962232 0  
  1626724712 450962232 0  
  1626724713 450962232 0  
  1626724714 450962232 0  
  1626724715 450962232 0  
  1626724717 450962232 0  
  1626724718 450962232 0  
  1626724719 450962232 0  
  1626724720 450962232 0  
  1626724721 450962232 0  
  1626724722 450962232 0  
  1626724723 450962232 0  
  1626724724 450962232 0  
  1626724725 450962232 0  
  1626724726 450962232 0  
  1626724727 450962232 0  
  1626724728 450962232 0  
  1626724729 450962232 0  
  1626724730 450962232 0  
  1626724731 450962232 0  
  1626724732 450962232 0  
  1626724733 450962232 0  
  1626724734 450962232 0  
  1626724735 450962232 0  
  1626724736 450962232 0  
  1626724737 450962232 0  
  1626724738 450962232 0  
  1626724739 450962232 0  
  1626724740 450962232 0  
  1626724741 450962232 0  
  1626724742 450962232 0  
  1626724743 450962232 0  
  1626724744 450962232 0  
  1626724745 450962232 0  
  1626724746 450962232 0  
  1626724747 450962232 0  
  1626724748 450962232 0  
  1626724749 450962232 0  
  1626724750 450962232 0  
  1626724751 450962232 0  
  1626724752 450962232 0  
  1626724753 450962232 0  
  1626724754 450962232 0  
  1626724755 450962232 0  
  1626724757 450962232 0  
  1626724758 450962232 0  
  1626724759 450962232 0  
  1626724760 450962232 0  
  1626724761 450962232 0  
  1626724762 450962232 0  
  1626724763 450962232 0  
  1626724764 450962822 0  
  1626724765 450962822 0  
  1626724766 450962822 0  
  1626724767 450962822 0  
  1626724768 450962822 0  
  1626724769 450962822 0  
  1626724770 450962822 0  
  1626724771 450962822 0  
  1626724772 450962822 0  
  1626724773 450962822 0  
  1626724774 450962822 0  
  1626724775 450962822 0  
  1626724776 450962822 0  
  1626724777 450962822 0  
  1626724778 450962822 0  
  1626724779 450962822 0  
  1626724780 450962822 0  
  1626724781 450962822 0  
  1626724782 450962822 0  
  1626724783 450962822 0  
  1626724784 450962822 0  
  1626724785 450962822 0  
  1626724786 450962822 0  
  1626724787 450962822 0  
  1626724788 450962822 0  
  1626724789 450962822 0  
  1626724790 450962822 0  
  1626724791 450962822 0  
  1626724792 450962822 0  
  1626724793 450962822 0  
  1626724794 450962822 0  
  1626724795 450962822 0  
  1626724797 450962822 0  
  1626724798 450962822 0  
  1626724799 450965719 0  
  1626724800 450967455 0  
  1626724801 450967455 0  
  1626724802 450968163 0  
  1626724803 450968163 0  
  1626724804 450968163 0  
  1626724805 450968163 0  
  1626724806 450968163 0  
  1626724807 450968163 0  
  1626724808 450968163 0  
  1626724809 450968163 0  
  1626724810 450968163 0  
  1626724811 450968163 0  
  1626724812 450972728 0  
  1626724813 450972796 0  
  1626724814 450978069 0  
  1626724815 450978137 0  
  1626724816 450978845 0  
  1626724817 450983478 0  
  1626724818 450983478 0  
  1626724819 450984186 0  
  1626724820 450984186 0  
  1626724821 450984186 0  
  1626724822 450984186 0  
  1626724823 450984186 0  
  1626724824 450984186 0  
  1626724825 450984186 0  
  1626724826 450984186 0  
  1626724827 450984186 0  
  1626724828 450984186 0  
  1626724829 450984186 0  
  1626724830 450984186 0  
  1626724831 450984543 0  
  1626724832 450984543 0  
  1626724833 450984543 0  
  1626724834 450984543 0  
  1626724836 450984543 0  
  1626724837 450984543 0  
  1626724838 450984543 0  
  1626724839 450984543 0  
  1626724840 450984543 0  
  1626724841 450984543 0  
  1626724842 450984543 0  
  1626724843 450984543 0  
  1626724844 450984543 0  
  1626724845 450984543 0  
  1626724846 450984543 0  
  1626724847 450984543 0  
  1626724848 450984543 0  
  1626724849 450984543 0  
  1626724850 450984543 0  
  1626724851 450984543 0  
  1626724852 450984543 0  
  1626724853 450984543 0  
  1626724854 450984543 0  
  1626724855 450984543 0  
  1626724856 450984543 0  
 