 1627437003 568737889 0  
  1627437004 568737889 0  
  1627437005 568737889 0  
  1627437006 568738227 0  
  1627437007 568738227 0  
  1627437008 568738227 0  
  1627437009 568738227 0  
  1627437010 568738227 0  
  1627437011 568738227 0  
  1627437012 568738227 0  
  1627437013 568738227 0  
  1627437014 568738227 0  
  1627437015 568738227 0  
  1627437016 568738227 0  
  1627437017 568738227 0  
  1627437018 568738227 0  
  1627437019 568738227 0  
  1627437020 568738227 0  
  1627437022 568738227 0  
  1627437023 568738227 0  
  1627437024 568738227 0  
  1627437025 568738227 0  
  1627437026 568738227 0  
  1627437027 568738227 0  
  1627437028 568738227 0  
  1627437029 568738227 0  
  1627437030 568738227 0  
  1627437031 568738227 0  
  1627437032 568738227 0  
  1627437033 568738227 0  
  1627437034 568738227 0  
  1627437035 568738227 0  
  1627437036 568738227 0  
  1627437037 568738227 0  
  1627437038 568738227 0  
  1627437039 568738227 0  
  1627437040 568738584 0  
  1627437041 568738584 0  
  1627437042 568738584 0  
  1627437043 568738584 0  
  1627437044 568738584 0  
  1627437045 568738584 0  
  1627437046 568738584 0  
  1627437047 568738584 0  
  1627437048 568738584 0  
  1627437049 568738584 0  
  1627437050 568738584 0  
  1627437051 568738584 0  
  1627437052 568738584 0  
  1627437053 568738584 0  
  1627437054 568738584 0  
  1627437055 568738584 0  
  1627437056 568738584 0  
  1627437057 568738584 0  
  1627437058 568738584 0  
  1627437059 568738584 0  
  1627437060 568738584 0  
  1627437062 568738584 0  
  1627437063 568738584 0  
  1627437064 568738584 0  
  1627437065 568738584 0  
  1627437066 568738584 0  
  1627437067 568738584 0  
  1627437068 568738584 0  
  1627437069 568738584 0  
  1627437070 568738584 0  
  1627437071 568738584 0  
  1627437072 568738584 0  
  1627437073 568738584 0  
  1627437074 568738584 0  
  1627437075 568738584 0  
  1627437076 568738584 0  
  1627437077 568738584 0  
  1627437078 568738584 0  
  1627437079 568738584 0  
  1627437080 568738584 0  
  1627437081 568738584 0  
  1627437082 568738584 0  
  1627437083 568738584 0  
  1627437084 568738584 0  
  1627437085 568738584 0  
  1627437086 568738584 0  
  1627437087 568738584 0  
  1627437088 568738584 0  
  1627437089 568738584 0  
  1627437090 568738584 0  
  1627437091 568738584 0  
  1627437092 568738584 0  
  1627437093 568738584 0  
  1627437094 568738584 0  
  1627437095 568738584 0  
  1627437096 568738584 0  
  1627437097 568738584 0  
  1627437098 568738584 0  
  1627437099 568738584 0  
  1627437100 568738584 0  
  1627437102 568738584 0  
  1627437103 568738584 0  
  1627437104 568738584 0  
  1627437105 568738584 0  
  1627437106 568738584 0  
  1627437107 568738584 0  
  1627437108 568738584 0  
  1627437109 568738584 0  
  1627437110 568738584 0  
  1627437111 568738584 0  
  1627437112 568738584 0  
  1627437113 568738584 0  
  1627437114 568738584 0  
  1627437115 568738584 0  
  1627437116 568738584 0  
  1627437117 568738584 0  
  1627437118 568738584 0  
  1627437119 568738584 0  
  1627437120 568738584 0  
  1627437121 568738584 0  
  1627437122 568738584 0  
  1627437123 568738584 0  
  1627437124 568738584 0  
  1627437125 568738584 0  
  1627437126 568738584 0  
  1627437127 568738584 0  
  1627437128 568738584 0  
  1627437129 568742893 0  
  1627437130 568743217 0  
  1627437131 568743925 0  
  1627437132 568743925 0  
  1627437133 568743925 0  
  1627437134 568743925 0  
  1627437135 568743925 0  
  1627437136 568743925 0  
  1627437137 568743925 0  
  1627437138 568743925 0  
  1627437139 568743925 0  
  1627437140 568743925 0  
  1627437142 568743925 0  
  1627437143 568743925 0  
  1627437144 568743925 0  
  1627437145 568743925 0  
  1627437146 568743925 0  
  1627437147 568743925 0  
  1627437148 568743925 0  
  1627437149 568743925 0  
  1627437150 568743925 0  
  1627437151 568743925 0  
  1627437152 568743925 0  
  1627437153 568743925 0  
  1627437154 568743925 0  
  1627437155 568743925 0  
  1627437156 568743925 0  
  1627437157 568748234 0  
  1627437158 568748558 0  
  1627437159 568749266 0  
  1627437160 568749266 0  
  1627437161 568749266 0  
  1627437162 568749266 0  
  1627437163 568749266 0  
  1627437164 568749266 0  
  1627437165 568749266 0  
  1627437166 568749266 0  
  1627437167 568749266 0  
  1627437168 568749604 0  
  1627437169 568749604 0  
  1627437170 568749604 0  
  1627437171 568749604 0  
  1627437172 568749604 0  
  1627437173 568749604 0  
  1627437174 568749604 0  
  1627437175 568749604 0  
  1627437176 568749604 0  
  1627437177 568749604 0  
  1627437178 568749604 0  
  1627437179 568750200 0  
  1627437180 568750200 0  
  1627437182 568750200 0  
  1627437183 568750200 0  
  1627437184 568750200 0  
  1627437185 568750200 0  
  1627437186 568750200 0  
  1627437187 568750200 0  
  1627437188 568750200 0  
  1627437189 568750200 0  
  1627437190 568750200 0  
  1627437191 568750200 0  
  1627437192 568750200 0  
  1627437193 568750200 0  
  1627437194 568750260 0  
  1627437195 568750260 0  
  1627437196 568750260 0  
  1627437197 568750260 0  
  1627437198 568750260 0  
  1627437199 568750404 0  
  1627437200 568759526 0  
  1627437201 568759526 0  
  1627437202 568760942 0  
  1627437203 568760942 0  
  1627437204 568760942 0  
  1627437205 568760942 0  
  1627437206 568760942 0  
  1627437207 568760942 0  
  1627437208 568760942 0  
  1627437209 568760942 0  
  1627437210 568760942 0  
  1627437211 568760942 0  
  1627437212 568760942 0  
  1627437213 568760942 0  
  1627437214 568760942 0  
  1627437215 568760942 0  
  1627437216 568760942 0  
  1627437217 568760942 0  
  1627437218 568760942 0  
  1627437219 568760942 0  
  1627437221 568760942 0  
  1627437222 568760942 0  
  1627437223 568760942 0  
  1627437224 568760942 0  
  1627437225 568760942 0  
  1627437226 568760942 0  
  1627437227 568760942 0  
  1627437228 568760942 0  
  1627437229 568760942 0  
  1627437230 568760942 0  
  1627437231 568760942 0  
  1627437232 568760942 0  
  1627437233 568760942 0  
  1627437234 568760942 0  
  1627437235 568760942 0  
  1627437236 568760942 0  
  1627437237 568760942 0  
  1627437238 568765251 0  
  1627437239 568765575 0  
  1627437240 568765575 0  
  1627437241 568766283 0  
  1627437242 568766283 0  
  1627437243 568766283 0  
  1627437244 568766283 0  
  1627437245 568766283 0  
  1627437246 568766283 0  
  1627437247 568766283 0  
  1627437248 568766283 0  
  1627437249 568766283 0  
  1627437250 568766283 0  
  1627437251 568766283 0  
  1627437252 568766283 0  
  1627437253 568766283 0  
  1627437254 568766283 0  
  1627437255 568766283 0  
  1627437256 568766283 0  
  1627437257 568766283 0  
  1627437258 568766283 0  
  1627437259 568766283 0  
  1627437261 568766283 0  
  1627437262 568766283 0  
  1627437263 568766283 0  
  1627437264 568766283 0  
  1627437265 568766283 0  
  1627437266 568766283 0  
  1627437267 568766283 0  
  1627437268 568766283 0  
  1627437269 568766283 0  
  1627437270 568766283 0  
  1627437271 568766283 0  
  1627437272 568766283 0  
  1627437273 568766283 0  
  1627437274 568766283 0  
  1627437275 568766283 0  
  1627437276 568766283 0  
  1627437277 568766283 0  
  1627437278 568766283 0  
  1627437279 568766283 0  
  1627437280 568766283 0  
  1627437281 568766283 0  
  1627437282 568766283 0  
  1627437283 568766283 0  
  1627437284 568766283 0  
  1627437285 568766283 0  
  1627437286 568766283 0  
  1627437287 568766283 0  
  1627437288 568766283 0  
  1627437289 568766283 0  
  1627437290 568766283 0  
  1627437291 568766283 0  
  1627437292 568766283 0  
  1627437293 568766283 0  
  1627437294 568766283 0  
  1627437295 568766283 0  
  1627437296 568766283 0  
  1627437297 568766283 0  
  1627437298 568766283 0  
  1627437299 568766283 0  
  1627437301 568766283 0  
  1627437302 568766283 0  
  1627437303 568766283 0  
  1627437304 568766283 0  
  1627437305 568766283 0  
  1627437306 568766283 0  
  1627437307 568766283 0  
  1627437308 568766283 0  
  1627437309 568766283 0  
  1627437310 568766283 0  
  1627437311 568766283 0  
  1627437312 568766343 0  
  1627437313 568766343 0  
  1627437314 568766343 0  
  1627437315 568766343 0  
  1627437316 568766343 0  
  1627437317 568766343 0  
  1627437318 568766343 0  
  1627437319 568766343 0  
  1627437320 568766343 0  
  1627437321 568766343 0  
  1627437322 568766343 0  
  1627437323 568766343 0  
  1627437324 568766343 0  
  1627437325 568766343 0  
 