 1627022685 499018050 0  
  1627022686 499018050 0  
  1627022687 499018050 0  
  1627022688 499018050 0  
  1627022689 499018050 0  
  1627022690 499018050 0  
  1627022691 499018050 0  
  1627022692 499018050 0  
  1627022693 499018050 0  
  1627022694 499018050 0  
  1627022695 499018050 0  
  1627022696 499018050 0  
  1627022697 499018050 0  
  1627022698 499018050 0  
  1627022699 499018050 0  
  1627022700 499018050 0  
  1627022701 499018050 0  
  1627022702 499018050 0  
  1627022703 499018050 0  
  1627022704 499018050 0  
  1627022705 499018050 0  
  1627022706 499018050 0  
  1627022707 499018050 0  
  1627022708 499018050 0  
  1627022709 499018050 0  
  1627022710 499018050 0  
  1627022711 499018050 0  
  1627022712 499018050 0  
  1627022713 499018050 0  
  1627022714 499018050 0  
  1627022715 499018050 0  
  1627022716 499018050 0  
  1627022718 499018050 0  
  1627022719 499018050 0  
  1627022720 499018050 0  
  1627022721 499018050 0  
  1627022722 499018050 0  
  1627022723 499018050 0  
  1627022724 499018050 0  
  1627022725 499018050 0  
  1627022726 499018050 0  
  1627022727 499018050 0  
  1627022728 499018050 0  
  1627022729 499018142 0  
  1627022730 499018142 0  
  1627022731 499018142 0  
  1627022732 499018142 0  
  1627022733 499018142 0  
  1627022734 499018142 0  
  1627022735 499018142 0  
  1627022736 499018142 0  
  1627022737 499018142 0  
  1627022738 499018142 0  
  1627022739 499018142 0  
  1627022740 499018142 0  
  1627022741 499018142 0  
  1627022742 499018142 0  
  1627022743 499018499 0  
  1627022744 499018499 0  
  1627022745 499018499 0  
  1627022746 499018499 0  
  1627022747 499018499 0  
  1627022748 499022808 0  
  1627022749 499027765 0  
  1627022750 499028473 0  
  1627022751 499029181 0  
  1627022752 499029181 0  
  1627022753 499029181 0  
  1627022754 499029181 0  
  1627022756 499037943 0  
  1627022757 499038447 0  
  1627022758 499039863 0  
  1627022759 499039863 0  
  1627022760 499039863 0  
  1627022761 499039863 0  
  1627022762 499039863 0  
  1627022763 499039863 0  
  1627022764 499039863 0  
  1627022765 499039863 0  
  1627022766 499039863 0  
  1627022767 499039863 0  
  1627022768 499039863 0  
  1627022769 499039863 0  
  1627022770 499039863 0  
  1627022771 499039863 0  
  1627022772 499039863 0  
  1627022773 499039863 0  
  1627022774 499039863 0  
  1627022775 499039863 0  
  1627022776 499039863 0  
  1627022777 499039863 0  
  1627022778 499039863 0  
  1627022779 499039863 0  
  1627022780 499039863 0  
  1627022781 499039863 0  
  1627022782 499039863 0  
  1627022783 499039863 0  
  1627022784 499039863 0  
  1627022785 499039863 0  
  1627022786 499039863 0  
  1627022787 499039863 0  
  1627022788 499039863 0  
  1627022789 499039863 0  
  1627022790 499039863 0  
  1627022791 499039863 0  
  1627022792 499039863 0  
  1627022793 499039863 0  
  1627022794 499039863 0  
  1627022796 499039863 0  
  1627022797 499039863 0  
  1627022798 499039863 0  
  1627022799 499039863 0  
  1627022800 499039863 0  
  1627022801 499039863 0  
  1627022802 499039863 0  
  1627022803 499039863 0  
  1627022804 499039863 0  
  1627022805 499039863 0  
  1627022806 499039863 0  
  1627022807 499039863 0  
  1627022808 499039863 0  
  1627022809 499039863 0  
  1627022810 499039863 0  
  1627022811 499039863 0  
  1627022812 499039863 0  
  1627022813 499039863 0  
  1627022814 499039863 0  
  1627022815 499039863 0  
  1627022816 499039863 0  
  1627022817 499039863 0  
  1627022818 499039863 0  
  1627022819 499039863 0  
  1627022820 499039863 0  
  1627022821 499039863 0  
  1627022822 499039863 0  
  1627022823 499039863 0  
  1627022824 499039863 0  
  1627022825 499039863 0  
  1627022826 499039863 0  
  1627022827 499039863 0  
  1627022828 499039863 0  
  1627022829 499039863 0  
  1627022830 499039863 0  
  1627022831 499039863 0  
  1627022832 499039863 0  
  1627022833 499039863 0  
  1627022835 499039863 0  
  1627022836 499039863 0  
  1627022837 499039863 0  
  1627022838 499039863 0  
  1627022839 499039863 0  
  1627022840 499039863 0  
  1627022841 499039863 0  
  1627022842 499039863 0  
  1627022843 499039863 0  
  1627022844 499039863 0  
  1627022845 499039863 0  
  1627022846 499039863 0  
  1627022847 499039863 0  
  1627022848 499039863 0  
  1627022849 499039863 0  
  1627022850 499039863 0  
  1627022851 499039863 0  
  1627022852 499039863 0  
  1627022853 499039863 0  
  1627022854 499039863 0  
  1627022855 499039863 0  
  1627022856 499039863 0  
  1627022857 499039863 0  
  1627022858 499039863 0  
  1627022859 499039863 0  
  1627022860 499039863 0  
  1627022861 499039863 0  
  1627022862 499039863 0  
  1627022863 499039863 0  
  1627022864 499039863 0  
  1627022865 499039863 0  
  1627022866 499039863 0  
  1627022867 499039863 0  
  1627022868 499039863 0  
  1627022869 499039863 0  
  1627022870 499041458 0  
  1627022871 499041458 0  
  1627022872 499041458 0  
  1627022873 499041458 0  
  1627022875 499041458 0  
  1627022876 499041458 0  
  1627022877 499041458 0  
  1627022878 499041458 0  
  1627022879 499041458 0  
  1627022880 499041458 0  
  1627022881 499041458 0  
  1627022882 499041458 0  
  1627022883 499041458 0  
  1627022884 499041458 0  
  1627022885 499041458 0  
  1627022886 499041458 0  
  1627022887 499041458 0  
  1627022888 499041458 0  
  1627022889 499041458 0  
  1627022890 499041458 0  
  1627022891 499041458 0  
  1627022892 499041458 0  
  1627022893 499041458 0  
  1627022894 499041458 0  
  1627022895 499041458 0  
  1627022896 499041458 0  
  1627022897 499041458 0  
  1627022898 499041458 0  
  1627022899 499041458 0  
  1627022900 499041550 0  
  1627022901 499041550 0  
  1627022902 499041550 0  
  1627022903 499041550 0  
  1627022904 499041550 0  
  1627022905 499041550 0  
  1627022906 499041550 0  
  1627022907 499041550 0  
  1627022908 499041550 0  
  1627022909 499041550 0  
  1627022910 499041550 0  
  1627022911 499041550 0  
  1627022912 499041550 0  
  1627022914 499041550 0  
  1627022915 499041550 0  
  1627022916 499041550 0  
  1627022917 499041550 0  
  1627022918 499041550 0  
  1627022919 499041550 0  
  1627022920 499041550 0  
  1627022921 499041550 0  
  1627022922 499041550 0  
  1627022923 499041550 0  
  1627022924 499045859 0  
  1627022925 499046183 0  
  1627022926 499046891 0  
  1627022927 499046891 0  
  1627022928 499046891 0  
  1627022929 499046891 0  
  1627022930 499046891 0  
  1627022931 499046891 0  
  1627022932 499046891 0  
  1627022933 499046891 0  
  1627022934 499046891 0  
  1627022935 499046891 0  
  1627022936 499046891 0  
  1627022937 499046891 0  
  1627022938 499046891 0  
  1627022939 499046891 0  
  1627022940 499046891 0  
  1627022941 499046891 0  
  1627022942 499046891 0  
  1627022943 499046891 0  
  1627022944 499046891 0  
  1627022945 499046891 0  
  1627022946 499046891 0  
  1627022947 499046891 0  
  1627022948 499046891 0  
  1627022949 499046891 0  
  1627022950 499046891 0  
  1627022952 499046891 0  
  1627022953 499046891 0  
  1627022954 499046891 0  
  1627022955 499046891 0  
  1627022956 499046891 0  
  1627022957 499046891 0  
  1627022958 499046891 0  
  1627022959 499046891 0  
  1627022960 499046891 0  
  1627022961 499046891 0  
  1627022962 499046891 0  
  1627022963 499046891 0  
  1627022964 499046891 0  
  1627022965 499046891 0  
  1627022966 499046891 0  
  1627022967 499046891 0  
  1627022968 499046891 0  
  1627022969 499046891 0  
  1627022970 499046891 0  
  1627022971 499046891 0  
  1627022972 499046891 0  
  1627022973 499046891 0  
  1627022974 499046891 0  
  1627022975 499046891 0  
  1627022976 499046891 0  
  1627022977 499046891 0  
  1627022978 499046891 0  
  1627022979 499046891 0  
  1627022980 499046891 0  
  1627022981 499046891 0  
  1627022982 499046891 0  
  1627022983 499046891 0  
  1627022984 499046891 0  
  1627022985 499046891 0  
  1627022986 499046891 0  
  1627022987 499046891 0  
  1627022988 499046891 0  
  1627022989 499046891 0  
  1627022990 499046891 0  
  1627022992 499046891 0  
  1627022993 499046891 0  
  1627022994 499046891 0  
  1627022995 499046891 0  
  1627022996 499046891 0  
  1627022997 499046891 0  
  1627022998 499046891 0  
  1627022999 499046891 0  
  1627023000 499046891 0  
  1627023001 499046891 0  
  1627023002 499046891 0  
  1627023003 499046891 0  
  1627023004 499046891 0  
  1627023005 499046891 0  
  1627023006 499046891 0  
  1627023007 499046891 0  
  1627023008 499046891 0  
  1627023009 499046891 0  
  1627023010 499046891 0  
  1627023011 499046891 0  
  1627023012 499046891 0  
  1627023013 499046891 0  
  1627023014 499046891 0  
  1627023015 499046891 0  
  1627023016 499046891 0  
  1627023017 499046891 0  
  1627023018 499046891 0  
  1627023019 499046891 0  
  1627023020 499046891 0  
  1627023021 499046891 0  
  1627023022 499046891 0  
  1627023023 499046891 0  
  1627023024 499046891 0  
  1627023025 499046891 0  
  1627023026 499046891 0  
  1627023027 499046891 0  
  1627023028 499046891 0  
  1627023029 499046891 0  
  1627023030 499046891 0  
  1627023032 499046891 0  
  1627023033 499046891 0  
  1627023034 499046891 0  
  1627023035 499046891 0  
  1627023036 499046891 0  
  1627023037 499046891 0  
  1627023038 499046891 0  
  1627023039 499046891 0  
  1627023040 499046891 0  
  1627023041 499046891 0  
  1627023042 499046891 0  
  1627023043 499047248 0  
  1627023044 499047248 0  
  1627023045 499047248 0  
  1627023046 499047248 0  
  1627023047 499047248 0  
  1627023048 499051881 0  
  1627023049 499053642 0  
  1627023050 499057222 0  
  1627023051 499057930 0  
  1627023052 499057930 0  
  1627023053 499057930 0  
  1627023054 499057930 0  
  1627023055 499062707 0  
  1627023056 499067196 0  
  1627023057 499068612 0  
  1627023058 499068612 0  
  1627023059 499068612 0  
  1627023060 499068612 0  
  1627023061 499068612 0  
  1627023062 499068612 0  
  1627023063 499068612 0  
  1627023064 499068612 0  
  1627023065 499068612 0  
  1627023066 499068612 0  
  1627023067 499068612 0  
  1627023068 499068612 0  
  1627023069 499068612 0  
  1627023071 499069208 0  
  1627023072 499069208 0  
  1627023073 499069208 0  
  1627023074 499069208 0  
  1627023075 499069208 0  
  1627023076 499069208 0  
  1627023077 499069208 0  
  1627023078 499069208 0  
  1627023079 499069208 0  
  1627023080 499069208 0  
  1627023081 499069208 0  
  1627023082 499069208 0  
  1627023083 499069208 0  
  1627023084 499069208 0  
  1627023085 499069208 0  
  1627023086 499069208 0  
  1627023087 499069208 0  
  1627023088 499069208 0  
  1627023089 499069208 0  
  1627023090 499069208 0  
  1627023091 499069208 0  
  1627023092 499069208 0  
  1627023093 499069208 0  
  1627023094 499069208 0  
  1627023095 499069208 0  
  1627023096 499069208 0  
  1627023097 499069208 0  
  1627023098 499069208 0  
  1627023099 499069208 0  
  1627023100 499069208 0  
  1627023101 499069208 0  
  1627023102 499069208 0  
  1627023103 499069208 0  
  1627023104 499069208 0  
  1627023105 499069208 0  
  1627023106 499069208 0  
  1627023107 499069208 0  
  1627023108 499069208 0  
  1627023109 499069208 0  
  1627023111 499069208 0  
  1627023112 499069208 0  
  1627023113 499069208 0  
  1627023114 499069208 0  
  1627023115 499069208 0  
  1627023116 499069208 0  
  1627023117 499069208 0  
  1627023118 499069208 0  
  1627023119 499069208 0  
  1627023120 499069208 0  
  1627023121 499069208 0  
  1627023122 499069208 0  
  1627023123 499069208 0  
  1627023124 499069208 0  
  1627023125 499069208 0  
  1627023126 499069208 0  
  1627023127 499069208 0  
  1627023128 499069208 0  
  1627023129 499069208 0  
  1627023130 499069208 0  
  1627023131 499069208 0  
  1627023132 499069208 0  
  1627023133 499069208 0  
  1627023134 499069208 0  
  1627023135 499069208 0  
  1627023136 499069208 0  
  1627023137 499069208 0  
  1627023138 499069208 0  
  1627023139 499069208 0  
  1627023140 499069208 0  
  1627023141 499069208 0  
  1627023142 499069208 0  
  1627023143 499069208 0  
  1627023144 499069208 0  
  1627023145 499069208 0  
  1627023146 499069208 0  
  1627023147 499069208 0  
  1627023148 499069208 0  
  1627023150 499069208 0  
  1627023151 499069208 0  
  1627023152 499069208 0  
  1627023153 499069208 0  
  1627023154 499069208 0  
  1627023155 499069208 0  
 