 1627437003 573689351 0  
  1627437004 573689351 0  
  1627437005 573689351 0  
  1627437006 573689351 0  
  1627437007 573689351 0  
  1627437008 573689351 0  
  1627437009 573689351 0  
  1627437010 573689351 0  
  1627437011 573689351 0  
  1627437012 573689351 0  
  1627437013 573689351 0  
  1627437014 573689351 0  
  1627437015 573689351 0  
  1627437016 573689351 0  
  1627437017 573689351 0  
  1627437018 573689351 0  
  1627437019 573689351 0  
  1627437020 573689351 0  
  1627437022 573689351 0  
  1627437023 573689351 0  
  1627437024 573689351 0  
  1627437025 573689351 0  
  1627437026 573689351 0  
  1627437027 573689351 0  
  1627437028 573689351 0  
  1627437029 573689351 0  
  1627437030 573689351 0  
  1627437031 573689351 0  
  1627437032 573689351 0  
  1627437033 573689351 0  
  1627437034 573689351 0  
  1627437035 573689351 0  
  1627437036 573689351 0  
  1627437037 573689708 0  
  1627437038 573689708 0  
  1627437039 573689708 0  
  1627437040 573689708 0  
  1627437041 573689708 0  
  1627437042 573689708 0  
  1627437043 573689708 0  
  1627437044 573689708 0  
  1627437045 573689708 0  
  1627437046 573689708 0  
  1627437047 573689708 0  
  1627437048 573689708 0  
  1627437049 573689708 0  
  1627437050 573689708 0  
  1627437051 573689708 0  
  1627437052 573689708 0  
  1627437053 573689708 0  
  1627437054 573689708 0  
  1627437055 573689708 0  
  1627437056 573689708 0  
  1627437057 573689708 0  
  1627437058 573689708 0  
  1627437059 573689708 0  
  1627437060 573689708 0  
  1627437061 573689708 0  
  1627437063 573689708 0  
  1627437064 573689708 0  
  1627437065 573689708 0  
  1627437066 573689708 0  
  1627437067 573689708 0  
  1627437068 573689708 0  
  1627437069 573689708 0  
  1627437070 573689708 0  
  1627437071 573689708 0  
  1627437072 573689708 0  
  1627437073 573689708 0  
  1627437074 573689708 0  
  1627437075 573689708 0  
  1627437076 573689708 0  
  1627437077 573689708 0  
  1627437078 573689708 0  
  1627437079 573689708 0  
  1627437080 573689708 0  
  1627437081 573689708 0  
  1627437082 573689784 0  
  1627437083 573689784 0  
  1627437084 573689784 0  
  1627437085 573689784 0  
  1627437086 573689784 0  
  1627437087 573689784 0  
  1627437088 573689784 0  
  1627437089 573689784 0  
  1627437090 573689784 0  
  1627437091 573689784 0  
  1627437092 573689784 0  
  1627437093 573689784 0  
  1627437094 573689784 0  
  1627437095 573689784 0  
  1627437096 573689784 0  
  1627437097 573689784 0  
  1627437098 573689784 0  
  1627437099 573689784 0  
  1627437100 573689784 0  
  1627437101 573689784 0  
  1627437103 573689784 0  
  1627437104 573689784 0  
  1627437105 573689784 0  
  1627437106 573689784 0  
  1627437107 573689784 0  
  1627437108 573689784 0  
  1627437109 573689784 0  
  1627437110 573689784 0  
  1627437111 573689784 0  
  1627437112 573689784 0  
  1627437113 573689784 0  
  1627437114 573689784 0  
  1627437115 573689784 0  
  1627437116 573689784 0  
  1627437117 573689784 0  
  1627437118 573689784 0  
  1627437119 573689784 0  
  1627437120 573689784 0  
  1627437121 573689784 0  
  1627437122 573689784 0  
  1627437123 573689784 0  
  1627437124 573689784 0  
  1627437125 573689784 0  
  1627437126 573694093 0  
  1627437127 573694417 0  
  1627437128 573694417 0  
  1627437129 573695125 0  
  1627437130 573695125 0  
  1627437131 573695125 0  
  1627437132 573695125 0  
  1627437133 573695125 0  
  1627437134 573695125 0  
  1627437135 573695125 0  
  1627437136 573695125 0  
  1627437137 573695125 0  
  1627437138 573695125 0  
  1627437139 573695125 0  
  1627437140 573695125 0  
  1627437141 573695125 0  
  1627437143 573695125 0  
  1627437144 573695125 0  
  1627437145 573695125 0  
  1627437146 573695125 0  
  1627437147 573695125 0  
  1627437148 573695125 0  
  1627437149 573695125 0  
  1627437150 573695125 0  
  1627437151 573695125 0  
  1627437152 573695125 0  
  1627437153 573695125 0  
  1627437154 573699434 0  
  1627437155 573699758 0  
  1627437156 573699758 0  
  1627437157 573700466 0  
  1627437158 573700466 0  
  1627437159 573700466 0  
  1627437160 573700466 0  
  1627437161 573700466 0  
  1627437162 573700466 0  
  1627437163 573700466 0  
  1627437164 573700466 0  
  1627437165 573700466 0  
  1627437166 573700466 0  
  1627437167 573700466 0  
  1627437168 573700466 0  
  1627437169 573700466 0  
  1627437170 573700466 0  
  1627437171 573700466 0  
  1627437172 573700466 0  
  1627437173 573700466 0  
  1627437174 573700466 0  
  1627437175 573700466 0  
  1627437176 573700466 0  
  1627437177 573700466 0  
  1627437178 573700466 0  
  1627437179 573701062 0  
  1627437180 573701062 0  
  1627437181 573701062 0  
  1627437183 573701062 0  
  1627437184 573701062 0  
  1627437185 573701062 0  
  1627437186 573701062 0  
  1627437187 573701062 0  
  1627437188 573701062 0  
  1627437189 573701062 0  
  1627437190 573701062 0  
  1627437191 573701062 0  
  1627437192 573701062 0  
  1627437193 573701062 0  
  1627437194 573701062 0  
  1627437195 573701062 0  
  1627437196 573701062 0  
  1627437197 573705371 0  
  1627437198 573710328 0  
  1627437199 573710328 0  
  1627437200 573711744 0  
  1627437201 573711744 0  
  1627437202 573711744 0  
  1627437203 573711744 0  
  1627437204 573711744 0  
  1627437205 573711836 0  
  1627437206 573711836 0  
  1627437207 573711836 0  
  1627437208 573711836 0  
  1627437209 573711836 0  
  1627437210 573711836 0  
  1627437211 573711836 0  
  1627437212 573711836 0  
  1627437213 573711836 0  
  1627437214 573711836 0  
  1627437215 573711836 0  
  1627437216 573711836 0  
  1627437217 573711836 0  
  1627437218 573711836 0  
  1627437219 573711836 0  
  1627437220 573711836 0  
  1627437221 573711836 0  
  1627437223 573711836 0  
  1627437224 573711836 0  
  1627437225 573711836 0  
  1627437226 573711836 0  
  1627437227 573711836 0  
  1627437228 573711836 0  
  1627437229 573711836 0  
  1627437230 573711836 0  
  1627437231 573711836 0  
  1627437232 573711836 0  
  1627437233 573711836 0  
  1627437234 573711836 0  
  1627437235 573711836 0  
  1627437236 573716145 0  
  1627437237 573716469 0  
  1627437238 573717177 0  
  1627437239 573717177 0  
  1627437240 573717177 0  
  1627437241 573717177 0  
  1627437242 573717177 0  
  1627437243 573717177 0  
  1627437244 573717177 0  
  1627437245 573717177 0  
  1627437246 573717177 0  
  1627437247 573717177 0  
  1627437248 573717177 0  
  1627437249 573717177 0  
  1627437250 573717177 0  
  1627437251 573717177 0  
  1627437252 573717177 0  
  1627437253 573717177 0  
  1627437254 573717177 0  
  1627437255 573717177 0  
  1627437256 573717177 0  
  1627437257 573717177 0  
  1627437258 573717177 0  
  1627437259 573717177 0  
  1627437260 573717177 0  
  1627437261 573717177 0  
  1627437263 573717177 0  
  1627437264 573717177 0  
  1627437265 573717177 0  
  1627437266 573717177 0  
  1627437267 573717177 0  
  1627437268 573717177 0  
  1627437269 573717177 0  
  1627437270 573717177 0  
  1627437271 573717177 0  
  1627437272 573717177 0  
  1627437273 573717177 0  
  1627437274 573717177 0  
  1627437275 573717177 0  
  1627437276 573717177 0  
  1627437277 573717177 0  
  1627437278 573717177 0  
  1627437279 573717177 0  
  1627437280 573717177 0  
  1627437281 573717177 0  
  1627437282 573717177 0  
  1627437283 573717177 0  
  1627437284 573717177 0  
  1627437285 573717177 0  
  1627437286 573717177 0  
  1627437287 573717177 0  
  1627437288 573717177 0  
  1627437289 573717177 0  
  1627437290 573717177 0  
  1627437291 573717177 0  
  1627437292 573717177 0  
  1627437293 573717177 0  
  1627437294 573717177 0  
  1627437295 573717177 0  
  1627437296 573717177 0  
  1627437297 573717177 0  
  1627437298 573717177 0  
  1627437299 573717177 0  
  1627437300 573717177 0  
  1627437302 573717177 0  
  1627437303 573717177 0  
  1627437304 573717177 0  
  1627437305 573717177 0  
  1627437306 573717177 0  
  1627437307 573717177 0  
  1627437308 573717177 0  
  1627437309 573717177 0  
  1627437310 573717177 0  
  1627437311 573717177 0  
  1627437312 573717177 0  
  1627437313 573717177 0  
  1627437314 573717177 0  
  1627437315 573717177 0  
  1627437316 573717177 0  
  1627437317 573717177 0  
  1627437318 573717177 0  
  1627437319 573717177 0  
  1627437320 573717177 0  
  1627437321 573717177 0  
  1627437322 573717177 0  
  1627437323 573717177 0  
  1627437324 573717177 0  
  1627437325 573717177 0  
 