 1626768688 459991873 0  
  1626768689 459991873 0  
  1626768690 459991873 0  
  1626768691 459991873 0  
  1626768692 459991965 0  
  1626768693 459991965 0  
  1626768694 459991965 0  
  1626768695 459991965 0  
  1626768696 459991965 0  
  1626768697 459991965 0  
  1626768698 459991965 0  
  1626768699 459991965 0  
  1626768700 459991965 0  
  1626768701 459991965 0  
  1626768702 459991965 0  
  1626768703 459991965 0  
  1626768704 459991965 0  
  1626768705 459991965 0  
  1626768706 459991965 0  
  1626768707 459991965 0  
  1626768708 459991965 0  
  1626768709 459991965 0  
  1626768710 459991965 0  
  1626768711 459991965 0  
  1626768712 459991965 0  
  1626768713 459991965 0  
  1626768714 459991965 0  
  1626768715 459991965 0  
  1626768716 459991965 0  
  1626768717 459991965 0  
  1626768718 459991965 0  
  1626768719 459991965 0  
  1626768720 459991965 0  
  1626768721 459991965 0  
  1626768722 459991965 0  
  1626768723 459991965 0  
  1626768724 459991965 0  
  1626768725 459991965 0  
  1626768727 459991965 0  
  1626768728 459991965 0  
  1626768729 459991965 0  
  1626768730 459991965 0  
  1626768731 459991965 0  
  1626768732 459991965 0  
  1626768733 459991965 0  
  1626768734 459992025 0  
  1626768735 459992085 0  
  1626768736 459992085 0  
  1626768737 459992145 0  
  1626768738 459992145 0  
  1626768739 459992145 0  
  1626768740 459992145 0  
  1626768741 459992145 0  
  1626768742 459992145 0  
  1626768743 459992145 0  
  1626768744 459992145 0  
  1626768745 459992145 0  
  1626768746 459992145 0  
  1626768747 459992145 0  
  1626768748 459992145 0  
  1626768749 459992145 0  
  1626768750 459992145 0  
  1626768751 459992145 0  
  1626768752 459992145 0  
  1626768753 459992145 0  
  1626768754 459992145 0  
  1626768755 459992213 0  
  1626768756 459992305 0  
  1626768757 459992305 0  
  1626768758 459992305 0  
  1626768759 459992305 0  
  1626768760 459992305 0  
  1626768761 459993461 0  
  1626768762 459993461 0  
  1626768763 459993461 0  
  1626768764 459993461 0  
  1626768765 459995056 0  
  1626768767 459995056 0  
  1626768768 459995056 0  
  1626768769 459995056 0  
  1626768770 459999365 0  
  1626768771 459999689 0  
  1626768772 460000397 0  
  1626768773 460000397 0  
  1626768774 460000397 0  
  1626768775 460000397 0  
  1626768776 460000397 0  
  1626768777 460000397 0  
  1626768778 460000397 0  
  1626768779 460000397 0  
  1626768780 460000397 0  
  1626768781 460000397 0  
  1626768782 460000397 0  
  1626768783 460000397 0  
  1626768784 460000397 0  
  1626768785 460000397 0  
  1626768786 460000397 0  
  1626768787 460000397 0  
  1626768788 460000397 0  
  1626768789 460000397 0  
  1626768790 460000397 0  
  1626768791 460000397 0  
  1626768792 460000397 0  
  1626768793 460000397 0  
  1626768794 460000397 0  
  1626768795 460000397 0  
  1626768796 460000397 0  
  1626768797 460000397 0  
  1626768798 460000397 0  
  1626768799 460000397 0  
  1626768800 460000397 0  
  1626768801 460000397 0  
  1626768802 460000397 0  
  1626768803 460000397 0  
  1626768804 460000397 0  
  1626768805 460000397 0  
  1626768807 460000397 0  
  1626768808 460000397 0  
  1626768809 460000397 0  
  1626768810 460000397 0  
  1626768811 460000397 0  
  1626768812 460000397 0  
  1626768813 460000397 0  
  1626768814 460000397 0  
  1626768815 460000397 0  
  1626768816 460000397 0  
  1626768817 460000397 0  
  1626768818 460000397 0  
  1626768819 460000397 0  
  1626768820 460000397 0  
  1626768821 460000489 0  
  1626768822 460000489 0  
  1626768823 460000489 0  
  1626768824 460000489 0  
  1626768825 460000489 0  
  1626768826 460000489 0  
  1626768827 460000489 0  
  1626768828 460000489 0  
  1626768829 460000489 0  
  1626768830 460000489 0  
  1626768831 460000489 0  
  1626768832 460000489 0  
  1626768833 460000489 0  
  1626768834 460000489 0  
  1626768835 460000489 0  
  1626768836 460000489 0  
  1626768837 460000489 0  
  1626768838 460000489 0  
  1626768839 460000489 0  
  1626768840 460000489 0  
  1626768841 460000489 0  
  1626768842 460000489 0  
  1626768843 460000489 0  
  1626768844 460000489 0  
  1626768845 460000489 0  
  1626768847 460000489 0  
  1626768848 460000489 0  
  1626768849 460000489 0  
  1626768850 460000489 0  
  1626768851 460000489 0  
  1626768852 460000489 0  
  1626768853 460000489 0  
  1626768854 460000489 0  
  1626768855 460000489 0  
  1626768856 460000489 0  
  1626768857 460000489 0  
  1626768858 460000489 0  
  1626768859 460000489 0  
  1626768860 460000489 0  
  1626768861 460000489 0  
  1626768862 460000489 0  
  1626768863 460000489 0  
  1626768864 460000581 0  
  1626768865 460000581 0  
  1626768866 460000581 0  
  1626768867 460000581 0  
  1626768868 460000581 0  
  1626768869 460000581 0  
  1626768870 460000581 0  
  1626768871 460000581 0  
  1626768872 460000581 0  
  1626768873 460000581 0  
  1626768874 460000581 0  
  1626768875 460000581 0  
  1626768876 460000581 0  
  1626768877 460000581 0  
  1626768878 460000581 0  
  1626768879 460000581 0  
  1626768880 460000581 0  
  1626768881 460000581 0  
  1626768882 460000581 0  
  1626768883 460000581 0  
  1626768884 460000581 0  
  1626768885 460000673 0  
  1626768887 460000673 0  
  1626768888 460000673 0  
  1626768889 460000673 0  
  1626768890 460000673 0  
  1626768891 460000673 0  
  1626768892 460000673 0  
  1626768893 460000673 0  
  1626768894 460000673 0  
  1626768895 460000673 0  
  1626768896 460000673 0  
  1626768897 460000673 0  
  1626768898 460000673 0  
  1626768899 460000673 0  
  1626768900 460000673 0  
  1626768901 460000673 0  
  1626768902 460000673 0  
  1626768903 460000673 0  
  1626768904 460000673 0  
  1626768905 460000673 0  
  1626768906 460004982 0  
  1626768907 460005306 0  
  1626768908 460005306 0  
  1626768909 460006014 0  
  1626768910 460006014 0  
  1626768911 460006014 0  
  1626768912 460006014 0  
  1626768913 460006014 0  
  1626768914 460006014 0  
  1626768915 460006014 0  
  1626768916 460006014 0  
  1626768917 460006014 0  
  1626768918 460006014 0  
  1626768919 460007975 0  
  1626768920 460010647 0  
  1626768921 460012608 0  
  1626768922 460015996 0  
  1626768923 460021057 0  
  1626768924 460021765 0  
  1626768925 460021765 0  
  1626768927 460021765 0  
  1626768928 460021765 0  
  1626768929 460021765 0  
  1626768930 460021765 0  
  1626768931 460021765 0  
  1626768932 460021765 0  
  1626768933 460021765 0  
  1626768934 460021765 0  
  1626768935 460021765 0  
  1626768936 460021765 0  
  1626768937 460021765 0  
  1626768938 460021765 0  
  1626768939 460021765 0  
  1626768940 460022122 0  
  1626768941 460022122 0  
  1626768942 460022122 0  
  1626768943 460022122 0  
  1626768944 460022122 0  
  1626768945 460022122 0  
  1626768946 460022122 0  
  1626768947 460022122 0  
  1626768948 460022122 0  
  1626768949 460022122 0  
  1626768950 460022214 0  
  1626768951 460022214 0  
  1626768952 460022214 0  
  1626768953 460022214 0  
  1626768954 460022214 0  
  1626768955 460022214 0  
  1626768956 460022214 0  
  1626768957 460022214 0  
  1626768958 460022214 0  
  1626768959 460022214 0  
  1626768960 460022214 0  
  1626768961 460022214 0  
  1626768962 460022214 0  
  1626768963 460022552 0  
  1626768964 460022552 0  
  1626768965 460023210 0  
  1626768967 460023210 0  
  1626768968 460023210 0  
  1626768969 460023210 0  
  1626768970 460023210 0  
  1626768971 460023210 0  
  1626768972 460023210 0  
  1626768973 460023210 0  
  1626768974 460023210 0  
  1626768975 460023210 0  
  1626768976 460023210 0  
  1626768977 460023210 0  
  1626768978 460023210 0  
  1626768979 460023210 0  
  1626768980 460023210 0  
  1626768981 460023210 0  
  1626768982 460023210 0  
  1626768983 460023210 0  
  1626768984 460023210 0  
  1626768985 460023210 0  
  1626768986 460023210 0  
  1626768987 460023210 0  
  1626768988 460023210 0  
  1626768989 460023210 0  
  1626768990 460023210 0  
  1626768991 460023210 0  
  1626768992 460023210 0  
  1626768993 460023302 0  
  1626768994 460023302 0  
  1626768995 460023302 0  
  1626768996 460023302 0  
  1626768997 460023302 0  
  1626768998 460023302 0  
  1626768999 460023302 0  
  1626769000 460023302 0  
  1626769001 460023302 0  
  1626769002 460023302 0  
  1626769003 460023302 0  
  1626769004 460023302 0  
  1626769005 460023302 0  
  1626769007 460023302 0  
  1626769008 460023302 0  
  1626769009 460023302 0  
  1626769010 460023302 0  
  1626769011 460023302 0  
  1626769012 460023302 0  
  1626769013 460023302 0  
  1626769014 460023302 0  
  1626769015 460023394 0  
  1626769016 460023394 0  
  1626769017 460023394 0  
  1626769018 460023394 0  
  1626769019 460023394 0  
  1626769020 460023394 0  
  1626769021 460023394 0  
  1626769022 460023394 0  
  1626769023 460023394 0  
  1626769024 460023394 0  
  1626769025 460023394 0  
  1626769026 460023394 0  
  1626769027 460023394 0  
  1626769028 460023394 0  
  1626769029 460023394 0  
  1626769030 460023394 0  
 