 1626882083 481708693 0  
  1626882084 481708693 0  
  1626882085 481708693 0  
  1626882086 481708693 0  
  1626882087 481708693 0  
  1626882088 481708693 0  
  1626882089 481708693 0  
  1626882090 481708693 0  
  1626882091 481708693 0  
  1626882092 481708693 0  
  1626882093 481708693 0  
  1626882094 481708693 0  
  1626882095 481708693 0  
  1626882096 481708693 0  
  1626882097 481708693 0  
  1626882098 481708693 0  
  1626882099 481708693 0  
  1626882100 481708693 0  
  1626882101 481708693 0  
  1626882102 481708693 0  
  1626882103 481708693 0  
  1626882104 481708693 0  
  1626882106 481708693 0  
  1626882107 481708693 0  
  1626882108 481708693 0  
  1626882109 481708693 0  
  1626882110 481708693 0  
  1626882111 481708693 0  
  1626882112 481708693 0  
  1626882113 481708693 0  
  1626882114 481708693 0  
  1626882115 481708693 0  
  1626882116 481708693 0  
  1626882117 481708693 0  
  1626882118 481708693 0  
  1626882119 481708693 0  
  1626882120 481708693 0  
  1626882121 481708693 0  
  1626882122 481708693 0  
  1626882123 481708693 0  
  1626882124 481708693 0  
  1626882125 481708693 0  
  1626882126 481708693 0  
  1626882127 481708693 0  
  1626882128 481708693 0  
  1626882129 481708693 0  
  1626882130 481708693 0  
  1626882131 481708693 0  
  1626882132 481708785 0  
  1626882133 481708785 0  
  1626882134 481708785 0  
  1626882135 481708785 0  
  1626882136 481708785 0  
  1626882137 481708785 0  
  1626882138 481708785 0  
  1626882139 481708785 0  
  1626882140 481708785 0  
  1626882141 481708785 0  
  1626882142 481708785 0  
  1626882144 481708785 0  
  1626882145 481708785 0  
  1626882146 481708785 0  
  1626882147 481708785 0  
  1626882148 481708785 0  
  1626882149 481708785 0  
  1626882150 481708785 0  
  1626882151 481708785 0  
  1626882152 481708785 0  
  1626882153 481708785 0  
  1626882154 481708785 0  
  1626882155 481708853 0  
  1626882156 481708853 0  
  1626882157 481708853 0  
  1626882158 481708853 0  
  1626882159 481708853 0  
  1626882160 481708853 0  
  1626882161 481710009 0  
  1626882162 481710009 0  
  1626882163 481710009 0  
  1626882164 481710009 0  
  1626882165 481710009 0  
  1626882166 481710009 0  
  1626882167 481710009 0  
  1626882168 481710009 0  
  1626882169 481714318 0  
  1626882170 481714642 0  
  1626882171 481715214 0  
  1626882172 481715214 0  
  1626882173 481715214 0  
  1626882174 481715214 0  
  1626882175 481715214 0  
  1626882176 481715214 0  
  1626882177 481715214 0  
  1626882178 481715214 0  
  1626882179 481715214 0  
  1626882180 481715214 0  
  1626882181 481715214 0  
  1626882183 481715214 0  
  1626882184 481715214 0  
  1626882185 481715214 0  
  1626882186 481715214 0  
  1626882187 481715214 0  
  1626882188 481715214 0  
  1626882189 481715214 0  
  1626882190 481715214 0  
  1626882191 481715214 0  
  1626882192 481715214 0  
  1626882193 481715214 0  
  1626882194 481715214 0  
  1626882195 481715214 0  
  1626882196 481715214 0  
  1626882197 481715214 0  
  1626882198 481715306 0  
  1626882199 481715306 0  
  1626882200 481715306 0  
  1626882201 481715306 0  
  1626882202 481715306 0  
  1626882203 481715306 0  
  1626882204 481715306 0  
  1626882205 481715306 0  
  1626882206 481715306 0  
  1626882207 481715306 0  
  1626882208 481715306 0  
  1626882209 481715306 0  
  1626882210 481715306 0  
  1626882211 481715306 0  
  1626882212 481715306 0  
  1626882213 481715306 0  
  1626882214 481715306 0  
  1626882215 481715306 0  
  1626882216 481715306 0  
  1626882217 481715306 0  
  1626882218 481715306 0  
  1626882219 481715306 0  
  1626882220 481715306 0  
  1626882221 481715306 0  
  1626882223 481715306 0  
  1626882224 481715306 0  
  1626882225 481715306 0  
  1626882226 481715306 0  
  1626882227 481715306 0  
  1626882228 481715306 0  
  1626882229 481715306 0  
  1626882230 481715306 0  
  1626882231 481715306 0  
  1626882232 481715306 0  
  1626882233 481715306 0  
  1626882234 481715306 0  
  1626882235 481715306 0  
  1626882236 481715306 0  
  1626882237 481715306 0  
  1626882238 481715306 0  
  1626882239 481715306 0  
  1626882240 481715306 0  
  1626882241 481715306 0  
  1626882242 481715306 0  
  1626882243 481715306 0  
  1626882244 481715306 0  
  1626882245 481715306 0  
  1626882246 481715306 0  
  1626882247 481715306 0  
  1626882248 481715306 0  
  1626882249 481715306 0  
  1626882250 481715306 0  
  1626882251 481715306 0  
  1626882252 481715306 0  
  1626882253 481715306 0  
  1626882254 481715306 0  
  1626882255 481715306 0  
  1626882256 481715306 0  
  1626882257 481715306 0  
  1626882258 481715306 0  
  1626882259 481715306 0  
  1626882260 481715306 0  
  1626882262 481715306 0  
  1626882263 481715398 0  
  1626882264 481715398 0  
  1626882265 481715398 0  
  1626882266 481715398 0  
  1626882267 481715398 0  
  1626882268 481715994 0  
  1626882269 481716086 0  
  1626882270 481716086 0  
  1626882271 481716086 0  
  1626882272 481716086 0  
  1626882273 481716086 0  
  1626882274 481716086 0  
  1626882275 481716086 0  
  1626882276 481716086 0  
  1626882277 481716086 0  
  1626882278 481716086 0  
  1626882279 481716086 0  
  1626882280 481716086 0  
  1626882281 481716086 0  
  1626882282 481716086 0  
  1626882283 481716086 0  
  1626882284 481716086 0  
  1626882285 481716086 0  
  1626882286 481716086 0  
  1626882287 481716086 0  
  1626882288 481716086 0  
  1626882289 481716086 0  
  1626882290 481716086 0  
  1626882291 481716086 0  
  1626882292 481716086 0  
  1626882293 481716086 0  
  1626882294 481716086 0  
  1626882295 481716086 0  
  1626882296 481716086 0  
  1626882297 481716086 0  
  1626882298 481716086 0  
  1626882299 481716086 0  
  1626882300 481716086 0  
  1626882301 481716086 0  
  1626882303 481716086 0  
  1626882304 481716086 0  
  1626882305 481716086 0  
  1626882306 481716086 0  
  1626882307 481716086 0  
  1626882308 481716086 0  
  1626882309 481716086 0  
  1626882310 481716086 0  
  1626882311 481716086 0  
  1626882312 481716086 0  
  1626882313 481716086 0  
  1626882314 481716086 0  
  1626882315 481716086 0  
  1626882316 481716086 0  
  1626882317 481716086 0  
  1626882318 481716086 0  
  1626882319 481716086 0  
  1626882320 481716086 0  
  1626882321 481716086 0  
  1626882322 481716086 0  
  1626882323 481716086 0  
  1626882324 481716086 0  
  1626882325 481716086 0  
  1626882326 481716086 0  
  1626882327 481716086 0  
  1626882328 481716178 0  
  1626882329 481716178 0  
  1626882330 481716178 0  
  1626882331 481716178 0  
  1626882332 481716178 0  
  1626882333 481716178 0  
  1626882334 481716178 0  
  1626882335 481716178 0  
  1626882336 481716178 0  
  1626882337 481716535 0  
  1626882338 481716535 0  
  1626882339 481716535 0  
  1626882340 481716535 0  
  1626882342 481720844 0  
  1626882343 481721168 0  
  1626882344 481721168 0  
  1626882345 481721876 0  
  1626882346 481721876 0  
  1626882347 481726509 0  
  1626882348 481726509 0  
  1626882349 481727081 0  
  1626882350 481727081 0  
  1626882351 481727157 0  
  1626882352 481736347 0  
  1626882353 481737763 0  
  1626882354 481737763 0  
  1626882355 481737763 0  
  1626882356 481737763 0  
  1626882357 481737763 0  
  1626882358 481737763 0  
  1626882359 481737763 0  
  1626882360 481737763 0  
  1626882361 481737763 0  
  1626882362 481737763 0  
  1626882363 481737763 0  
  1626882364 481737763 0  
  1626882365 481737763 0  
  1626882366 481737763 0  
  1626882367 481737763 0  
  1626882368 481737763 0  
  1626882369 481737763 0  
  1626882370 481737763 0  
  1626882371 481737763 0  
  1626882372 481737763 0  
  1626882373 481737763 0  
  1626882374 481737763 0  
  1626882375 481737763 0  
  1626882376 481737763 0  
  1626882377 481737763 0  
  1626882378 481737763 0  
  1626882379 481737763 0  
  1626882380 481737763 0  
  1626882382 481737763 0  
  1626882383 481737763 0  
  1626882384 481737763 0  
  1626882385 481737763 0  
  1626882386 481737763 0  
  1626882387 481737763 0  
  1626882388 481737763 0  
  1626882389 481737763 0  
  1626882390 481737763 0  
  1626882391 481737763 0  
  1626882392 481737855 0  
  1626882393 481737855 0  
  1626882394 481737855 0  
  1626882395 481737855 0  
  1626882396 481737855 0  
  1626882397 481737855 0  
  1626882398 481737855 0  
  1626882399 481737855 0  
  1626882400 481737855 0  
  1626882401 481737855 0  
  1626882402 481737855 0  
  1626882403 481737855 0  
  1626882404 481737855 0  
  1626882405 481737855 0  
  1626882406 481737855 0  
  1626882407 481737855 0  
  1626882408 481737855 0  
  1626882409 481737855 0  
  1626882410 481737855 0  
  1626882411 481737855 0  
  1626882412 481737855 0  
  1626882413 481737855 0  
  1626882414 481737855 0  
  1626882415 481737855 0  
  1626882416 481737855 0  
  1626882417 481737855 0  
  1626882418 481737855 0  
  1626882419 481737855 0  
  1626882420 481737855 0  
  1626882422 481737855 0  
  1626882423 481737855 0  
  1626882424 481737855 0  
  1626882425 481737855 0  
  1626882426 481737855 0  
  1626882427 481737855 0  
  1626882428 481737855 0  
  1626882429 481737855 0  
  1626882430 481737855 0  
  1626882431 481737855 0  
  1626882432 481737855 0  
  1626882433 481737855 0  
  1626882434 481737855 0  
  1626882435 481737855 0  
  1626882436 481737855 0  
  1626882437 481737855 0  
  1626882438 481737855 0  
  1626882439 481737855 0  
  1626882440 481737855 0  
  1626882441 481737855 0  
  1626882442 481737855 0  
  1626882443 481737855 0  
  1626882444 481737855 0  
  1626882445 481737855 0  
  1626882446 481737855 0  
  1626882447 481737855 0  
  1626882448 481737855 0  
  1626882449 481737855 0  
  1626882450 481737855 0  
  1626882451 481737855 0  
  1626882452 481737855 0  
  1626882453 481737855 0  
  1626882454 481737855 0  
  1626882455 481737855 0  
  1626882456 481737855 0  
  1626882457 481737947 0  
  1626882458 481737947 0  
  1626882459 481737947 0  
  1626882460 481737947 0  
  1626882462 481737947 0  
  1626882463 481737947 0  
  1626882464 481737947 0  
  1626882465 481737947 0  
  1626882466 481737947 0  
  1626882467 481737947 0  
  1626882468 481738543 0  
  1626882469 481742852 0  
  1626882470 481743176 0  
  1626882471 481743884 0  
  1626882472 481743884 0  
  1626882473 481743884 0  
  1626882474 481743884 0  
  1626882475 481743884 0  
  1626882476 481743884 0  
  1626882477 481743884 0  
  1626882478 481743884 0  
  1626882479 481743884 0  
  1626882480 481743884 0  
  1626882481 481743884 0  
  1626882482 481743884 0  
  1626882483 481743884 0  
  1626882484 481743884 0  
  1626882485 481743884 0  
  1626882486 481743884 0  
  1626882487 481743884 0  
  1626882488 481743884 0  
  1626882489 481743884 0  
  1626882490 481743884 0  
  1626882491 481743884 0  
  1626882492 481743884 0  
  1626882493 481743884 0  
  1626882494 481743884 0  
  1626882495 481743884 0  
  1626882496 481743884 0  
  1626882497 481743884 0  
  1626882498 481743884 0  
  1626882499 481743884 0  
  1626882501 481743884 0  
  1626882502 481743884 0  
  1626882503 481743884 0  
  1626882504 481743884 0  
  1626882505 481743884 0  
  1626882506 481743884 0  
  1626882507 481743884 0  
  1626882508 481743884 0  
  1626882509 481743884 0  
  1626882510 481743884 0  
  1626882511 481743884 0  
  1626882512 481743884 0  
  1626882513 481743884 0  
  1626882514 481743884 0  
  1626882515 481743884 0  
  1626882516 481743884 0  
  1626882517 481743884 0  
  1626882518 481743884 0  
  1626882519 481743884 0  
  1626882520 481743884 0  
  1626882521 481743884 0  
  1626882522 481743976 0  
  1626882523 481743976 0  
  1626882524 481743976 0  
  1626882525 481743976 0  
  1626882526 481743976 0  
  1626882527 481744068 0  
  1626882528 481744068 0  
  1626882529 481744068 0  
  1626882530 481744068 0  
  1626882531 481744068 0  
  1626882532 481744068 0  
  1626882533 481744068 0  
  1626882534 481744068 0  
  1626882535 481744068 0  
  1626882536 481744068 0  
  1626882537 481744068 0  
  1626882538 481744068 0  
  1626882539 481744068 0  
  1626882541 481744068 0  
  1626882542 481744068 0  
  1626882543 481744068 0  
  1626882544 481744068 0  
  1626882545 481744068 0  
  1626882546 481744068 0  
  1626882547 481744068 0  
  1626882548 481744068 0  
  1626882549 481744068 0  
  1626882550 481744068 0  
 