 1627028745 508557618 0  
  1627028746 508561927 0  
  1627028747 508562251 0  
  1627028748 508566884 0  
  1627028749 508567592 0  
  1627028750 508568300 0  
  1627028751 508568300 0  
  1627028752 508568300 0  
  1627028753 508572933 0  
  1627028754 508572933 0  
  1627028755 508578274 0  
  1627028756 508578274 0  
  1627028757 508578982 0  
  1627028758 508578982 0  
  1627028759 508578982 0  
  1627028760 508578982 0  
  1627028761 508578982 0  
  1627028762 508578982 0  
  1627028763 508578982 0  
  1627028764 508578982 0  
  1627028765 508578982 0  
  1627028766 508578982 0  
  1627028767 508578982 0  
  1627028768 508578982 0  
  1627028769 508578982 0  
  1627028770 508580577 0  
  1627028771 508580577 0  
  1627028772 508580577 0  
  1627028774 508580577 0  
  1627028775 508580577 0  
  1627028776 508580577 0  
  1627028777 508580577 0  
  1627028778 508580577 0  
  1627028779 508580577 0  
  1627028780 508580577 0  
  1627028781 508580577 0  
  1627028782 508580577 0  
  1627028783 508580577 0  
  1627028784 508580577 0  
  1627028785 508580577 0  
  1627028786 508580577 0  
  1627028787 508580577 0  
  1627028788 508580577 0  
  1627028789 508580577 0  
  1627028790 508580577 0  
  1627028791 508580577 0  
  1627028792 508580915 0  
  1627028793 508580915 0  
  1627028794 508580915 0  
  1627028795 508580915 0  
  1627028796 508580915 0  
  1627028797 508580915 0  
  1627028798 508580915 0  
  1627028799 508580915 0  
  1627028800 508580915 0  
  1627028801 508580915 0  
  1627028802 508580915 0  
  1627028803 508580915 0  
  1627028804 508580915 0  
  1627028805 508580915 0  
  1627028806 508580915 0  
  1627028807 508580915 0  
  1627028808 508580915 0  
  1627028809 508580915 0  
  1627028810 508580915 0  
  1627028811 508580915 0  
  1627028813 508580915 0  
  1627028814 508580915 0  
  1627028815 508580915 0  
  1627028816 508580915 0  
  1627028817 508580915 0  
  1627028818 508580915 0  
  1627028819 508580915 0  
  1627028820 508580915 0  
  1627028821 508580915 0  
  1627028822 508580915 0  
  1627028823 508580915 0  
  1627028824 508580915 0  
  1627028825 508580915 0  
  1627028826 508580915 0  
  1627028827 508580915 0  
  1627028828 508580915 0  
  1627028829 508580915 0  
  1627028830 508580915 0  
  1627028831 508580915 0  
  1627028832 508580915 0  
  1627028833 508580915 0  
  1627028834 508580915 0  
  1627028835 508580915 0  
  1627028836 508580915 0  
  1627028837 508580915 0  
  1627028838 508580915 0  
  1627028839 508580915 0  
  1627028840 508580915 0  
  1627028841 508580915 0  
  1627028842 508580915 0  
  1627028843 508580915 0  
  1627028844 508580915 0  
  1627028845 508580915 0  
  1627028846 508580915 0  
  1627028847 508580915 0  
  1627028848 508580915 0  
  1627028849 508580915 0  
  1627028850 508580915 0  
  1627028852 508580915 0  
  1627028853 508580915 0  
  1627028854 508580915 0  
  1627028855 508580915 0  
  1627028856 508580915 0  
  1627028857 508580915 0  
  1627028858 508580915 0  
  1627028859 508580915 0  
  1627028860 508580915 0  
  1627028861 508580915 0  
  1627028862 508580915 0  
  1627028863 508580915 0  
  1627028864 508580915 0  
  1627028865 508580915 0  
  1627028866 508580915 0  
  1627028867 508580915 0  
  1627028868 508580915 0  
  1627028869 508580915 0  
  1627028870 508580915 0  
  1627028871 508580915 0  
  1627028872 508580915 0  
  1627028873 508580915 0  
  1627028874 508580915 0  
  1627028875 508580915 0  
  1627028876 508580915 0  
  1627028877 508580915 0  
  1627028878 508580915 0  
  1627028879 508580915 0  
  1627028880 508580915 0  
  1627028881 508580915 0  
  1627028882 508580915 0  
  1627028883 508580915 0  
  1627028884 508580915 0  
  1627028885 508580915 0  
  1627028886 508580915 0  
  1627028887 508580915 0  
  1627028888 508580915 0  
  1627028889 508580915 0  
  1627028890 508580915 0  
  1627028892 508580915 0  
  1627028893 508580915 0  
  1627028894 508580915 0  
  1627028895 508580915 0  
  1627028896 508580915 0  
  1627028897 508580915 0  
  1627028898 508580915 0  
  1627028899 508580915 0  
  1627028900 508580915 0  
  1627028901 508580915 0  
  1627028902 508580915 0  
  1627028903 508580915 0  
  1627028904 508580915 0  
  1627028905 508580915 0  
  1627028906 508580915 0  
  1627028907 508580915 0  
  1627028908 508580915 0  
  1627028909 508580915 0  
  1627028910 508580915 0  
  1627028911 508580915 0  
  1627028912 508580915 0  
  1627028913 508580915 0  
  1627028914 508580915 0  
  1627028915 508580915 0  
  1627028916 508580915 0  
  1627028917 508580915 0  
  1627028918 508580915 0  
  1627028919 508580915 0  
  1627028920 508580915 0  
  1627028921 508580915 0  
  1627028922 508580915 0  
  1627028923 508580915 0  
  1627028924 508580915 0  
  1627028925 508580915 0  
  1627028926 508580915 0  
  1627028927 508580915 0  
  1627028928 508580915 0  
  1627028929 508580915 0  
  1627028930 508580915 0  
  1627028932 508580915 0  
  1627028933 508580915 0  
  1627028934 508580915 0  
  1627028935 508580915 0  
  1627028936 508580915 0  
  1627028937 508580915 0  
  1627028938 508585224 0  
  1627028939 508585548 0  
  1627028940 508586256 0  
  1627028941 508586256 0  
  1627028942 508586256 0  
  1627028943 508586256 0  
  1627028944 508586256 0  
  1627028945 508586256 0  
  1627028946 508586256 0  
  1627028947 508586256 0  
  1627028948 508586256 0  
  1627028949 508586256 0  
  1627028950 508586256 0  
  1627028951 508586256 0  
  1627028952 508586256 0  
  1627028953 508586256 0  
  1627028954 508586256 0  
  1627028955 508586256 0  
  1627028956 508586256 0  
  1627028957 508586256 0  
  1627028958 508586256 0  
  1627028959 508586256 0  
  1627028960 508586256 0  
  1627028961 508586256 0  
  1627028962 508586256 0  
  1627028963 508586256 0  
  1627028964 508586256 0  
  1627028965 508586256 0  
  1627028966 508586256 0  
  1627028967 508586256 0  
  1627028968 508586256 0  
  1627028969 508586256 0  
  1627028970 508586852 0  
  1627028972 508586852 0  
  1627028973 508586852 0  
  1627028974 508586852 0  
  1627028975 508586852 0  
  1627028976 508586852 0  
  1627028977 508586852 0  
  1627028978 508586852 0  
  1627028979 508586852 0  
  1627028980 508586852 0  
  1627028981 508586852 0  
  1627028982 508586852 0  
  1627028983 508586852 0  
  1627028984 508586852 0  
  1627028985 508586852 0  
  1627028986 508586852 0  
  1627028987 508586852 0  
  1627028988 508586852 0  
  1627028989 508586852 0  
  1627028990 508586852 0  
  1627028991 508586852 0  
  1627028992 508586852 0  
  1627028993 508586852 0  
  1627028994 508586852 0  
  1627028995 508586852 0  
  1627028996 508586852 0  
  1627028997 508586852 0  
  1627028998 508586852 0  
  1627028999 508586852 0  
  1627029000 508586852 0  
  1627029001 508586852 0  
  1627029002 508586852 0  
  1627029003 508586852 0  
  1627029004 508586852 0  
  1627029005 508586852 0  
  1627029006 508586852 0  
  1627029007 508586852 0  
  1627029008 508586852 0  
  1627029009 508586852 0  
  1627029011 508586852 0  
  1627029012 508586852 0  
  1627029013 508586852 0  
  1627029014 508586852 0  
  1627029015 508586852 0  
  1627029016 508586852 0  
  1627029017 508586852 0  
  1627029018 508586852 0  
  1627029019 508586852 0  
  1627029020 508586852 0  
  1627029021 508586852 0  
  1627029022 508586852 0  
  1627029023 508586852 0  
  1627029024 508586852 0  
  1627029025 508586852 0  
  1627029026 508586852 0  
  1627029027 508586852 0  
  1627029028 508586852 0  
  1627029029 508586852 0  
  1627029030 508586852 0  
  1627029031 508586852 0  
  1627029032 508586852 0  
  1627029033 508586852 0  
  1627029034 508586852 0  
  1627029035 508586852 0  
  1627029036 508586852 0  
  1627029037 508586852 0  
  1627029038 508586852 0  
  1627029039 508586852 0  
  1627029040 508587209 0  
  1627029041 508587209 0  
  1627029042 508587209 0  
  1627029043 508587209 0  
  1627029044 508587209 0  
  1627029045 508591518 0  
  1627029046 508591842 0  
  1627029047 508597183 0  
  1627029048 508597183 0  
  1627029050 508597891 0  
  1627029051 508597891 0  
  1627029052 508597891 0  
  1627029053 508600788 0  
  1627029054 508602524 0  
  1627029055 508603376 0  
  1627029056 508607865 0  
  1627029057 508608437 0  
  1627029058 508608437 0  
  1627029059 508608437 0  
  1627029060 508608437 0  
  1627029061 508608437 0  
  1627029062 508608437 0  
  1627029063 508608437 0  
  1627029064 508608437 0  
  1627029065 508611334 0  
  1627029066 508613290 0  
  1627029067 508613794 0  
 