 1626773489 457747636 0  
  1626773490 457747636 0  
  1626773491 457747636 0  
  1626773492 457747636 0  
  1626773493 457747636 0  
  1626773494 457747636 0  
  1626773495 457747636 0  
  1626773496 457747636 0  
  1626773498 457747636 0  
  1626773499 457747636 0  
  1626773500 457747636 0  
  1626773501 457747636 0  
  1626773502 457747636 0  
  1626773503 457747636 0  
  1626773504 457747636 0  
  1626773505 457747636 0  
  1626773506 457747636 0  
  1626773507 457747636 0  
  1626773508 457747636 0  
  1626773509 457747636 0  
  1626773510 457747636 0  
  1626773511 457747636 0  
  1626773512 457747636 0  
  1626773513 457747636 0  
  1626773514 457747636 0  
  1626773515 457747636 0  
  1626773516 457747636 0  
  1626773517 457747636 0  
  1626773518 457747636 0  
  1626773519 457747636 0  
  1626773520 457747636 0  
  1626773521 457747636 0  
  1626773522 457747636 0  
  1626773523 457747636 0  
  1626773524 457747636 0  
  1626773525 457747636 0  
  1626773526 457747636 0  
  1626773527 457747636 0  
  1626773528 457747636 0  
  1626773529 457747636 0  
  1626773530 457747636 0  
  1626773531 457747636 0  
  1626773532 457747636 0  
  1626773533 457747636 0  
  1626773534 457747636 0  
  1626773535 457747636 0  
  1626773537 457747636 0  
  1626773538 457747636 0  
  1626773539 457747636 0  
  1626773540 457747636 0  
  1626773541 457747636 0  
  1626773542 457747636 0  
  1626773543 457747728 0  
  1626773544 457747728 0  
  1626773545 457747820 0  
  1626773546 457747820 0  
  1626773547 457747820 0  
  1626773548 457747820 0  
  1626773549 457747820 0  
  1626773550 457747820 0  
  1626773551 457747820 0  
  1626773552 457747820 0  
  1626773553 457747820 0  
  1626773554 457747820 0  
  1626773555 457747820 0  
  1626773556 457747820 0  
  1626773557 457747820 0  
  1626773558 457747820 0  
  1626773559 457747820 0  
  1626773560 457747820 0  
  1626773561 457747820 0  
  1626773562 457747820 0  
  1626773563 457747820 0  
  1626773564 457747820 0  
  1626773565 457747820 0  
  1626773566 457747820 0  
  1626773567 457747820 0  
  1626773568 457747820 0  
  1626773569 457747820 0  
  1626773570 457747820 0  
  1626773571 457747820 0  
  1626773572 457752129 0  
  1626773573 457752453 0  
  1626773574 457752453 0  
  1626773575 457753161 0  
  1626773577 457753161 0  
  1626773578 457753161 0  
  1626773579 457753161 0  
  1626773580 457753161 0  
  1626773581 457753161 0  
  1626773582 457753161 0  
  1626773583 457753161 0  
  1626773584 457753161 0  
  1626773585 457753161 0  
  1626773586 457753161 0  
  1626773587 457753161 0  
  1626773588 457753161 0  
  1626773589 457753161 0  
  1626773590 457753161 0  
  1626773591 457753161 0  
  1626773592 457753161 0  
  1626773593 457753161 0  
  1626773594 457753161 0  
  1626773595 457753161 0  
  1626773596 457753161 0  
  1626773597 457753161 0  
  1626773598 457753161 0  
  1626773599 457753161 0  
  1626773600 457753161 0  
  1626773601 457753161 0  
  1626773602 457753161 0  
  1626773603 457753161 0  
  1626773604 457753161 0  
  1626773605 457753161 0  
  1626773606 457753253 0  
  1626773607 457753253 0  
  1626773608 457753253 0  
  1626773609 457753345 0  
  1626773610 457753345 0  
  1626773611 457753345 0  
  1626773612 457753345 0  
  1626773613 457753345 0  
  1626773614 457753345 0  
  1626773615 457753345 0  
  1626773617 457753345 0  
  1626773618 457753345 0  
  1626773619 457753345 0  
  1626773620 457753345 0  
  1626773621 457753345 0  
  1626773622 457753345 0  
  1626773623 457753345 0  
  1626773624 457753345 0  
  1626773625 457753345 0  
  1626773626 457753345 0  
  1626773627 457753345 0  
  1626773628 457753345 0  
  1626773629 457753345 0  
  1626773630 457753345 0  
  1626773631 457753345 0  
  1626773632 457753345 0  
  1626773633 457753345 0  
  1626773634 457753345 0  
  1626773635 457753345 0  
  1626773636 457753345 0  
  1626773637 457753345 0  
  1626773638 457753345 0  
  1626773639 457753345 0  
  1626773640 457753345 0  
  1626773641 457753345 0  
  1626773642 457753345 0  
  1626773643 457753345 0  
  1626773644 457753345 0  
  1626773645 457753345 0  
  1626773646 457753345 0  
  1626773647 457753345 0  
  1626773648 457753345 0  
  1626773649 457753345 0  
  1626773650 457753345 0  
  1626773651 457753345 0  
  1626773652 457753345 0  
  1626773653 457753345 0  
  1626773654 457753345 0  
  1626773656 457753345 0  
  1626773657 457753345 0  
  1626773658 457753345 0  
  1626773659 457753345 0  
  1626773660 457753345 0  
  1626773661 457753345 0  
  1626773662 457753345 0  
  1626773663 457753345 0  
  1626773664 457753345 0  
  1626773665 457753941 0  
  1626773666 457753941 0  
  1626773667 457753941 0  
  1626773668 457753941 0  
  1626773669 457753941 0  
  1626773670 457753941 0  
  1626773671 457754033 0  
  1626773672 457754033 0  
  1626773673 457754033 0  
  1626773674 457754033 0  
  1626773675 457754125 0  
  1626773676 457754125 0  
  1626773677 457754125 0  
  1626773678 457754125 0  
  1626773679 457754125 0  
  1626773680 457754125 0  
  1626773681 457754125 0  
  1626773682 457754125 0  
  1626773683 457754125 0  
  1626773684 457754125 0  
  1626773685 457754125 0  
  1626773686 457754125 0  
  1626773687 457754125 0  
  1626773688 457754125 0  
  1626773689 457754125 0  
  1626773690 457754125 0  
  1626773691 457754125 0  
  1626773692 457754125 0  
  1626773693 457754125 0  
  1626773694 457754125 0  
  1626773696 457754125 0  
  1626773697 457754125 0  
  1626773698 457754125 0  
  1626773699 457754125 0  
  1626773700 457754125 0  
  1626773701 457754125 0  
  1626773702 457754125 0  
  1626773703 457754125 0  
  1626773704 457754125 0  
  1626773705 457754125 0  
  1626773706 457754125 0  
  1626773707 457754125 0  
  1626773708 457754125 0  
  1626773709 457758434 0  
  1626773710 457758758 0  
  1626773711 457759466 0  
  1626773712 457759466 0  
  1626773713 457759466 0  
  1626773714 457759466 0  
  1626773715 457759466 0  
  1626773716 457759466 0  
  1626773717 457759466 0  
  1626773718 457759466 0  
  1626773719 457759466 0  
  1626773720 457759466 0  
  1626773721 457759466 0  
  1626773722 457759466 0  
  1626773723 457768084 0  
  1626773724 457773297 0  
  1626773725 457774781 0  
  1626773726 457775489 0  
  1626773727 457775489 0  
  1626773728 457775489 0  
  1626773729 457775489 0  
  1626773730 457775489 0  
  1626773731 457775489 0  
  1626773732 457775489 0  
  1626773733 457775489 0  
  1626773734 457775489 0  
  1626773736 457775489 0  
  1626773737 457775581 0  
  1626773738 457775581 0  
  1626773739 457775581 0  
  1626773740 457775673 0  
  1626773741 457775673 0  
  1626773742 457775673 0  
  1626773743 457776030 0  
  1626773744 457776030 0  
  1626773745 457776030 0  
  1626773746 457776030 0  
  1626773747 457776030 0  
  1626773748 457776030 0  
  1626773749 457776030 0  
  1626773750 457776030 0  
  1626773751 457776030 0  
  1626773752 457776030 0  
  1626773753 457776030 0  
  1626773754 457776030 0  
  1626773755 457776030 0  
  1626773756 457776030 0  
  1626773757 457776030 0  
  1626773758 457776030 0  
  1626773759 457776030 0  
  1626773760 457776030 0  
  1626773761 457776030 0  
  1626773762 457776030 0  
  1626773763 457776030 0  
  1626773764 457776030 0  
  1626773765 457776030 0  
  1626773766 457776030 0  
  1626773767 457776030 0  
  1626773768 457776030 0  
  1626773769 457776030 0  
  1626773770 457776030 0  
  1626773771 457776030 0  
  1626773772 457776030 0  
  1626773773 457776030 0  
  1626773774 457776030 0  
  1626773776 457776030 0  
  1626773777 457776030 0  
  1626773778 457776030 0  
  1626773779 457776030 0  
  1626773780 457776030 0  
  1626773781 457776030 0  
  1626773782 457776030 0  
  1626773783 457776030 0  
  1626773784 457776030 0  
  1626773785 457776030 0  
  1626773786 457776030 0  
  1626773787 457776030 0  
  1626773788 457776030 0  
  1626773789 457776030 0  
  1626773790 457776030 0  
  1626773791 457776030 0  
  1626773792 457776030 0  
  1626773793 457776030 0  
  1626773794 457776030 0  
  1626773795 457776030 0  
  1626773796 457776030 0  
  1626773797 457776030 0  
  1626773798 457776030 0  
  1626773799 457776030 0  
  1626773800 457776030 0  
  1626773801 457776030 0  
  1626773802 457776030 0  
  1626773803 457776030 0  
  1626773804 457776122 0  
  1626773805 457776122 0  
  1626773806 457776122 0  
  1626773807 457776122 0  
  1626773808 457776122 0  
  1626773809 457776122 0  
  1626773810 457776122 0  
  1626773811 457776122 0  
  1626773812 457776122 0  
  1626773813 457776122 0  
  1626773815 457776122 0  
  1626773816 457776122 0  
  1626773817 457776122 0  
  1626773818 457776122 0  
  1626773819 457776122 0  
  1626773820 457776122 0  
  1626773821 457776122 0  
  1626773822 457776122 0  
  1626773823 457776122 0  
  1626773824 457776122 0  
  1626773825 457776122 0  
  1626773826 457776122 0  
  1626773827 457776122 0  
  1626773828 457776122 0  
  1626773829 457776122 0  
  1626773830 457776122 0  
  1626773831 457776122 0  
  1626773832 457776122 0  
  1626773833 457776122 0  
  1626773834 457776122 0  
  1626773835 457776122 0  
  1626773836 457776122 0  
  1626773837 457776122 0  
  1626773838 457776122 0  
  1626773839 457776122 0  
  1626773840 457776122 0  
  1626773841 457776122 0  
  1626773842 457776122 0  
  1626773843 457776122 0  
  1626773844 457776122 0  
  1626773845 457776122 0  
  1626773846 457776122 0  
  1626773847 457776122 0  
  1626773848 457776122 0  
  1626773849 457776122 0  
  1626773850 457776122 0  
  1626773851 457776122 0  
  1626773852 457776122 0  
  1626773853 457776122 0  
  1626773854 457776122 0  
  1626773856 457776122 0  
  1626773857 457776122 0  
  1626773858 457776122 0  
  1626773859 457776122 0  
  1626773860 457776122 0  
  1626773861 457776122 0  
  1626773862 457776122 0  
  1626773863 457776122 0  
  1626773864 457776122 0  
  1626773865 457776214 0  
  1626773866 457776878 0  
  1626773867 457776878 0  
  1626773868 457776878 0  
  1626773869 457776970 0  
  1626773870 457776970 0  
  1626773871 457776970 0  
  1626773872 457781535 0  
  1626773873 457781603 0  
  1626773874 457782311 0  
  1626773875 457782311 0  
  1626773876 457782311 0  
  1626773877 457782311 0  
  1626773878 457782311 0  
  1626773879 457782311 0  
  1626773880 457782311 0  
  1626773881 457782311 0  
  1626773882 457782311 0  
  1626773883 457782311 0  
  1626773884 457782311 0  
  1626773885 457782311 0  
  1626773886 457782311 0  
  1626773887 457782311 0  
  1626773888 457782311 0  
  1626773889 457782311 0  
  1626773890 457782311 0  
  1626773891 457782311 0  
  1626773892 457782311 0  
  1626773893 457782311 0  
  1626773894 457782311 0  
  1626773896 457782311 0  
  1626773897 457782311 0  
  1626773898 457782311 0  
  1626773899 457782311 0  
  1626773900 457782311 0  
  1626773901 457782311 0  
  1626773902 457782311 0  
  1626773903 457782311 0  
  1626773904 457782311 0  
  1626773905 457782311 0  
  1626773906 457782311 0  
  1626773907 457782311 0  
  1626773908 457782311 0  
  1626773909 457782311 0  
  1626773910 457782311 0  
  1626773911 457782311 0  
  1626773912 457782311 0  
  1626773913 457782311 0  
  1626773914 457782311 0  
  1626773915 457782311 0  
  1626773916 457782311 0  
  1626773917 457782311 0  
  1626773918 457782311 0  
  1626773919 457782311 0  
  1626773920 457782311 0  
  1626773921 457782311 0  
  1626773922 457782311 0  
  1626773923 457782311 0  
  1626773924 457782311 0  
  1626773925 457782311 0  
  1626773926 457782311 0  
  1626773927 457782311 0  
  1626773928 457782311 0  
  1626773929 457782311 0  
  1626773930 457782311 0  
  1626773931 457782311 0  
  1626773932 457782311 0  
  1626773933 457782403 0  
  1626773934 457782403 0  
  1626773936 457782403 0  
  1626773937 457782403 0  
  1626773938 457782403 0  
  1626773939 457782403 0  
  1626773940 457782403 0  
  1626773941 457782403 0  
  1626773942 457782403 0  
  1626773943 457782403 0  
  1626773944 457782403 0  
  1626773945 457782403 0  
  1626773946 457782403 0  
  1626773947 457782403 0  
  1626773948 457782403 0  
  1626773949 457782403 0  
  1626773950 457782403 0  
  1626773951 457782403 0  
  1626773952 457782403 0  
  1626773953 457782403 0  
  1626773954 457782403 0  
  1626773955 457782403 0  
  1626773956 457782403 0  
  1626773957 457782403 0  
  1626773958 457782403 0  
  1626773959 457782403 0  
  1626773960 457782403 0  
  1626773961 457782403 0  
  1626773962 457782403 0  
  1626773963 457782403 0  
  1626773964 457782403 0  
  1626773965 457782403 0  
  1626773966 457782403 0  
  1626773967 457782403 0  
  1626773968 457782403 0  
  1626773969 457782403 0  
  1626773970 457782403 0  
  1626773971 457782403 0  
  1626773972 457782403 0  
  1626773973 457782403 0  
  1626773974 457782403 0  
  1626773976 457782403 0  
  1626773977 457782403 0  
  1626773978 457782403 0  
  1626773979 457782403 0  
  1626773980 457782403 0  
  1626773981 457782403 0  
  1626773982 457782403 0  
  1626773983 457782403 0  
  1626773984 457782403 0  
  1626773985 457782403 0  
  1626773986 457782403 0  
  1626773987 457782403 0  
  1626773988 457782403 0  
  1626773989 457782403 0  
  1626773990 457782403 0  
  1626773991 457782403 0  
  1626773992 457782403 0  
  1626773993 457782403 0  
  1626773994 457782495 0  
  1626773995 457782495 0  
  1626773996 457782495 0  
  1626773997 457782495 0  
  1626773998 457782587 0  
  1626773999 457782587 0  
  1626774000 457782587 0  
  1626774001 457782587 0  
  1626774002 457782587 0  
  1626774003 457782587 0  
  1626774004 457782587 0  
  1626774005 457782587 0  
  1626774006 457782587 0  
  1626774007 457782587 0  
  1626774008 457785484 0  
  1626774009 457787220 0  
  1626774010 457787220 0  
  1626774011 457787860 0  
  1626774012 457787860 0  
  1626774013 457787860 0  
  1626774014 457787860 0  
  1626774016 457787860 0  
  1626774017 457787860 0  
  1626774018 457787860 0  
  1626774019 457787860 0  
  1626774020 457787860 0  
  1626774021 457787860 0  
  1626774022 457787860 0  
  1626774023 457792169 0  
  1626774024 457797126 0  
  1626774025 457801759 0  
  1626774026 457803175 0  
  1626774027 457803815 0  
  1626774028 457803815 0  
  1626774029 457803815 0  
  1626774030 457803815 0  
  1626774031 457803815 0  
  1626774032 457803815 0  
  1626774033 457803815 0  
  1626774034 457803815 0  
  1626774035 457803815 0  
  1626774036 457803815 0  
  1626774037 457803815 0  
  1626774038 457803815 0  
  1626774039 457803815 0  
  1626774040 457803815 0  
  1626774041 457803815 0  
  1626774042 457803815 0  
  1626774043 457804172 0  
  1626774044 457804172 0  
  1626774045 457804172 0  
  1626774046 457804172 0  
  1626774047 457804172 0  
  1626774048 457804172 0  
  1626774049 457804172 0  
  1626774050 457804172 0  
  1626774051 457804172 0  
  1626774052 457804172 0  
  1626774053 457804172 0  
  1626774054 457804172 0  
  1626774056 457804172 0  
  1626774057 457804172 0  
  1626774058 457804172 0  
  1626774059 457804172 0  
  1626774060 457804172 0  
  1626774061 457804172 0  
  1626774062 457804172 0  
  1626774063 457804172 0  
  1626774064 457804264 0  
  1626774065 457804264 0  
  1626774066 457804860 0  
  1626774067 457804860 0  
  1626774068 457804860 0  
  1626774069 457804860 0  
  1626774070 457804860 0  
  1626774071 457804860 0  
  1626774072 457804860 0  
  1626774073 457804860 0  
  1626774074 457804860 0  
  1626774075 457804860 0  
  1626774076 457804860 0  
  1626774077 457804860 0  
  1626774078 457804860 0  
  1626774079 457804860 0  
  1626774080 457804860 0  
  1626774081 457804860 0  
  1626774082 457804860 0  
  1626774083 457804860 0  
  1626774084 457804860 0  
  1626774085 457804860 0  
  1626774086 457804860 0  
  1626774087 457804860 0  
  1626774088 457804860 0  
  1626774089 457804860 0  
  1626774090 457804860 0  
  1626774091 457804860 0  
  1626774092 457804860 0  
  1626774093 457804860 0  
  1626774094 457804860 0  
  1626774096 457804860 0  
  1626774097 457804860 0  
  1626774098 457804860 0  
  1626774099 457804860 0  
  1626774100 457804860 0  
  1626774101 457804860 0  
  1626774102 457804860 0  
  1626774103 457804860 0  
  1626774104 457804860 0  
  1626774105 457804860 0  
  1626774106 457804860 0  
  1626774107 457804860 0  
  1626774108 457804860 0  
  1626774109 457804860 0  
  1626774110 457804860 0  
  1626774111 457804860 0  
  1626774112 457804860 0  
  1626774113 457804860 0  
  1626774114 457804860 0  
  1626774115 457804860 0  
  1626774116 457804860 0  
  1626774117 457804860 0  
  1626774118 457804860 0  
  1626774119 457804860 0  
  1626774120 457804860 0  
  1626774121 457804860 0  
  1626774122 457804860 0  
  1626774123 457804952 0  
 