 1627022685 502056762 0  
  1627022686 502056762 0  
  1627022687 502056762 0  
  1627022688 502056762 0  
  1627022689 502056762 0  
  1627022690 502056762 0  
  1627022691 502056762 0  
  1627022692 502056762 0  
  1627022693 502056762 0  
  1627022694 502056762 0  
  1627022695 502056762 0  
  1627022696 502056762 0  
  1627022697 502056762 0  
  1627022698 502056762 0  
  1627022699 502056762 0  
  1627022700 502056762 0  
  1627022701 502056762 0  
  1627022702 502056762 0  
  1627022703 502056762 0  
  1627022704 502056762 0  
  1627022705 502056762 0  
  1627022706 502056762 0  
  1627022707 502056762 0  
  1627022708 502056762 0  
  1627022709 502056762 0  
  1627022710 502056762 0  
  1627022711 502056762 0  
  1627022712 502056762 0  
  1627022713 502056762 0  
  1627022714 502056762 0  
  1627022716 502056762 0  
  1627022717 502056762 0  
  1627022718 502056762 0  
  1627022719 502056762 0  
  1627022720 502056762 0  
  1627022721 502056762 0  
  1627022722 502056762 0  
  1627022723 502056762 0  
  1627022724 502056762 0  
  1627022725 502056762 0  
  1627022726 502056762 0  
  1627022727 502056762 0  
  1627022728 502056762 0  
  1627022729 502056762 0  
  1627022730 502056762 0  
  1627022731 502056762 0  
  1627022732 502056762 0  
  1627022733 502056762 0  
  1627022734 502056762 0  
  1627022735 502056762 0  
  1627022736 502056762 0  
  1627022737 502056762 0  
  1627022738 502056762 0  
  1627022739 502056762 0  
  1627022740 502056762 0  
  1627022741 502056762 0  
  1627022742 502056762 0  
  1627022743 502057119 0  
  1627022744 502057119 0  
  1627022745 502061428 0  
  1627022746 502061752 0  
  1627022747 502066385 0  
  1627022748 502067093 0  
  1627022749 502067801 0  
  1627022750 502067801 0  
  1627022751 502067801 0  
  1627022752 502067801 0  
  1627022753 502074311 0  
  1627022755 502077067 0  
  1627022756 502078483 0  
  1627022757 502078483 0  
  1627022758 502078483 0  
  1627022759 502078483 0  
  1627022760 502078483 0  
  1627022761 502078483 0  
  1627022762 502078483 0  
  1627022763 502078483 0  
  1627022764 502078483 0  
  1627022765 502078483 0  
  1627022766 502078483 0  
  1627022767 502078483 0  
  1627022768 502078483 0  
  1627022769 502078483 0  
  1627022770 502080078 0  
  1627022771 502080078 0  
  1627022772 502080078 0  
  1627022773 502080078 0  
  1627022774 502080078 0  
  1627022775 502080078 0  
  1627022776 502080078 0  
  1627022777 502080078 0  
  1627022778 502080078 0  
  1627022779 502080078 0  
  1627022780 502080078 0  
  1627022781 502080078 0  
  1627022782 502080078 0  
  1627022783 502080078 0  
  1627022784 502080078 0  
  1627022785 502080078 0  
  1627022786 502080078 0  
  1627022787 502080078 0  
  1627022788 502080078 0  
  1627022789 502080078 0  
  1627022790 502080078 0  
  1627022791 502080078 0  
  1627022792 502080078 0  
  1627022794 502080078 0  
  1627022795 502080078 0  
  1627022796 502080078 0  
  1627022797 502080078 0  
  1627022798 502080078 0  
  1627022799 502080078 0  
  1627022800 502080078 0  
  1627022801 502080078 0  
  1627022802 502080078 0  
  1627022803 502080078 0  
  1627022804 502080078 0  
  1627022805 502080078 0  
  1627022806 502080078 0  
  1627022807 502080078 0  
  1627022808 502080170 0  
  1627022809 502080262 0  
  1627022810 502080262 0  
  1627022811 502080262 0  
  1627022812 502080262 0  
  1627022813 502080262 0  
  1627022814 502080262 0  
  1627022815 502080262 0  
  1627022816 502080262 0  
  1627022817 502080262 0  
  1627022818 502080262 0  
  1627022819 502080262 0  
  1627022820 502080262 0  
  1627022821 502080262 0  
  1627022822 502080262 0  
  1627022823 502080262 0  
  1627022824 502080262 0  
  1627022825 502080262 0  
  1627022826 502080262 0  
  1627022827 502080262 0  
  1627022828 502080262 0  
  1627022829 502080262 0  
  1627022830 502080262 0  
  1627022831 502080262 0  
  1627022833 502080262 0  
  1627022834 502080262 0  
  1627022835 502080262 0  
  1627022836 502080262 0  
  1627022837 502080262 0  
  1627022838 502080262 0  
  1627022839 502080262 0  
  1627022840 502080262 0  
  1627022841 502080262 0  
  1627022842 502080262 0  
  1627022843 502080262 0  
  1627022844 502080262 0  
  1627022845 502080262 0  
  1627022846 502080262 0  
  1627022847 502080262 0  
  1627022848 502080262 0  
  1627022849 502080262 0  
  1627022850 502080262 0  
  1627022851 502080262 0  
  1627022852 502080262 0  
  1627022853 502080262 0  
  1627022854 502080262 0  
  1627022855 502080262 0  
  1627022856 502080262 0  
  1627022857 502080262 0  
  1627022858 502080262 0  
  1627022859 502080262 0  
  1627022860 502080262 0  
  1627022861 502080262 0  
  1627022862 502080262 0  
  1627022863 502080262 0  
  1627022864 502080262 0  
  1627022865 502080262 0  
  1627022866 502080262 0  
  1627022867 502080262 0  
  1627022868 502080262 0  
  1627022869 502080262 0  
  1627022870 502080262 0  
  1627022872 502080262 0  
  1627022873 502080262 0  
  1627022874 502080262 0  
  1627022875 502080262 0  
  1627022876 502080262 0  
  1627022877 502080262 0  
  1627022878 502080262 0  
  1627022879 502080262 0  
  1627022880 502080262 0  
  1627022881 502080262 0  
  1627022882 502080262 0  
  1627022883 502080262 0  
  1627022884 502080262 0  
  1627022885 502080262 0  
  1627022886 502080262 0  
  1627022887 502080262 0  
  1627022888 502080262 0  
  1627022889 502080262 0  
  1627022890 502080262 0  
  1627022891 502080262 0  
  1627022892 502080262 0  
  1627022893 502080262 0  
  1627022894 502080262 0  
  1627022895 502080262 0  
  1627022896 502080262 0  
  1627022897 502080262 0  
  1627022898 502080262 0  
  1627022899 502080262 0  
  1627022900 502080262 0  
  1627022901 502080262 0  
  1627022902 502080262 0  
  1627022903 502080262 0  
  1627022904 502080262 0  
  1627022905 502080262 0  
  1627022906 502080262 0  
  1627022907 502080262 0  
  1627022908 502080262 0  
  1627022910 502080262 0  
  1627022911 502080262 0  
  1627022912 502080262 0  
  1627022913 502080262 0  
  1627022914 502080262 0  
  1627022915 502080262 0  
  1627022916 502080262 0  
  1627022917 502080262 0  
  1627022918 502080262 0  
  1627022919 502080262 0  
  1627022920 502080262 0  
  1627022921 502080262 0  
  1627022922 502084895 0  
  1627022923 502084895 0  
  1627022924 502085603 0  
  1627022925 502085603 0  
  1627022926 502085603 0  
  1627022927 502085603 0  
  1627022928 502085603 0  
  1627022929 502085603 0  
  1627022930 502085603 0  
  1627022931 502085603 0  
  1627022932 502085603 0  
  1627022933 502085603 0  
  1627022934 502085603 0  
  1627022935 502085603 0  
  1627022936 502085603 0  
  1627022937 502085603 0  
  1627022938 502085603 0  
  1627022939 502085603 0  
  1627022940 502085603 0  
  1627022941 502085603 0  
  1627022942 502085603 0  
  1627022943 502085603 0  
  1627022944 502085603 0  
  1627022945 502085603 0  
  1627022946 502085603 0  
  1627022947 502085603 0  
  1627022949 502085603 0  
  1627022950 502085603 0  
  1627022951 502085603 0  
  1627022952 502085603 0  
  1627022953 502085603 0  
  1627022954 502085603 0  
  1627022955 502085603 0  
  1627022956 502085603 0  
  1627022957 502085603 0  
  1627022958 502085603 0  
  1627022959 502085603 0  
  1627022960 502085603 0  
  1627022961 502085603 0  
  1627022962 502085603 0  
  1627022963 502085603 0  
  1627022964 502085603 0  
  1627022965 502085603 0  
  1627022966 502085603 0  
  1627022967 502085603 0  
  1627022968 502085603 0  
  1627022969 502085603 0  
  1627022970 502086193 0  
  1627022971 502086193 0  
  1627022972 502086193 0  
  1627022973 502086193 0  
  1627022974 502086193 0  
  1627022975 502086193 0  
  1627022976 502086193 0  
  1627022977 502086193 0  
  1627022978 502086193 0  
  1627022979 502086193 0  
  1627022980 502086193 0  
  1627022981 502086193 0  
  1627022982 502086193 0  
  1627022983 502086193 0  
  1627022984 502086193 0  
  1627022985 502086193 0  
  1627022986 502086193 0  
  1627022987 502086193 0  
  1627022989 502086193 0  
  1627022990 502086193 0  
  1627022991 502086193 0  
  1627022992 502086193 0  
  1627022993 502086193 0  
  1627022994 502086193 0  
  1627022995 502086193 0  
  1627022996 502086193 0  
  1627022997 502086193 0  
  1627022998 502086193 0  
  1627022999 502086193 0  
  1627023000 502086193 0  
  1627023001 502086193 0  
  1627023002 502086193 0  
  1627023003 502086193 0  
  1627023004 502086193 0  
  1627023005 502086193 0  
  1627023006 502086193 0  
  1627023007 502086193 0  
  1627023008 502086193 0  
  1627023009 502086193 0  
  1627023010 502086193 0  
  1627023011 502086193 0  
  1627023012 502086193 0  
  1627023013 502086193 0  
  1627023014 502086193 0  
  1627023015 502086193 0  
  1627023016 502086193 0  
  1627023017 502086193 0  
  1627023018 502086193 0  
  1627023019 502086193 0  
  1627023020 502086193 0  
  1627023021 502086193 0  
  1627023022 502086193 0  
  1627023023 502086193 0  
  1627023024 502086193 0  
  1627023025 502086193 0  
  1627023026 502086193 0  
  1627023028 502086193 0  
  1627023029 502086193 0  
  1627023030 502086193 0  
  1627023031 502086193 0  
  1627023032 502086193 0  
  1627023033 502086193 0  
  1627023034 502086193 0  
  1627023035 502086193 0  
  1627023036 502086193 0  
  1627023037 502086193 0  
  1627023038 502086193 0  
  1627023039 502086193 0  
  1627023040 502086193 0  
  1627023041 502086193 0  
  1627023042 502086193 0  
  1627023043 502086550 0  
  1627023044 502086550 0  
  1627023045 502090859 0  
  1627023046 502091183 0  
  1627023047 502091327 0  
  1627023048 502096524 0  
  1627023049 502097232 0  
  1627023050 502097232 0  
  1627023051 502097232 0  
  1627023052 502097232 0  
  1627023053 502101865 0  
  1627023054 502106498 0  
  1627023055 502107846 0  
  1627023056 502107846 0  
  1627023057 502107846 0  
  1627023058 502107846 0  
  1627023059 502107846 0  
  1627023060 502107846 0  
  1627023061 502107846 0  
  1627023062 502107846 0  
  1627023063 502107846 0  
  1627023064 502107938 0  
  1627023065 502107938 0  
  1627023067 502107938 0  
  1627023068 502107938 0  
  1627023069 502107938 0  
  1627023070 502107938 0  
  1627023071 502107938 0  
  1627023072 502107938 0  
  1627023073 502107938 0  
  1627023074 502107938 0  
  1627023075 502107938 0  
  1627023076 502107938 0  
  1627023077 502107938 0  
  1627023078 502107938 0  
  1627023079 502107938 0  
  1627023080 502107938 0  
  1627023081 502107938 0  
  1627023082 502107938 0  
  1627023083 502107938 0  
  1627023084 502107938 0  
  1627023085 502107938 0  
  1627023086 502107938 0  
  1627023087 502107938 0  
  1627023088 502107938 0  
  1627023089 502107938 0  
  1627023090 502107938 0  
  1627023091 502107938 0  
  1627023092 502107938 0  
  1627023093 502107938 0  
  1627023094 502107938 0  
  1627023095 502107938 0  
  1627023096 502107938 0  
  1627023097 502107938 0  
  1627023098 502107938 0  
  1627023099 502107938 0  
  1627023100 502107938 0  
  1627023101 502107938 0  
  1627023102 502107938 0  
  1627023103 502107938 0  
  1627023104 502107938 0  
  1627023105 502107938 0  
  1627023107 502107938 0  
  1627023108 502107938 0  
  1627023109 502107938 0  
  1627023110 502107938 0  
  1627023111 502107938 0  
  1627023112 502107938 0  
  1627023113 502107938 0  
  1627023114 502107938 0  
  1627023115 502107938 0  
  1627023116 502107938 0  
  1627023117 502107938 0  
  1627023118 502107938 0  
  1627023119 502107938 0  
  1627023120 502107938 0  
  1627023121 502107938 0  
  1627023122 502107938 0  
  1627023123 502107938 0  
  1627023124 502107938 0  
  1627023125 502107938 0  
  1627023126 502107938 0  
  1627023127 502107938 0  
  1627023128 502107938 0  
  1627023129 502107938 0  
  1627023130 502107938 0  
  1627023131 502107938 0  
  1627023132 502107938 0  
  1627023133 502107938 0  
  1627023134 502107938 0  
  1627023135 502107938 0  
  1627023136 502107938 0  
  1627023137 502107938 0  
  1627023138 502107938 0  
  1627023139 502107938 0  
  1627023140 502107938 0  
  1627023141 502107938 0  
  1627023142 502107938 0  
  1627023143 502107938 0  
  1627023144 502107938 0  
  1627023146 502107938 0  
  1627023147 502107938 0  
  1627023148 502107938 0  
  1627023149 502107938 0  
  1627023150 502107938 0  
  1627023151 502107938 0  
  1627023152 502107938 0  
  1627023153 502107938 0  
  1627023154 502107938 0  
 