 1627418732 559045885 38476  
  1627418733 559045885 38476  
  1627418735 559045885 38476  
  1627418736 559045885 38476  
  1627418737 559046242 38476  
  1627418738 559046242 38476  
  1627418739 559046242 38476  
  1627418740 559046242 38476  
  1627418741 559046242 38476  
  1627418742 559046242 38476  
  1627418743 559046242 38476  
  1627418744 559046242 38476  
  1627418745 559046242 38476  
  1627418746 559046242 38476  
  1627418747 559046242 38476  
  1627418748 559046242 38476  
  1627418749 559046242 38476  
  1627418750 559046242 38476  
  1627418751 559046242 38476  
  1627418752 559046242 38476  
  1627418753 559046242 38476  
  1627418754 559046242 38476  
  1627418755 559046242 38476  
  1627418756 559046242 38476  
  1627418757 559046242 38476  
  1627418758 559046242 38476  
  1627418759 559046242 38476  
  1627418760 559046242 38476  
  1627418761 559046242 38476  
  1627418762 559046242 38476  
  1627418763 559046242 38476  
  1627418764 559046242 38476  
  1627418765 559046242 38476  
  1627418766 559046242 38476  
  1627418767 559046242 38476  
  1627418768 559046242 38476  
  1627418769 559046334 38476  
  1627418770 559046334 38476  
  1627418771 559046334 38476  
  1627418772 559046334 38476  
  1627418774 559046334 38476  
  1627418775 559046334 38476  
  1627418776 559046334 38476  
  1627418777 559046334 38476  
  1627418778 559046334 38476  
  1627418779 559046334 38476  
  1627418780 559046334 38476  
  1627418781 559046334 38476  
  1627418782 559046334 38476  
  1627418783 559046334 38476  
  1627418784 559046334 38476  
  1627418785 559046334 38476  
  1627418786 559046334 38476  
  1627418787 559046334 38476  
  1627418788 559046334 38476  
  1627418789 559046334 38476  
  1627418790 559046334 38476  
  1627418791 559046334 38476  
  1627418792 559046334 38476  
  1627418793 559046334 38476  
  1627418794 559046334 38476  
  1627418795 559046334 38476  
  1627418796 559046334 38476  
  1627418797 559046334 38476  
  1627418798 559046334 38476  
  1627418799 559046334 38476  
  1627418800 559046334 38476  
  1627418801 559046334 38476  
  1627418802 559046334 38476  
  1627418803 559046334 38476  
  1627418804 559046334 38476  
  1627418805 559046334 38476  
  1627418806 559046334 38476  
  1627418807 559046334 38476  
  1627418808 559046334 38476  
  1627418809 559046334 38476  
  1627418810 559046334 38476  
  1627418811 559046334 38476  
  1627418812 559046334 38476  
  1627418814 559046334 38476  
  1627418815 559046334 38476  
  1627418816 559046334 38476  
  1627418817 559046334 38476  
  1627418818 559046334 38476  
  1627418819 559046334 38476  
  1627418820 559046334 38476  
  1627418821 559046334 38476  
  1627418822 559046334 38476  
  1627418823 559048295 38476  
  1627418824 559050967 38476  
  1627418825 559050967 38476  
  1627418826 559051675 38476  
  1627418827 559051675 38476  
  1627418828 559051675 38476  
  1627418829 559051675 38476  
  1627418830 559051675 38476  
  1627418831 559051675 38476  
  1627418832 559051675 38476  
  1627418833 559051675 38476  
  1627418834 559051675 38476  
  1627418835 559051675 38476  
  1627418836 559051675 38476  
  1627418837 559051675 38476  
  1627418838 559051675 38476  
  1627418839 559051675 38476  
  1627418840 559051675 38476  
  1627418841 559051675 38476  
  1627418842 559051675 38476  
  1627418843 559051675 38476  
  1627418844 559051675 38476  
  1627418845 559051675 38476  
  1627418846 559051675 38476  
  1627418847 559051675 38476  
  1627418848 559051675 38476  
  1627418849 559051675 38476  
  1627418850 559051675 38476  
  1627418851 559055984 38476  
  1627418852 559056308 38476  
  1627418854 559056308 38476  
  1627418855 559057016 38476  
  1627418856 559057016 38476  
  1627418857 559057016 38476  
  1627418858 559057016 38476  
  1627418859 559057016 38476  
  1627418860 559057016 38476  
  1627418861 559057016 38476  
  1627418862 559057016 38476  
  1627418863 559057016 38476  
  1627418864 559057016 38476  
  1627418865 559057016 38476  
  1627418866 559057016 38476  
  1627418867 559057016 38476  
  1627418868 559057016 38476  
  1627418869 559057016 38476  
  1627418870 559057016 38476  
  1627418871 559057016 38476  
  1627418872 559057016 38476  
  1627418873 559057016 38476  
  1627418874 559057016 38476  
  1627418875 559057016 38476  
  1627418876 559057016 38476  
  1627418877 559057016 38476  
  1627418878 559057016 38476  
  1627418879 559057674 38476  
  1627418880 559057674 38476  
  1627418881 559057674 38476  
  1627418882 559057674 38476  
  1627418883 559057674 38476  
  1627418884 559057674 38476  
  1627418885 559057674 38476  
  1627418886 559057674 38476  
  1627418887 559057674 38476  
  1627418888 559057674 38476  
  1627418889 559057674 38476  
  1627418890 559057674 38476  
  1627418891 559057674 38476  
  1627418893 559057674 38476  
  1627418894 559057674 38476  
  1627418895 559061983 38476  
  1627418896 559066940 38476  
  1627418897 559067648 38476  
  1627418898 559068356 38476  
  1627418899 559068356 38476  
  1627418900 559068356 38476  
  1627418901 559068356 38476  
  1627418902 559068356 38476  
  1627418903 559068356 38476  
  1627418904 559068356 38476  
  1627418905 559068356 38476  
  1627418906 559068356 38476  
  1627418907 559068356 38476  
  1627418908 559068356 38476  
  1627418909 559068356 38476  
  1627418910 559068356 38476  
  1627418911 559068356 38476  
  1627418912 559068356 38476  
  1627418913 559068356 38476  
  1627418914 559068356 38476  
  1627418915 559068356 38476  
  1627418916 559068356 38476  
  1627418917 559068356 38476  
  1627418918 559068356 38476  
  1627418919 559068356 38476  
  1627418920 559068356 38476  
  1627418921 559068356 38476  
  1627418922 559068356 38476  
  1627418923 559068356 38476  
  1627418924 559068356 38476  
  1627418925 559068356 38476  
  1627418926 559068356 38476  
  1627418927 559068356 38476  
  1627418928 559068356 38476  
  1627418929 559068356 38476  
  1627418930 559068356 38476  
  1627418932 559068356 38476  
  1627418933 559072665 38476  
  1627418934 559072989 38476  
  1627418935 559072989 38476  
  1627418936 559073629 38476  
  1627418937 559073629 38476  
  1627418938 559073629 38476  
  1627418939 559073629 38476  
  1627418940 559073629 38476  
  1627418941 559073629 38476  
  1627418942 559073629 38476  
  1627418943 559073629 38476  
  1627418944 559073629 38476  
  1627418945 559073629 38476  
  1627418946 559073629 38476  
  1627418947 559073629 38476  
  1627418948 559073629 38476  
  1627418949 559073629 38476  
  1627418950 559073629 38476  
  1627418951 559073629 38476  
  1627418952 559073629 38476  
  1627418953 559073629 38476  
  1627418954 559073629 38476  
  1627418955 559073629 38476  
  1627418956 559073629 38476  
  1627418957 559073629 38476  
  1627418958 559073629 38476  
  1627418959 559073629 38476  
  1627418960 559073629 38476  
  1627418961 559073629 38476  
  1627418962 559073629 38476  
  1627418963 559073629 38476  
  1627418964 559073629 38476  
  1627418965 559073629 38476  
  1627418966 559073629 38476  
  1627418967 559073629 38476  
  1627418968 559073629 38476  
  1627418969 559073629 38476  
  1627418970 559073629 38476  
  1627418972 559073629 38476  
  1627418973 559073629 38476  
  1627418974 559073629 38476  
  1627418975 559073629 38476  
  1627418976 559073629 38476  
  1627418977 559073629 38476  
  1627418978 559073629 38476  
  1627418979 559073629 38476  
  1627418980 559073629 38476  
  1627418981 559073629 38476  
  1627418982 559073629 38476  
  1627418983 559073629 38476  
  1627418984 559073629 38476  
  1627418985 559073629 38476  
  1627418986 559073629 38476  
  1627418987 559073629 38476  
  1627418988 559073629 38476  
  1627418989 559073629 38476  
  1627418990 559073629 38476  
  1627418991 559073629 38476  
  1627418992 559073629 38476  
  1627418993 559073629 38476  
  1627418994 559073629 38476  
  1627418995 559073629 38476  
  1627418996 559073629 38476  
  1627418997 559073629 38476  
  1627418998 559073629 38476  
  1627418999 559073629 38476  
  1627419000 559073629 38476  
  1627419001 559073629 38476  
  1627419002 559073629 38476  
  1627419003 559073629 38476  
  1627419004 559073629 38476  
  1627419005 559073629 38476  
  1627419006 559073629 38476  
  1627419007 559073629 38476  
  1627419008 559073629 38476  
  1627419009 559073629 38476  
  1627419011 559073629 38476  
  1627419012 559073629 38476  
  1627419013 559073629 38476  
  1627419014 559073629 38476  
  1627419015 559073629 38476  
  1627419016 559073629 38476  
  1627419017 559073629 38476  
  1627419018 559073629 38476  
  1627419019 559073629 38476  
  1627419020 559073629 38476  
  1627419021 559073629 38476  
  1627419022 559073629 38476  
  1627419023 559073629 38476  
  1627419024 559073629 38476  
  1627419025 559073629 38476  
  1627419026 559073629 38476  
  1627419027 559073629 38476  
  1627419028 559073629 38476  
  1627419029 559073721 38476  
  1627419030 559073721 38476  
  1627419031 559073721 38476  
  1627419032 559073721 38476  
  1627419033 559073721 38476  
  1627419034 559073721 38476  
  1627419035 559073721 38476  
  1627419036 559073721 38476  
  1627419037 559074078 38476  
  1627419038 559074078 38476  
  1627419039 559074078 38476  
  1627419040 559074078 38476  
  1627419041 559074078 38476  
  1627419042 559074078 38476  
  1627419043 559074078 38476  
  1627419044 559074078 38476  
  1627419045 559074078 38476  
  1627419046 559074078 38476  
  1627419047 559074078 38476  
  1627419048 559074078 38476  
  1627419050 559074078 38476  
  1627419051 559074078 38476  
  1627419052 559074078 38476  
  1627419053 559074078 38476  
  1627419054 559074078 38476  
  1627419055 559074078 38476  
 