 1626725268 449848014 0  
  1626725269 449848014 0  
  1626725270 449848014 0  
  1626725271 449848014 0  
  1626725272 449848014 0  
  1626725273 449848014 0  
  1626725274 449852323 0  
  1626725275 449852647 0  
  1626725276 449852647 0  
  1626725277 449853355 0  
  1626725278 449853355 0  
  1626725279 449853355 0  
  1626725280 449853355 0  
  1626725281 449853355 0  
  1626725282 449853355 0  
  1626725283 449853355 0  
  1626725284 449853355 0  
  1626725286 449853355 0  
  1626725287 449853355 0  
  1626725288 449853355 0  
  1626725289 449853355 0  
  1626725290 449853355 0  
  1626725291 449853355 0  
  1626725292 449853355 0  
  1626725293 449853355 0  
  1626725294 449853355 0  
  1626725295 449853355 0  
  1626725296 449853355 0  
  1626725297 449853355 0  
  1626725298 449853355 0  
  1626725299 449853355 0  
  1626725300 449853355 0  
  1626725301 449853355 0  
  1626725302 449853355 0  
  1626725303 449853355 0  
  1626725304 449853355 0  
  1626725305 449853355 0  
  1626725306 449853355 0  
  1626725307 449853355 0  
  1626725308 449853355 0  
  1626725309 449853355 0  
  1626725310 449853355 0  
  1626725311 449853355 0  
  1626725312 449853355 0  
  1626725313 449853355 0  
  1626725314 449853355 0  
  1626725315 449853355 0  
  1626725316 449853355 0  
  1626725317 449853355 0  
  1626725318 449853355 0  
  1626725319 449853355 0  
  1626725320 449853355 0  
  1626725321 449853355 0  
  1626725322 449853355 0  
  1626725323 449853355 0  
  1626725325 449853355 0  
  1626725326 449853355 0  
  1626725327 449853355 0  
  1626725328 449853355 0  
  1626725329 449853355 0  
  1626725330 449853355 0  
  1626725331 449853355 0  
  1626725332 449853355 0  
  1626725333 449853355 0  
  1626725334 449853355 0  
  1626725335 449853355 0  
  1626725336 449853355 0  
  1626725337 449853355 0  
  1626725338 449853355 0  
  1626725339 449853355 0  
  1626725340 449853355 0  
  1626725341 449853355 0  
  1626725342 449853355 0  
  1626725343 449853355 0  
  1626725344 449853355 0  
  1626725345 449853355 0  
  1626725346 449853447 0  
  1626725347 449853447 0  
  1626725348 449853447 0  
  1626725349 449853447 0  
  1626725350 449853447 0  
  1626725351 449853447 0  
  1626725352 449853447 0  
  1626725353 449853447 0  
  1626725354 449853447 0  
  1626725355 449853447 0  
  1626725356 449853447 0  
  1626725357 449853447 0  
  1626725358 449853447 0  
  1626725359 449853447 0  
  1626725360 449853447 0  
  1626725361 449853447 0  
  1626725362 449853447 0  
  1626725364 449853447 0  
  1626725365 449853447 0  
  1626725366 449853447 0  
  1626725367 449853447 0  
  1626725368 449853447 0  
  1626725369 449853447 0  
  1626725370 449853447 0  
  1626725371 449853447 0  
  1626725372 449853447 0  
  1626725373 449853447 0  
  1626725374 449853447 0  
  1626725375 449853447 0  
  1626725376 449853447 0  
  1626725377 449853447 0  
  1626725378 449853447 0  
  1626725379 449853539 0  
  1626725380 449853539 0  
  1626725381 449853539 0  
  1626725382 449853539 0  
  1626725383 449853539 0  
  1626725384 449853539 0  
  1626725385 449853539 0  
  1626725386 449853539 0  
  1626725387 449853539 0  
  1626725388 449853539 0  
  1626725389 449853539 0  
  1626725390 449853539 0  
  1626725391 449853539 0  
  1626725392 449853539 0  
  1626725393 449853539 0  
  1626725394 449853539 0  
  1626725395 449853539 0  
  1626725396 449853539 0  
  1626725397 449853539 0  
  1626725398 449853539 0  
  1626725399 449853539 0  
  1626725400 449853539 0  
  1626725401 449853539 0  
  1626725403 449853539 0  
  1626725404 449853539 0  
  1626725405 449853539 0  
  1626725406 449853539 0  
  1626725407 449853539 0  
  1626725408 449853539 0  
  1626725409 449858172 0  
  1626725410 449858172 0  
  1626725411 449858880 0  
  1626725412 449858880 0  
  1626725413 449858880 0  
  1626725414 449858880 0  
  1626725415 449858880 0  
  1626725416 449858880 0  
  1626725417 449858880 0  
  1626725418 449858880 0  
  1626725419 449858880 0  
  1626725420 449858880 0  
  1626725421 449863009 0  
  1626725422 449865474 0  
  1626725423 449868146 0  
  1626725424 449873871 0  
  1626725425 449874195 0  
  1626725426 449874903 0  
  1626725427 449874903 0  
  1626725428 449874903 0  
  1626725429 449874903 0  
  1626725430 449874903 0  
  1626725431 449874903 0  
  1626725432 449874903 0  
  1626725433 449874903 0  
  1626725434 449874903 0  
  1626725435 449874903 0  
  1626725436 449874903 0  
  1626725437 449874903 0  
  1626725438 449874903 0  
  1626725439 449874903 0  
  1626725440 449874903 0  
  1626725441 449874903 0  
  1626725443 449875260 0  
  1626725444 449875260 0  
  1626725445 449875260 0  
  1626725446 449875260 0  
  1626725447 449875260 0  
  1626725448 449875260 0  
  1626725449 449875260 0  
  1626725450 449875260 0  
  1626725451 449875260 0  
  1626725452 449875260 0  
  1626725453 449875260 0  
  1626725454 449875260 0  
  1626725455 449875260 0  
  1626725456 449875260 0  
  1626725457 449875260 0  
  1626725458 449875260 0  
  1626725459 449875260 0  
  1626725460 449875260 0  
  1626725461 449875260 0  
  1626725462 449875260 0  
  1626725463 449875260 0  
  1626725464 449875918 0  
  1626725465 449875918 0  
  1626725466 449875918 0  
  1626725467 449875918 0  
  1626725468 449875918 0  
  1626725469 449875918 0  
  1626725470 449875918 0  
  1626725471 449875918 0  
  1626725472 449875918 0  
  1626725473 449875918 0  
  1626725474 449875918 0  
  1626725475 449875918 0  
  1626725476 449875918 0  
  1626725477 449875918 0  
  1626725478 449875918 0  
  1626725479 449875918 0  
  1626725480 449875918 0  
  1626725481 449875918 0  
  1626725483 449875918 0  
  1626725484 449875918 0  
  1626725485 449875918 0  
  1626725486 449875918 0  
  1626725487 449875918 0  
  1626725488 449875918 0  
  1626725489 449875918 0  
  1626725490 449875918 0  
  1626725491 449875918 0  
  1626725492 449875918 0  
  1626725493 449875918 0  
  1626725494 449875918 0  
  1626725495 449875918 0  
  1626725496 449875918 0  
  1626725497 449875918 0  
  1626725498 449875918 0  
  1626725499 449875918 0  
  1626725500 449875918 0  
  1626725501 449875918 0  
  1626725502 449875918 0  
  1626725503 449875918 0  
  1626725504 449875918 0  
  1626725505 449875918 0  
  1626725506 449875918 0  
  1626725507 449875918 0  
  1626725508 449875918 0  
  1626725509 449875918 0  
  1626725510 449875918 0  
  1626725511 449875918 0  
  1626725512 449875918 0  
  1626725513 449875918 0  
  1626725514 449875918 0  
  1626725515 449875918 0  
  1626725516 449875918 0  
  1626725517 449875918 0  
  1626725518 449875918 0  
  1626725519 449875918 0  
  1626725520 449875918 0  
  1626725521 449875918 0  
  1626725523 449875918 0  
  1626725524 449875918 0  
  1626725525 449875918 0  
  1626725526 449875918 0  
  1626725527 449875918 0  
  1626725528 449875918 0  
  1626725529 449875918 0  
  1626725530 449875918 0  
  1626725531 449875918 0  
  1626725532 449875918 0  
  1626725533 449875918 0  
  1626725534 449875918 0  
  1626725535 449875918 0  
  1626725536 449875918 0  
  1626725537 449875918 0  
  1626725538 449875918 0  
  1626725539 449875918 0  
  1626725540 449875918 0  
  1626725541 449875918 0  
  1626725542 449875918 0  
  1626725543 449875918 0  
  1626725544 449875918 0  
  1626725545 449875918 0  
  1626725546 449875918 0  
  1626725547 449875918 0  
  1626725548 449875918 0  
  1626725549 449875918 0  
  1626725550 449875918 0  
  1626725551 449875918 0  
  1626725552 449875918 0  
  1626725553 449875918 0  
  1626725554 449875918 0  
  1626725555 449875986 0  
  1626725556 449875986 0  
  1626725557 449875986 0  
  1626725558 449875986 0  
  1626725559 449875986 0  
  1626725560 449875986 0  
  1626725561 449877142 0  
  1626725562 449877142 0  
  1626725564 449877142 0  
  1626725565 449877142 0  
  1626725566 449877142 0  
  1626725567 449877142 0  
  1626725568 449877142 0  
  1626725569 449877142 0  
  1626725570 449877142 0  
  1626725571 449877142 0  
  1626725572 449877142 0  
  1626725573 449881451 0  
  1626725574 449881775 0  
  1626725575 449881775 0  
  1626725576 449882483 0  
  1626725577 449882483 0  
  1626725578 449882483 0  
  1626725579 449882483 0  
  1626725580 449882483 0  
  1626725581 449882483 0  
  1626725582 449882483 0  
  1626725583 449882483 0  
  1626725584 449882483 0  
  1626725585 449882483 0  
  1626725586 449882483 0  
  1626725587 449882483 0  
  1626725588 449882483 0  
  1626725589 449882483 0  
  1626725590 449882483 0  
  1626725591 449882483 0  
  1626725592 449882483 0  
  1626725593 449882483 0  
  1626725594 449882483 0  
  1626725595 449882483 0  
  1626725596 449882483 0  
  1626725597 449882483 0  
  1626725598 449882483 0  
  1626725599 449882483 0  
  1626725600 449882483 0  
  1626725601 449882483 0  
  1626725602 449882483 0  
  1626725604 449882483 0  
  1626725605 449882575 0  
  1626725606 449882575 0  
  1626725607 449882575 0  
  1626725608 449882575 0  
  1626725609 449882575 0  
  1626725610 449882575 0  
  1626725611 449882575 0  
  1626725612 449882575 0  
  1626725613 449882575 0  
  1626725614 449882575 0  
  1626725615 449882575 0  
  1626725616 449882575 0  
  1626725617 449882575 0  
  1626725618 449882575 0  
  1626725619 449882575 0  
  1626725620 449882575 0  
  1626725621 449882575 0  
  1626725622 449882575 0  
  1626725623 449882575 0  
  1626725624 449882575 0  
  1626725625 449882575 0  
  1626725626 449882575 0  
  1626725627 449882575 0  
  1626725628 449882575 0  
  1626725629 449882575 0  
  1626725630 449882575 0  
  1626725631 449882575 0  
  1626725632 449882575 0  
  1626725633 449882575 0  
  1626725634 449882575 0  
  1626725635 449882575 0  
  1626725636 449882575 0  
  1626725637 449882575 0  
  1626725638 449882575 0  
  1626725639 449882575 0  
  1626725640 449882667 0  
  1626725641 449882667 0  
  1626725642 449882667 0  
  1626725644 449882667 0  
  1626725645 449882667 0  
  1626725646 449882667 0  
  1626725647 449882667 0  
  1626725648 449882667 0  
  1626725649 449882667 0  
  1626725650 449882667 0  
  1626725651 449882667 0  
  1626725652 449882667 0  
  1626725653 449882667 0  
  1626725654 449882667 0  
  1626725655 449882667 0  
  1626725656 449882667 0  
  1626725657 449882667 0  
  1626725658 449882667 0  
  1626725659 449882667 0  
  1626725660 449882667 0  
  1626725661 449882667 0  
  1626725662 449882667 0  
  1626725663 449882667 0  
  1626725664 449883257 0  
  1626725665 449883257 0  
  1626725666 449883257 0  
  1626725667 449883257 0  
  1626725668 449883257 0  
  1626725669 449883257 0  
  1626725670 449883257 0  
  1626725671 449883257 0  
  1626725672 449883257 0  
  1626725673 449883257 0  
  1626725674 449883257 0  
  1626725675 449883257 0  
  1626725676 449883257 0  
  1626725677 449883257 0  
  1626725678 449883257 0  
  1626725679 449883257 0  
  1626725680 449883257 0  
  1626725681 449883257 0  
  1626725682 449883257 0  
  1626725683 449883257 0  
  1626725685 449883257 0  
  1626725686 449883257 0  
  1626725687 449883257 0  
  1626725688 449883257 0  
  1626725689 449883257 0  
  1626725690 449883257 0  
  1626725691 449883257 0  
  1626725692 449883257 0  
  1626725693 449883257 0  
  1626725694 449883257 0  
  1626725695 449883257 0  
  1626725696 449883257 0  
  1626725697 449883257 0  
  1626725698 449883257 0  
  1626725699 449883257 0  
  1626725700 449883257 0  
  1626725701 449883257 0  
  1626725702 449883257 0  
  1626725703 449883257 0  
  1626725704 449883257 0  
  1626725705 449883257 0  
  1626725706 449883257 0  
  1626725707 449883257 0  
  1626725708 449886154 0  
  1626725709 449887890 0  
  1626725710 449887890 0  
  1626725711 449888598 0  
  1626725712 449888598 0  
  1626725713 449888598 0  
  1626725714 449888598 0  
  1626725715 449888598 0  
  1626725716 449888598 0  
  1626725717 449888598 0  
  1626725718 449888598 0  
  1626725719 449888598 0  
  1626725720 449888598 0  
  1626725721 449892907 0  
  1626725722 449897864 0  
  1626725723 449898008 0  
  1626725725 449903845 0  
  1626725726 449904553 0  
  1626725727 449904553 0  
  1626725728 449904553 0  
  1626725729 449904553 0  
  1626725730 449904553 0  
  1626725731 449904553 0  
  1626725732 449904553 0  
  1626725733 449904553 0  
  1626725734 449904553 0  
  1626725735 449904553 0  
  1626725736 449904553 0  
 