 1626715876 449368349 77498  
  1626715877 449368349 77498  
  1626715878 449368349 77498  
  1626715879 449368349 77498  
  1626715880 449368349 77498  
  1626715881 449368349 77498  
  1626715882 449368349 77498  
  1626715883 449368349 77498  
  1626715884 449368349 77498  
  1626715885 449368349 77498  
  1626715886 449368349 77498  
  1626715887 449368349 77498  
  1626715888 449368349 77498  
  1626715889 449368349 77498  
  1626715890 449368349 77498  
  1626715891 449368349 77498  
  1626715892 449368349 77498  
  1626715893 449368349 77498  
  1626715894 449368349 77498  
  1626715895 449368349 77498  
  1626715896 449368349 77498  
  1626715897 449368349 77498  
  1626715898 449368349 77498  
  1626715899 449368349 77498  
  1626715900 449368349 77498  
  1626715901 449368349 77498  
  1626715902 449368349 77498  
  1626715903 449368349 77498  
  1626715904 449368349 77498  
  1626715905 449368349 77498  
  1626715906 449368349 77498  
  1626715907 449368349 77498  
  1626715909 449368349 77498  
  1626715910 449368349 77498  
  1626715911 449368349 77498  
  1626715912 449368349 77498  
  1626715913 449368349 77498  
  1626715914 449368349 77498  
  1626715915 449368349 77498  
  1626715916 449368349 77498  
  1626715917 449368349 77498  
  1626715918 449368349 77498  
  1626715919 449368349 77498  
  1626715920 449368349 77498  
  1626715921 449368349 77498  
  1626715922 449368349 77498  
  1626715923 449368349 77498  
  1626715924 449368349 77498  
  1626715925 449368349 77498  
  1626715926 449368349 77498  
  1626715927 449368349 77498  
  1626715928 449368349 77498  
  1626715929 449368349 77498  
  1626715930 449368349 77498  
  1626715931 449368349 77498  
  1626715932 449368349 77498  
  1626715933 449368349 77498  
  1626715934 449368349 77498  
  1626715935 449368349 77498  
  1626715936 449368349 77498  
  1626715937 449368349 77498  
  1626715938 449368349 77498  
  1626715939 449368349 77498  
  1626715940 449368349 77498  
  1626715941 449368349 77498  
  1626715942 449368441 77498  
  1626715943 449368441 77498  
  1626715944 449368441 77498  
  1626715945 449368441 77498  
  1626715946 449368441 77498  
  1626715947 449368441 77498  
  1626715949 449368441 77498  
  1626715950 449368441 77498  
  1626715951 449368441 77498  
  1626715952 449368441 77498  
  1626715953 449368441 77498  
  1626715954 449368441 77498  
  1626715955 449368441 77498  
  1626715956 449368441 77498  
  1626715957 449368441 77498  
  1626715958 449368441 77498  
  1626715959 449368441 77498  
  1626715960 449368441 77498  
  1626715961 449368441 77498  
  1626715962 449368441 77498  
  1626715963 449372750 77498  
  1626715964 449373074 77498  
  1626715965 449373646 77498  
  1626715966 449373646 77498  
  1626715967 449373646 77498  
  1626715968 449373646 77498  
  1626715969 449373646 77498  
  1626715970 449373646 77498  
  1626715971 449373646 77498  
  1626715972 449373646 77498  
  1626715973 449373646 77498  
  1626715974 449373646 77498  
  1626715975 449373646 77498  
  1626715976 449373646 77498  
  1626715977 449373646 77498  
  1626715978 449373646 77498  
  1626715979 449373646 77498  
  1626715980 449373646 77498  
  1626715981 449373646 77498  
  1626715982 449373646 77498  
  1626715983 449373646 77498  
  1626715984 449373646 77498  
  1626715985 449373646 77498  
  1626715986 449373646 77498  
  1626715987 449373646 77498  
  1626715989 449373646 77498  
  1626715990 449373646 77498  
  1626715991 449373646 77498  
  1626715992 449373646 77498  
  1626715993 449373646 77498  
  1626715994 449373646 77498  
  1626715995 449373646 77498  
  1626715996 449373646 77498  
  1626715997 449373646 77498  
  1626715998 449373646 77498  
  1626715999 449373646 77498  
  1626716000 449373646 77498  
  1626716001 449373646 77498  
  1626716002 449373646 77498  
  1626716003 449373646 77498  
  1626716004 449373646 77498  
  1626716005 449373646 77498  
  1626716006 449373646 77498  
  1626716007 449373646 77498  
  1626716008 449373646 77498  
  1626716009 449373646 77498  
  1626716010 449373646 77498  
  1626716011 449373646 77498  
  1626716012 449373646 77498  
  1626716013 449373646 77498  
  1626716014 449373646 77498  
  1626716015 449373646 77498  
  1626716016 449373646 77498  
  1626716017 449373646 77498  
  1626716018 449373646 77498  
  1626716019 449373646 77498  
  1626716020 449373646 77498  
  1626716021 449373646 77498  
  1626716022 449373646 77498  
  1626716023 449373646 77498  
  1626716024 449373646 77498  
  1626716025 449373646 77498  
  1626716026 449373646 77498  
  1626716028 449373646 77498  
  1626716029 449373646 77498  
  1626716030 449373646 77498  
  1626716031 449373646 77498  
  1626716032 449373646 77498  
  1626716033 449373646 77498  
  1626716034 449373646 77498  
  1626716035 449373646 77498  
  1626716036 449373646 77498  
  1626716037 449373646 77498  
  1626716038 449373646 77498  
  1626716039 449373646 77498  
  1626716040 449373646 77498  
  1626716041 449373646 77498  
  1626716042 449373646 77498  
  1626716043 449373646 77498  
  1626716044 449373646 77498  
  1626716045 449373646 77498  
  1626716046 449373646 77498  
  1626716047 449373646 77498  
  1626716048 449373646 77498  
  1626716049 449373646 77498  
  1626716050 449373646 77498  
  1626716051 449373646 77498  
  1626716052 449373646 77498  
  1626716053 449373646 77498  
  1626716054 449373646 77498  
  1626716055 449373646 77498  
  1626716056 449373646 77498  
  1626716057 449373646 77498  
  1626716058 449373646 77498  
  1626716059 449373646 77498  
  1626716060 449373646 77498  
  1626716061 449373646 77498  
  1626716062 449373646 77498  
  1626716063 449374242 77498  
  1626716064 449374242 77498  
  1626716065 449374242 77498  
  1626716066 449374242 77498  
  1626716068 449374242 77498  
  1626716069 449374242 77498  
  1626716070 449374242 77498  
  1626716071 449374242 77498  
  1626716072 449374242 77498  
  1626716073 449374334 77498  
  1626716074 449374334 77498  
  1626716075 449374334 77498  
  1626716076 449374334 77498  
  1626716077 449374334 77498  
  1626716078 449374334 77498  
  1626716079 449374334 77498  
  1626716080 449374334 77498  
  1626716081 449374334 77498  
  1626716082 449374334 77498  
  1626716083 449374334 77498  
  1626716084 449374334 77498  
  1626716085 449374334 77498  
  1626716086 449374334 77498  
  1626716087 449374334 77498  
  1626716088 449374334 77498  
  1626716089 449374334 77498  
  1626716090 449374334 77498  
  1626716091 449374334 77498  
  1626716092 449374334 77498  
  1626716093 449374334 77498  
  1626716094 449374334 77498  
  1626716095 449374334 77498  
  1626716096 449374334 77498  
  1626716097 449374334 77498  
  1626716098 449378643 77498  
  1626716099 449378967 77498  
  1626716100 449378967 77498  
  1626716101 449379675 77498  
  1626716102 449379675 77498  
  1626716103 449379675 77498  
  1626716104 449379675 77498  
  1626716105 449379675 77498  
  1626716106 449379675 77498  
  1626716108 449379675 77498  
  1626716109 449379675 77498  
  1626716110 449379675 77498  
  1626716111 449379675 77498  
  1626716112 449383984 77498  
  1626716113 449384308 77498  
  1626716114 449384948 77498  
  1626716115 449389649 77498  
  1626716116 449389649 77498  
  1626716117 449394598 77498  
  1626716118 449394922 77498  
  1626716119 449395630 77498  
  1626716120 449395630 77498  
  1626716121 449395630 77498  
  1626716122 449395630 77498  
  1626716123 449395630 77498  
  1626716124 449395630 77498  
  1626716125 449395630 77498  
  1626716126 449395630 77498  
  1626716127 449395630 77498  
  1626716128 449395630 77498  
  1626716129 449395630 77498  
  1626716130 449395630 77498  
  1626716131 449395987 77498  
  1626716132 449395987 77498  
  1626716133 449395987 77498  
  1626716134 449395987 77498  
  1626716135 449395987 77498  
  1626716136 449395987 77498  
  1626716137 449396079 77498  
  1626716138 449396079 77498  
  1626716139 449396079 77498  
  1626716140 449396079 77498  
  1626716141 449396079 77498  
  1626716142 449396079 77498  
  1626716143 449396079 77498  
  1626716144 449396079 77498  
  1626716145 449396079 77498  
  1626716147 449396079 77498  
  1626716148 449396079 77498  
  1626716149 449396079 77498  
  1626716150 449396079 77498  
  1626716151 449396079 77498  
  1626716152 449396079 77498  
  1626716153 449396079 77498  
  1626716154 449396079 77498  
  1626716155 449396079 77498  
  1626716156 449396079 77498  
  1626716157 449396079 77498  
  1626716158 449396079 77498  
  1626716159 449396079 77498  
  1626716160 449396079 77498  
  1626716161 449396079 77498  
  1626716162 449396079 77498  
  1626716163 449396079 77498  
  1626716164 449396079 77498  
  1626716165 449396079 77498  
  1626716166 449396079 77498  
  1626716167 449396079 77498  
  1626716168 449396079 77498  
  1626716169 449396079 77498  
  1626716170 449396079 77498  
  1626716171 449396079 77498  
  1626716172 449396079 77498  
  1626716173 449396079 77498  
  1626716174 449396079 77498  
  1626716175 449396079 77498  
  1626716176 449396079 77498  
  1626716177 449396079 77498  
  1626716178 449396079 77498  
  1626716179 449396079 77498  
  1626716180 449396079 77498  
  1626716181 449396079 77498  
  1626716182 449396079 77498  
  1626716183 449396079 77498  
  1626716184 449396079 77498  
  1626716185 449396079 77498  
  1626716187 449396079 77498  
  1626716188 449396079 77498  
  1626716189 449396079 77498  
  1626716190 449396079 77498  
  1626716191 449396079 77498  
  1626716192 449396079 77498  
  1626716193 449396079 77498  
  1626716194 449396079 77498  
  1626716195 449396079 77498  
  1626716196 449396079 77498  
  1626716197 449396079 77498  
  1626716198 449396079 77498  
  1626716199 449396079 77498  
  1626716200 449396079 77498  
  1626716201 449396079 77498  
  1626716202 449396079 77498  
  1626716203 449396171 77498  
  1626716204 449396171 77498  
  1626716205 449396171 77498  
  1626716206 449396171 77498  
  1626716207 449396171 77498  
  1626716208 449396171 77498  
  1626716209 449396171 77498  
  1626716210 449396171 77498  
  1626716211 449396171 77498  
  1626716212 449396171 77498  
  1626716213 449396171 77498  
  1626716214 449396171 77498  
  1626716215 449396171 77498  
  1626716216 449396171 77498  
  1626716217 449396171 77498  
  1626716218 449396171 77498  
 