 1626783218 459663386 0  
  1626783219 459663386 0  
  1626783220 459663386 0  
  1626783221 459663386 0  
  1626783222 459663386 0  
  1626783223 459663386 0  
  1626783224 459663386 0  
  1626783225 459663386 0  
  1626783226 459663386 0  
  1626783227 459663386 0  
  1626783228 459663386 0  
  1626783229 459663386 0  
  1626783230 459663386 0  
  1626783231 459663386 0  
  1626783232 459663386 0  
  1626783233 459663386 0  
  1626783234 459663386 0  
  1626783235 459663386 0  
  1626783236 459663386 0  
  1626783237 459663386 0  
  1626783238 459663386 0  
  1626783240 459663386 0  
  1626783241 459663386 0  
  1626783242 459663386 0  
  1626783243 459663386 0  
  1626783244 459663386 0  
  1626783245 459663478 0  
  1626783246 459663478 0  
  1626783247 459663478 0  
  1626783248 459663478 0  
  1626783249 459663478 0  
  1626783250 459663478 0  
  1626783251 459663478 0  
  1626783252 459663478 0  
  1626783253 459663478 0  
  1626783254 459663478 0  
  1626783255 459663478 0  
  1626783256 459663478 0  
  1626783257 459663478 0  
  1626783258 459663478 0  
  1626783259 459663478 0  
  1626783260 459663478 0  
  1626783261 459663478 0  
  1626783262 459663478 0  
  1626783263 459663478 0  
  1626783264 459663478 0  
  1626783265 459663478 0  
  1626783266 459663478 0  
  1626783267 459663478 0  
  1626783268 459663478 0  
  1626783269 459663478 0  
  1626783270 459663478 0  
  1626783271 459663478 0  
  1626783272 459663478 0  
  1626783273 459663478 0  
  1626783274 459663570 0  
  1626783275 459663570 0  
  1626783276 459663570 0  
  1626783277 459663570 0  
  1626783279 459663570 0  
  1626783280 459663570 0  
  1626783281 459663570 0  
  1626783282 459663570 0  
  1626783283 459663570 0  
  1626783284 459663570 0  
  1626783285 459663570 0  
  1626783286 459663570 0  
  1626783287 459663570 0  
  1626783288 459663570 0  
  1626783289 459663570 0  
  1626783290 459663570 0  
  1626783291 459663570 0  
  1626783292 459663570 0  
  1626783293 459663570 0  
  1626783294 459663570 0  
  1626783295 459663570 0  
  1626783296 459663570 0  
  1626783297 459663570 0  
  1626783298 459663570 0  
  1626783299 459663570 0  
  1626783300 459663570 0  
  1626783301 459663570 0  
  1626783302 459663570 0  
  1626783303 459663570 0  
  1626783304 459663570 0  
  1626783305 459663570 0  
  1626783306 459663570 0  
  1626783307 459663570 0  
  1626783308 459663570 0  
  1626783309 459668295 0  
  1626783310 459668295 0  
  1626783311 459669003 0  
  1626783312 459669003 0  
  1626783313 459669003 0  
  1626783314 459669003 0  
  1626783315 459669003 0  
  1626783316 459669003 0  
  1626783318 459669003 0  
  1626783319 459669003 0  
  1626783320 459669003 0  
  1626783321 459669003 0  
  1626783322 459669003 0  
  1626783323 459673312 0  
  1626783324 459678269 0  
  1626783325 459683610 0  
  1626783326 459684318 0  
  1626783327 459684958 0  
  1626783328 459684958 0  
  1626783329 459684958 0  
  1626783330 459684958 0  
  1626783331 459684958 0  
  1626783332 459684958 0  
  1626783333 459684958 0  
  1626783334 459684958 0  
  1626783335 459684958 0  
  1626783336 459684958 0  
  1626783337 459684958 0  
  1626783338 459684958 0  
  1626783339 459684958 0  
  1626783340 459684958 0  
  1626783341 459684958 0  
  1626783342 459684958 0  
  1626783343 459685315 0  
  1626783344 459685315 0  
  1626783345 459685315 0  
  1626783346 459685315 0  
  1626783347 459685315 0  
  1626783348 459685315 0  
  1626783349 459685315 0  
  1626783350 459685315 0  
  1626783351 459685315 0  
  1626783352 459685315 0  
  1626783353 459685315 0  
  1626783354 459685315 0  
  1626783355 459685315 0  
  1626783357 459685315 0  
  1626783358 459685315 0  
  1626783359 459685315 0  
  1626783360 459685315 0  
  1626783361 459685315 0  
  1626783362 459685315 0  
  1626783363 459685315 0  
  1626783364 459685315 0  
  1626783365 459685315 0  
  1626783366 459685905 0  
  1626783367 459685905 0  
  1626783368 459685905 0  
  1626783369 459685905 0  
  1626783370 459685905 0  
  1626783371 459685905 0  
  1626783372 459685905 0  
  1626783373 459685905 0  
  1626783374 459685997 0  
  1626783375 459685997 0  
  1626783376 459685997 0  
  1626783377 459685997 0  
  1626783378 459685997 0  
  1626783379 459685997 0  
  1626783380 459685997 0  
  1626783381 459685997 0  
  1626783382 459685997 0  
  1626783383 459685997 0  
  1626783384 459685997 0  
  1626783385 459685997 0  
  1626783386 459685997 0  
  1626783387 459685997 0  
  1626783388 459685997 0  
  1626783389 459685997 0  
  1626783390 459685997 0  
  1626783391 459685997 0  
  1626783392 459685997 0  
  1626783393 459685997 0  
  1626783394 459685997 0  
  1626783396 459685997 0  
  1626783397 459685997 0  
  1626783398 459685997 0  
  1626783399 459685997 0  
  1626783400 459685997 0  
  1626783401 459685997 0  
  1626783402 459685997 0  
  1626783403 459686089 0  
  1626783404 459686089 0  
  1626783405 459686089 0  
  1626783406 459686089 0  
  1626783407 459686089 0  
  1626783408 459686089 0  
  1626783409 459686089 0  
  1626783410 459686089 0  
  1626783411 459686089 0  
  1626783412 459686089 0  
  1626783413 459686089 0  
  1626783414 459686089 0  
  1626783415 459686089 0  
  1626783416 459686089 0  
  1626783417 459686089 0  
  1626783418 459686089 0  
  1626783419 459686089 0  
  1626783420 459686089 0  
  1626783421 459686089 0  
  1626783422 459686089 0  
  1626783423 459686089 0  
  1626783424 459686089 0  
  1626783425 459686089 0  
  1626783426 459686089 0  
  1626783427 459686089 0  
  1626783428 459686089 0  
  1626783429 459686089 0  
  1626783430 459686089 0  
  1626783431 459686089 0  
  1626783432 459686089 0  
  1626783433 459686089 0  
  1626783434 459686089 0  
  1626783436 459686089 0  
  1626783437 459686089 0  
  1626783438 459686089 0  
  1626783439 459686089 0  
  1626783440 459686181 0  
  1626783441 459686181 0  
  1626783442 459686181 0  
  1626783443 459686181 0  
  1626783444 459686181 0  
  1626783445 459686181 0  
  1626783446 459686181 0  
  1626783447 459686181 0  
  1626783448 459686181 0  
  1626783449 459686181 0  
  1626783450 459686181 0  
  1626783451 459686181 0  
  1626783452 459686181 0  
  1626783453 459686181 0  
  1626783454 459686181 0  
  1626783455 459686181 0  
  1626783456 459686181 0  
  1626783457 459686181 0  
  1626783458 459686181 0  
  1626783459 459686181 0  
  1626783460 459686181 0  
  1626783461 459686181 0  
  1626783462 459686181 0  
  1626783463 459686181 0  
  1626783464 459686181 0  
  1626783465 459686181 0  
  1626783466 459686181 0  
  1626783467 459686181 0  
  1626783468 459686181 0  
  1626783469 459686181 0  
  1626783470 459686181 0  
  1626783471 459690490 0  
  1626783472 459690814 0  
  1626783473 459691522 0  
  1626783475 459691522 0  
  1626783476 459691522 0  
  1626783477 459691522 0  
  1626783478 459691522 0  
  1626783479 459691522 0  
  1626783480 459691522 0  
  1626783481 459691522 0  
  1626783482 459691522 0  
  1626783483 459691522 0  
  1626783484 459691522 0  
  1626783485 459691522 0  
  1626783486 459691522 0  
  1626783487 459691522 0  
  1626783488 459691522 0  
  1626783489 459691522 0  
  1626783490 459691522 0  
  1626783491 459691522 0  
  1626783492 459691522 0  
  1626783493 459691522 0  
  1626783494 459691522 0  
  1626783495 459691522 0  
  1626783496 459691522 0  
  1626783497 459691522 0  
  1626783498 459691522 0  
  1626783499 459691522 0  
  1626783500 459691522 0  
  1626783501 459691522 0  
  1626783502 459691522 0  
  1626783503 459691522 0  
  1626783504 459691614 0  
  1626783505 459691614 0  
  1626783506 459691614 0  
  1626783507 459691614 0  
  1626783508 459691614 0  
  1626783509 459691614 0  
  1626783510 459691614 0  
  1626783511 459691614 0  
  1626783512 459691614 0  
  1626783514 459691614 0  
  1626783515 459691614 0  
  1626783516 459691614 0  
  1626783517 459691614 0  
  1626783518 459691614 0  
  1626783519 459691614 0  
  1626783520 459691614 0  
  1626783521 459691614 0  
  1626783522 459691614 0  
  1626783523 459691614 0  
  1626783524 459691614 0  
  1626783525 459691614 0  
  1626783526 459691614 0  
  1626783527 459691614 0  
  1626783528 459691614 0  
  1626783529 459691614 0  
  1626783530 459691614 0  
  1626783531 459691614 0  
  1626783532 459691614 0  
  1626783533 459691706 0  
  1626783534 459691706 0  
  1626783535 459691706 0  
  1626783536 459691706 0  
  1626783537 459691706 0  
  1626783538 459691706 0  
  1626783539 459691706 0  
  1626783540 459691706 0  
 