 1626885653 487463637 82307  
  1626885654 487472981 82307  
  1626885655 487472981 82307  
  1626885656 487474397 82307  
  1626885657 487474397 82307  
  1626885658 487474397 82307  
  1626885659 487474397 82307  
  1626885660 487474397 82307  
  1626885661 487474397 82307  
  1626885662 487474397 82307  
  1626885663 487474397 82307  
  1626885664 487474397 82307  
  1626885665 487474397 82307  
  1626885666 487474397 82307  
  1626885667 487474397 82307  
  1626885668 487474397 82307  
  1626885669 487474397 82307  
  1626885670 487474397 82307  
  1626885671 487474397 82307  
  1626885672 487474397 82307  
  1626885673 487474397 82307  
  1626885674 487474397 82307  
  1626885675 487474397 82307  
  1626885676 487474397 82307  
  1626885677 487474397 82307  
  1626885678 487474397 82307  
  1626885679 487474397 82307  
  1626885680 487474397 82307  
  1626885681 487474397 82307  
  1626885682 487474397 82307  
  1626885683 487474397 82307  
  1626885684 487474397 82307  
  1626885685 487474397 82307  
  1626885686 487474397 82307  
  1626885687 487474397 82307  
  1626885689 487474397 82307  
  1626885690 487474397 82307  
  1626885691 487474397 82307  
  1626885692 487474397 82307  
  1626885693 487474397 82307  
  1626885694 487474397 82307  
  1626885695 487474397 82307  
  1626885696 487474397 82307  
  1626885697 487474397 82307  
  1626885698 487474397 82307  
  1626885699 487474397 82307  
  1626885700 487474397 82307  
  1626885701 487474397 82307  
  1626885702 487474397 82307  
  1626885703 487474397 82307  
  1626885704 487474397 82307  
  1626885705 487474397 82307  
  1626885706 487474397 82307  
  1626885707 487474397 82307  
  1626885708 487474397 82307  
  1626885709 487474397 82307  
  1626885710 487474397 82307  
  1626885711 487474397 82307  
  1626885712 487474397 82307  
  1626885713 487474397 82307  
  1626885714 487474397 82307  
  1626885715 487474397 82307  
  1626885716 487474397 82307  
  1626885717 487474397 82307  
  1626885718 487474397 82307  
  1626885719 487474397 82307  
  1626885720 487474397 82307  
  1626885721 487474397 82307  
  1626885722 487474397 82307  
  1626885723 487474397 82307  
  1626885724 487474397 82307  
  1626885725 487474397 82307  
  1626885726 487474397 82307  
  1626885728 487474397 82307  
  1626885729 487474397 82307  
  1626885730 487474397 82307  
  1626885731 487474397 82307  
  1626885732 487474397 82307  
  1626885733 487474397 82307  
  1626885734 487474397 82307  
  1626885735 487474397 82307  
  1626885736 487474397 82307  
  1626885737 487474397 82307  
  1626885738 487474397 82307  
  1626885739 487474397 82307  
  1626885740 487474397 82307  
  1626885741 487474397 82307  
  1626885742 487474397 82307  
  1626885743 487474397 82307  
  1626885744 487474397 82307  
  1626885745 487474397 82307  
  1626885746 487474397 82307  
  1626885747 487474397 82307  
  1626885748 487474397 82307  
  1626885749 487474397 82307  
  1626885750 487474397 82307  
  1626885751 487474397 82307  
  1626885752 487474489 82307  
  1626885753 487474489 82307  
  1626885754 487474489 82307  
  1626885755 487474489 82307  
  1626885756 487474489 82307  
  1626885757 487474489 82307  
  1626885758 487474489 82307  
  1626885759 487474489 82307  
  1626885760 487474489 82307  
  1626885761 487474489 82307  
  1626885762 487474489 82307  
  1626885763 487474489 82307  
  1626885764 487474489 82307  
  1626885765 487474489 82307  
  1626885767 487474489 82307  
  1626885768 487474489 82307  
  1626885769 487475085 82307  
  1626885770 487475085 82307  
  1626885771 487475085 82307  
  1626885772 487475085 82307  
  1626885773 487475085 82307  
  1626885774 487475085 82307  
  1626885775 487475085 82307  
  1626885776 487479650 82307  
  1626885777 487479718 82307  
  1626885778 487480358 82307  
  1626885779 487480358 82307  
  1626885780 487480358 82307  
  1626885781 487480358 82307  
  1626885782 487480358 82307  
  1626885783 487480358 82307  
  1626885784 487480358 82307  
  1626885785 487480358 82307  
  1626885786 487480358 82307  
  1626885787 487480358 82307  
  1626885788 487480358 82307  
  1626885789 487480358 82307  
  1626885790 487480358 82307  
  1626885791 487480358 82307  
  1626885792 487480358 82307  
  1626885793 487480358 82307  
  1626885794 487480358 82307  
  1626885795 487480358 82307  
  1626885796 487480358 82307  
  1626885797 487480358 82307  
  1626885798 487480358 82307  
  1626885799 487480358 82307  
  1626885800 487480358 82307  
  1626885801 487480358 82307  
  1626885802 487480358 82307  
  1626885803 487480358 82307  
  1626885804 487480358 82307  
  1626885806 487480358 82307  
  1626885807 487480358 82307  
  1626885808 487480358 82307  
  1626885809 487480358 82307  
  1626885810 487480358 82307  
  1626885811 487480358 82307  
  1626885812 487480358 82307  
  1626885813 487480358 82307  
  1626885814 487480358 82307  
  1626885815 487480358 82307  
  1626885816 487480358 82307  
  1626885817 487480358 82307  
  1626885818 487480358 82307  
  1626885819 487480358 82307  
  1626885820 487480358 82307  
  1626885821 487480358 82307  
  1626885822 487480358 82307  
  1626885823 487480358 82307  
  1626885824 487480358 82307  
  1626885825 487480358 82307  
  1626885826 487480358 82307  
  1626885827 487480358 82307  
  1626885828 487480358 82307  
  1626885829 487480358 82307  
  1626885830 487480358 82307  
  1626885831 487480358 82307  
  1626885832 487480358 82307  
  1626885833 487480358 82307  
  1626885834 487480358 82307  
  1626885835 487480358 82307  
  1626885836 487480358 82307  
  1626885837 487480358 82307  
  1626885838 487480358 82307  
  1626885839 487480358 82307  
  1626885840 487480358 82307  
  1626885841 487480358 82307  
  1626885842 487480358 82307  
  1626885843 487480358 82307  
  1626885844 487480358 82307  
  1626885846 487480358 82307  
  1626885847 487480358 82307  
  1626885848 487480358 82307  
  1626885849 487480358 82307  
  1626885850 487480358 82307  
  1626885851 487480358 82307  
  1626885852 487480358 82307  
  1626885853 487480358 82307  
  1626885854 487480358 82307  
  1626885855 487480358 82307  
  1626885856 487480358 82307  
  1626885857 487480358 82307  
  1626885858 487480358 82307  
  1626885859 487480358 82307  
  1626885860 487480358 82307  
  1626885861 487480358 82307  
  1626885862 487480358 82307  
  1626885863 487480358 82307  
  1626885864 487480358 82307  
  1626885865 487480358 82307  
  1626885866 487480358 82307  
  1626885867 487480358 82307  
  1626885868 487480358 82307  
  1626885869 487480358 82307  
  1626885870 487480358 82307  
  1626885871 487480358 82307  
  1626885872 487480358 82307  
  1626885873 487480358 82307  
  1626885874 487480358 82307  
  1626885875 487480358 82307  
  1626885876 487480358 82307  
  1626885877 487480358 82307  
  1626885878 487480358 82307  
  1626885879 487480358 82307  
  1626885880 487480358 82307  
  1626885881 487480450 82307  
  1626885882 487480450 82307  
  1626885883 487480450 82307  
  1626885884 487480450 82307  
  1626885885 487480450 82307  
  1626885887 487480450 82307  
  1626885888 487480450 82307  
  1626885889 487480450 82307  
  1626885890 487480450 82307  
  1626885891 487480450 82307  
  1626885892 487480450 82307  
  1626885893 487480450 82307  
  1626885894 487480450 82307  
  1626885895 487480450 82307  
  1626885896 487480450 82307  
  1626885897 487480450 82307  
  1626885898 487480450 82307  
  1626885899 487480450 82307  
  1626885900 487480450 82307  
  1626885901 487480450 82307  
  1626885902 487480450 82307  
  1626885903 487480450 82307  
  1626885904 487480450 82307  
  1626885905 487480450 82307  
  1626885906 487480450 82307  
  1626885907 487480450 82307  
  1626885908 487480450 82307  
  1626885909 487480450 82307  
  1626885910 487480450 82307  
  1626885911 487480450 82307  
  1626885912 487480450 82307  
  1626885913 487480450 82307  
  1626885914 487480450 82307  
  1626885915 487480450 82307  
  1626885916 487480450 82307  
  1626885917 487480450 82307  
  1626885918 487480450 82307  
  1626885919 487480450 82307  
  1626885920 487480450 82307  
  1626885921 487480450 82307  
  1626885922 487480450 82307  
  1626885923 487480450 82307  
  1626885924 487480450 82307  
  1626885925 487480450 82307  
  1626885927 487480450 82307  
  1626885928 487480450 82307  
  1626885929 487480450 82307  
  1626885930 487480450 82307  
  1626885931 487480450 82307  
  1626885932 487480450 82307  
  1626885933 487480450 82307  
  1626885934 487480450 82307  
  1626885935 487480450 82307  
  1626885936 487480450 82307  
  1626885937 487480450 82307  
  1626885938 487480450 82307  
  1626885939 487480450 82307  
  1626885940 487480807 82307  
  1626885941 487480807 82307  
  1626885942 487480807 82307  
  1626885943 487480807 82307  
  1626885944 487480807 82307  
  1626885945 487482684 82307  
  1626885946 487485440 82307  
  1626885947 487485440 82307  
  1626885948 487486148 82307  
  1626885949 487490781 82307  
  1626885950 487490781 82307  
  1626885951 487491421 82307  
  1626885952 487491421 82307  
  1626885953 487500687 82307  
  1626885954 487500687 82307  
  1626885955 487501967 82307  
  1626885956 487501967 82307  
  1626885957 487501967 82307  
  1626885958 487501967 82307  
  1626885959 487501967 82307  
  1626885960 487501967 82307  
  1626885961 487501967 82307  
  1626885962 487501967 82307  
  1626885963 487501967 82307  
  1626885964 487501967 82307  
  1626885966 487501967 82307  
  1626885967 487501967 82307  
  1626885968 487501967 82307  
  1626885969 487502563 82307  
  1626885970 487502563 82307  
  1626885971 487502563 82307  
  1626885972 487502563 82307  
  1626885973 487502563 82307  
  1626885974 487502563 82307  
  1626885975 487502563 82307  
  1626885976 487502563 82307  
  1626885977 487502563 82307  
  1626885978 487502563 82307  
  1626885979 487502563 82307  
  1626885980 487502563 82307  
  1626885981 487502563 82307  
  1626885982 487502563 82307  
  1626885983 487502563 82307  
  1626885984 487502563 82307  
  1626885985 487502563 82307  
  1626885986 487502563 82307  
  1626885987 487502563 82307  
  1626885988 487502563 82307  
  1626885989 487502563 82307  
  1626885990 487502563 82307  
  1626885991 487502563 82307  
  1626885992 487502563 82307  
  1626885993 487502563 82307  
  1626885994 487502563 82307  
  1626885995 487502563 82307  
  1626885996 487502563 82307  
  1626885997 487502563 82307  
  1626885998 487502563 82307  
  1626885999 487502563 82307  
  1626886000 487502563 82307  
  1626886001 487502563 82307  
  1626886002 487502563 82307  
  1626886003 487502563 82307  
  1626886005 487502563 82307  
  1626886006 487502563 82307  
  1626886007 487502563 82307  
  1626886008 487502563 82307  
  1626886009 487502563 82307  
  1626886010 487502655 82307  
  1626886011 487502655 82307  
  1626886012 487502655 82307  
  1626886013 487502655 82307  
  1626886014 487502655 82307  
  1626886015 487502655 82307  
  1626886016 487502655 82307  
  1626886017 487502747 82307  
  1626886018 487502747 82307  
  1626886019 487502747 82307  
  1626886020 487502747 82307  
  1626886021 487502747 82307  
  1626886022 487502747 82307  
  1626886023 487502747 82307  
  1626886024 487502747 82307  
  1626886025 487502747 82307  
  1626886026 487502747 82307  
  1626886027 487502747 82307  
  1626886028 487502747 82307  
  1626886029 487502747 82307  
  1626886030 487502747 82307  
  1626886031 487502747 82307  
  1626886032 487502747 82307  
  1626886033 487502747 82307  
  1626886034 487502747 82307  
  1626886035 487502747 82307  
  1626886036 487502747 82307  
  1626886037 487502747 82307  
  1626886038 487502747 82307  
  1626886039 487502747 82307  
  1626886040 487502747 82307  
  1626886041 487502747 82307  
  1626886042 487502747 82307  
  1626886043 487502747 82307  
  1626886045 487502747 82307  
  1626886046 487502747 82307  
  1626886047 487502747 82307  
  1626886048 487502747 82307  
  1626886049 487502747 82307  
  1626886050 487502747 82307  
  1626886051 487502747 82307  
  1626886052 487502747 82307  
  1626886053 487502747 82307  
  1626886054 487502747 82307  
  1626886055 487502747 82307  
  1626886056 487502747 82307  
  1626886057 487502747 82307  
  1626886058 487502747 82307  
  1626886059 487502747 82307  
  1626886060 487502747 82307  
  1626886061 487502747 82307  
  1626886062 487502747 82307  
  1626886063 487502747 82307  
  1626886064 487502747 82307  
  1626886065 487502747 82307  
  1626886066 487502747 82307  
  1626886067 487502747 82307  
  1626886068 487502747 82307  
  1626886069 487502747 82307  
  1626886070 487502747 82307  
  1626886071 487502747 82307  
  1626886072 487502747 82307  
  1626886073 487502747 82307  
  1626886074 487502747 82307  
  1626886075 487507056 82307  
  1626886076 487507380 82307  
  1626886077 487508088 82307  
  1626886078 487508088 82307  
  1626886079 487508088 82307  
  1626886080 487508088 82307  
  1626886081 487508088 82307  
  1626886082 487508088 82307  
  1626886083 487508088 82307  
  1626886085 487508328 82307  
  1626886086 487508328 82307  
  1626886087 487508328 82307  
  1626886088 487508328 82307  
  1626886089 487508328 82307  
  1626886090 487508328 82307  
  1626886091 487508328 82307  
  1626886092 487508328 82307  
  1626886093 487508328 82307  
  1626886094 487508328 82307  
  1626886095 487508328 82307  
  1626886096 487508328 82307  
  1626886097 487508328 82307  
  1626886098 487508328 82307  
  1626886099 487508328 82307  
  1626886100 487508328 82307  
  1626886101 487508328 82307  
  1626886102 487508328 82307  
  1626886103 487508328 82307  
  1626886104 487508328 82307  
  1626886105 487508328 82307  
  1626886106 487508328 82307  
  1626886107 487508328 82307  
  1626886108 487508328 82307  
  1626886109 487508328 82307  
  1626886110 487508328 82307  
  1626886111 487508328 82307  
  1626886112 487508328 82307  
  1626886113 487508328 82307  
  1626886114 487508328 82307  
  1626886115 487508328 82307  
  1626886116 487508328 82307  
  1626886117 487508328 82307  
  1626886118 487508328 82307  
  1626886119 487508328 82307  
  1626886120 487508328 82307  
 