 1626785145 460274256 0  
  1626785146 460274256 0  
  1626785147 460274256 0  
  1626785148 460274256 0  
  1626785149 460274256 0  
  1626785150 460274256 0  
  1626785151 460274256 0  
  1626785152 460274256 0  
  1626785153 460274256 0  
  1626785154 460274348 0  
  1626785155 460274348 0  
  1626785156 460274348 0  
  1626785157 460274348 0  
  1626785158 460274348 0  
  1626785159 460274348 0  
  1626785160 460274348 0  
  1626785161 460274348 0  
  1626785162 460274348 0  
  1626785163 460274348 0  
  1626785164 460274348 0  
  1626785165 460274348 0  
  1626785166 460274348 0  
  1626785167 460274348 0  
  1626785168 460274348 0  
  1626785169 460274348 0  
  1626785170 460274348 0  
  1626785171 460274348 0  
  1626785172 460274348 0  
  1626785173 460274348 0  
  1626785175 460274348 0  
  1626785176 460274348 0  
  1626785177 460274348 0  
  1626785178 460274348 0  
  1626785179 460274348 0  
  1626785180 460274348 0  
  1626785181 460274348 0  
  1626785182 460274348 0  
  1626785183 460274348 0  
  1626785184 460274440 0  
  1626785185 460274440 0  
  1626785186 460274440 0  
  1626785187 460274440 0  
  1626785188 460274440 0  
  1626785189 460274440 0  
  1626785190 460274440 0  
  1626785191 460274440 0  
  1626785192 460274440 0  
  1626785193 460274440 0  
  1626785194 460274440 0  
  1626785195 460274440 0  
  1626785196 460274440 0  
  1626785197 460274440 0  
  1626785198 460274440 0  
  1626785199 460274440 0  
  1626785200 460274440 0  
  1626785201 460274440 0  
  1626785202 460274440 0  
  1626785203 460274440 0  
  1626785204 460274440 0  
  1626785205 460274440 0  
  1626785206 460274440 0  
  1626785207 460274440 0  
  1626785208 460274440 0  
  1626785209 460274440 0  
  1626785210 460274440 0  
  1626785211 460274440 0  
  1626785212 460274440 0  
  1626785213 460274440 0  
  1626785215 460274440 0  
  1626785216 460274440 0  
  1626785217 460274440 0  
  1626785218 460274440 0  
  1626785219 460274440 0  
  1626785220 460274532 0  
  1626785221 460274532 0  
  1626785222 460274532 0  
  1626785223 460274532 0  
  1626785224 460274532 0  
  1626785225 460274532 0  
  1626785226 460274532 0  
  1626785227 460274532 0  
  1626785228 460274532 0  
  1626785229 460274532 0  
  1626785230 460274532 0  
  1626785231 460274532 0  
  1626785232 460274532 0  
  1626785233 460274532 0  
  1626785234 460274532 0  
  1626785235 460274532 0  
  1626785236 460274532 0  
  1626785237 460274532 0  
  1626785238 460274532 0  
  1626785239 460274532 0  
  1626785240 460274532 0  
  1626785241 460274532 0  
  1626785242 460274532 0  
  1626785243 460274532 0  
  1626785244 460274532 0  
  1626785245 460274532 0  
  1626785246 460274532 0  
  1626785247 460274532 0  
  1626785248 460274624 0  
  1626785249 460274624 0  
  1626785250 460274624 0  
  1626785251 460274624 0  
  1626785252 460274624 0  
  1626785254 460274624 0  
  1626785255 460274624 0  
  1626785256 460274624 0  
  1626785257 460274624 0  
  1626785258 460274624 0  
  1626785259 460274624 0  
  1626785260 460274624 0  
  1626785261 460274624 0  
  1626785262 460274624 0  
  1626785263 460274624 0  
  1626785264 460274624 0  
  1626785265 460274624 0  
  1626785266 460275220 0  
  1626785267 460275220 0  
  1626785268 460275220 0  
  1626785269 460275220 0  
  1626785270 460275220 0  
  1626785271 460275220 0  
  1626785272 460279529 0  
  1626785273 460279853 0  
  1626785274 460279853 0  
  1626785275 460280493 0  
  1626785276 460280493 0  
  1626785277 460280493 0  
  1626785278 460280493 0  
  1626785279 460280493 0  
  1626785280 460280493 0  
  1626785281 460280493 0  
  1626785282 460280493 0  
  1626785283 460280493 0  
  1626785284 460280585 0  
  1626785285 460280585 0  
  1626785286 460280585 0  
  1626785287 460280585 0  
  1626785288 460280585 0  
  1626785289 460280585 0  
  1626785290 460280585 0  
  1626785291 460280585 0  
  1626785292 460280585 0  
  1626785294 460280585 0  
  1626785295 460280585 0  
  1626785296 460280585 0  
  1626785297 460280585 0  
  1626785298 460280585 0  
  1626785299 460280585 0  
  1626785300 460280585 0  
  1626785301 460280585 0  
  1626785302 460280585 0  
  1626785303 460280585 0  
  1626785304 460280585 0  
  1626785305 460280585 0  
  1626785306 460280585 0  
  1626785307 460280585 0  
  1626785308 460280585 0  
  1626785309 460280585 0  
  1626785310 460280585 0  
  1626785311 460280585 0  
  1626785312 460280585 0  
  1626785313 460280585 0  
  1626785314 460280585 0  
  1626785315 460280585 0  
  1626785316 460280585 0  
  1626785317 460280585 0  
  1626785318 460280585 0  
  1626785319 460280585 0  
  1626785320 460280585 0  
  1626785321 460280585 0  
  1626785322 460280585 0  
  1626785323 460280585 0  
  1626785324 460280585 0  
  1626785325 460280585 0  
  1626785326 460280585 0  
  1626785327 460280585 0  
  1626785328 460280585 0  
  1626785329 460280585 0  
  1626785330 460280585 0  
  1626785332 460280667 0  
  1626785333 460280667 0  
  1626785334 460280667 0  
  1626785335 460280667 0  
  1626785336 460280667 0  
  1626785337 460280667 0  
  1626785338 460280667 0  
  1626785339 460280667 0  
  1626785340 460280667 0  
  1626785341 460280667 0  
  1626785342 460280667 0  
  1626785343 460280667 0  
  1626785344 460280667 0  
  1626785345 460280667 0  
  1626785346 460280667 0  
  1626785347 460280667 0  
  1626785348 460280667 0  
  1626785349 460280759 0  
  1626785350 460280759 0  
  1626785351 460280759 0  
  1626785352 460280759 0  
  1626785353 460280759 0  
  1626785354 460280759 0  
  1626785355 460280759 0  
  1626785356 460280759 0  
  1626785357 460280759 0  
  1626785358 460280759 0  
  1626785359 460280759 0  
  1626785360 460280759 0  
  1626785361 460280759 0  
  1626785362 460280759 0  
  1626785363 460280759 0  
  1626785364 460280759 0  
  1626785365 460280759 0  
  1626785366 460280759 0  
  1626785367 460280759 0  
  1626785368 460280759 0  
  1626785369 460280759 0  
  1626785371 460280759 0  
  1626785372 460280759 0  
  1626785373 460280759 0  
  1626785374 460280759 0  
  1626785375 460280759 0  
  1626785376 460280759 0  
  1626785377 460280851 0  
  1626785378 460280851 0  
  1626785379 460280851 0  
  1626785380 460280851 0  
  1626785381 460280851 0  
  1626785382 460280851 0  
  1626785383 460280851 0  
  1626785384 460280851 0  
  1626785385 460280851 0  
  1626785386 460280851 0  
  1626785387 460280851 0  
  1626785388 460280851 0  
  1626785389 460280851 0  
  1626785390 460280851 0  
  1626785391 460280851 0  
  1626785392 460280851 0  
  1626785393 460280851 0  
  1626785394 460280851 0  
  1626785395 460280851 0  
  1626785396 460280851 0  
  1626785397 460280851 0  
  1626785398 460280851 0  
  1626785399 460280851 0  
  1626785400 460280851 0  
  1626785401 460280851 0  
  1626785402 460280851 0  
  1626785403 460280851 0  
  1626785404 460280851 0  
  1626785405 460280851 0  
  1626785406 460280851 0  
  1626785407 460280851 0  
  1626785408 460285160 0  
  1626785410 460285484 0  
  1626785411 460286124 0  
  1626785412 460286124 0  
  1626785413 460286124 0  
  1626785414 460286216 0  
  1626785415 460286216 0  
  1626785416 460286216 0  
  1626785417 460286216 0  
  1626785418 460286216 0  
  1626785419 460286216 0  
  1626785420 460286216 0  
  1626785421 460286216 0  
  1626785422 460286216 0  
  1626785423 460295090 0  
  1626785424 460300115 0  
  1626785425 460301531 0  
  1626785426 460302171 0  
  1626785427 460302171 0  
  1626785428 460302171 0  
  1626785429 460302171 0  
  1626785430 460302171 0  
  1626785431 460302171 0  
  1626785432 460302171 0  
  1626785433 460302171 0  
  1626785434 460302171 0  
  1626785435 460302171 0  
  1626785436 460302171 0  
  1626785437 460302171 0  
  1626785438 460302171 0  
  1626785439 460302171 0  
  1626785440 460302171 0  
  1626785441 460302171 0  
  1626785442 460302171 0  
  1626785443 460302528 0  
  1626785444 460302528 0  
  1626785445 460302528 0  
  1626785446 460302528 0  
  1626785447 460302528 0  
  1626785449 460302528 0  
  1626785450 460302528 0  
  1626785451 460302528 0  
  1626785452 460302528 0  
  1626785453 460302528 0  
  1626785454 460302528 0  
  1626785455 460302528 0  
  1626785456 460302528 0  
  1626785457 460302528 0  
  1626785458 460302528 0  
  1626785459 460302528 0  
  1626785460 460302528 0  
  1626785461 460302528 0  
  1626785462 460302528 0  
  1626785463 460302528 0  
  1626785464 460302528 0  
  1626785465 460303124 0  
  1626785466 460303124 0  
  1626785467 460303124 0  
  1626785468 460303124 0  
  1626785469 460303124 0  
  1626785470 460303124 0  
  1626785471 460303124 0  
  1626785472 460303124 0  
  1626785473 460303124 0  
  1626785474 460303124 0  
  1626785475 460303124 0  
  1626785476 460303124 0  
  1626785477 460303124 0  
  1626785478 460303216 0  
  1626785479 460303216 0  
  1626785480 460303216 0  
  1626785481 460303216 0  
  1626785482 460303216 0  
  1626785483 460303216 0  
  1626785484 460303216 0  
  1626785485 460303216 0  
  1626785486 460303216 0  
  1626785487 460303216 0  
  1626785489 460303216 0  
  1626785490 460303216 0  
  1626785491 460303216 0  
  1626785492 460303216 0  
  1626785493 460303216 0  
  1626785494 460303216 0  
  1626785495 460303216 0  
  1626785496 460303216 0  
  1626785497 460303216 0  
  1626785498 460303216 0  
  1626785499 460303216 0  
  1626785500 460303216 0  
  1626785501 460303216 0  
  1626785502 460303216 0  
  1626785503 460303216 0  
  1626785504 460303216 0  
  1626785505 460303216 0  
  1626785506 460303308 0  
  1626785507 460303308 0  
  1626785508 460303308 0  
  1626785509 460303308 0  
  1626785510 460303308 0  
  1626785511 460303308 0  
  1626785512 460303308 0  
  1626785513 460303308 0  
  1626785514 460303308 0  
  1626785515 460303308 0  
  1626785516 460303308 0  
  1626785517 460303308 0  
  1626785518 460303308 0  
  1626785519 460303308 0  
  1626785520 460303308 0  
  1626785521 460303308 0  
  1626785522 460303308 0  
  1626785523 460303308 0  
  1626785524 460303308 0  
  1626785525 460303308 0  
  1626785526 460303308 0  
  1626785527 460303308 0  
  1626785529 460303308 0  
  1626785530 460303308 0  
  1626785531 460303308 0  
  1626785532 460303308 0  
  1626785533 460303308 0  
  1626785534 460303308 0  
  1626785535 460303308 0  
  1626785536 460303308 0  
  1626785537 460303308 0  
  1626785538 460303308 0  
  1626785539 460303308 0  
  1626785540 460303308 0  
  1626785541 460303308 0  
  1626785542 460303308 0  
  1626785543 460303308 0  
  1626785544 460303400 0  
  1626785545 460303400 0  
  1626785546 460303400 0  
  1626785547 460303400 0  
  1626785548 460303400 0  
  1626785549 460303400 0  
  1626785550 460303400 0  
  1626785551 460303400 0  
  1626785552 460303400 0  
  1626785553 460303400 0  
  1626785554 460303400 0  
  1626785555 460303400 0  
  1626785556 460303400 0  
  1626785557 460303400 0  
  1626785558 460303400 0  
  1626785559 460303400 0  
  1626785560 460303400 0  
  1626785561 460303400 0  
  1626785562 460303400 0  
  1626785563 460303400 0  
  1626785564 460303400 0  
  1626785565 460303400 0  
  1626785566 460303400 0  
  1626785567 460303400 0  
  1626785569 460303400 0  
  1626785570 460303400 0  
  1626785571 460303400 0  
  1626785572 460307709 0  
  1626785573 460308033 0  
  1626785574 460308741 0  
  1626785575 460308741 0  
  1626785576 460308741 0  
  1626785577 460308741 0  
  1626785578 460308741 0  
  1626785579 460308741 0  
  1626785580 460308741 0  
  1626785581 460308741 0  
  1626785582 460308741 0  
  1626785583 460308741 0  
  1626785584 460308741 0  
  1626785585 460308741 0  
  1626785586 460308741 0  
  1626785587 460308741 0  
  1626785588 460308741 0  
  1626785589 460308741 0  
  1626785590 460308741 0  
  1626785591 460308741 0  
  1626785592 460308741 0  
  1626785593 460308741 0  
  1626785594 460308741 0  
  1626785595 460308741 0  
  1626785596 460308741 0  
  1626785597 460308741 0  
  1626785598 460308741 0  
  1626785599 460308741 0  
  1626785600 460308741 0  
  1626785601 460308741 0  
  1626785602 460308741 0  
  1626785603 460308741 0  
  1626785604 460308741 0  
  1626785605 460308741 0  
  1626785606 460308741 0  
  1626785607 460308741 0  
  1626785609 460308833 0  
  1626785610 460308833 0  
  1626785611 460308833 0  
  1626785612 460308833 0  
  1626785613 460308833 0  
  1626785614 460308833 0  
  1626785615 460308833 0  
  1626785616 460308833 0  
  1626785617 460308833 0  
  1626785618 460308833 0  
  1626785619 460308833 0  
  1626785620 460308833 0  
  1626785621 460308833 0  
  1626785622 460308833 0  
  1626785623 460308833 0  
  1626785624 460308833 0  
  1626785625 460308833 0  
  1626785626 460308833 0  
  1626785627 460308833 0  
  1626785628 460308833 0  
  1626785629 460308833 0  
  1626785630 460308833 0  
  1626785631 460308833 0  
  1626785632 460308833 0  
  1626785633 460308833 0  
  1626785634 460308833 0  
  1626785635 460308925 0  
  1626785636 460308925 0  
  1626785637 460308925 0  
  1626785638 460308925 0  
  1626785639 460308925 0  
  1626785640 460308925 0  
  1626785641 460308925 0  
  1626785642 460308925 0  
  1626785643 460308925 0  
  1626785644 460308925 0  
  1626785645 460308925 0  
  1626785646 460308925 0  
  1626785647 460308925 0  
  1626785649 460308925 0  
  1626785650 460308925 0  
  1626785651 460308925 0  
  1626785652 460308925 0  
  1626785653 460308925 0  
  1626785654 460308925 0  
  1626785655 460308925 0  
  1626785656 460308925 0  
  1626785657 460308925 0  
  1626785658 460308925 0  
  1626785659 460308925 0  
  1626785660 460308925 0  
  1626785661 460308925 0  
  1626785662 460308925 0  
  1626785663 460308925 0  
  1626785664 460308925 0  
  1626785665 460309521 0  
  1626785666 460309521 0  
  1626785667 460309521 0  
  1626785668 460309521 0  
  1626785669 460309521 0  
  1626785670 460309521 0  
  1626785671 460309521 0  
  1626785672 460309521 0  
  1626785673 460309613 0  
  1626785674 460309613 0  
  1626785675 460309613 0  
  1626785676 460309613 0  
  1626785677 460309613 0  
  1626785678 460309613 0  
  1626785679 460309613 0  
  1626785680 460309613 0  
  1626785681 460309613 0  
  1626785682 460309613 0  
  1626785683 460309613 0  
  1626785684 460309613 0  
  1626785685 460309613 0  
  1626785686 460309613 0  
  1626785687 460309613 0  
  1626785688 460309613 0  
  1626785690 460309613 0  
  1626785691 460309613 0  
  1626785692 460309613 0  
  1626785693 460309613 0  
  1626785694 460309613 0  
  1626785695 460309613 0  
  1626785696 460309613 0  
  1626785697 460309613 0  
  1626785698 460309613 0  
  1626785699 460309613 0  
  1626785700 460309613 0  
  1626785701 460309613 0  
  1626785702 460309613 0  
  1626785703 460309613 0  
  1626785704 460309613 0  
  1626785705 460309613 0  
  1626785706 460309613 0  
  1626785707 460309613 0  
  1626785708 460309613 0  
  1626785709 460313922 0  
  1626785710 460314246 0  
  1626785711 460314246 0  
  1626785712 460314954 0  
  1626785713 460314954 0  
  1626785714 460314954 0  
  1626785715 460314954 0  
  1626785716 460314954 0  
  1626785717 460314954 0  
  1626785718 460314954 0  
  1626785719 460314954 0  
  1626785720 460314954 0  
  1626785721 460314954 0  
  1626785722 460319263 0  
  1626785723 460324220 0  
  1626785724 460328853 0  
  1626785725 460330269 0  
  1626785726 460330977 0  
  1626785727 460330977 0  
  1626785729 460330977 0  
  1626785730 460330977 0  
  1626785731 460330977 0  
  1626785732 460330977 0  
  1626785733 460330977 0  
  1626785734 460330977 0  
  1626785735 460330977 0  
  1626785736 460330977 0  
  1626785737 460331125 0  
  1626785738 460331217 0  
  1626785739 460331217 0  
  1626785740 460331217 0  
  1626785741 460331217 0  
  1626785742 460331217 0  
  1626785743 460332798 0  
  1626785744 460332798 0  
  1626785745 460332798 0  
  1626785746 460332798 0  
  1626785747 460332798 0  
  1626785748 460332798 0  
  1626785749 460332798 0  
  1626785750 460332798 0  
  1626785751 460332798 0  
  1626785752 460332798 0  
  1626785753 460332798 0  
  1626785754 460332798 0  
  1626785755 460332798 0  
  1626785756 460332798 0  
  1626785757 460332798 0  
  1626785758 460332798 0  
  1626785759 460332798 0  
  1626785760 460332798 0  
  1626785761 460332798 0  
  1626785762 460332798 0  
  1626785763 460332798 0  
  1626785764 460332890 0  
  1626785765 460332890 0  
  1626785766 460332890 0  
  1626785767 460332890 0  
  1626785769 460332890 0  
  1626785770 460332890 0  
  1626785771 460332890 0  
  1626785772 460332890 0  
  1626785773 460332890 0  
  1626785774 460332890 0  
  1626785775 460332890 0  
  1626785776 460332890 0  
  1626785777 460332890 0  
  1626785778 460332890 0  
  1626785779 460332890 0  
 