 1627024803 512782890 39409  
  1627024804 512782890 39409  
  1627024805 512782890 39409  
  1627024806 512782890 39409  
  1627024807 512782890 39409  
  1627024808 512782890 39409  
  1627024809 512782890 39409  
  1627024810 512782890 39409  
  1627024811 512782890 39409  
  1627024812 512782890 39409  
  1627024813 512782890 39409  
  1627024814 512782890 39409  
  1627024815 512782890 39409  
  1627024816 512782890 39409  
  1627024817 512782890 39409  
  1627024818 512782890 39409  
  1627024819 512782890 39409  
  1627024820 512782890 39409  
  1627024821 512782890 39409  
  1627024822 512782890 39409  
  1627024823 512782890 39409  
  1627024824 512782890 39409  
  1627024825 512782890 39409  
  1627024826 512782890 39409  
  1627024827 512782890 39409  
  1627024828 512782890 39409  
  1627024830 512782890 39409  
  1627024831 512782890 39409  
  1627024832 512782890 39409  
  1627024833 512782890 39409  
  1627024834 512782890 39409  
  1627024835 512782890 39409  
  1627024836 512782890 39409  
  1627024837 512783247 39409  
  1627024838 512783247 39409  
  1627024839 512783247 39409  
  1627024840 512783247 39409  
  1627024841 512783247 39409  
  1627024842 512783247 39409  
  1627024843 512787556 39409  
  1627024844 512787880 39409  
  1627024845 512787880 39409  
  1627024846 512793221 39409  
  1627024847 512793221 39409  
  1627024848 512793929 39409  
  1627024849 512793929 39409  
  1627024850 512793929 39409  
  1627024851 512793929 39409  
  1627024852 512798562 39409  
  1627024853 512803195 39409  
  1627024854 512804611 39409  
  1627024855 512804611 39409  
  1627024856 512804611 39409  
  1627024857 512804611 39409  
  1627024858 512804611 39409  
  1627024859 512804611 39409  
  1627024860 512804611 39409  
  1627024861 512804611 39409  
  1627024862 512804611 39409  
  1627024863 512804611 39409  
  1627024864 512804611 39409  
  1627024865 512804611 39409  
  1627024866 512804611 39409  
  1627024867 512804611 39409  
  1627024868 512804611 39409  
  1627024870 512804611 39409  
  1627024871 512804611 39409  
  1627024872 512804611 39409  
  1627024873 512804611 39409  
  1627024874 512804703 39409  
  1627024875 512804703 39409  
  1627024876 512804703 39409  
  1627024877 512804703 39409  
  1627024878 512804703 39409  
  1627024879 512804703 39409  
  1627024880 512804703 39409  
  1627024881 512804703 39409  
  1627024882 512804703 39409  
  1627024883 512804703 39409  
  1627024884 512804703 39409  
  1627024885 512804703 39409  
  1627024886 512804703 39409  
  1627024887 512804703 39409  
  1627024888 512804703 39409  
  1627024889 512804703 39409  
  1627024890 512804703 39409  
  1627024891 512804703 39409  
  1627024892 512804703 39409  
  1627024893 512804703 39409  
  1627024894 512804703 39409  
  1627024895 512804703 39409  
  1627024896 512804703 39409  
  1627024897 512804703 39409  
  1627024898 512804703 39409  
  1627024899 512804703 39409  
  1627024900 512804703 39409  
  1627024901 512804703 39409  
  1627024902 512804703 39409  
  1627024903 512804703 39409  
  1627024904 512804703 39409  
  1627024905 512804703 39409  
  1627024906 512804703 39409  
  1627024907 512804703 39409  
  1627024908 512804703 39409  
  1627024910 512804703 39409  
  1627024911 512804703 39409  
  1627024912 512804703 39409  
  1627024913 512804703 39409  
  1627024914 512804703 39409  
  1627024915 512804703 39409  
  1627024916 512804703 39409  
  1627024917 512804703 39409  
  1627024918 512804703 39409  
  1627024919 512804703 39409  
  1627024920 512804703 39409  
  1627024921 512804703 39409  
  1627024922 512804703 39409  
  1627024923 512804703 39409  
  1627024924 512804703 39409  
  1627024925 512804703 39409  
  1627024926 512804703 39409  
  1627024927 512804703 39409  
  1627024928 512804703 39409  
  1627024929 512804703 39409  
  1627024930 512804703 39409  
  1627024931 512804703 39409  
  1627024932 512804703 39409  
  1627024933 512804703 39409  
  1627024934 512804703 39409  
  1627024935 512804703 39409  
  1627024936 512804703 39409  
  1627024937 512804703 39409  
  1627024938 512804703 39409  
  1627024939 512804703 39409  
  1627024940 512804703 39409  
  1627024941 512804703 39409  
  1627024942 512804703 39409  
  1627024943 512804703 39409  
  1627024944 512804703 39409  
  1627024945 512804703 39409  
  1627024946 512804703 39409  
  1627024947 512804703 39409  
  1627024948 512804703 39409  
  1627024949 512804703 39409  
  1627024951 512804703 39409  
  1627024952 512804703 39409  
  1627024953 512804703 39409  
  1627024954 512804703 39409  
  1627024955 512804703 39409  
  1627024956 512804703 39409  
  1627024957 512804703 39409  
  1627024958 512804703 39409  
  1627024959 512804703 39409  
  1627024960 512804703 39409  
  1627024961 512804703 39409  
  1627024962 512804703 39409  
  1627024963 512804703 39409  
  1627024964 512804703 39409  
  1627024965 512804703 39409  
  1627024966 512804703 39409  
  1627024967 512804703 39409  
  1627024968 512804703 39409  
  1627024969 512804703 39409  
  1627024970 512805299 39409  
  1627024971 512805299 39409  
  1627024972 512805299 39409  
  1627024973 512805299 39409  
  1627024974 512805299 39409  
  1627024975 512805299 39409  
  1627024976 512805299 39409  
  1627024977 512805299 39409  
  1627024978 512805299 39409  
  1627024979 512805299 39409  
  1627024980 512805299 39409  
  1627024981 512805299 39409  
  1627024982 512805299 39409  
  1627024983 512805299 39409  
  1627024984 512805299 39409  
  1627024985 512805299 39409  
  1627024986 512805299 39409  
  1627024987 512805299 39409  
  1627024988 512805299 39409  
  1627024989 512805299 39409  
  1627024991 512805299 39409  
  1627024992 512805299 39409  
  1627024993 512805299 39409  
  1627024994 512805299 39409  
  1627024995 512805299 39409  
  1627024996 512805299 39409  
  1627024997 512805299 39409  
  1627024998 512805299 39409  
  1627024999 512805391 39409  
  1627025000 512805391 39409  
  1627025001 512805391 39409  
  1627025002 512805391 39409  
  1627025003 512805391 39409  
  1627025004 512805391 39409  
  1627025005 512805391 39409  
  1627025006 512805391 39409  
  1627025007 512805391 39409  
  1627025008 512805391 39409  
  1627025009 512805391 39409  
  1627025010 512805391 39409  
  1627025011 512805391 39409  
  1627025012 512805391 39409  
  1627025013 512805391 39409  
  1627025014 512805391 39409  
  1627025015 512805391 39409  
  1627025016 512805391 39409  
  1627025017 512805391 39409  
  1627025018 512805391 39409  
  1627025019 512809700 39409  
  1627025020 512810024 39409  
  1627025021 512810732 39409  
  1627025022 512810732 39409  
  1627025023 512810732 39409  
  1627025024 512810732 39409  
  1627025025 512810732 39409  
  1627025026 512810732 39409  
  1627025027 512810732 39409  
  1627025028 512810732 39409  
  1627025029 512810732 39409  
  1627025031 512810732 39409  
  1627025032 512810732 39409  
  1627025033 512810732 39409  
  1627025034 512810732 39409  
  1627025035 512810732 39409  
  1627025036 512810732 39409  
  1627025037 512810732 39409  
  1627025038 512810732 39409  
  1627025039 512810732 39409  
  1627025040 512810732 39409  
  1627025041 512810732 39409  
  1627025042 512810732 39409  
  1627025043 512810732 39409  
  1627025044 512810732 39409  
  1627025045 512810732 39409  
  1627025046 512810732 39409  
  1627025047 512810732 39409  
  1627025048 512810732 39409  
  1627025049 512810732 39409  
  1627025050 512810732 39409  
  1627025051 512810732 39409  
  1627025052 512810732 39409  
  1627025053 512810732 39409  
  1627025054 512810732 39409  
  1627025055 512810732 39409  
  1627025056 512810732 39409  
  1627025057 512810732 39409  
  1627025058 512810732 39409  
  1627025059 512810732 39409  
  1627025060 512810732 39409  
  1627025061 512810732 39409  
  1627025062 512810732 39409  
  1627025063 512810732 39409  
  1627025064 512810732 39409  
  1627025065 512810732 39409  
  1627025066 512810732 39409  
  1627025067 512810732 39409  
  1627025068 512810732 39409  
  1627025069 512810732 39409  
  1627025071 512810732 39409  
  1627025072 512810732 39409  
  1627025073 512810732 39409  
  1627025074 512810732 39409  
  1627025075 512810732 39409  
  1627025076 512810732 39409  
  1627025077 512810732 39409  
  1627025078 512810732 39409  
  1627025079 512810732 39409  
  1627025080 512810732 39409  
  1627025081 512810732 39409  
  1627025082 512810732 39409  
  1627025083 512810732 39409  
  1627025084 512810732 39409  
  1627025085 512810732 39409  
  1627025086 512810732 39409  
  1627025087 512810732 39409  
  1627025088 512810732 39409  
  1627025089 512810732 39409  
  1627025090 512810732 39409  
  1627025091 512810732 39409  
  1627025092 512810732 39409  
  1627025093 512810732 39409  
  1627025094 512810732 39409  
  1627025095 512810732 39409  
  1627025096 512810732 39409  
  1627025097 512810732 39409  
  1627025098 512810732 39409  
  1627025099 512810732 39409  
  1627025100 512810732 39409  
  1627025101 512810732 39409  
  1627025102 512810732 39409  
  1627025103 512810732 39409  
  1627025104 512810732 39409  
  1627025105 512810732 39409  
  1627025106 512810732 39409  
  1627025107 512810732 39409  
  1627025108 512810732 39409  
  1627025110 512810732 39409  
  1627025111 512810732 39409  
  1627025112 512810732 39409  
  1627025113 512810732 39409  
  1627025114 512810732 39409  
  1627025115 512810732 39409  
  1627025116 512810732 39409  
  1627025117 512810732 39409  
  1627025118 512810732 39409  
  1627025119 512810732 39409  
  1627025120 512810732 39409  
  1627025121 512810732 39409  
  1627025122 512810732 39409  
  1627025123 512810732 39409  
  1627025124 512810732 39409  
  1627025125 512810732 39409  
 