 1626783553 463594230 0  
  1626783554 463594230 0  
  1626783555 463594230 0  
  1626783556 463594230 0  
  1626783557 463594230 0  
  1626783558 463594230 0  
  1626783559 463594230 0  
  1626783560 463594230 0  
  1626783561 463594230 0  
  1626783562 463594230 0  
  1626783563 463594230 0  
  1626783564 463594230 0  
  1626783565 463594230 0  
  1626783566 463594230 0  
  1626783567 463594230 0  
  1626783568 463594230 0  
  1626783569 463594230 0  
  1626783570 463594230 0  
  1626783571 463594230 0  
  1626783572 463594230 0  
  1626783573 463594230 0  
  1626783574 463594230 0  
  1626783575 463594230 0  
  1626783576 463594230 0  
  1626783577 463594230 0  
  1626783578 463594230 0  
  1626783579 463594230 0  
  1626783580 463594230 0  
  1626783581 463594322 0  
  1626783582 463594322 0  
  1626783583 463594322 0  
  1626783584 463594322 0  
  1626783585 463594322 0  
  1626783586 463594322 0  
  1626783587 463594322 0  
  1626783589 463594322 0  
  1626783590 463594322 0  
  1626783591 463594322 0  
  1626783592 463594322 0  
  1626783593 463594322 0  
  1626783594 463594322 0  
  1626783595 463594414 0  
  1626783596 463594414 0  
  1626783597 463594414 0  
  1626783598 463594414 0  
  1626783599 463594752 0  
  1626783600 463594752 0  
  1626783601 463594752 0  
  1626783602 463594752 0  
  1626783603 463594752 0  
  1626783604 463594752 0  
  1626783605 463594752 0  
  1626783606 463594752 0  
  1626783607 463596629 0  
  1626783608 463599385 0  
  1626783609 463599385 0  
  1626783610 463600093 0  
  1626783611 463600093 0  
  1626783612 463600093 0  
  1626783613 463600093 0  
  1626783614 463600093 0  
  1626783615 463600093 0  
  1626783616 463600093 0  
  1626783617 463600093 0  
  1626783618 463600093 0  
  1626783619 463601854 0  
  1626783620 463604726 0  
  1626783621 463610067 0  
  1626783622 463612964 0  
  1626783623 463615408 0  
  1626783624 463616116 0  
  1626783625 463616116 0  
  1626783626 463616116 0  
  1626783628 463616116 0  
  1626783629 463616116 0  
  1626783630 463616116 0  
  1626783631 463616116 0  
  1626783632 463616116 0  
  1626783633 463616116 0  
  1626783634 463616116 0  
  1626783635 463616116 0  
  1626783636 463616116 0  
  1626783637 463616116 0  
  1626783638 463616116 0  
  1626783639 463616116 0  
  1626783640 463616473 0  
  1626783641 463616473 0  
  1626783642 463616473 0  
  1626783643 463616473 0  
  1626783644 463616473 0  
  1626783645 463616473 0  
  1626783646 463616565 0  
  1626783647 463616565 0  
  1626783648 463616565 0  
  1626783649 463616565 0  
  1626783650 463616565 0  
  1626783651 463616565 0  
  1626783652 463616565 0  
  1626783653 463616565 0  
  1626783654 463616565 0  
  1626783655 463616565 0  
  1626783656 463616565 0  
  1626783657 463616565 0  
  1626783658 463616565 0  
  1626783659 463616657 0  
  1626783660 463616657 0  
  1626783661 463616657 0  
  1626783662 463616657 0  
  1626783663 463616657 0  
  1626783664 463616657 0  
  1626783665 463617253 0  
  1626783666 463617253 0  
  1626783668 463617253 0  
  1626783669 463617253 0  
  1626783670 463617253 0  
  1626783671 463617253 0  
  1626783672 463617253 0  
  1626783673 463617253 0  
  1626783674 463617253 0  
  1626783675 463617253 0  
  1626783676 463617253 0  
  1626783677 463617253 0  
  1626783678 463617253 0  
  1626783679 463617253 0  
  1626783680 463617253 0  
  1626783681 463617253 0  
  1626783682 463617253 0  
  1626783683 463617253 0  
  1626783684 463617253 0  
  1626783685 463617253 0  
  1626783686 463617253 0  
  1626783687 463617253 0  
  1626783688 463617253 0  
  1626783689 463617253 0  
  1626783690 463617253 0  
  1626783691 463617253 0  
  1626783692 463617253 0  
  1626783693 463617253 0  
  1626783694 463617253 0  
  1626783695 463617253 0  
  1626783696 463617253 0  
  1626783697 463617253 0  
  1626783698 463617253 0  
  1626783699 463617253 0  
  1626783700 463617253 0  
  1626783701 463617253 0  
  1626783702 463617253 0  
  1626783703 463617253 0  
  1626783704 463617253 0  
  1626783705 463617253 0  
  1626783707 463617253 0  
  1626783708 463617253 0  
  1626783709 463617253 0  
  1626783710 463617253 0  
  1626783711 463617345 0  
  1626783712 463617345 0  
  1626783713 463617345 0  
  1626783714 463617345 0  
  1626783715 463617345 0  
  1626783716 463617345 0  
  1626783717 463617345 0  
  1626783718 463617345 0  
  1626783719 463617345 0  
  1626783720 463617345 0  
  1626783721 463617345 0  
  1626783722 463617345 0  
  1626783723 463617345 0  
  1626783724 463617437 0  
  1626783725 463617437 0  
  1626783726 463617437 0  
  1626783727 463617437 0  
  1626783728 463617437 0  
  1626783729 463617437 0  
  1626783730 463617437 0  
  1626783731 463617437 0  
  1626783732 463617437 0  
  1626783733 463617437 0  
  1626783734 463617437 0  
  1626783735 463617437 0  
  1626783736 463617437 0  
  1626783737 463617437 0  
  1626783738 463617437 0  
  1626783739 463617437 0  
  1626783740 463617437 0  
  1626783741 463617437 0  
  1626783742 463617437 0  
  1626783743 463617437 0  
  1626783744 463617437 0  
  1626783745 463617437 0  
  1626783747 463617437 0  
  1626783748 463617437 0  
  1626783749 463617775 0  
  1626783750 463617775 0  
  1626783751 463617775 0  
  1626783752 463617775 0  
  1626783753 463617775 0  
  1626783754 463617775 0  
  1626783755 463617775 0  
  1626783756 463617775 0  
  1626783757 463617775 0  
  1626783758 463617775 0  
  1626783759 463617775 0  
  1626783760 463617775 0  
  1626783761 463617775 0  
  1626783762 463617775 0  
  1626783763 463617775 0  
  1626783764 463617775 0  
  1626783765 463617775 0  
  1626783766 463617775 0  
  1626783767 463617775 0  
  1626783768 463617775 0  
  1626783769 463622084 0  
  1626783770 463622408 0  
  1626783771 463623116 0  
  1626783772 463623116 0  
  1626783773 463623116 0  
  1626783774 463623208 0  
  1626783775 463623208 0  
  1626783776 463623208 0  
  1626783777 463623208 0  
  1626783778 463623208 0  
  1626783779 463623208 0  
  1626783780 463623208 0  
  1626783781 463623208 0  
  1626783782 463623208 0  
  1626783783 463623208 0  
  1626783784 463623208 0  
  1626783786 463623208 0  
  1626783787 463623208 0  
  1626783788 463623208 0  
  1626783789 463623208 0  
  1626783790 463623300 0  
  1626783791 463623300 0  
  1626783792 463623300 0  
  1626783793 463623300 0  
  1626783794 463623300 0  
  1626783795 463623300 0  
  1626783796 463623300 0  
  1626783797 463623300 0  
  1626783798 463623300 0  
  1626783799 463623300 0  
  1626783800 463623300 0  
  1626783801 463623300 0  
  1626783802 463623300 0  
  1626783803 463623300 0  
  1626783804 463623300 0  
  1626783805 463623300 0  
  1626783806 463623300 0  
  1626783807 463623300 0  
  1626783808 463623300 0  
  1626783809 463623300 0  
  1626783810 463623300 0  
  1626783811 463623300 0  
  1626783812 463623300 0  
  1626783813 463623300 0  
  1626783814 463623300 0  
  1626783815 463623300 0  
  1626783816 463623300 0  
  1626783817 463623300 0  
  1626783818 463623300 0  
  1626783819 463623300 0  
  1626783820 463623300 0  
  1626783821 463623300 0  
  1626783822 463623300 0  
  1626783823 463623300 0  
  1626783824 463623300 0  
  1626783826 463623300 0  
  1626783827 463623300 0  
  1626783828 463623300 0  
  1626783829 463623300 0  
  1626783830 463623300 0  
  1626783831 463623300 0  
  1626783832 463623300 0  
  1626783833 463623300 0  
  1626783834 463623300 0  
  1626783835 463623300 0  
  1626783836 463623300 0  
  1626783837 463623300 0  
  1626783838 463623300 0  
  1626783839 463623300 0  
  1626783840 463623392 0  
  1626783841 463623392 0  
  1626783842 463623392 0  
  1626783843 463623392 0  
  1626783844 463623392 0  
  1626783845 463623392 0  
  1626783846 463623392 0  
  1626783847 463623392 0  
  1626783848 463623392 0  
  1626783849 463623392 0  
  1626783850 463623392 0  
  1626783851 463623392 0  
  1626783852 463623392 0  
  1626783853 463623392 0  
  1626783854 463623484 0  
  1626783855 463623484 0  
  1626783856 463623484 0  
  1626783857 463623484 0  
  1626783858 463623484 0  
  1626783859 463623484 0  
  1626783860 463623484 0  
  1626783861 463623484 0  
  1626783862 463623484 0  
  1626783863 463623484 0  
  1626783865 463623484 0  
  1626783866 463624080 0  
  1626783867 463624080 0  
  1626783868 463624080 0  
  1626783869 463624080 0  
  1626783870 463624080 0  
  1626783871 463624080 0  
  1626783872 463624080 0  
  1626783873 463624080 0  
  1626783874 463624080 0  
  1626783875 463624080 0  
  1626783876 463624080 0  
 