 1626888115 475449230 0  
  1626888117 475449230 0  
  1626888118 475449230 0  
  1626888119 475449230 0  
  1626888120 475449230 0  
  1626888121 475449230 0  
  1626888122 475449230 0  
  1626888123 475449230 0  
  1626888124 475449230 0  
  1626888125 475449230 0  
  1626888126 475449230 0  
  1626888127 475449230 0  
  1626888128 475449230 0  
  1626888129 475449230 0  
  1626888130 475449230 0  
  1626888131 475449230 0  
  1626888132 475449230 0  
  1626888133 475449230 0  
  1626888134 475449230 0  
  1626888135 475449230 0  
  1626888136 475449230 0  
  1626888137 475449230 0  
  1626888138 475449230 0  
  1626888139 475449230 0  
  1626888140 475449230 0  
  1626888141 475449230 0  
  1626888142 475449230 0  
  1626888143 475449230 0  
  1626888144 475449230 0  
  1626888145 475449230 0  
  1626888146 475449230 0  
  1626888147 475449230 0  
  1626888148 475449230 0  
  1626888149 475449230 0  
  1626888150 475449230 0  
  1626888151 475449230 0  
  1626888152 475449230 0  
  1626888153 475449230 0  
  1626888154 475449230 0  
  1626888155 475449230 0  
  1626888157 475449230 0  
  1626888158 475449230 0  
  1626888159 475449230 0  
  1626888160 475449230 0  
  1626888161 475449230 0  
  1626888162 475449230 0  
  1626888163 475449230 0  
  1626888164 475449230 0  
  1626888165 475449230 0  
  1626888166 475449230 0  
  1626888167 475449230 0  
  1626888168 475452127 0  
  1626888169 475453863 0  
  1626888170 475453863 0  
  1626888171 475454571 0  
  1626888172 475454571 0  
  1626888173 475454571 0  
  1626888174 475454571 0  
  1626888175 475454571 0  
  1626888176 475454571 0  
  1626888177 475454571 0  
  1626888178 475454571 0  
  1626888179 475454571 0  
  1626888180 475454571 0  
  1626888181 475454571 0  
  1626888182 475454571 0  
  1626888183 475454571 0  
  1626888184 475454571 0  
  1626888185 475454571 0  
  1626888186 475454571 0  
  1626888187 475454571 0  
  1626888188 475454571 0  
  1626888189 475454571 0  
  1626888190 475454571 0  
  1626888191 475454663 0  
  1626888192 475454663 0  
  1626888193 475454663 0  
  1626888194 475454663 0  
  1626888195 475454663 0  
  1626888197 475454663 0  
  1626888198 475454663 0  
  1626888199 475454663 0  
  1626888200 475454663 0  
  1626888201 475454663 0  
  1626888202 475454663 0  
  1626888203 475454663 0  
  1626888204 475454663 0  
  1626888205 475454663 0  
  1626888206 475454663 0  
  1626888207 475454663 0  
  1626888208 475454663 0  
  1626888209 475454663 0  
  1626888210 475454663 0  
  1626888211 475454663 0  
  1626888212 475454663 0  
  1626888213 475454663 0  
  1626888214 475454663 0  
  1626888215 475454663 0  
  1626888216 475454663 0  
  1626888217 475454663 0  
  1626888218 475454663 0  
  1626888219 475454663 0  
  1626888220 475454663 0  
  1626888221 475454663 0  
  1626888222 475454663 0  
  1626888223 475454663 0  
  1626888224 475454663 0  
  1626888225 475454663 0  
  1626888226 475454663 0  
  1626888227 475454663 0  
  1626888228 475454663 0  
  1626888229 475454663 0  
  1626888230 475454663 0  
  1626888231 475454663 0  
  1626888232 475454663 0  
  1626888233 475454663 0  
  1626888234 475454663 0  
  1626888236 475454663 0  
  1626888237 475454663 0  
  1626888238 475454663 0  
  1626888239 475454663 0  
  1626888240 475454663 0  
  1626888241 475454663 0  
  1626888242 475454663 0  
  1626888243 475454663 0  
  1626888244 475454663 0  
  1626888245 475454663 0  
  1626888246 475454663 0  
  1626888247 475454663 0  
  1626888248 475454663 0  
  1626888249 475454663 0  
  1626888250 475454663 0  
  1626888251 475454663 0  
  1626888252 475454663 0  
  1626888253 475454663 0  
  1626888254 475454663 0  
  1626888255 475454663 0  
  1626888256 475454663 0  
  1626888257 475454663 0  
  1626888258 475454663 0  
  1626888259 475454663 0  
  1626888260 475454663 0  
  1626888261 475454663 0  
  1626888262 475454663 0  
  1626888263 475454663 0  
  1626888264 475454663 0  
  1626888265 475454663 0  
  1626888266 475454663 0  
  1626888267 475454663 0  
  1626888268 475455259 0  
  1626888269 475455259 0  
  1626888270 475455259 0  
  1626888271 475455259 0  
  1626888272 475455259 0  
  1626888273 475455259 0  
  1626888274 475455259 0  
  1626888276 475455259 0  
  1626888277 475455259 0  
  1626888278 475455259 0  
  1626888279 475455259 0  
  1626888280 475455259 0  
  1626888281 475455259 0  
  1626888282 475455259 0  
  1626888283 475455259 0  
  1626888284 475455259 0  
  1626888285 475455259 0  
  1626888286 475455259 0  
  1626888287 475455259 0  
  1626888288 475455259 0  
  1626888289 475455259 0  
  1626888290 475455259 0  
  1626888291 475455259 0  
  1626888292 475455259 0  
  1626888293 475455259 0  
  1626888294 475455259 0  
  1626888295 475455259 0  
  1626888296 475455259 0  
  1626888297 475455259 0  
  1626888298 475455259 0  
  1626888299 475455259 0  
  1626888300 475455259 0  
  1626888301 475455259 0  
  1626888302 475455259 0  
  1626888303 475455259 0  
  1626888304 475455259 0  
  1626888305 475455259 0  
  1626888306 475455259 0  
  1626888307 475455259 0  
  1626888308 475455259 0  
  1626888309 475455259 0  
  1626888310 475455259 0  
  1626888311 475455259 0  
  1626888312 475455259 0  
  1626888313 475455259 0  
  1626888314 475455259 0  
  1626888316 475455259 0  
  1626888317 475455259 0  
  1626888318 475455259 0  
  1626888319 475455259 0  
  1626888320 475455259 0  
  1626888321 475455259 0  
  1626888322 475455259 0  
  1626888323 475455259 0  
  1626888324 475455259 0  
  1626888325 475455259 0  
  1626888326 475455259 0  
  1626888327 475455259 0  
  1626888328 475455259 0  
  1626888329 475455259 0  
  1626888330 475455259 0  
  1626888331 475455616 0  
  1626888332 475455616 0  
  1626888333 475455616 0  
  1626888334 475455616 0  
  1626888335 475455616 0  
  1626888336 475455616 0  
  1626888337 475455616 0  
  1626888338 475459925 0  
  1626888339 475460249 0  
  1626888340 475460957 0  
  1626888341 475460957 0  
  1626888342 475463854 0  
  1626888343 475465590 0  
  1626888344 475466162 0  
  1626888345 475466162 0  
  1626888346 475466162 0  
  1626888347 475475428 0  
  1626888348 475475428 0  
  1626888349 475476776 0  
  1626888350 475476776 0  
  1626888351 475476776 0  
  1626888352 475476868 0  
  1626888353 475476868 0  
  1626888355 475476868 0  
  1626888356 475476868 0  
  1626888357 475476868 0  
  1626888358 475476868 0  
  1626888359 475476868 0  
  1626888360 475476868 0  
  1626888361 475476868 0  
  1626888362 475476868 0  
  1626888363 475476868 0  
  1626888364 475476868 0  
  1626888365 475476868 0  
  1626888366 475476868 0  
  1626888367 475476868 0  
  1626888368 475476868 0  
  1626888369 475476868 0  
  1626888370 475476868 0  
  1626888371 475476868 0  
  1626888372 475476868 0  
  1626888373 475476868 0  
  1626888374 475476868 0  
  1626888375 475476868 0  
  1626888376 475476868 0  
  1626888377 475476868 0  
  1626888378 475476868 0  
  1626888379 475476868 0  
  1626888380 475476868 0  
  1626888381 475476868 0  
  1626888382 475476868 0  
  1626888383 475476868 0  
  1626888384 475476868 0  
  1626888385 475476868 0  
  1626888386 475476868 0  
  1626888387 475476868 0  
  1626888388 475476868 0  
  1626888389 475476868 0  
  1626888390 475476868 0  
  1626888391 475476868 0  
  1626888392 475476868 0  
  1626888393 475476868 0  
  1626888395 475476868 0  
  1626888396 475476868 0  
  1626888397 475476868 0  
  1626888398 475476868 0  
  1626888399 475476868 0  
  1626888400 475476868 0  
  1626888401 475476868 0  
  1626888402 475476868 0  
  1626888403 475476868 0  
  1626888404 475476868 0  
  1626888405 475476868 0  
  1626888406 475476868 0  
  1626888407 475476868 0  
  1626888408 475476868 0  
  1626888409 475476868 0  
  1626888410 475476868 0  
  1626888411 475476868 0  
  1626888412 475476868 0  
  1626888413 475476868 0  
  1626888414 475476868 0  
  1626888415 475476868 0  
  1626888416 475476868 0  
  1626888417 475476868 0  
  1626888418 475476868 0  
  1626888419 475476868 0  
  1626888420 475476868 0  
  1626888421 475476868 0  
  1626888422 475476868 0  
  1626888423 475476868 0  
  1626888424 475476868 0  
  1626888425 475476868 0  
  1626888426 475476868 0  
  1626888427 475476868 0  
  1626888428 475476868 0  
  1626888429 475476868 0  
  1626888430 475476868 0  
  1626888431 475476868 0  
  1626888432 475476868 0  
  1626888434 475476868 0  
  1626888435 475476868 0  
  1626888436 475476868 0  
  1626888437 475476868 0  
  1626888438 475476868 0  
 