 1626772259 465969584 82307  
  1626772260 465969584 82307  
  1626772261 465969584 82307  
  1626772262 465969584 82307  
  1626772263 465969584 82307  
  1626772264 465969584 82307  
  1626772265 465969584 82307  
  1626772266 465969584 82307  
  1626772267 465969676 82307  
  1626772268 465969676 82307  
  1626772269 465969676 82307  
  1626772270 465969676 82307  
  1626772271 465969676 82307  
  1626772272 465969768 82307  
  1626772273 465969768 82307  
  1626772274 465969768 82307  
  1626772275 465969768 82307  
  1626772276 465969768 82307  
  1626772277 465969768 82307  
  1626772278 465969768 82307  
  1626772279 465969768 82307  
  1626772280 465969768 82307  
  1626772281 465969768 82307  
  1626772282 465969768 82307  
  1626772283 465969768 82307  
  1626772284 465969768 82307  
  1626772285 465969768 82307  
  1626772286 465969768 82307  
  1626772287 465969768 82307  
  1626772288 465969768 82307  
  1626772289 465969768 82307  
  1626772290 465969768 82307  
  1626772291 465969768 82307  
  1626772292 465969768 82307  
  1626772293 465969768 82307  
  1626772295 465969768 82307  
  1626772296 465969768 82307  
  1626772297 465969768 82307  
  1626772298 465969768 82307  
  1626772299 465969860 82307  
  1626772300 465969860 82307  
  1626772301 465969860 82307  
  1626772302 465969860 82307  
  1626772303 465969860 82307  
  1626772304 465970198 82307  
  1626772305 465970198 82307  
  1626772306 465970198 82307  
  1626772307 465970198 82307  
  1626772308 465970198 82307  
  1626772309 465970198 82307  
  1626772310 465970198 82307  
  1626772311 465970198 82307  
  1626772312 465970198 82307  
  1626772313 465970198 82307  
  1626772314 465970198 82307  
  1626772315 465970198 82307  
  1626772316 465970198 82307  
  1626772317 465970198 82307  
  1626772318 465970198 82307  
  1626772319 465970198 82307  
  1626772320 465970198 82307  
  1626772321 465970198 82307  
  1626772322 465970198 82307  
  1626772323 465970198 82307  
  1626772324 465970198 82307  
  1626772325 465970198 82307  
  1626772326 465970198 82307  
  1626772327 465970198 82307  
  1626772328 465970198 82307  
  1626772329 465970198 82307  
  1626772330 465970198 82307  
  1626772331 465970290 82307  
  1626772332 465970290 82307  
  1626772334 465970290 82307  
  1626772335 465970290 82307  
  1626772336 465970290 82307  
  1626772337 465970290 82307  
  1626772338 465970290 82307  
  1626772339 465970290 82307  
  1626772340 465970290 82307  
  1626772341 465970290 82307  
  1626772342 465970290 82307  
  1626772343 465970290 82307  
  1626772344 465970290 82307  
  1626772345 465970290 82307  
  1626772346 465970628 82307  
  1626772347 465970628 82307  
  1626772348 465970628 82307  
  1626772349 465970628 82307  
  1626772350 465970628 82307  
  1626772351 465970628 82307  
  1626772352 465970628 82307  
  1626772353 465970628 82307  
  1626772354 465970628 82307  
  1626772355 465970628 82307  
  1626772356 465970628 82307  
  1626772357 465970628 82307  
  1626772358 465970628 82307  
  1626772359 465970628 82307  
  1626772360 465970628 82307  
  1626772361 465970628 82307  
  1626772362 465970628 82307  
  1626772363 465970720 82307  
  1626772364 465970720 82307  
  1626772365 465971316 82307  
  1626772366 465971316 82307  
  1626772367 465971316 82307  
  1626772368 465971316 82307  
  1626772369 465971316 82307  
  1626772370 465975625 82307  
  1626772371 465975949 82307  
  1626772372 465976657 82307  
  1626772374 465976657 82307  
  1626772375 465976657 82307  
  1626772376 465976657 82307  
  1626772377 465976657 82307  
  1626772378 465976657 82307  
  1626772379 465976657 82307  
  1626772380 465976657 82307  
  1626772381 465976657 82307  
  1626772382 465976657 82307  
  1626772383 465976657 82307  
  1626772384 465976657 82307  
  1626772385 465976657 82307  
  1626772386 465976657 82307  
  1626772387 465976657 82307  
  1626772388 465976657 82307  
  1626772389 465976657 82307  
  1626772390 465976657 82307  
  1626772391 465976657 82307  
  1626772392 465976657 82307  
  1626772393 465976657 82307  
  1626772394 465976657 82307  
  1626772395 465976657 82307  
  1626772396 465976749 82307  
  1626772397 465976749 82307  
  1626772398 465976749 82307  
  1626772399 465976749 82307  
  1626772400 465976749 82307  
  1626772401 465976749 82307  
  1626772402 465976749 82307  
  1626772403 465976841 82307  
  1626772404 465976841 82307  
  1626772405 465976841 82307  
  1626772406 465976841 82307  
  1626772407 465976841 82307  
  1626772408 465976841 82307  
  1626772409 465976841 82307  
  1626772410 465976841 82307  
  1626772411 465976841 82307  
  1626772413 465976841 82307  
  1626772414 465976841 82307  
  1626772415 465976841 82307  
  1626772416 465976841 82307  
  1626772417 465976841 82307  
  1626772418 465976841 82307  
  1626772419 465976841 82307  
  1626772420 465976841 82307  
  1626772421 465976841 82307  
  1626772422 465976841 82307  
  1626772423 465976841 82307  
  1626772424 465976841 82307  
  1626772425 465976841 82307  
  1626772426 465976841 82307  
  1626772427 465976841 82307  
  1626772428 465976841 82307  
  1626772429 465976933 82307  
  1626772430 465976933 82307  
  1626772431 465976933 82307  
  1626772432 465976933 82307  
  1626772433 465976933 82307  
  1626772434 465976933 82307  
  1626772435 465976933 82307  
  1626772436 465976933 82307  
  1626772437 465976933 82307  
  1626772438 465976933 82307  
  1626772439 465976933 82307  
  1626772440 465976933 82307  
  1626772441 465976933 82307  
  1626772442 465976933 82307  
  1626772443 465976933 82307  
  1626772444 465976933 82307  
  1626772445 465976933 82307  
  1626772446 465976933 82307  
  1626772447 465976933 82307  
  1626772448 465976933 82307  
  1626772449 465976933 82307  
  1626772450 465976933 82307  
  1626772451 465976933 82307  
  1626772453 465976933 82307  
  1626772454 465976933 82307  
  1626772455 465976933 82307  
  1626772456 465976933 82307  
  1626772457 465976933 82307  
  1626772458 465976933 82307  
  1626772459 465976933 82307  
  1626772460 465976933 82307  
  1626772461 465977025 82307  
  1626772462 465977025 82307  
  1626772463 465977025 82307  
  1626772464 465977025 82307  
  1626772465 465977025 82307  
  1626772466 465977025 82307  
  1626772467 465977025 82307  
  1626772468 465977025 82307  
  1626772469 465977025 82307  
  1626772470 465977025 82307  
  1626772471 465977025 82307  
  1626772472 465977025 82307  
  1626772473 465977025 82307  
  1626772474 465977025 82307  
  1626772475 465977025 82307  
  1626772476 465977025 82307  
  1626772477 465977025 82307  
  1626772478 465977025 82307  
  1626772479 465977025 82307  
  1626772480 465977025 82307  
  1626772481 465977025 82307  
  1626772482 465977025 82307  
  1626772483 465977025 82307  
  1626772484 465977025 82307  
  1626772485 465977025 82307  
  1626772486 465977025 82307  
  1626772487 465977025 82307  
  1626772488 465977025 82307  
  1626772489 465977025 82307  
  1626772490 465977025 82307  
  1626772492 465977025 82307  
  1626772493 465977025 82307  
  1626772494 465977117 82307  
  1626772495 465977117 82307  
  1626772496 465977455 82307  
  1626772497 465977455 82307  
  1626772498 465977455 82307  
  1626772499 465977455 82307  
  1626772500 465977455 82307  
  1626772501 465977455 82307  
  1626772502 465977455 82307  
  1626772503 465977455 82307  
  1626772504 465977455 82307  
  1626772505 465977455 82307  
  1626772506 465981764 82307  
  1626772507 465982088 82307  
  1626772508 465982796 82307  
  1626772509 465982796 82307  
  1626772510 465982796 82307  
  1626772511 465982796 82307  
  1626772512 465982796 82307  
  1626772513 465982796 82307  
  1626772514 465982796 82307  
  1626772515 465982796 82307  
  1626772516 465982796 82307  
  1626772517 465982796 82307  
  1626772518 465982796 82307  
  1626772519 465982796 82307  
  1626772520 465987105 82307  
  1626772521 465992062 82307  
  1626772522 465996695 82307  
  1626772523 465998111 82307  
  1626772524 465998819 82307  
  1626772525 465998911 82307  
  1626772526 465998911 82307  
  1626772527 465998911 82307  
  1626772528 465998911 82307  
  1626772529 465998911 82307  
  1626772531 465998911 82307  
  1626772532 465999003 82307  
  1626772533 465999003 82307  
  1626772534 465999003 82307  
  1626772535 465999003 82307  
  1626772536 465999003 82307  
  1626772537 465999003 82307  
  1626772538 465999003 82307  
  1626772539 465999003 82307  
  1626772540 465999360 82307  
  1626772541 465999360 82307  
  1626772542 465999360 82307  
  1626772543 465999360 82307  
  1626772544 465999360 82307  
  1626772545 465999360 82307  
  1626772546 465999360 82307  
  1626772547 465999360 82307  
  1626772548 465999360 82307  
  1626772549 465999360 82307  
  1626772550 465999360 82307  
  1626772551 465999360 82307  
  1626772552 465999360 82307  
  1626772553 465999360 82307  
  1626772554 465999360 82307  
  1626772555 465999360 82307  
  1626772556 465999360 82307  
  1626772557 465999360 82307  
  1626772558 465999452 82307  
  1626772559 465999452 82307  
  1626772560 465999452 82307  
  1626772561 465999452 82307  
  1626772562 465999452 82307  
  1626772563 465999452 82307  
  1626772564 465999452 82307  
  1626772565 466000048 82307  
  1626772566 466000048 82307  
  1626772567 466000048 82307  
  1626772568 466000048 82307  
  1626772570 466000048 82307  
  1626772571 466000048 82307  
  1626772572 466000048 82307  
  1626772573 466000048 82307  
  1626772574 466000048 82307  
  1626772575 466000048 82307  
  1626772576 466000048 82307  
  1626772577 466000048 82307  
  1626772578 466000048 82307  
  1626772579 466000048 82307  
  1626772580 466000048 82307  
  1626772581 466000048 82307  
  1626772582 466000048 82307  
  1626772583 466000048 82307  
  1626772584 466000048 82307  
  1626772585 466000048 82307  
  1626772586 466000048 82307  
  1626772587 466000048 82307  
  1626772588 466000048 82307  
  1626772589 466000048 82307  
  1626772590 466000140 82307  
  1626772591 466000140 82307  
  1626772592 466000140 82307  
  1626772593 466000140 82307  
  1626772594 466000140 82307  
  1626772595 466000140 82307  
  1626772596 466000140 82307  
  1626772597 466000140 82307  
  1626772598 466000140 82307  
  1626772599 466000140 82307  
  1626772600 466000140 82307  
  1626772601 466000140 82307  
 