 1626397802 409657782 0  
  1626397803 409657782 0  
  1626397804 409657782 0  
  1626397805 409657782 0  
  1626397806 409657782 0  
  1626397807 409657782 0  
  1626397809 409657782 0  
  1626397810 409657782 0  
  1626397811 409657782 0  
  1626397812 409657782 0  
  1626397813 409657782 0  
  1626397814 409657782 0  
  1626397815 409657782 0  
  1626397816 409657782 0  
  1626397817 409657782 0  
  1626397818 409657782 0  
  1626397819 409657782 0  
  1626397820 409657782 0  
  1626397821 409657782 0  
  1626397822 409657782 0  
  1626397823 409657782 0  
  1626397824 409657782 0  
  1626397825 409657782 0  
  1626397826 409657782 0  
  1626397827 409657782 0  
  1626397828 409657864 0  
  1626397829 409657864 0  
  1626397830 409657864 0  
  1626397831 409658221 0  
  1626397832 409658221 0  
  1626397833 409658221 0  
  1626397834 409658221 0  
  1626397835 409658221 0  
  1626397836 409658221 0  
  1626397837 409658221 0  
  1626397838 409658221 0  
  1626397839 409658221 0  
  1626397840 409658221 0  
  1626397841 409658221 0  
  1626397842 409658221 0  
  1626397843 409658221 0  
  1626397844 409658221 0  
  1626397845 409658221 0  
  1626397846 409658221 0  
  1626397848 409658221 0  
  1626397849 409658221 0  
  1626397850 409658221 0  
  1626397851 409658221 0  
  1626397852 409658221 0  
  1626397853 409658221 0  
  1626397854 409658221 0  
  1626397855 409658221 0  
  1626397856 409658221 0  
  1626397857 409658221 0  
  1626397858 409658221 0  
  1626397859 409658221 0  
  1626397860 409658221 0  
  1626397861 409658221 0  
  1626397862 409658221 0  
  1626397863 409658221 0  
  1626397864 409658221 0  
  1626397865 409658221 0  
  1626397866 409658221 0  
  1626397867 409658221 0  
  1626397868 409658221 0  
  1626397869 409658221 0  
  1626397870 409658221 0  
  1626397871 409658221 0  
  1626397872 409658221 0  
  1626397873 409658221 0  
  1626397874 409658221 0  
  1626397875 409658221 0  
  1626397876 409658221 0  
  1626397877 409658221 0  
  1626397878 409658221 0  
  1626397879 409658221 0  
  1626397880 409658221 0  
  1626397881 409658221 0  
  1626397882 409658221 0  
  1626397883 409658221 0  
  1626397884 409658221 0  
  1626397885 409658221 0  
  1626397886 409658221 0  
  1626397888 409658221 0  
  1626397889 409658221 0  
  1626397890 409658221 0  
  1626397891 409658313 0  
  1626397892 409658313 0  
  1626397893 409658313 0  
  1626397894 409658313 0  
  1626397895 409658313 0  
  1626397896 409658313 0  
  1626397897 409658313 0  
  1626397898 409658313 0  
  1626397899 409658313 0  
  1626397900 409658313 0  
  1626397901 409658313 0  
  1626397902 409658313 0  
  1626397903 409658313 0  
  1626397904 409658313 0  
  1626397905 409658313 0  
  1626397906 409658313 0  
  1626397907 409658313 0  
  1626397908 409658313 0  
  1626397909 409658313 0  
  1626397910 409658313 0  
  1626397911 409658313 0  
  1626397912 409658313 0  
  1626397913 409658313 0  
  1626397914 409658313 0  
  1626397915 409658313 0  
  1626397916 409658313 0  
  1626397917 409658313 0  
  1626397918 409658313 0  
  1626397919 409658313 0  
  1626397920 409658313 0  
  1626397921 409658313 0  
  1626397922 409658313 0  
  1626397923 409658313 0  
  1626397924 409658313 0  
  1626397925 409658313 0  
  1626397926 409658313 0  
  1626397928 409658313 0  
  1626397929 409658313 0  
  1626397930 409658313 0  
  1626397931 409658313 0  
  1626397932 409658313 0  
  1626397933 409658313 0  
  1626397934 409658313 0  
  1626397935 409658313 0  
  1626397936 409658313 0  
  1626397937 409658313 0  
  1626397938 409658313 0  
  1626397939 409658313 0  
  1626397940 409658313 0  
  1626397941 409658313 0  
  1626397942 409658313 0  
  1626397943 409658313 0  
  1626397944 409658313 0  
  1626397945 409658313 0  
  1626397946 409658313 0  
  1626397947 409658313 0  
  1626397948 409658651 0  
  1626397949 409658651 0  
  1626397950 409658651 0  
  1626397951 409658651 0  
  1626397952 409658651 0  
  1626397953 409658651 0  
  1626397954 409658651 0  
  1626397955 409658719 0  
  1626397956 409658719 0  
  1626397957 409658719 0  
  1626397958 409658719 0  
  1626397959 409658719 0  
  1626397960 409659315 0  
  1626397961 409665154 0  
  1626397962 409665478 0  
  1626397963 409666186 0  
  1626397964 409666186 0  
  1626397965 409666186 0  
  1626397966 409666186 0  
  1626397968 409666186 0  
  1626397969 409666186 0  
  1626397970 409666186 0  
  1626397971 409666186 0  
  1626397972 409666186 0  
  1626397973 409666186 0  
  1626397974 409666186 0  
  1626397975 409666186 0  
  1626397976 409666186 0  
  1626397977 409666186 0  
  1626397978 409666186 0  
  1626397979 409666186 0  
  1626397980 409666186 0  
  1626397981 409666186 0  
  1626397982 409666186 0  
  1626397983 409666186 0  
  1626397984 409666186 0  
  1626397985 409666186 0  
  1626397986 409666186 0  
  1626397987 409666186 0  
  1626397988 409666186 0  
  1626397989 409666186 0  
  1626397990 409666186 0  
  1626397991 409666186 0  
  1626397992 409666186 0  
  1626397993 409666186 0  
  1626397994 409666186 0  
  1626397995 409666186 0  
  1626397996 409666186 0  
  1626397997 409666186 0  
  1626397998 409666186 0  
  1626397999 409666186 0  
  1626398000 409666186 0  
  1626398001 409666186 0  
  1626398002 409666186 0  
  1626398003 409666186 0  
  1626398004 409666186 0  
  1626398005 409666186 0  
  1626398006 409666186 0  
  1626398008 409666186 0  
  1626398009 409666186 0  
  1626398010 409666186 0  
  1626398011 409666186 0  
  1626398012 409666186 0  
  1626398013 409666186 0  
  1626398014 409666186 0  
  1626398015 409666186 0  
  1626398016 409666186 0  
  1626398017 409666186 0  
  1626398018 409666186 0  
  1626398019 409666186 0  
  1626398020 409666186 0  
  1626398021 409666278 0  
  1626398022 409666278 0  
  1626398023 409666278 0  
  1626398024 409666278 0  
  1626398025 409666278 0  
  1626398026 409666278 0  
  1626398027 409666278 0  
  1626398028 409666278 0  
  1626398029 409666278 0  
  1626398030 409666278 0  
  1626398031 409666278 0  
  1626398032 409666278 0  
  1626398033 409666278 0  
  1626398034 409666278 0  
  1626398035 409666278 0  
  1626398036 409666278 0  
  1626398037 409666278 0  
  1626398038 409666278 0  
  1626398039 409666278 0  
  1626398040 409666278 0  
  1626398041 409666278 0  
  1626398042 409666278 0  
  1626398043 409666278 0  
  1626398044 409666278 0  
  1626398045 409666278 0  
  1626398046 409666278 0  
  1626398048 409666278 0  
  1626398049 409666278 0  
  1626398050 409666278 0  
  1626398051 409666278 0  
  1626398052 409666278 0  
  1626398053 409670587 0  
  1626398054 409670911 0  
  1626398055 409671619 0  
  1626398056 409671619 0  
  1626398057 409671619 0  
  1626398058 409671619 0  
  1626398059 409671619 0  
  1626398060 409671619 0  
  1626398061 409671619 0  
  1626398062 409671619 0  
  1626398063 409671619 0  
  1626398064 409671619 0  
  1626398065 409676252 0  
  1626398066 409680885 0  
  1626398067 409681593 0  
  1626398068 409682301 0  
  1626398069 409682301 0  
  1626398070 409682301 0  
  1626398071 409682301 0  
  1626398072 409682301 0  
  1626398073 409682301 0  
  1626398074 409682301 0  
  1626398075 409682301 0  
  1626398076 409682301 0  
  1626398077 409682301 0  
  1626398078 409682301 0  
  1626398079 409682301 0  
  1626398080 409682301 0  
  1626398081 409682301 0  
  1626398082 409682301 0  
  1626398083 409682301 0  
  1626398084 409682301 0  
  1626398085 409682301 0  
  1626398087 409682301 0  
  1626398088 409682301 0  
  1626398089 409682301 0  
  1626398090 409682301 0  
  1626398091 409682301 0  
  1626398092 409682301 0  
  1626398093 409682301 0  
  1626398094 409682301 0  
  1626398095 409686610 0  
  1626398096 409686934 0  
  1626398097 409686934 0  
  1626398098 409687980 0  
  1626398099 409687980 0  
  1626398100 409687980 0  
  1626398101 409687980 0  
  1626398102 409687980 0  
  1626398103 409687980 0  
  1626398104 409687980 0  
  1626398105 409687980 0  
  1626398106 409687980 0  
  1626398107 409687980 0  
  1626398108 409687980 0  
  1626398109 409687980 0  
  1626398110 409687980 0  
  1626398111 409687980 0  
  1626398112 409687980 0  
  1626398113 409687980 0  
  1626398114 409687980 0  
  1626398115 409687980 0  
  1626398116 409687980 0  
  1626398117 409687980 0  
  1626398118 409687980 0  
  1626398119 409687980 0  
  1626398120 409687980 0  
  1626398121 409687980 0  
  1626398122 409687980 0  
  1626398123 409687980 0  
  1626398124 409687980 0  
  1626398126 409687980 0  
  1626398127 409687980 0  
  1626398128 409687980 0  
  1626398129 409687980 0  
  1626398130 409687980 0  
  1626398131 409688337 0  
  1626398132 409688337 0  
  1626398133 409688337 0  
  1626398134 409688337 0  
  1626398135 409688337 0  
  1626398136 409688337 0  
  1626398137 409688337 0  
  1626398138 409688337 0  
  1626398139 409688337 0  
  1626398140 409688337 0  
  1626398141 409688337 0  
  1626398142 409688337 0  
  1626398143 409688337 0  
  1626398144 409688337 0  
  1626398145 409688337 0  
  1626398146 409688337 0  
  1626398147 409688337 0  
  1626398148 409688337 0  
  1626398149 409688429 0  
  1626398150 409688429 0  
  1626398151 409688429 0  
  1626398152 409688429 0  
  1626398153 409688429 0  
  1626398154 409688429 0  
  1626398155 409688429 0  
  1626398156 409688429 0  
  1626398157 409688429 0  
  1626398158 409688429 0  
  1626398159 409688429 0  
  1626398160 409689025 0  
  1626398161 409689025 0  
  1626398162 409689025 0  
  1626398163 409689025 0  
  1626398164 409689025 0  
  1626398166 409689025 0  
  1626398167 409689025 0  
  1626398168 409689025 0  
  1626398169 409689025 0  
  1626398170 409689025 0  
  1626398171 409689025 0  
  1626398172 409689025 0  
  1626398173 409689025 0  
  1626398174 409689025 0  
  1626398175 409689025 0  
  1626398176 409689025 0  
  1626398177 409689025 0  
  1626398178 409689025 0  
  1626398179 409689025 0  
  1626398180 409689025 0  
  1626398181 409689025 0  
  1626398182 409689025 0  
  1626398183 409689025 0  
  1626398184 409689025 0  
  1626398185 409689025 0  
  1626398186 409689025 0  
  1626398187 409689025 0  
  1626398188 409689025 0  
  1626398189 409689025 0  
  1626398190 409689025 0  
  1626398191 409689025 0  
  1626398192 409689025 0  
  1626398193 409689025 0  
  1626398194 409689025 0  
  1626398195 409689025 0  
  1626398196 409689025 0  
  1626398197 409689025 0  
  1626398198 409689025 0  
  1626398199 409689025 0  
  1626398200 409689025 0  
  1626398201 409689025 0  
  1626398202 409689025 0  
  1626398203 409689025 0  
  1626398205 409689025 0  
  1626398206 409689025 0  
  1626398207 409689025 0  
  1626398208 409689025 0  
  1626398209 409689025 0  
  1626398210 409689025 0  
  1626398211 409689025 0  
  1626398212 409689025 0  
  1626398213 409689025 0  
  1626398214 409689025 0  
  1626398215 409689025 0  
  1626398216 409689025 0  
  1626398217 409689025 0  
  1626398218 409689025 0  
  1626398219 409689025 0  
  1626398220 409689025 0  
  1626398221 409689025 0  
  1626398222 409689025 0  
  1626398223 409689025 0  
  1626398224 409689025 0  
  1626398225 409689025 0  
  1626398226 409689025 0  
  1626398227 409689025 0  
  1626398228 409689025 0  
  1626398229 409689025 0  
  1626398230 409689025 0  
  1626398231 409689025 0  
  1626398232 409689025 0  
  1626398233 409689025 0  
  1626398234 409689025 0  
  1626398235 409689025 0  
  1626398236 409689025 0  
  1626398237 409689025 0  
  1626398238 409689025 0  
  1626398239 409689025 0  
  1626398240 409689025 0  
  1626398241 409689025 0  
  1626398242 409689025 0  
  1626398244 409689025 0  
  1626398245 409689025 0  
  1626398246 409689025 0  
  1626398247 409689025 0  
  1626398248 409689363 0  
  1626398249 409689363 0  
  1626398250 409689363 0  
  1626398251 409689363 0  
  1626398252 409689363 0  
  1626398253 409689363 0  
  1626398254 409689363 0  
  1626398255 409689363 0  
  1626398256 409689363 0  
  1626398257 409689363 0  
  1626398258 409689363 0  
  1626398259 409689363 0  
  1626398260 409689363 0  
  1626398261 409689363 0  
  1626398262 409693672 0  
  1626398263 409693996 0  
  1626398264 409693996 0  
  1626398265 409694704 0  
  1626398266 409694704 0  
  1626398267 409694704 0  
  1626398268 409694704 0  
  1626398269 409694704 0  
  1626398270 409694704 0  
 