 1626773489 856440440 0  
  1626773490 856440440 0  
  1626773491 856440440 0  
  1626773492 856440440 0  
  1626773493 856440440 0  
  1626773494 856440440 0  
  1626773495 856440440 0  
  1626773496 856440440 0  
  1626773497 856440440 0  
  1626773498 856440440 0  
  1626773499 856440440 0  
  1626773500 856440440 0  
  1626773501 856440440 0  
  1626773502 856440440 0  
  1626773503 856440440 0  
  1626773504 856440440 0  
  1626773506 856440532 0  
  1626773507 856440532 0  
  1626773508 856440532 0  
  1626773509 856440532 0  
  1626773510 856440532 0  
  1626773511 856440532 0  
  1626773512 856440532 0  
  1626773513 856440532 0  
  1626773514 856440532 0  
  1626773515 856440532 0  
  1626773516 856440532 0  
  1626773517 856440532 0  
  1626773518 856440532 0  
  1626773519 856440532 0  
  1626773520 856440532 0  
  1626773521 856440532 0  
  1626773522 856440624 0  
  1626773523 856440624 0  
  1626773524 856440624 0  
  1626773525 856440624 0  
  1626773526 856440624 0  
  1626773527 856440624 0  
  1626773528 856440624 0  
  1626773529 856440624 0  
  1626773530 856440624 0  
  1626773531 856440624 0  
  1626773532 856440624 0  
  1626773533 856440624 0  
  1626773534 856440624 0  
  1626773535 856440624 0  
  1626773536 856440624 0  
  1626773537 856440624 0  
  1626773538 856440716 0  
  1626773539 856440716 0  
  1626773540 856440716 0  
  1626773541 856440716 0  
  1626773542 856440716 0  
  1626773543 856440716 0  
  1626773544 856440716 0  
  1626773546 856440716 0  
  1626773547 856440776 0  
  1626773548 856440776 0  
  1626773549 856440776 0  
  1626773550 856440776 0  
  1626773551 856440776 0  
  1626773552 856440776 0  
  1626773553 856440776 0  
  1626773554 856440868 0  
  1626773555 856440868 0  
  1626773556 856440868 0  
  1626773557 856440868 0  
  1626773558 856440868 0  
  1626773559 856440868 0  
  1626773560 856440868 0  
  1626773561 856440868 0  
  1626773562 856440868 0  
  1626773563 856440868 0  
  1626773564 856440868 0  
  1626773565 856445177 0  
  1626773566 856445501 0  
  1626773567 856446141 0  
  1626773568 856446209 0  
  1626773569 856446209 0  
  1626773570 856446301 0  
  1626773571 856446301 0  
  1626773572 856446393 0  
  1626773573 856446393 0  
  1626773574 856446393 0  
  1626773575 856446393 0  
  1626773576 856446393 0  
  1626773577 856446393 0  
  1626773578 856446393 0  
  1626773579 856446393 0  
  1626773580 856446393 0  
  1626773581 856446393 0  
  1626773582 856446393 0  
  1626773583 856446393 0  
  1626773584 856446393 0  
  1626773586 856446393 0  
  1626773587 856446485 0  
  1626773588 856446485 0  
  1626773589 856446485 0  
  1626773590 856446485 0  
  1626773591 856446485 0  
  1626773592 856446485 0  
  1626773593 856446485 0  
  1626773594 856446485 0  
  1626773595 856446485 0  
  1626773596 856446485 0  
  1626773597 856446485 0  
  1626773598 856446485 0  
  1626773599 856446485 0  
  1626773600 856446485 0  
  1626773601 856446485 0  
  1626773602 856446485 0  
  1626773603 856446485 0  
  1626773604 856446485 0  
  1626773605 856446485 0  
  1626773606 856446485 0  
  1626773607 856446485 0  
  1626773608 856446485 0  
  1626773609 856446485 0  
  1626773610 856446485 0  
  1626773611 856446485 0  
  1626773612 856446485 0  
  1626773613 856446485 0  
  1626773614 856446485 0  
  1626773615 856446485 0  
  1626773616 856446485 0  
  1626773617 856446485 0  
  1626773618 856446485 0  
  1626773619 856446577 0  
  1626773620 856446577 0  
  1626773621 856446577 0  
  1626773622 856446577 0  
  1626773623 856446577 0  
  1626773624 856446577 0  
  1626773626 856446577 0  
  1626773627 856446577 0  
  1626773628 856446577 0  
  1626773629 856446577 0  
  1626773630 856446577 0  
  1626773631 856446577 0  
  1626773632 856446577 0  
  1626773633 856446577 0  
  1626773634 856446577 0  
  1626773635 856446577 0  
  1626773636 856446577 0  
  1626773637 856446577 0  
  1626773638 856446577 0  
  1626773639 856446577 0  
  1626773640 856446577 0  
  1626773641 856446577 0  
  1626773642 856446577 0  
  1626773643 856446577 0  
  1626773644 856446577 0  
  1626773645 856446577 0  
  1626773646 856446577 0  
  1626773647 856446577 0  
  1626773648 856446577 0  
  1626773649 856446577 0  
  1626773650 856446577 0  
  1626773651 856446669 0  
  1626773652 856446669 0  
  1626773653 856446669 0  
  1626773654 856446669 0  
  1626773655 856446669 0  
  1626773656 856446669 0  
  1626773657 856446669 0  
  1626773658 856446669 0  
  1626773659 856446669 0  
  1626773660 856446669 0  
  1626773661 856446669 0  
  1626773662 856446669 0  
  1626773663 856446669 0  
  1626773664 856446669 0  
  1626773666 856447265 0  
  1626773667 856447265 0  
  1626773668 856447265 0  
  1626773669 856447265 0  
  1626773670 856447265 0  
  1626773671 856447265 0  
  1626773672 856447265 0  
  1626773673 856447265 0  
  1626773674 856447265 0  
  1626773675 856447265 0  
  1626773676 856447265 0  
  1626773677 856447265 0  
  1626773678 856447265 0  
  1626773679 856447265 0  
  1626773680 856447265 0  
  1626773681 856447265 0  
  1626773682 856447265 0  
  1626773683 856447265 0  
  1626773684 856447357 0  
  1626773685 856447357 0  
  1626773686 856447357 0  
  1626773687 856447357 0  
  1626773688 856447357 0  
  1626773689 856447357 0  
  1626773690 856447357 0  
  1626773691 856447357 0  
  1626773692 856447357 0  
  1626773693 856447357 0  
  1626773694 856447357 0  
  1626773695 856447357 0  
  1626773696 856447357 0  
  1626773697 856447357 0  
  1626773698 856447357 0  
  1626773699 856447357 0  
  1626773700 856447357 0  
  1626773701 856451758 0  
  1626773702 856452082 0  
  1626773703 856452790 0  
  1626773704 856452790 0  
  1626773705 856452790 0  
  1626773707 856452790 0  
  1626773708 856452790 0  
  1626773709 856452790 0  
  1626773710 856452790 0  
  1626773711 856452790 0  
  1626773712 856452790 0  
  1626773713 856452790 0  
  1626773714 856452790 0  
  1626773715 856452790 0  
  1626773716 856457099 0  
  1626773717 856459716 0  
  1626773718 856462856 0  
  1626773719 856468197 0  
  1626773720 856468197 0  
  1626773721 856468905 0  
  1626773722 856468905 0  
  1626773723 856468905 0  
  1626773724 856468905 0  
  1626773725 856468905 0  
  1626773726 856468905 0  
  1626773727 856468905 0  
  1626773728 856468905 0  
  1626773729 856468905 0  
  1626773730 856468905 0  
  1626773731 856468905 0  
  1626773732 856468905 0  
  1626773733 856468905 0  
  1626773734 856469262 0  
  1626773735 856469262 0  
  1626773736 856469262 0  
  1626773737 856469262 0  
  1626773738 856469262 0  
  1626773739 856469262 0  
  1626773740 856469262 0  
  1626773741 856469262 0  
  1626773742 856469262 0  
  1626773743 856469262 0  
  1626773744 856469262 0  
  1626773746 856469262 0  
  1626773747 856469262 0  
  1626773748 856469262 0  
  1626773749 856469354 0  
  1626773750 856469354 0  
  1626773751 856469354 0  
  1626773752 856469354 0  
  1626773753 856469354 0  
  1626773754 856469354 0  
  1626773755 856469354 0  
  1626773756 856469354 0  
  1626773757 856469354 0  
  1626773758 856469354 0  
  1626773759 856469354 0  
  1626773760 856469354 0  
  1626773761 856469354 0  
  1626773762 856469354 0  
  1626773763 856469354 0  
  1626773764 856469354 0  
  1626773765 856469354 0  
  1626773766 856469354 0  
  1626773767 856469354 0  
  1626773768 856469354 0  
  1626773769 856469354 0  
  1626773770 856469354 0  
  1626773771 856469354 0  
  1626773772 856469354 0  
  1626773773 856469354 0  
  1626773774 856469354 0  
  1626773775 856469354 0  
  1626773776 856469354 0  
  1626773777 856469354 0  
  1626773778 856469354 0  
  1626773779 856469354 0  
  1626773780 856469354 0  
  1626773781 856469446 0  
  1626773782 856469446 0  
  1626773783 856469446 0  
  1626773785 856469446 0  
  1626773786 856469446 0  
  1626773787 856469446 0  
  1626773788 856469446 0  
  1626773789 856469446 0  
  1626773790 856469446 0  
  1626773791 856469446 0  
  1626773792 856469446 0  
  1626773793 856469446 0  
  1626773794 856469446 0  
  1626773795 856469446 0  
  1626773796 856469446 0  
  1626773797 856469446 0  
  1626773798 856469446 0  
  1626773799 856469446 0  
  1626773800 856469446 0  
  1626773801 856469446 0  
  1626773802 856469446 0  
  1626773803 856469446 0  
  1626773804 856469446 0  
  1626773805 856469446 0  
  1626773806 856469446 0  
  1626773807 856469446 0  
  1626773808 856469446 0  
  1626773809 856469446 0  
  1626773810 856469446 0  
  1626773811 856469446 0  
  1626773812 856469446 0  
  1626773813 856469538 0  
  1626773814 856469538 0  
  1626773815 856469538 0  
  1626773816 856469538 0  
  1626773817 856469538 0  
  1626773818 856469538 0  
  1626773819 856469538 0  
  1626773820 856469538 0  
  1626773821 856469538 0  
  1626773822 856469538 0  
  1626773823 856469538 0  
  1626773825 856469538 0  
  1626773826 856469538 0  
  1626773827 856469538 0  
  1626773828 856469538 0  
  1626773829 856469538 0  
  1626773830 856469538 0  
  1626773831 856469630 0  
  1626773832 856469630 0  
  1626773833 856469630 0  
  1626773834 856469630 0  
  1626773835 856469630 0  
  1626773836 856469630 0  
  1626773837 856469630 0  
  1626773838 856469630 0  
  1626773839 856469630 0  
  1626773840 856469630 0  
  1626773841 856469630 0  
  1626773842 856469630 0  
  1626773843 856469630 0  
  1626773844 856469630 0  
  1626773845 856469630 0  
  1626773846 856469630 0  
  1626773847 856469630 0  
  1626773848 856469630 0  
  1626773849 856469630 0  
  1626773850 856469630 0  
  1626773851 856469630 0  
  1626773852 856469630 0  
  1626773853 856469630 0  
  1626773854 856469630 0  
  1626773855 856469630 0  
  1626773856 856469630 0  
  1626773857 856469630 0  
  1626773858 856469630 0  
  1626773859 856469630 0  
  1626773860 856469630 0  
  1626773861 856469630 0  
  1626773862 856469630 0  
  1626773863 856469630 0  
  1626773865 856474195 0  
  1626773866 856474859 0  
  1626773867 856475431 0  
  1626773868 856475431 0  
  1626773869 856475431 0  
  1626773870 856475431 0  
  1626773871 856475431 0  
  1626773872 856475431 0  
  1626773873 856475431 0  
  1626773874 856475431 0  
  1626773875 856475431 0  
  1626773876 856475431 0  
  1626773877 856475431 0  
  1626773878 856475431 0  
  1626773879 856475523 0  
  1626773880 856475523 0  
  1626773881 856475523 0  
  1626773882 856475523 0  
  1626773883 856475523 0  
  1626773884 856475523 0  
  1626773885 856475523 0  
  1626773886 856475523 0  
  1626773887 856475523 0  
  1626773888 856475523 0  
  1626773889 856475523 0  
  1626773890 856475523 0  
  1626773891 856475523 0  
  1626773892 856475523 0  
  1626773893 856475523 0  
  1626773894 856475523 0  
  1626773895 856475523 0  
  1626773896 856475523 0  
  1626773897 856475523 0  
  1626773898 856475523 0  
  1626773899 856475523 0  
  1626773900 856475523 0  
  1626773901 856475523 0  
  1626773902 856475523 0  
  1626773903 856475523 0  
  1626773905 856475523 0  
  1626773906 856475523 0  
  1626773907 856475523 0  
  1626773908 856475523 0  
  1626773909 856475523 0  
  1626773910 856475523 0  
  1626773911 856475523 0  
  1626773912 856475523 0  
  1626773913 856475523 0  
  1626773914 856475523 0  
  1626773915 856475523 0  
  1626773916 856475523 0  
  1626773917 856475523 0  
  1626773918 856475523 0  
  1626773919 856475523 0  
  1626773920 856475523 0  
  1626773921 856475523 0  
  1626773922 856475523 0  
  1626773923 856475523 0  
  1626773924 856475523 0  
  1626773925 856475523 0  
  1626773926 856475523 0  
  1626773927 856475523 0  
  1626773928 856475523 0  
  1626773929 856475523 0  
  1626773930 856475523 0  
  1626773931 856475523 0  
  1626773932 856475523 0  
  1626773933 856475523 0  
  1626773934 856475523 0  
  1626773935 856475523 0  
  1626773936 856475523 0  
  1626773937 856475523 0  
  1626773938 856475523 0  
  1626773939 856475523 0  
  1626773940 856475523 0  
  1626773941 856475523 0  
  1626773942 856475523 0  
  1626773943 856475615 0  
  1626773944 856475615 0  
  1626773946 856475615 0  
  1626773947 856475615 0  
  1626773948 856475615 0  
  1626773949 856475615 0  
  1626773950 856475615 0  
  1626773951 856475615 0  
  1626773952 856475615 0  
  1626773953 856475615 0  
  1626773954 856475615 0  
  1626773955 856475615 0  
  1626773956 856475615 0  
  1626773957 856475615 0  
  1626773958 856475615 0  
  1626773959 856475707 0  
  1626773960 856475707 0  
  1626773961 856475707 0  
  1626773962 856475707 0  
  1626773963 856475707 0  
  1626773964 856475707 0  
  1626773965 856475707 0  
  1626773966 856475707 0  
  1626773967 856475707 0  
  1626773968 856475707 0  
  1626773969 856475707 0  
  1626773970 856475707 0  
  1626773971 856475707 0  
  1626773972 856475707 0  
  1626773973 856475707 0  
  1626773974 856475707 0  
  1626773975 856475707 0  
  1626773976 856475707 0  
  1626773977 856475707 0  
  1626773978 856475707 0  
  1626773979 856475707 0  
  1626773980 856475707 0  
  1626773981 856475707 0  
  1626773982 856475707 0  
  1626773983 856475707 0  
  1626773984 856475707 0  
  1626773986 856475707 0  
  1626773987 856475707 0  
  1626773988 856475707 0  
  1626773989 856475707 0  
  1626773990 856475707 0  
  1626773991 856475707 0  
  1626773992 856475707 0  
  1626773993 856475707 0  
  1626773994 856475707 0  
  1626773995 856475707 0  
  1626773996 856475707 0  
  1626773997 856475707 0  
  1626773998 856475707 0  
  1626773999 856475707 0  
  1626774000 856475707 0  
  1626774001 856477584 0  
  1626774002 856480340 0  
  1626774003 856480340 0  
  1626774004 856481048 0  
  1626774005 856481048 0  
  1626774006 856481048 0  
  1626774007 856481048 0  
  1626774008 856481140 0  
  1626774009 856481140 0  
  1626774010 856481140 0  
  1626774011 856481140 0  
  1626774012 856481140 0  
  1626774013 856481140 0  
  1626774014 856481140 0  
  1626774015 856485449 0  
  1626774016 856485773 0  
  1626774017 856485773 0  
  1626774018 856492923 0  
  1626774019 856496319 0  
  1626774020 856497095 0  
  1626774021 856497095 0  
  1626774022 856497095 0  
  1626774023 856497095 0  
  1626774024 856497095 0  
  1626774026 856497095 0  
  1626774027 856497095 0  
  1626774028 856497095 0  
  1626774029 856497095 0  
  1626774030 856497095 0  
  1626774031 856497095 0  
  1626774032 856497095 0  
  1626774033 856497095 0  
  1626774034 856497452 0  
  1626774035 856497452 0  
  1626774036 856497452 0  
  1626774037 856497452 0  
  1626774038 856497452 0  
  1626774039 856497452 0  
  1626774040 856497452 0  
  1626774041 856497452 0  
  1626774042 856497452 0  
  1626774043 856497452 0  
  1626774044 856497452 0  
  1626774045 856497452 0  
  1626774046 856497452 0  
  1626774047 856497452 0  
  1626774048 856497452 0  
  1626774049 856497452 0  
  1626774050 856497452 0  
  1626774051 856497452 0  
  1626774052 856497452 0  
  1626774053 856497452 0  
  1626774054 856497452 0  
  1626774055 856497452 0  
  1626774056 856497452 0  
  1626774057 856497452 0  
  1626774058 856497452 0  
  1626774059 856497452 0  
  1626774060 856497452 0  
  1626774061 856497452 0  
  1626774062 856497452 0  
  1626774063 856497452 0  
  1626774064 856497452 0  
  1626774066 856498048 0  
  1626774067 856498048 0  
  1626774068 856498048 0  
  1626774069 856498048 0  
  1626774070 856498048 0  
  1626774071 856498048 0  
  1626774072 856498048 0  
  1626774073 856498048 0  
  1626774074 856498140 0  
  1626774075 856498140 0  
  1626774076 856498140 0  
  1626774077 856498140 0  
  1626774078 856498140 0  
  1626774079 856498140 0  
  1626774080 856498140 0  
  1626774081 856498140 0  
  1626774082 856498140 0  
  1626774083 856498140 0  
  1626774084 856498140 0  
  1626774085 856498140 0  
  1626774086 856498140 0  
  1626774087 856498140 0  
  1626774088 856498232 0  
  1626774089 856498232 0  
  1626774090 856498232 0  
  1626774091 856498232 0  
  1626774092 856498232 0  
  1626774093 856498232 0  
  1626774094 856498232 0  
  1626774095 856498232 0  
  1626774096 856498232 0  
  1626774097 856498232 0  
  1626774098 856498232 0  
  1626774099 856498232 0  
  1626774100 856498232 0  
  1626774101 856498232 0  
  1626774102 856498232 0  
  1626774103 856498232 0  
  1626774104 856498232 0  
  1626774106 856498232 0  
  1626774107 856498232 0  
  1626774108 856498232 0  
  1626774109 856498232 0  
  1626774110 856498232 0  
  1626774111 856498232 0  
  1626774112 856498232 0  
  1626774113 856498232 0  
  1626774114 856498232 0  
  1626774115 856498232 0  
  1626774116 856498232 0  
  1626774117 856498232 0  
  1626774118 856498232 0  
  1626774119 856498232 0  
  1626774120 856498232 0  
  1626774121 856498232 0  
  1626774122 856498232 0  
  1626774123 856498232 0  
 