 1626400815 410780767 0  
  1626400816 410780767 0  
  1626400817 410780767 0  
  1626400818 410780767 0  
  1626400819 410780767 0  
  1626400820 410780767 0  
  1626400821 410780767 0  
  1626400822 410780767 0  
  1626400823 410780767 0  
  1626400824 410780767 0  
  1626400825 410780767 0  
  1626400826 410780767 0  
  1626400827 410780767 0  
  1626400828 410780767 0  
  1626400829 410780767 0  
  1626400830 410780767 0  
  1626400831 410780767 0  
  1626400832 410780767 0  
  1626400833 410780767 0  
  1626400834 410780767 0  
  1626400835 410780767 0  
  1626400836 410780767 0  
  1626400837 410780767 0  
  1626400838 410780767 0  
  1626400839 410780767 0  
  1626400840 410780767 0  
  1626400841 410780767 0  
  1626400842 410780767 0  
  1626400843 410780767 0  
  1626400844 410781124 0  
  1626400845 410781124 0  
  1626400846 410781124 0  
  1626400847 410781124 0  
  1626400848 410781124 0  
  1626400850 410781124 0  
  1626400851 410781124 0  
  1626400852 410781124 0  
  1626400853 410781124 0  
  1626400854 410781124 0  
  1626400855 410781124 0  
  1626400856 410781124 0  
  1626400857 410781124 0  
  1626400858 410781124 0  
  1626400859 410781124 0  
  1626400860 410781124 0  
  1626400861 410782719 0  
  1626400862 410782719 0  
  1626400863 410782719 0  
  1626400864 410782719 0  
  1626400865 410787028 0  
  1626400866 410787436 0  
  1626400867 410787436 0  
  1626400868 410787940 0  
  1626400869 410787940 0  
  1626400870 410787940 0  
  1626400871 410787940 0  
  1626400872 410787940 0  
  1626400873 410787940 0  
  1626400874 410787940 0  
  1626400875 410787940 0  
  1626400876 410787940 0  
  1626400877 410787940 0  
  1626400878 410787940 0  
  1626400879 410787940 0  
  1626400880 410787940 0  
  1626400881 410787940 0  
  1626400882 410787940 0  
  1626400883 410787940 0  
  1626400884 410787940 0  
  1626400885 410787940 0  
  1626400886 410787940 0  
  1626400887 410787940 0  
  1626400888 410787940 0  
  1626400889 410787940 0  
  1626400891 410787940 0  
  1626400892 410787940 0  
  1626400893 410787940 0  
  1626400894 410787940 0  
  1626400895 410787940 0  
  1626400896 410787940 0  
  1626400897 410787940 0  
  1626400898 410787940 0  
  1626400899 410787940 0  
  1626400900 410787940 0  
  1626400901 410787940 0  
  1626400902 410787940 0  
  1626400903 410787940 0  
  1626400904 410787940 0  
  1626400905 410787940 0  
  1626400906 410787940 0  
  1626400907 410787940 0  
  1626400908 410787940 0  
  1626400909 410787940 0  
  1626400910 410787940 0  
  1626400911 410787940 0  
  1626400912 410787940 0  
  1626400913 410787940 0  
  1626400914 410787940 0  
  1626400915 410787940 0  
  1626400916 410787940 0  
  1626400917 410787940 0  
  1626400918 410787940 0  
  1626400919 410787940 0  
  1626400920 410787940 0  
  1626400921 410787940 0  
  1626400922 410787940 0  
  1626400923 410787940 0  
  1626400924 410787940 0  
  1626400925 410787940 0  
  1626400926 410787940 0  
  1626400927 410787940 0  
  1626400928 410787940 0  
  1626400929 410787940 0  
  1626400931 410787940 0  
  1626400932 410787940 0  
  1626400933 410787940 0  
  1626400934 410787940 0  
  1626400935 410787940 0  
  1626400936 410787940 0  
  1626400937 410787940 0  
  1626400938 410787940 0  
  1626400939 410787940 0  
  1626400940 410787940 0  
  1626400941 410788032 0  
  1626400942 410788032 0  
  1626400943 410788032 0  
  1626400944 410788032 0  
  1626400945 410788032 0  
  1626400946 410788032 0  
  1626400947 410788370 0  
  1626400948 410788370 0  
  1626400949 410788370 0  
  1626400950 410788370 0  
  1626400951 410788370 0  
  1626400952 410788370 0  
  1626400953 410788370 0  
  1626400954 410788370 0  
  1626400955 410788370 0  
  1626400956 410788370 0  
  1626400957 410788370 0  
  1626400958 410788370 0  
  1626400959 410788462 0  
  1626400960 410788462 0  
  1626400961 410788462 0  
  1626400962 410788462 0  
  1626400963 410788462 0  
  1626400964 410788462 0  
  1626400965 410788462 0  
  1626400966 410788462 0  
  1626400967 410788462 0  
  1626400968 410788462 0  
  1626400970 410788462 0  
  1626400971 410788462 0  
  1626400972 410788462 0  
  1626400973 410793027 0  
  1626400974 410793095 0  
  1626400975 410793803 0  
  1626400976 410793803 0  
  1626400977 410793803 0  
  1626400978 410793803 0  
  1626400979 410793803 0  
  1626400980 410793803 0  
  1626400981 410793803 0  
  1626400982 410793803 0  
  1626400983 410793803 0  
  1626400984 410793803 0  
  1626400985 410793803 0  
  1626400986 410793803 0  
  1626400987 410793803 0  
  1626400988 410793803 0  
  1626400989 410793803 0  
  1626400990 410793803 0  
  1626400991 410793803 0  
  1626400992 410793803 0  
  1626400993 410793803 0  
  1626400994 410793803 0  
  1626400995 410793803 0  
  1626400996 410793803 0  
  1626400997 410793803 0  
  1626400998 410793803 0  
  1626400999 410793803 0  
  1626401000 410793803 0  
  1626401001 410793803 0  
  1626401002 410793803 0  
  1626401003 410793803 0  
  1626401004 410793803 0  
  1626401005 410793803 0  
  1626401006 410793803 0  
  1626401007 410793803 0  
  1626401008 410793803 0  
  1626401010 410793803 0  
  1626401011 410793803 0  
  1626401012 410793803 0  
  1626401013 410793803 0  
  1626401014 410793803 0  
  1626401015 410793803 0  
  1626401016 410793803 0  
  1626401017 410793803 0  
  1626401018 410793803 0  
  1626401019 410793803 0  
  1626401020 410793803 0  
  1626401021 410793803 0  
  1626401022 410793803 0  
  1626401023 410793803 0  
  1626401024 410793803 0  
  1626401025 410793803 0  
  1626401026 410793803 0  
  1626401027 410793803 0  
  1626401028 410793803 0  
  1626401029 410793803 0  
  1626401030 410793803 0  
  1626401031 410793803 0  
  1626401032 410793803 0  
  1626401033 410793803 0  
  1626401034 410793803 0  
  1626401035 410793803 0  
  1626401036 410793803 0  
  1626401037 410793803 0  
  1626401038 410793803 0  
  1626401039 410793803 0  
  1626401040 410793803 0  
  1626401041 410793803 0  
  1626401042 410793803 0  
  1626401043 410793803 0  
  1626401044 410793803 0  
  1626401045 410793803 0  
  1626401046 410793803 0  
  1626401047 410793803 0  
  1626401049 410793803 0  
  1626401050 410793803 0  
  1626401051 410793803 0  
  1626401052 410793803 0  
  1626401053 410793803 0  
  1626401054 410793803 0  
  1626401055 410793803 0  
  1626401056 410793803 0  
  1626401057 410793803 0  
  1626401058 410793803 0  
  1626401059 410793803 0  
  1626401060 410794461 0  
  1626401061 410794461 0  
  1626401062 410796222 0  
  1626401063 410799094 0  
  1626401064 410799094 0  
  1626401065 410799802 0  
  1626401066 410799802 0  
  1626401067 410799802 0  
  1626401068 410799802 0  
  1626401069 410799894 0  
  1626401070 410799894 0  
  1626401071 410799894 0  
  1626401072 410804527 0  
  1626401073 410809160 0  
  1626401074 410809868 0  
  1626401075 410810576 0  
  1626401076 410810576 0  
  1626401077 410810576 0  
  1626401078 410810576 0  
  1626401079 410810576 0  
  1626401080 410810576 0  
  1626401081 410810576 0  
  1626401082 410810576 0  
  1626401083 410810576 0  
  1626401084 410810576 0  
  1626401085 410810576 0  
  1626401086 410810576 0  
  1626401088 410810576 0  
  1626401089 410810576 0  
  1626401090 410810576 0  
  1626401091 410810576 0  
  1626401092 410810576 0  
  1626401093 410810576 0  
  1626401094 410810576 0  
  1626401095 410810576 0  
  1626401096 410810576 0  
  1626401097 410810576 0  
  1626401098 410810576 0  
  1626401099 410810576 0  
  1626401100 410810576 0  
  1626401101 410810576 0  
  1626401102 410810576 0  
  1626401103 410810576 0  
  1626401104 410812537 0  
  1626401105 410815209 0  
  1626401106 410815209 0  
  1626401107 410815917 0  
  1626401108 410815917 0  
  1626401109 410815917 0  
  1626401110 410815917 0  
  1626401111 410815917 0  
  1626401112 410815917 0  
  1626401113 410815917 0  
  1626401114 410815917 0  
  1626401115 410815917 0  
  1626401116 410815917 0  
 