 1626878810 481666570 0  
  1626878811 481666570 0  
  1626878813 481666570 0  
  1626878814 481666570 0  
  1626878815 481666570 0  
  1626878816 481666570 0  
  1626878817 481666570 0  
  1626878818 481666570 0  
  1626878819 481666570 0  
  1626878820 481666570 0  
  1626878821 481666570 0  
  1626878822 481666570 0  
  1626878823 481666570 0  
  1626878824 481666570 0  
  1626878825 481666570 0  
  1626878826 481666570 0  
  1626878827 481666570 0  
  1626878828 481666570 0  
  1626878829 481666570 0  
  1626878830 481666570 0  
  1626878831 481666570 0  
  1626878832 481666570 0  
  1626878833 481666570 0  
  1626878834 481666570 0  
  1626878835 481666570 0  
  1626878836 481666570 0  
  1626878837 481666570 0  
  1626878838 481666570 0  
  1626878839 481666570 0  
  1626878840 481666570 0  
  1626878841 481666570 0  
  1626878842 481666570 0  
  1626878843 481666570 0  
  1626878844 481666570 0  
  1626878845 481666570 0  
  1626878846 481666570 0  
  1626878847 481666570 0  
  1626878848 481666570 0  
  1626878849 481666570 0  
  1626878850 481666570 0  
  1626878851 481666570 0  
  1626878852 481666570 0  
  1626878854 481666570 0  
  1626878855 481666570 0  
  1626878856 481666570 0  
  1626878857 481666570 0  
  1626878858 481666570 0  
  1626878859 481666570 0  
  1626878860 481666570 0  
  1626878861 481666570 0  
  1626878862 481666570 0  
  1626878863 481666570 0  
  1626878864 481666570 0  
  1626878865 481666570 0  
  1626878866 481666570 0  
  1626878867 481666570 0  
  1626878868 481666570 0  
  1626878869 481670879 0  
  1626878870 481671203 0  
  1626878871 481671203 0  
  1626878872 481671911 0  
  1626878873 481671911 0  
  1626878874 481671911 0  
  1626878875 481671911 0  
  1626878876 481671911 0  
  1626878877 481671911 0  
  1626878878 481671911 0  
  1626878879 481671911 0  
  1626878880 481671911 0  
  1626878881 481671911 0  
  1626878882 481671911 0  
  1626878883 481671911 0  
  1626878884 481671911 0  
  1626878885 481671911 0  
  1626878886 481671911 0  
  1626878887 481671911 0  
  1626878888 481671911 0  
  1626878889 481671911 0  
  1626878890 481671911 0  
  1626878891 481671911 0  
  1626878892 481671911 0  
  1626878894 481671911 0  
  1626878895 481671911 0  
  1626878896 481671911 0  
  1626878897 481671911 0  
  1626878898 481671911 0  
  1626878899 481671911 0  
  1626878900 481671911 0  
  1626878901 481671911 0  
  1626878902 481671911 0  
  1626878903 481671911 0  
  1626878904 481671911 0  
  1626878905 481671911 0  
  1626878906 481671911 0  
  1626878907 481671911 0  
  1626878908 481671911 0  
  1626878909 481671911 0  
  1626878910 481671911 0  
  1626878911 481671911 0  
  1626878912 481671911 0  
  1626878913 481671911 0  
  1626878914 481671911 0  
  1626878915 481671911 0  
  1626878916 481671911 0  
  1626878917 481671911 0  
  1626878918 481671911 0  
  1626878919 481671911 0  
  1626878920 481671911 0  
  1626878921 481671911 0  
  1626878922 481671911 0  
  1626878923 481671911 0  
  1626878924 481671911 0  
  1626878925 481671911 0  
  1626878926 481671911 0  
  1626878927 481671911 0  
  1626878928 481671911 0  
  1626878929 481671911 0  
  1626878930 481671911 0  
  1626878931 481671911 0  
  1626878933 481671911 0  
  1626878934 481671911 0  
  1626878935 481671911 0  
  1626878936 481671911 0  
  1626878937 481671911 0  
  1626878938 481671911 0  
  1626878939 481671911 0  
  1626878940 481671911 0  
  1626878941 481671911 0  
  1626878942 481671911 0  
  1626878943 481671911 0  
  1626878944 481671911 0  
  1626878945 481671911 0  
  1626878946 481671911 0  
  1626878947 481671911 0  
  1626878948 481671911 0  
  1626878949 481671911 0  
  1626878950 481671911 0  
  1626878951 481671911 0  
  1626878952 481671911 0  
  1626878953 481671911 0  
  1626878954 481671911 0  
  1626878955 481671911 0  
  1626878956 481671911 0  
  1626878957 481671911 0  
  1626878958 481671911 0  
  1626878959 481671911 0  
  1626878960 481671911 0  
  1626878961 481671911 0  
  1626878962 481671911 0  
  1626878963 481671911 0  
  1626878964 481671911 0  
  1626878965 481671911 0  
  1626878966 481671911 0  
  1626878967 481672507 0  
  1626878968 481672507 0  
  1626878969 481672507 0  
  1626878970 481672507 0  
  1626878971 481672507 0  
  1626878973 481672507 0  
  1626878974 481672507 0  
  1626878975 481672507 0  
  1626878976 481672507 0  
  1626878977 481672507 0  
  1626878978 481672507 0  
  1626878979 481672507 0  
  1626878980 481672507 0  
  1626878981 481672507 0  
  1626878982 481672507 0  
  1626878983 481672507 0  
  1626878984 481672507 0  
  1626878985 481672507 0  
  1626878986 481672507 0  
  1626878987 481672507 0  
  1626878988 481672507 0  
  1626878989 481672507 0  
  1626878990 481672507 0  
  1626878991 481672507 0  
  1626878992 481672507 0  
  1626878993 481672507 0  
  1626878994 481672507 0  
  1626878995 481672507 0  
  1626878996 481672507 0  
  1626878997 481672507 0  
  1626878998 481672507 0  
  1626878999 481672507 0  
  1626879000 481672507 0  
  1626879001 481672507 0  
  1626879002 481672507 0  
  1626879003 481672507 0  
  1626879004 481672507 0  
  1626879005 481672507 0  
  1626879006 481672507 0  
  1626879007 481672507 0  
  1626879008 481672507 0  
  1626879009 481672507 0  
  1626879010 481672507 0  
  1626879012 481672507 0  
  1626879013 481672507 0  
  1626879014 481672507 0  
  1626879015 481672507 0  
  1626879016 481672507 0  
  1626879017 481672507 0  
  1626879018 481672507 0  
  1626879019 481672507 0  
  1626879020 481672507 0  
  1626879021 481672507 0  
  1626879022 481672507 0  
  1626879023 481672507 0  
  1626879024 481672507 0  
  1626879025 481672507 0  
  1626879026 481672507 0  
  1626879027 481672507 0  
  1626879028 481672507 0  
  1626879029 481672507 0  
  1626879030 481672507 0  
  1626879031 481672507 0  
  1626879032 481672507 0  
  1626879033 481672507 0  
  1626879034 481672507 0  
  1626879035 481672507 0  
  1626879036 481672507 0  
  1626879037 481672864 0  
  1626879038 481672864 0  
  1626879039 481672864 0  
  1626879040 481672864 0  
  1626879041 481672864 0  
  1626879042 481677497 0  
  1626879043 481677497 0  
  1626879044 481678205 0  
  1626879045 481678205 0  
  1626879046 481682770 0  
  1626879047 481682838 0  
  1626879048 481683546 0  
  1626879049 481683546 0  
  1626879050 481683546 0  
  1626879052 481692308 0  
  1626879053 481692812 0  
  1626879054 481694228 0  
  1626879055 481694228 0  
  1626879056 481694228 0  
  1626879057 481694228 0  
  1626879058 481694228 0  
  1626879059 481694228 0  
  1626879060 481694228 0  
  1626879061 481694228 0  
  1626879062 481694228 0  
  1626879063 481694228 0  
  1626879064 481694228 0  
  1626879065 481694228 0  
  1626879066 481694228 0  
  1626879067 481694228 0  
  1626879068 481694228 0  
  1626879069 481694228 0  
  1626879070 481694228 0  
  1626879071 481694228 0  
  1626879072 481694228 0  
  1626879073 481694228 0  
  1626879074 481694228 0  
  1626879075 481694228 0  
  1626879076 481694228 0  
  1626879077 481694228 0  
  1626879078 481694228 0  
  1626879079 481694228 0  
  1626879080 481694228 0  
  1626879081 481694228 0  
  1626879082 481694228 0  
  1626879083 481694228 0  
  1626879084 481694228 0  
  1626879085 481694228 0  
  1626879086 481694228 0  
  1626879087 481694228 0  
  1626879088 481694228 0  
  1626879089 481694228 0  
  1626879091 481694228 0  
  1626879092 481694228 0  
  1626879093 481694228 0  
  1626879094 481694228 0  
  1626879095 481694228 0  
  1626879096 481694228 0  
  1626879097 481694228 0  
  1626879098 481694228 0  
  1626879099 481694228 0  
  1626879100 481694228 0  
  1626879101 481694228 0  
  1626879102 481694228 0  
  1626879103 481694228 0  
  1626879104 481694228 0  
  1626879105 481694228 0  
  1626879106 481694228 0  
  1626879107 481694228 0  
  1626879108 481694228 0  
  1626879109 481694228 0  
  1626879110 481694228 0  
  1626879111 481694228 0  
  1626879112 481694228 0  
  1626879113 481694228 0  
  1626879114 481694228 0  
  1626879115 481694228 0  
  1626879116 481694228 0  
  1626879117 481694228 0  
  1626879118 481694228 0  
  1626879119 481694228 0  
  1626879120 481694228 0  
  1626879121 481694228 0  
  1626879122 481694228 0  
  1626879123 481694228 0  
  1626879124 481694228 0  
  1626879125 481694228 0  
  1626879126 481694228 0  
  1626879127 481694228 0  
  1626879128 481694228 0  
  1626879129 481694228 0  
  1626879131 481694228 0  
  1626879132 481694228 0  
  1626879133 481694228 0  
  1626879134 481694228 0  
  1626879135 481694228 0  
  1626879136 481694228 0  
  1626879137 481694228 0  
  1626879138 481694228 0  
  1626879139 481694228 0  
  1626879140 481694228 0  
  1626879141 481694228 0  
  1626879142 481694228 0  
  1626879143 481694228 0  
  1626879144 481694228 0  
  1626879145 481694228 0  
  1626879146 481694228 0  
  1626879147 481694228 0  
  1626879148 481694228 0  
  1626879149 481694228 0  
  1626879150 481694228 0  
  1626879151 481694228 0  
  1626879152 481694228 0  
  1626879153 481694228 0  
 