 1627025505 495926648 282645  
  1627025506 495926648 282645  
  1627025507 495926648 282645  
  1627025508 495926648 282645  
  1627025509 495926648 282645  
  1627025510 495926648 282645  
  1627025511 495926648 282645  
  1627025512 495926648 282645  
  1627025513 495926648 282645  
  1627025514 495926648 282645  
  1627025515 495926648 282645  
  1627025516 495926648 282645  
  1627025517 495926648 282645  
  1627025518 495926648 282645  
  1627025519 495926648 282645  
  1627025520 495926648 282645  
  1627025521 495926648 282645  
  1627025522 495926648 282645  
  1627025523 495926648 282645  
  1627025524 495926648 282645  
  1627025525 495926648 282645  
  1627025526 495926648 282645  
  1627025527 495926648 282645  
  1627025528 495926648 282645  
  1627025529 495926648 282645  
  1627025530 495926648 282645  
  1627025531 495926648 282645  
  1627025532 495926648 282645  
  1627025534 495926648 282645  
  1627025535 495926648 282645  
  1627025536 495926648 282645  
  1627025537 495926648 282645  
  1627025538 495926648 282645  
  1627025539 495926648 282645  
  1627025540 495926648 282645  
  1627025541 495926648 282645  
  1627025542 495926648 282645  
  1627025543 495926648 282645  
  1627025544 495926648 282645  
  1627025545 495926648 282645  
  1627025546 495926648 282645  
  1627025547 495926648 282645  
  1627025548 495926648 282645  
  1627025549 495926648 282645  
  1627025550 495926986 282645  
  1627025551 495926986 282645  
  1627025552 495926986 282645  
  1627025553 495926986 282645  
  1627025554 495926986 282645  
  1627025555 495926986 282645  
  1627025556 495926986 282645  
  1627025557 495926986 282645  
  1627025558 495926986 282645  
  1627025559 495926986 282645  
  1627025560 495926986 282645  
  1627025561 495926986 282645  
  1627025562 495926986 282645  
  1627025563 495926986 282645  
  1627025564 495926986 282645  
  1627025565 495926986 282645  
  1627025566 495926986 282645  
  1627025567 495926986 282645  
  1627025568 495926986 282645  
  1627025569 495926986 282645  
  1627025570 495926986 282645  
  1627025571 495926986 282645  
  1627025572 495926986 282645  
  1627025574 495926986 282645  
  1627025575 495926986 282645  
  1627025576 495926986 282645  
  1627025577 495926986 282645  
  1627025578 495926986 282645  
  1627025579 495926986 282645  
  1627025580 495926986 282645  
  1627025581 495926986 282645  
  1627025582 495926986 282645  
  1627025583 495926986 282645  
  1627025584 495926986 282645  
  1627025585 495926986 282645  
  1627025586 495926986 282645  
  1627025587 495926986 282645  
  1627025588 495926986 282645  
  1627025589 495926986 282645  
  1627025590 495926986 282645  
  1627025591 495926986 282645  
  1627025592 495926986 282645  
  1627025593 495926986 282645  
  1627025594 495926986 282645  
  1627025595 495926986 282645  
  1627025596 495926986 282645  
  1627025597 495926986 282645  
  1627025598 495926986 282645  
  1627025599 495926986 282645  
  1627025600 495926986 282645  
  1627025601 495926986 282645  
  1627025602 495926986 282645  
  1627025603 495926986 282645  
  1627025604 495926986 282645  
  1627025605 495926986 282645  
  1627025606 495926986 282645  
  1627025607 495926986 282645  
  1627025608 495926986 282645  
  1627025609 495926986 282645  
  1627025610 495926986 282645  
  1627025611 495926986 282645  
  1627025612 495926986 282645  
  1627025614 495931295 282645  
  1627025615 495931619 282645  
  1627025616 495931619 282645  
  1627025617 495932327 282645  
  1627025618 495932327 282645  
  1627025619 495932327 282645  
  1627025620 495932327 282645  
  1627025621 495932327 282645  
  1627025622 495932327 282645  
  1627025623 495932327 282645  
  1627025624 495932327 282645  
  1627025625 495932327 282645  
  1627025626 495932327 282645  
  1627025627 495932327 282645  
  1627025628 495932327 282645  
  1627025629 495932327 282645  
  1627025630 495932327 282645  
  1627025631 495932665 282645  
  1627025632 495932665 282645  
  1627025633 495932665 282645  
  1627025634 495932665 282645  
  1627025635 495932665 282645  
  1627025636 495932665 282645  
  1627025637 495932665 282645  
  1627025638 495932665 282645  
  1627025639 495932665 282645  
  1627025640 495932665 282645  
  1627025641 495932665 282645  
  1627025642 495932665 282645  
  1627025643 495932665 282645  
  1627025644 495932665 282645  
  1627025645 495932665 282645  
  1627025646 495932665 282645  
  1627025647 495932665 282645  
  1627025648 495932665 282645  
  1627025649 495932665 282645  
  1627025650 495932665 282645  
  1627025651 495932665 282645  
  1627025652 495932665 282645  
  1627025654 495932665 282645  
  1627025655 495932665 282645  
  1627025656 495932665 282645  
  1627025657 495932665 282645  
  1627025658 495932665 282645  
  1627025659 495932665 282645  
  1627025660 495932665 282645  
  1627025661 495932665 282645  
  1627025662 495932665 282645  
  1627025663 495932665 282645  
  1627025664 495932665 282645  
  1627025665 495932665 282645  
  1627025666 495932665 282645  
  1627025667 495932665 282645  
  1627025668 495932665 282645  
  1627025669 495932665 282645  
  1627025670 495932665 282645  
  1627025671 495933261 282645  
  1627025672 495933261 282645  
  1627025673 495933261 282645  
  1627025674 495933261 282645  
  1627025675 495933261 282645  
  1627025676 495933261 282645  
  1627025677 495933261 282645  
  1627025678 495933261 282645  
  1627025679 495933261 282645  
  1627025680 495933261 282645  
  1627025681 495933261 282645  
  1627025682 495933261 282645  
  1627025683 495933261 282645  
  1627025684 495933261 282645  
  1627025685 495933261 282645  
  1627025686 495933261 282645  
  1627025687 495933261 282645  
  1627025688 495933261 282645  
  1627025689 495933261 282645  
  1627025690 495933261 282645  
  1627025691 495933261 282645  
  1627025693 495933261 282645  
  1627025694 495933261 282645  
  1627025695 495933261 282645  
  1627025696 495933261 282645  
  1627025697 495933261 282645  
  1627025698 495933261 282645  
  1627025699 495933261 282645  
  1627025700 495933261 282645  
  1627025701 495933261 282645  
  1627025702 495933261 282645  
  1627025703 495933261 282645  
  1627025704 495933261 282645  
  1627025705 495933261 282645  
  1627025706 495933261 282645  
  1627025707 495933261 282645  
  1627025708 495933261 282645  
  1627025709 495933261 282645  
  1627025710 495933261 282645  
  1627025711 495933261 282645  
  1627025712 495933261 282645  
  1627025713 495933261 282645  
  1627025714 495933261 282645  
  1627025715 495933261 282645  
  1627025716 495933261 282645  
  1627025717 495933261 282645  
  1627025718 495933261 282645  
  1627025719 495933261 282645  
  1627025720 495933261 282645  
  1627025721 495933261 282645  
  1627025722 495933261 282645  
  1627025723 495933261 282645  
  1627025724 495933261 282645  
  1627025725 495933261 282645  
  1627025726 495933261 282645  
  1627025727 495933261 282645  
  1627025728 495933261 282645  
  1627025729 495933261 282645  
  1627025730 495933261 282645  
  1627025732 495933618 282645  
  1627025733 495933618 282645  
  1627025734 495933618 282645  
  1627025735 495933618 282645  
  1627025736 495933618 282645  
  1627025737 495933618 282645  
  1627025738 495937927 282645  
  1627025739 495938251 282645  
  1627025740 495938251 282645  
  1627025741 495938959 282645  
  1627025742 495943524 282645  
  1627025743 495943592 282645  
  1627025744 495944300 282645  
  1627025745 495944300 282645  
  1627025746 495944300 282645  
  1627025747 495948609 282645  
  1627025748 495948933 282645  
  1627025749 495954206 282645  
  1627025750 495954206 282645  
  1627025751 495954914 282645  
  1627025752 495954914 282645  
  1627025753 495954914 282645  
  1627025754 495954914 282645  
  1627025755 495954914 282645  
  1627025756 495954914 282645  
  1627025757 495954914 282645  
  1627025758 495954914 282645  
  1627025759 495954914 282645  
  1627025760 495954914 282645  
  1627025761 495954914 282645  
  1627025762 495954914 282645  
  1627025763 495954914 282645  
  1627025764 495954914 282645  
  1627025765 495954914 282645  
  1627025766 495954914 282645  
  1627025767 495954914 282645  
  1627025768 495954914 282645  
  1627025769 495954914 282645  
  1627025771 495954914 282645  
  1627025772 495954914 282645  
  1627025773 495954914 282645  
  1627025774 495954914 282645  
  1627025775 495954914 282645  
  1627025776 495954914 282645  
  1627025777 495954914 282645  
  1627025778 495954914 282645  
  1627025779 495954914 282645  
  1627025780 495954914 282645  
  1627025781 495954914 282645  
  1627025782 495954914 282645  
  1627025783 495954914 282645  
  1627025784 495954914 282645  
  1627025785 495954914 282645  
  1627025786 495954914 282645  
  1627025787 495954914 282645  
  1627025788 495954914 282645  
  1627025789 495954914 282645  
  1627025790 495954914 282645  
  1627025791 495955252 282645  
  1627025792 495955252 282645  
  1627025793 495955252 282645  
  1627025794 495955252 282645  
  1627025795 495955252 282645  
  1627025796 495955252 282645  
  1627025797 495955252 282645  
  1627025798 495955252 282645  
  1627025799 495955252 282645  
  1627025800 495955252 282645  
  1627025801 495955252 282645  
  1627025802 495955252 282645  
  1627025803 495955252 282645  
  1627025804 495955252 282645  
  1627025805 495955252 282645  
  1627025806 495955252 282645  
  1627025807 495955252 282645  
  1627025808 495955252 282645  
  1627025809 495955252 282645  
  1627025811 495955252 282645  
  1627025812 495955252 282645  
  1627025813 495955252 282645  
  1627025814 495955252 282645  
  1627025815 495955252 282645  
  1627025816 495955252 282645  
  1627025817 495955252 282645  
  1627025818 495955252 282645  
  1627025819 495955252 282645  
  1627025820 495955252 282645  
  1627025821 495955252 282645  
  1627025822 495955252 282645  
  1627025823 495955252 282645  
  1627025824 495955252 282645  
  1627025825 495955252 282645  
  1627025826 495955252 282645  
  1627025827 495955252 282645  
  1627025828 495955252 282645  
  1627025829 495955252 282645  
  1627025830 495955252 282645  
  1627025831 495955252 282645  
  1627025832 495955252 282645  
  1627025833 495955252 282645  
  1627025834 495955252 282645  
  1627025835 495955252 282645  
  1627025836 495955252 282645  
  1627025837 495955252 282645  
  1627025838 495955252 282645  
  1627025839 495955252 282645  
  1627025840 495955252 282645  
  1627025841 495955252 282645  
  1627025842 495955252 282645  
  1627025843 495955252 282645  
  1627025844 495955252 282645  
  1627025845 495955252 282645  
  1627025846 495955252 282645  
  1627025847 495955252 282645  
 