 1626889253 478433002 0  
  1626889254 478433080 0  
  1626889255 478433080 0  
  1626889256 478442278 0  
  1626889257 478442346 0  
  1626889258 478443762 0  
  1626889259 478443762 0  
  1626889260 478443762 0  
  1626889261 478443762 0  
  1626889262 478443762 0  
  1626889263 478443762 0  
  1626889264 478443762 0  
  1626889265 478443762 0  
  1626889266 478443762 0  
  1626889267 478443762 0  
  1626889268 478443762 0  
  1626889269 478443762 0  
  1626889270 478443762 0  
  1626889271 478443762 0  
  1626889272 478443762 0  
  1626889273 478443762 0  
  1626889274 478443762 0  
  1626889275 478443762 0  
  1626889276 478443762 0  
  1626889277 478443762 0  
  1626889278 478443762 0  
  1626889279 478443762 0  
  1626889280 478443762 0  
  1626889281 478443762 0  
  1626889282 478443762 0  
  1626889283 478443762 0  
  1626889284 478443762 0  
  1626889285 478443762 0  
  1626889286 478443762 0  
  1626889287 478443762 0  
  1626889288 478443762 0  
  1626889289 478443762 0  
  1626889291 478443762 0  
  1626889292 478443762 0  
  1626889293 478443762 0  
  1626889294 478443762 0  
  1626889295 478443762 0  
  1626889296 478443762 0  
  1626889297 478443762 0  
  1626889298 478443762 0  
  1626889299 478443762 0  
  1626889300 478443762 0  
  1626889301 478443762 0  
  1626889302 478443762 0  
  1626889303 478443762 0  
  1626889304 478443762 0  
  1626889305 478443762 0  
  1626889306 478443762 0  
  1626889307 478443762 0  
  1626889308 478443762 0  
  1626889309 478443762 0  
  1626889310 478443762 0  
  1626889311 478443762 0  
  1626889312 478443854 0  
  1626889313 478443854 0  
  1626889314 478443854 0  
  1626889315 478443854 0  
  1626889316 478443854 0  
  1626889317 478443854 0  
  1626889318 478443854 0  
  1626889319 478443854 0  
  1626889320 478443854 0  
  1626889321 478443854 0  
  1626889322 478443854 0  
  1626889323 478443854 0  
  1626889324 478443854 0  
  1626889325 478443946 0  
  1626889326 478443946 0  
  1626889327 478443946 0  
  1626889328 478443946 0  
  1626889329 478443946 0  
  1626889331 478443946 0  
  1626889332 478443946 0  
  1626889333 478443946 0  
  1626889334 478443946 0  
  1626889335 478443946 0  
  1626889336 478443946 0  
  1626889337 478443946 0  
  1626889338 478443946 0  
  1626889339 478443946 0  
  1626889340 478443946 0  
  1626889341 478443946 0  
  1626889342 478443946 0  
  1626889343 478443946 0  
  1626889344 478443946 0  
  1626889345 478443946 0  
  1626889346 478443946 0  
  1626889347 478443946 0  
  1626889348 478443946 0  
  1626889349 478443946 0  
  1626889350 478443946 0  
  1626889351 478443946 0  
  1626889352 478443946 0  
  1626889353 478443946 0  
  1626889354 478443946 0  
  1626889355 478444014 0  
  1626889356 478444014 0  
  1626889357 478444014 0  
  1626889358 478444014 0  
  1626889359 478444014 0  
  1626889360 478444014 0  
  1626889361 478445170 0  
  1626889362 478445170 0  
  1626889363 478445170 0  
  1626889364 478445170 0  
  1626889365 478445170 0  
  1626889366 478445170 0  
  1626889367 478445170 0  
  1626889368 478445766 0  
  1626889370 478445766 0  
  1626889371 478445766 0  
  1626889372 478445766 0  
  1626889373 478445766 0  
  1626889374 478445766 0  
  1626889375 478445766 0  
  1626889376 478445766 0  
  1626889377 478445858 0  
  1626889378 478450423 0  
  1626889379 478450491 0  
  1626889380 478451199 0  
  1626889381 478451199 0  
  1626889382 478451199 0  
  1626889383 478451199 0  
  1626889384 478451199 0  
  1626889385 478451199 0  
  1626889386 478451199 0  
  1626889387 478451199 0  
  1626889388 478451199 0  
  1626889389 478451199 0  
  1626889390 478451199 0  
  1626889391 478451199 0  
  1626889392 478451199 0  
  1626889393 478451199 0  
  1626889394 478451199 0  
  1626889395 478451199 0  
  1626889396 478451199 0  
  1626889397 478451199 0  
  1626889398 478451199 0  
  1626889399 478451199 0  
  1626889400 478451199 0  
  1626889401 478451199 0  
  1626889402 478451199 0  
  1626889403 478451199 0  
  1626889404 478451199 0  
  1626889405 478451199 0  
  1626889406 478451199 0  
  1626889407 478451199 0  
  1626889409 478451199 0  
  1626889410 478451199 0  
  1626889411 478451199 0  
  1626889412 478451199 0  
  1626889413 478451199 0  
  1626889414 478451199 0  
  1626889415 478451199 0  
  1626889416 478451199 0  
  1626889417 478451199 0  
  1626889418 478451199 0  
  1626889419 478451199 0  
  1626889420 478451199 0  
  1626889421 478451199 0  
  1626889422 478451199 0  
  1626889423 478451199 0  
  1626889424 478451199 0  
  1626889425 478451199 0  
  1626889426 478451199 0  
  1626889427 478451199 0  
  1626889428 478451199 0  
  1626889429 478451199 0  
  1626889430 478451199 0  
  1626889431 478451199 0  
  1626889432 478451199 0  
  1626889433 478451199 0  
  1626889434 478451199 0  
  1626889435 478451199 0  
  1626889436 478451199 0  
  1626889437 478451199 0  
  1626889438 478451199 0  
  1626889439 478451199 0  
  1626889440 478451199 0  
  1626889441 478451291 0  
  1626889442 478451291 0  
  1626889443 478451291 0  
  1626889444 478451291 0  
  1626889445 478451291 0  
  1626889446 478451291 0  
  1626889447 478451291 0  
  1626889449 478451291 0  
  1626889450 478451291 0  
  1626889451 478451291 0  
  1626889452 478451291 0  
  1626889453 478451291 0  
  1626889454 478451291 0  
  1626889455 478451291 0  
  1626889456 478451291 0  
  1626889457 478451291 0  
  1626889458 478451291 0  
  1626889459 478451291 0  
  1626889460 478451291 0  
  1626889461 478451291 0  
  1626889462 478451291 0  
  1626889463 478451291 0  
  1626889464 478451291 0  
  1626889465 478451629 0  
  1626889466 478451629 0  
  1626889467 478451629 0  
  1626889468 478451629 0  
  1626889469 478451629 0  
  1626889470 478451629 0  
  1626889471 478451629 0  
  1626889472 478451629 0  
  1626889473 478451629 0  
  1626889474 478451629 0  
  1626889475 478451629 0  
  1626889476 478451629 0  
  1626889477 478451629 0  
  1626889478 478451629 0  
  1626889479 478451629 0  
  1626889480 478451629 0  
  1626889481 478451629 0  
  1626889482 478451629 0  
  1626889483 478451629 0  
  1626889484 478451629 0  
  1626889485 478451629 0  
  1626889486 478451629 0  
  1626889487 478451629 0  
  1626889489 478451629 0  
  1626889490 478451629 0  
  1626889491 478451629 0  
  1626889492 478451629 0  
  1626889493 478451629 0  
  1626889494 478451629 0  
  1626889495 478451629 0  
  1626889496 478451629 0  
  1626889497 478451629 0  
  1626889498 478451629 0  
  1626889499 478451629 0  
  1626889500 478451629 0  
  1626889501 478451629 0  
  1626889502 478451629 0  
  1626889503 478451629 0  
  1626889504 478451629 0  
  1626889505 478451629 0  
  1626889506 478451721 0  
  1626889507 478451721 0  
  1626889508 478451721 0  
  1626889509 478451721 0  
  1626889510 478451721 0  
  1626889511 478451721 0  
  1626889512 478451721 0  
  1626889513 478451721 0  
  1626889514 478451721 0  
  1626889515 478451721 0  
  1626889516 478451721 0  
  1626889517 478451721 0  
  1626889518 478451721 0  
  1626889519 478451721 0  
  1626889520 478451721 0  
  1626889521 478451721 0  
  1626889522 478451721 0  
  1626889523 478451721 0  
  1626889524 478451721 0  
  1626889525 478451721 0  
  1626889526 478451721 0  
  1626889527 478451721 0  
  1626889529 478451721 0  
  1626889530 478451721 0  
  1626889531 478451721 0  
  1626889532 478451721 0  
  1626889533 478451721 0  
  1626889534 478451721 0  
  1626889535 478451721 0  
  1626889536 478451721 0  
  1626889537 478451721 0  
  1626889538 478451721 0  
  1626889539 478451721 0  
  1626889540 478451721 0  
  1626889541 478451721 0  
  1626889542 478451721 0  
  1626889543 478452078 0  
  1626889544 478452078 0  
  1626889545 478452078 0  
  1626889546 478452078 0  
  1626889547 478452078 0  
  1626889548 478456643 0  
  1626889549 478456711 0  
  1626889550 478461548 0  
  1626889551 478462052 0  
  1626889552 478462692 0  
  1626889553 478462692 0  
  1626889554 478462692 0  
  1626889555 478467145 0  
  1626889556 478471958 0  
  1626889557 478473374 0  
  1626889558 478473374 0  
  1626889559 478473374 0  
  1626889560 478473374 0  
  1626889561 478473374 0  
  1626889562 478473374 0  
  1626889563 478473374 0  
  1626889564 478473374 0  
  1626889565 478473374 0  
  1626889566 478473374 0  
  1626889567 478473374 0  
  1626889569 478473970 0  
  1626889570 478473970 0  
  1626889571 478473970 0  
  1626889572 478474062 0  
  1626889573 478474062 0  
  1626889574 478474062 0  
  1626889575 478474062 0  
  1626889576 478474062 0  
  1626889577 478474062 0  
  1626889578 478474062 0  
  1626889579 478474062 0  
  1626889580 478474062 0  
  1626889581 478474062 0  
  1626889582 478474062 0  
  1626889583 478474062 0  
  1626889584 478474062 0  
  1626889585 478474062 0  
  1626889586 478474154 0  
  1626889587 478474154 0  
  1626889588 478474154 0  
  1626889589 478474154 0  
  1626889590 478474154 0  
  1626889591 478474154 0  
  1626889592 478474154 0  
  1626889593 478474154 0  
  1626889594 478474154 0  
  1626889595 478474154 0  
  1626889596 478474154 0  
  1626889597 478474154 0  
  1626889598 478474154 0  
  1626889599 478474154 0  
  1626889600 478474154 0  
  1626889601 478474154 0  
  1626889602 478474154 0  
  1626889603 478474154 0  
  1626889604 478474154 0  
  1626889605 478474154 0  
  1626889606 478474154 0  
  1626889607 478474154 0  
  1626889609 478474154 0  
  1626889610 478474154 0  
  1626889611 478474154 0  
  1626889612 478474154 0  
  1626889613 478474492 0  
  1626889614 478474492 0  
  1626889615 478474492 0  
  1626889616 478474492 0  
  1626889617 478474492 0  
  1626889618 478474492 0  
  1626889619 478474492 0  
  1626889620 478474492 0  
  1626889621 478474492 0  
  1626889622 478474492 0  
  1626889623 478474492 0  
  1626889624 478474492 0  
  1626889625 478474492 0  
  1626889626 478474492 0  
  1626889627 478474492 0  
  1626889628 478474492 0  
  1626889629 478474492 0  
  1626889630 478474492 0  
  1626889631 478474492 0  
  1626889632 478474492 0  
  1626889633 478474492 0  
  1626889634 478474492 0  
  1626889635 478474584 0  
  1626889636 478474584 0  
  1626889637 478474584 0  
  1626889638 478474584 0  
  1626889639 478474584 0  
  1626889640 478474584 0  
  1626889641 478474584 0  
  1626889642 478474584 0  
  1626889643 478474584 0  
  1626889644 478474584 0  
  1626889645 478474584 0  
  1626889646 478474584 0  
  1626889647 478474584 0  
  1626889649 478474584 0  
  1626889650 478474584 0  
  1626889651 478474584 0  
  1626889652 478474584 0  
  1626889653 478474584 0  
  1626889654 478474584 0  
  1626889655 478474584 0  
  1626889656 478474584 0  
  1626889657 478474584 0  
  1626889658 478474584 0  
  1626889659 478474584 0  
  1626889660 478474584 0  
  1626889661 478474584 0  
  1626889662 478474584 0  
  1626889663 478474584 0  
  1626889664 478474584 0  
  1626889665 478474584 0  
  1626889666 478474584 0  
  1626889667 478474584 0  
  1626889668 478474584 0  
  1626889669 478474584 0  
  1626889670 478474584 0  
  1626889671 478474584 0  
  1626889672 478474584 0  
  1626889673 478474584 0  
  1626889674 478474584 0  
  1626889675 478474584 0  
  1626889676 478474584 0  
  1626889677 478478893 0  
  1626889678 478479217 0  
  1626889679 478479789 0  
  1626889680 478479857 0  
  1626889681 478479857 0  
  1626889682 478479857 0  
  1626889683 478479857 0  
  1626889684 478479857 0  
  1626889685 478479857 0  
  1626889686 478479857 0  
  1626889687 478479857 0  
  1626889689 478479857 0  
  1626889690 478479857 0  
  1626889691 478479857 0  
  1626889692 478479857 0  
  1626889693 478479857 0  
  1626889694 478479857 0  
  1626889695 478479857 0  
  1626889696 478479857 0  
  1626889697 478479857 0  
  1626889698 478479857 0  
  1626889699 478479857 0  
  1626889700 478479949 0  
  1626889701 478479949 0  
  1626889702 478479949 0  
  1626889703 478479949 0  
  1626889704 478479949 0  
  1626889705 478479949 0  
  1626889706 478479949 0  
  1626889707 478479949 0  
  1626889708 478479949 0  
  1626889709 478479949 0  
  1626889710 478479949 0  
  1626889711 478479949 0  
  1626889712 478479949 0  
  1626889713 478479949 0  
  1626889714 478479949 0  
  1626889715 478479949 0  
  1626889716 478479949 0  
  1626889717 478479949 0  
  1626889718 478479949 0  
  1626889719 478479949 0  
  1626889720 478479949 0  
 