 1626396902 409789969 0  
  1626396903 409794278 0  
  1626396904 409794602 0  
  1626396905 409794602 0  
  1626396906 409795310 0  
  1626396907 409795310 0  
  1626396908 409795310 0  
  1626396909 409795310 0  
  1626396910 409795310 0  
  1626396911 409795310 0  
  1626396913 409795310 0  
  1626396914 409795310 0  
  1626396915 409795310 0  
  1626396916 409795310 0  
  1626396917 409795310 0  
  1626396918 409795310 0  
  1626396919 409795310 0  
  1626396920 409795310 0  
  1626396921 409795310 0  
  1626396922 409795310 0  
  1626396923 409795310 0  
  1626396924 409795310 0  
  1626396925 409795310 0  
  1626396926 409795310 0  
  1626396927 409795310 0  
  1626396928 409795310 0  
  1626396929 409795310 0  
  1626396930 409795310 0  
  1626396931 409795310 0  
  1626396932 409795310 0  
  1626396933 409795310 0  
  1626396934 409795310 0  
  1626396935 409795310 0  
  1626396936 409795310 0  
  1626396937 409795310 0  
  1626396938 409795310 0  
  1626396939 409795310 0  
  1626396940 409795310 0  
  1626396941 409795310 0  
  1626396942 409795310 0  
  1626396943 409795667 0  
  1626396944 409795667 0  
  1626396945 409795667 0  
  1626396946 409795667 0  
  1626396947 409795667 0  
  1626396948 409795667 0  
  1626396949 409795667 0  
  1626396950 409795667 0  
  1626396951 409795667 0  
  1626396953 409795667 0  
  1626396954 409795667 0  
  1626396955 409795667 0  
  1626396956 409795667 0  
  1626396957 409795667 0  
  1626396958 409795667 0  
  1626396959 409795667 0  
  1626396960 409795667 0  
  1626396961 409795667 0  
  1626396962 409795667 0  
  1626396963 409795667 0  
  1626396964 409795667 0  
  1626396965 409795667 0  
  1626396966 409795667 0  
  1626396967 409795667 0  
  1626396968 409795667 0  
  1626396969 409795667 0  
  1626396970 409795667 0  
  1626396971 409795667 0  
  1626396972 409795667 0  
  1626396973 409795667 0  
  1626396974 409795667 0  
  1626396975 409795667 0  
  1626396976 409795667 0  
  1626396977 409795667 0  
  1626396978 409795667 0  
  1626396979 409795667 0  
  1626396980 409795667 0  
  1626396981 409795667 0  
  1626396982 409795667 0  
  1626396983 409795667 0  
  1626396984 409795667 0  
  1626396985 409795667 0  
  1626396986 409795759 0  
  1626396987 409795759 0  
  1626396988 409795759 0  
  1626396989 409795759 0  
  1626396990 409795759 0  
  1626396992 409795759 0  
  1626396993 409795759 0  
  1626396994 409795759 0  
  1626396995 409795759 0  
  1626396996 409795759 0  
  1626396997 409795759 0  
  1626396998 409795759 0  
  1626396999 409795759 0  
  1626397000 409795759 0  
  1626397001 409795759 0  
  1626397002 409795759 0  
  1626397003 409795759 0  
  1626397004 409795759 0  
  1626397005 409795759 0  
  1626397006 409795759 0  
  1626397007 409795759 0  
  1626397008 409795759 0  
  1626397009 409795759 0  
  1626397010 409795759 0  
  1626397011 409795759 0  
  1626397012 409795759 0  
  1626397013 409795759 0  
  1626397014 409795759 0  
  1626397015 409795759 0  
  1626397016 409795759 0  
  1626397017 409795759 0  
  1626397018 409795759 0  
  1626397019 409795759 0  
  1626397020 409795759 0  
  1626397021 409795759 0  
  1626397022 409795759 0  
  1626397023 409795759 0  
  1626397024 409795759 0  
  1626397025 409795759 0  
  1626397026 409795759 0  
  1626397027 409795759 0  
  1626397028 409795759 0  
  1626397029 409795759 0  
  1626397031 409795759 0  
  1626397032 409795759 0  
  1626397033 409795759 0  
  1626397034 409795759 0  
  1626397035 409795759 0  
  1626397036 409795759 0  
  1626397037 409795759 0  
  1626397038 409795759 0  
  1626397039 409795759 0  
  1626397040 409795759 0  
  1626397041 409795759 0  
  1626397042 409795759 0  
  1626397043 409795759 0  
  1626397044 409795759 0  
  1626397045 409795759 0  
  1626397046 409795759 0  
  1626397047 409795759 0  
  1626397048 409795759 0  
  1626397049 409795759 0  
  1626397050 409795759 0  
  1626397051 409795759 0  
  1626397052 409795759 0  
  1626397053 409795759 0  
  1626397054 409795759 0  
  1626397055 409795827 0  
  1626397056 409795827 0  
  1626397057 409795827 0  
  1626397058 409795827 0  
  1626397059 409795827 0  
  1626397060 409796417 0  
  1626397061 409797573 0  
  1626397062 409797573 0  
  1626397063 409797573 0  
  1626397064 409797573 0  
  1626397065 409797573 0  
  1626397066 409797573 0  
  1626397067 409797573 0  
  1626397068 409797573 0  
  1626397069 409797717 0  
  1626397071 409802206 0  
  1626397072 409802206 0  
  1626397073 409802914 0  
  1626397074 409802914 0  
  1626397075 409802914 0  
  1626397076 409802914 0  
  1626397077 409802914 0  
  1626397078 409802914 0  
  1626397079 409802914 0  
  1626397080 409802914 0  
  1626397081 409802914 0  
  1626397082 409802914 0  
  1626397083 409802914 0  
  1626397084 409802914 0  
  1626397085 409802914 0  
  1626397086 409802914 0  
  1626397087 409802914 0  
  1626397088 409802914 0  
  1626397089 409802914 0  
  1626397090 409802914 0  
  1626397091 409802914 0  
  1626397092 409802914 0  
  1626397093 409802914 0  
  1626397094 409802914 0  
  1626397095 409802914 0  
  1626397096 409802914 0  
  1626397097 409802914 0  
  1626397098 409802914 0  
  1626397099 409802914 0  
  1626397100 409802914 0  
  1626397101 409802914 0  
  1626397102 409802914 0  
  1626397103 409802914 0  
  1626397104 409802914 0  
  1626397105 409802914 0  
  1626397106 409802914 0  
  1626397107 409802914 0  
  1626397108 409802914 0  
  1626397109 409802914 0  
  1626397111 409802914 0  
  1626397112 409802914 0  
  1626397113 409802914 0  
  1626397114 409802914 0  
  1626397115 409802914 0  
  1626397116 409802914 0  
  1626397117 409802914 0  
  1626397118 409802914 0  
  1626397119 409802914 0  
  1626397120 409802914 0  
  1626397121 409802914 0  
  1626397122 409802914 0  
  1626397123 409802914 0  
  1626397124 409802914 0  
  1626397125 409802914 0  
  1626397126 409802914 0  
  1626397127 409802914 0  
  1626397128 409802914 0  
  1626397129 409802914 0  
  1626397130 409802914 0  
  1626397131 409802914 0  
  1626397132 409802914 0  
  1626397133 409802914 0  
  1626397134 409802914 0  
  1626397135 409802914 0  
  1626397136 409802914 0  
  1626397137 409802914 0  
  1626397138 409802914 0  
  1626397139 409802914 0  
  1626397140 409802914 0  
  1626397141 409802914 0  
  1626397142 409802914 0  
  1626397143 409802914 0  
  1626397144 409802914 0  
  1626397145 409802914 0  
  1626397146 409802914 0  
  1626397147 409802914 0  
  1626397148 409802914 0  
  1626397150 409802914 0  
  1626397151 409802914 0  
  1626397152 409802914 0  
  1626397153 409802914 0  
  1626397154 409802914 0  
  1626397155 409802914 0  
  1626397156 409802914 0  
  1626397157 409802914 0  
  1626397158 409802914 0  
  1626397159 409802914 0  
  1626397160 409802914 0  
  1626397161 409802914 0  
  1626397162 409802914 0  
  1626397163 409807223 0  
  1626397164 409807547 0  
  1626397165 409808255 0  
  1626397166 409808255 0  
  1626397167 409808255 0  
  1626397168 409808255 0  
  1626397169 409808255 0  
  1626397170 409808255 0  
  1626397171 409812888 0  
  1626397172 409817521 0  
  1626397173 409818229 0  
  1626397174 409818937 0  
  1626397175 409818937 0  
  1626397176 409818937 0  
  1626397177 409818937 0  
  1626397178 409818937 0  
  1626397179 409818937 0  
  1626397180 409818937 0  
  1626397181 409818937 0  
  1626397182 409818937 0  
  1626397183 409818937 0  
  1626397184 409818937 0  
  1626397185 409818937 0  
  1626397186 409818937 0  
  1626397187 409818937 0  
  1626397188 409818937 0  
  1626397190 409818937 0  
  1626397191 409818937 0  
  1626397192 409818937 0  
  1626397193 409818937 0  
  1626397194 409818937 0  
  1626397195 409818937 0  
  1626397196 409818937 0  
  1626397197 409818937 0  
  1626397198 409818937 0  
  1626397199 409818937 0  
  1626397200 409818937 0  
  1626397201 409818937 0  
  1626397202 409818937 0  
  1626397203 409823246 0  
  1626397204 409823570 0  
  1626397205 409824210 0  
  1626397206 409824210 0  
  1626397207 409824210 0  
  1626397208 409824210 0  
  1626397209 409824210 0  
  1626397210 409824210 0  
  1626397211 409824210 0  
  1626397212 409824210 0  
  1626397213 409824210 0  
  1626397214 409824210 0  
  1626397215 409824210 0  
  1626397216 409824210 0  
  1626397217 409824210 0  
  1626397218 409824210 0  
  1626397219 409824210 0  
  1626397220 409824210 0  
  1626397221 409824210 0  
  1626397222 409824210 0  
  1626397223 409824210 0  
  1626397224 409824210 0  
 