 1626772613 457712720 0  
  1626772615 457712720 0  
  1626772616 457712720 0  
  1626772617 457712720 0  
  1626772618 457712720 0  
  1626772619 457712720 0  
  1626772620 457712720 0  
  1626772621 457712720 0  
  1626772622 457712720 0  
  1626772623 457712720 0  
  1626772624 457712720 0  
  1626772625 457712720 0  
  1626772626 457712720 0  
  1626772627 457712720 0  
  1626772628 457712720 0  
  1626772629 457712720 0  
  1626772630 457712720 0  
  1626772631 457712720 0  
  1626772632 457712720 0  
  1626772633 457712720 0  
  1626772634 457712720 0  
  1626772635 457712720 0  
  1626772636 457712720 0  
  1626772637 457712720 0  
  1626772638 457712720 0  
  1626772639 457712720 0  
  1626772640 457712720 0  
  1626772641 457712720 0  
  1626772642 457712720 0  
  1626772643 457712720 0  
  1626772644 457712720 0  
  1626772645 457712720 0  
  1626772646 457712720 0  
  1626772647 457712720 0  
  1626772648 457712720 0  
  1626772649 457712720 0  
  1626772650 457712720 0  
  1626772651 457712720 0  
  1626772652 457712720 0  
  1626772654 457712720 0  
  1626772655 457712720 0  
  1626772656 457712720 0  
  1626772657 457712720 0  
  1626772658 457712720 0  
  1626772659 457712720 0  
  1626772660 457712812 0  
  1626772661 457712812 0  
  1626772662 457712812 0  
  1626772663 457712812 0  
  1626772664 457712812 0  
  1626772665 457712812 0  
  1626772666 457712812 0  
  1626772667 457712812 0  
  1626772668 457712812 0  
  1626772669 457712812 0  
  1626772670 457712812 0  
  1626772671 457712812 0  
  1626772672 457712812 0  
  1626772673 457717121 0  
  1626772674 457717445 0  
  1626772675 457717445 0  
  1626772676 457718153 0  
  1626772677 457718153 0  
  1626772678 457718153 0  
  1626772679 457718153 0  
  1626772680 457718153 0  
  1626772681 457718153 0  
  1626772682 457718153 0  
  1626772683 457718153 0  
  1626772684 457718153 0  
  1626772685 457718153 0  
  1626772686 457718153 0  
  1626772687 457718153 0  
  1626772688 457718153 0  
  1626772689 457718153 0  
  1626772690 457718153 0  
  1626772691 457718153 0  
  1626772693 457718153 0  
  1626772694 457718153 0  
  1626772695 457718153 0  
  1626772696 457718153 0  
  1626772697 457718153 0  
  1626772698 457718153 0  
  1626772699 457718153 0  
  1626772700 457718153 0  
  1626772701 457718153 0  
  1626772702 457718153 0  
  1626772703 457718153 0  
  1626772704 457718153 0  
  1626772705 457718153 0  
  1626772706 457718153 0  
  1626772707 457718153 0  
  1626772708 457718153 0  
  1626772709 457718153 0  
  1626772710 457718153 0  
  1626772711 457718153 0  
  1626772712 457718153 0  
  1626772713 457718245 0  
  1626772714 457718245 0  
  1626772715 457718245 0  
  1626772716 457718245 0  
  1626772717 457718245 0  
  1626772718 457718245 0  
  1626772719 457718245 0  
  1626772720 457718245 0  
  1626772721 457718245 0  
  1626772722 457718245 0  
  1626772723 457718245 0  
  1626772724 457718245 0  
  1626772725 457718245 0  
  1626772726 457718245 0  
  1626772727 457718245 0  
  1626772728 457718245 0  
  1626772729 457718245 0  
  1626772730 457718245 0  
  1626772731 457718245 0  
  1626772733 457718245 0  
  1626772734 457718245 0  
  1626772735 457718245 0  
  1626772736 457718245 0  
  1626772737 457718245 0  
  1626772738 457718245 0  
  1626772739 457718245 0  
  1626772740 457718245 0  
  1626772741 457718245 0  
  1626772742 457718245 0  
  1626772743 457718245 0  
  1626772744 457718245 0  
  1626772745 457718245 0  
  1626772746 457718245 0  
  1626772747 457718245 0  
  1626772748 457718245 0  
  1626772749 457718245 0  
  1626772750 457718245 0  
  1626772751 457718245 0  
  1626772752 457718245 0  
  1626772753 457718245 0  
  1626772754 457718245 0  
  1626772755 457718245 0  
  1626772756 457718245 0  
  1626772757 457718245 0  
  1626772758 457718245 0  
  1626772759 457718245 0  
  1626772760 457718245 0  
  1626772761 457718245 0  
  1626772762 457718245 0  
  1626772763 457718245 0  
  1626772764 457718245 0  
  1626772765 457719840 0  
  1626772766 457719840 0  
  1626772767 457719840 0  
  1626772768 457719840 0  
  1626772769 457719840 0  
  1626772770 457719840 0  
  1626772771 457719840 0  
  1626772773 457719840 0  
  1626772774 457719840 0  
  1626772775 457719840 0  
  1626772776 457719840 0  
  1626772777 457719840 0  
  1626772778 457719840 0  
  1626772779 457719840 0  
  1626772780 457719840 0  
  1626772781 457719840 0  
  1626772782 457719840 0  
  1626772783 457719840 0  
  1626772784 457719840 0  
  1626772785 457719840 0  
  1626772786 457719840 0  
  1626772787 457719840 0  
  1626772788 457719840 0  
  1626772789 457719840 0  
  1626772790 457719932 0  
  1626772791 457719932 0  
  1626772792 457719932 0  
  1626772793 457719932 0  
  1626772794 457719932 0  
  1626772795 457719932 0  
  1626772796 457719932 0  
  1626772797 457719932 0  
  1626772798 457719932 0  
  1626772799 457719932 0  
  1626772800 457719932 0  
  1626772801 457719932 0  
  1626772802 457719932 0  
  1626772803 457719932 0  
  1626772804 457719932 0  
  1626772805 457719932 0  
  1626772806 457719932 0  
  1626772807 457719932 0  
  1626772808 457719932 0  
  1626772809 457724241 0  
  1626772810 457724565 0  
  1626772811 457724565 0  
  1626772813 457725273 0  
  1626772814 457725273 0  
  1626772815 457725273 0  
  1626772816 457725273 0  
  1626772817 457725273 0  
  1626772818 457725273 0  
  1626772819 457725273 0  
  1626772820 457725273 0  
  1626772821 457725273 0  
  1626772822 457728170 0  
  1626772823 457734215 0  
  1626772824 457738668 0  
  1626772825 457740520 0  
  1626772826 457741228 0  
  1626772827 457741228 0  
  1626772828 457741228 0  
  1626772829 457741228 0  
  1626772830 457741228 0  
  1626772831 457741228 0  
  1626772832 457741228 0  
  1626772833 457741228 0  
  1626772834 457741228 0  
  1626772835 457741228 0  
  1626772836 457741228 0  
  1626772837 457741228 0  
  1626772838 457741228 0  
  1626772839 457741228 0  
  1626772840 457741228 0  
  1626772841 457741228 0  
  1626772842 457741228 0  
  1626772843 457741585 0  
  1626772844 457741585 0  
  1626772845 457741585 0  
  1626772846 457741585 0  
  1626772847 457741585 0  
  1626772848 457741585 0  
  1626772849 457741585 0  
  1626772850 457741585 0  
  1626772852 457741585 0  
  1626772853 457741585 0  
  1626772854 457741585 0  
  1626772855 457741585 0  
  1626772856 457741585 0  
  1626772857 457741585 0  
  1626772858 457741585 0  
  1626772859 457741585 0  
  1626772860 457741585 0  
  1626772861 457741585 0  
  1626772862 457741585 0  
  1626772863 457741585 0  
  1626772864 457741585 0  
  1626772865 457741585 0  
  1626772866 457741585 0  
  1626772867 457741585 0  
  1626772868 457741585 0  
  1626772869 457741585 0  
  1626772870 457741585 0  
  1626772871 457741585 0  
  1626772872 457741585 0  
  1626772873 457741585 0  
  1626772874 457741585 0  
  1626772875 457741585 0  
  1626772876 457741585 0  
  1626772877 457741585 0  
  1626772878 457741585 0  
  1626772879 457741585 0  
  1626772880 457741585 0  
  1626772881 457741585 0  
  1626772882 457741585 0  
  1626772883 457741585 0  
  1626772884 457741585 0  
  1626772885 457741585 0  
  1626772886 457741585 0  
  1626772887 457741585 0  
  1626772888 457741585 0  
  1626772889 457741585 0  
  1626772890 457741585 0  
  1626772892 457741585 0  
  1626772893 457741585 0  
  1626772894 457741585 0  
  1626772895 457741585 0  
  1626772896 457741585 0  
  1626772897 457741585 0  
  1626772898 457741585 0  
  1626772899 457741585 0  
  1626772900 457741585 0  
  1626772901 457741585 0  
  1626772902 457741585 0  
  1626772903 457741585 0  
  1626772904 457741585 0  
  1626772905 457741585 0  
  1626772906 457741585 0  
  1626772907 457741585 0  
  1626772908 457741585 0  
  1626772909 457741585 0  
  1626772910 457741585 0  
  1626772911 457741585 0  
  1626772912 457741585 0  
  1626772913 457741585 0  
  1626772914 457741585 0  
  1626772915 457741585 0  
  1626772916 457741585 0  
  1626772917 457741585 0  
  1626772918 457741585 0  
  1626772919 457741585 0  
  1626772920 457741677 0  
  1626772921 457741677 0  
  1626772922 457741677 0  
  1626772923 457741677 0  
  1626772924 457741677 0  
  1626772925 457741677 0  
  1626772926 457741677 0  
  1626772927 457741677 0  
  1626772928 457741677 0  
  1626772929 457741677 0  
  1626772930 457741677 0  
  1626772932 457741677 0  
  1626772933 457741677 0  
  1626772934 457741677 0  
  1626772935 457741677 0  
  1626772936 457741677 0  
  1626772937 457741677 0  
  1626772938 457741677 0  
  1626772939 457741677 0  
  1626772940 457741677 0  
  1626772941 457741677 0  
  1626772942 457741677 0  
  1626772943 457741677 0  
  1626772944 457741677 0  
  1626772945 457741677 0  
  1626772946 457741677 0  
  1626772947 457741677 0  
  1626772948 457741677 0  
  1626772949 457741677 0  
  1626772950 457741677 0  
  1626772951 457741677 0  
  1626772952 457741677 0  
  1626772953 457741677 0  
  1626772954 457741677 0  
  1626772955 457741677 0  
  1626772956 457741677 0  
  1626772957 457741677 0  
  1626772958 457741677 0  
  1626772959 457741677 0  
  1626772960 457741677 0  
  1626772961 457741677 0  
  1626772962 457741677 0  
  1626772963 457741677 0  
  1626772964 457741677 0  
  1626772965 457742335 0  
  1626772966 457742335 0  
  1626772967 457742335 0  
  1626772968 457742335 0  
  1626772969 457742335 0  
  1626772971 457742335 0  
  1626772972 457746644 0  
  1626772973 457747060 0  
  1626772974 457747060 0  
  1626772975 457747700 0  
  1626772976 457747700 0  
  1626772977 457747700 0  
  1626772978 457747700 0  
  1626772979 457747700 0  
  1626772980 457747700 0  
  1626772981 457747700 0  
  1626772982 457747700 0  
  1626772983 457747700 0  
  1626772984 457747700 0  
  1626772985 457747700 0  
  1626772986 457747700 0  
  1626772987 457747700 0  
  1626772988 457747700 0  
  1626772989 457747700 0  
  1626772990 457747700 0  
  1626772991 457747700 0  
  1626772992 457747700 0  
  1626772993 457747700 0  
  1626772994 457747700 0  
  1626772995 457747700 0  
  1626772996 457747700 0  
  1626772997 457747700 0  
  1626772998 457747700 0  
 