 1626784244 463320974 0  
  1626784246 463320974 0  
  1626784247 463320974 0  
  1626784248 463321066 0  
  1626784249 463321066 0  
  1626784250 463321066 0  
  1626784251 463321066 0  
  1626784252 463321066 0  
  1626784253 463321066 0  
  1626784254 463321066 0  
  1626784255 463321066 0  
  1626784256 463321066 0  
  1626784257 463321066 0  
  1626784258 463321066 0  
  1626784259 463321066 0  
  1626784260 463321066 0  
  1626784261 463321066 0  
  1626784262 463321066 0  
  1626784263 463321066 0  
  1626784264 463321158 0  
  1626784265 463325467 0  
  1626784266 463325875 0  
  1626784267 463325875 0  
  1626784268 463326379 0  
  1626784269 463326379 0  
  1626784270 463326379 0  
  1626784271 463326379 0  
  1626784272 463326379 0  
  1626784273 463326379 0  
  1626784274 463326379 0  
  1626784275 463326379 0  
  1626784276 463326379 0  
  1626784277 463326379 0  
  1626784278 463326379 0  
  1626784279 463326379 0  
  1626784280 463326471 0  
  1626784281 463326471 0  
  1626784282 463326471 0  
  1626784284 463326471 0  
  1626784285 463326471 0  
  1626784286 463326471 0  
  1626784287 463326471 0  
  1626784288 463326471 0  
  1626784289 463326471 0  
  1626784290 463326471 0  
  1626784291 463326471 0  
  1626784292 463326471 0  
  1626784293 463326471 0  
  1626784294 463326471 0  
  1626784295 463326471 0  
  1626784296 463326563 0  
  1626784297 463326563 0  
  1626784298 463326563 0  
  1626784299 463326563 0  
  1626784300 463326563 0  
  1626784301 463326563 0  
  1626784302 463326563 0  
  1626784303 463326563 0  
  1626784304 463326563 0  
  1626784305 463326563 0  
  1626784306 463326563 0  
  1626784307 463326563 0  
  1626784308 463326563 0  
  1626784309 463326563 0  
  1626784310 463326563 0  
  1626784311 463326563 0  
  1626784312 463326655 0  
  1626784313 463326655 0  
  1626784314 463326655 0  
  1626784315 463326655 0  
  1626784316 463326655 0  
  1626784317 463326655 0  
  1626784318 463326747 0  
  1626784319 463326747 0  
  1626784320 463326747 0  
  1626784321 463326747 0  
  1626784322 463326747 0  
  1626784324 463326747 0  
  1626784325 463326747 0  
  1626784326 463326747 0  
  1626784327 463326747 0  
  1626784328 463326747 0  
  1626784329 463326839 0  
  1626784330 463326839 0  
  1626784331 463326839 0  
  1626784332 463326839 0  
  1626784333 463326839 0  
  1626784334 463326839 0  
  1626784335 463326839 0  
  1626784336 463326839 0  
  1626784337 463326839 0  
  1626784338 463326839 0  
  1626784339 463326839 0  
  1626784340 463326839 0  
  1626784341 463326839 0  
  1626784342 463326839 0  
  1626784343 463327177 0  
  1626784344 463327177 0  
  1626784345 463327269 0  
  1626784346 463327269 0  
  1626784347 463327269 0  
  1626784348 463327269 0  
  1626784349 463327269 0  
  1626784350 463327269 0  
  1626784351 463327269 0  
  1626784352 463327269 0  
  1626784353 463327269 0  
  1626784354 463327269 0  
  1626784355 463327269 0  
  1626784356 463327269 0  
  1626784357 463327269 0  
  1626784358 463327269 0  
  1626784359 463327269 0  
  1626784360 463327361 0  
  1626784361 463327361 0  
  1626784363 463327361 0  
  1626784364 463327361 0  
  1626784365 463327361 0  
  1626784366 463327957 0  
  1626784367 463327957 0  
  1626784368 463327957 0  
  1626784369 463327957 0  
  1626784370 463332590 0  
  1626784371 463332590 0  
  1626784372 463333298 0  
  1626784373 463333298 0  
  1626784374 463333298 0  
  1626784375 463333298 0  
  1626784376 463333298 0  
  1626784377 463333390 0  
  1626784378 463333390 0  
  1626784379 463333390 0  
  1626784380 463333390 0  
  1626784381 463333390 0  
  1626784382 463333390 0  
  1626784383 463333482 0  
  1626784384 463333482 0  
  1626784385 463333482 0  
  1626784386 463333482 0  
  1626784387 463333482 0  
  1626784388 463333482 0  
  1626784389 463333482 0  
  1626784390 463333482 0  
  1626784391 463333482 0  
  1626784392 463333482 0  
  1626784393 463333574 0  
  1626784394 463333574 0  
  1626784395 463333574 0  
  1626784396 463333574 0  
  1626784397 463333574 0  
  1626784398 463333574 0  
  1626784399 463333574 0  
  1626784400 463333574 0  
  1626784401 463333574 0  
  1626784403 463333574 0  
  1626784404 463333574 0  
  1626784405 463333574 0  
  1626784406 463333574 0  
  1626784407 463333574 0  
  1626784408 463333574 0  
  1626784409 463333574 0  
  1626784410 463333666 0  
  1626784411 463333666 0  
  1626784412 463333666 0  
  1626784413 463333666 0  
  1626784414 463333666 0  
  1626784415 463333666 0  
  1626784416 463333666 0  
  1626784417 463333666 0  
  1626784418 463333666 0  
  1626784419 463333666 0  
  1626784420 463333666 0  
  1626784421 463333666 0  
  1626784422 463333666 0  
  1626784423 463333666 0  
  1626784424 463333666 0  
  1626784425 463333758 0  
  1626784426 463333758 0  
  1626784427 463333758 0  
  1626784428 463333758 0  
  1626784429 463333758 0  
  1626784430 463333758 0  
  1626784431 463333758 0  
  1626784432 463333758 0  
  1626784433 463333758 0  
  1626784434 463333758 0  
  1626784435 463333758 0  
  1626784436 463333758 0  
  1626784437 463333758 0  
  1626784438 463333758 0  
  1626784439 463333758 0  
  1626784440 463333758 0  
  1626784442 463333850 0  
  1626784443 463333850 0  
  1626784444 463333850 0  
  1626784445 463333850 0  
  1626784446 463333850 0  
  1626784447 463333850 0  
  1626784448 463333942 0  
  1626784449 463333942 0  
  1626784450 463333942 0  
  1626784451 463333942 0  
  1626784452 463333942 0  
  1626784453 463333942 0  
  1626784454 463333942 0  
  1626784455 463333942 0  
  1626784456 463333942 0  
  1626784457 463333942 0  
  1626784458 463334034 0  
  1626784459 463334034 0  
  1626784460 463334034 0  
  1626784461 463334034 0  
  1626784462 463334034 0  
  1626784463 463334034 0  
  1626784464 463334034 0  
  1626784465 463334034 0  
  1626784466 463334034 0  
  1626784467 463334034 0  
  1626784468 463334034 0  
  1626784469 463334034 0  
  1626784470 463334034 0  
  1626784471 463334034 0  
  1626784472 463334034 0  
  1626784473 463334034 0  
  1626784474 463334126 0  
  1626784475 463334126 0  
  1626784476 463334126 0  
  1626784477 463334126 0  
  1626784478 463334126 0  
  1626784479 463334126 0  
  1626784480 463334126 0  
  1626784482 463334126 0  
  1626784483 463334126 0  
  1626784484 463334126 0  
  1626784485 463334126 0  
  1626784486 463334126 0  
  1626784487 463334126 0  
  1626784488 463334126 0  
  1626784489 463334126 0  
  1626784490 463334126 0  
  1626784491 463334218 0  
  1626784492 463334218 0  
  1626784493 463334556 0  
  1626784494 463334556 0  
  1626784495 463334556 0  
  1626784496 463334556 0  
  1626784497 463334556 0  
  1626784498 463334556 0  
  1626784499 463334556 0  
  1626784500 463334556 0  
  1626784501 463334556 0  
  1626784502 463334556 0  
  1626784503 463334556 0  
  1626784504 463334556 0  
  1626784505 463334556 0  
  1626784506 463334792 0  
  1626784507 463339281 0  
  1626784508 463339281 0  
  1626784509 463339989 0  
  1626784510 463339989 0  
  1626784511 463340081 0  
  1626784512 463340081 0  
  1626784513 463340081 0  
  1626784514 463340081 0  
  1626784515 463340081 0  
  1626784516 463340081 0  
  1626784517 463340081 0  
  1626784518 463340081 0  
  1626784519 463342978 0  
  1626784521 463344714 0  
  1626784522 463349347 0  
  1626784523 463354780 0  
  1626784524 463355556 0  
  1626784525 463356196 0  
  1626784526 463356196 0  
  1626784527 463356196 0  
  1626784528 463356196 0  
  1626784529 463356196 0  
  1626784530 463356196 0  
  1626784531 463356196 0  
  1626784532 463356196 0  
  1626784533 463356196 0  
  1626784534 463356196 0  
  1626784535 463356196 0  
  1626784536 463356196 0  
  1626784537 463356196 0  
  1626784538 463356196 0  
  1626784539 463356288 0  
  1626784540 463356645 0  
  1626784541 463356645 0  
  1626784542 463356645 0  
  1626784543 463356645 0  
  1626784544 463356645 0  
  1626784545 463356645 0  
  1626784546 463356645 0  
  1626784547 463356645 0  
  1626784548 463356645 0  
  1626784549 463356645 0  
  1626784550 463356645 0  
  1626784551 463356645 0  
  1626784552 463356645 0  
  1626784553 463356645 0  
  1626784554 463356645 0  
  1626784555 463356737 0  
  1626784556 463356737 0  
  1626784557 463356737 0  
  1626784558 463356737 0  
  1626784559 463356737 0  
  1626784561 463356737 0  
  1626784562 463356737 0  
  1626784563 463356737 0  
  1626784564 463356737 0  
  1626784565 463357333 0  
  1626784566 463357333 0  
  1626784567 463357333 0  
  1626784568 463357333 0  
  1626784569 463357333 0  
  1626784570 463357333 0  
  1626784571 463357333 0  
  1626784572 463357425 0  
  1626784573 463357425 0  
  1626784574 463357425 0  
  1626784575 463357425 0  
  1626784576 463357425 0  
  1626784577 463357517 0  
  1626784578 463357517 0  
  1626784579 463357517 0  
  1626784580 463357517 0  
  1626784581 463357517 0  
  1626784582 463357517 0  
  1626784583 463357517 0  
  1626784584 463357517 0  
  1626784585 463357517 0  
  1626784586 463357517 0  
  1626784587 463357609 0  
  1626784588 463357609 0  
  1626784589 463357609 0  
  1626784590 463357609 0  
  1626784591 463357609 0  
  1626784592 463357609 0  
  1626784593 463357609 0  
  1626784594 463357609 0  
  1626784595 463357609 0  
  1626784596 463357609 0  
  1626784597 463357609 0  
  1626784598 463357609 0  
  1626784600 463357609 0  
  1626784601 463357609 0  
  1626784602 463357609 0  
  1626784603 463357609 0  
  1626784604 463357701 0  
  1626784605 463357701 0  
  1626784606 463357701 0  
  1626784607 463357701 0  
  1626784608 463357701 0  
  1626784609 463357701 0  
  1626784610 463357701 0  
  1626784611 463357701 0  
  1626784612 463357701 0  
  1626784613 463357701 0  
  1626784614 463357701 0  
  1626784615 463357701 0  
  1626784616 463357701 0  
  1626784617 463357701 0  
  1626784618 463357701 0  
  1626784619 463357701 0  
  1626784620 463357793 0  
  1626784621 463357793 0  
  1626784622 463357793 0  
  1626784623 463357793 0  
  1626784624 463357793 0  
  1626784625 463357793 0  
  1626784626 463357793 0  
  1626784627 463357793 0  
  1626784628 463357793 0  
  1626784629 463357793 0  
 