 1626724513 450944798 0  
  1626724514 450944798 0  
  1626724515 450944798 0  
  1626724516 450944798 0  
  1626724517 450944798 0  
  1626724519 450944798 0  
  1626724520 450944942 0  
  1626724521 450949431 0  
  1626724522 450952072 0  
  1626724523 450954828 0  
  1626724524 450959845 0  
  1626724525 450960169 0  
  1626724526 450960741 0  
  1626724527 450960741 0  
  1626724528 450960741 0  
  1626724529 450960741 0  
  1626724530 450960741 0  
  1626724531 450960741 0  
  1626724532 450960741 0  
  1626724533 450960741 0  
  1626724534 450960741 0  
  1626724535 450960741 0  
  1626724536 450960741 0  
  1626724537 450960833 0  
  1626724538 450960833 0  
  1626724539 450960833 0  
  1626724540 450960833 0  
  1626724541 450960833 0  
  1626724542 450960833 0  
  1626724543 450961190 0  
  1626724544 450961190 0  
  1626724545 450961190 0  
  1626724546 450961190 0  
  1626724547 450961190 0  
  1626724548 450961190 0  
  1626724549 450961190 0  
  1626724550 450961190 0  
  1626724551 450961190 0  
  1626724552 450961190 0  
  1626724553 450961190 0  
  1626724554 450961190 0  
  1626724555 450961190 0  
  1626724556 450961190 0  
  1626724558 450961190 0  
  1626724559 450961190 0  
  1626724560 450961190 0  
  1626724561 450961190 0  
  1626724562 450961190 0  
  1626724563 450961190 0  
  1626724564 450961190 0  
  1626724565 450961190 0  
  1626724566 450961190 0  
  1626724567 450961190 0  
  1626724568 450961190 0  
  1626724569 450961190 0  
  1626724570 450961190 0  
  1626724571 450961190 0  
  1626724572 450961190 0  
  1626724573 450961190 0  
  1626724574 450961190 0  
  1626724575 450961190 0  
  1626724576 450961190 0  
  1626724577 450961190 0  
  1626724578 450961190 0  
  1626724579 450961190 0  
  1626724580 450961190 0  
  1626724581 450961190 0  
  1626724582 450961190 0  
  1626724583 450961190 0  
  1626724584 450961190 0  
  1626724585 450961190 0  
  1626724586 450961190 0  
  1626724587 450961190 0  
  1626724588 450961190 0  
  1626724589 450961190 0  
  1626724590 450961190 0  
  1626724591 450961190 0  
  1626724592 450961190 0  
  1626724593 450961190 0  
  1626724594 450961190 0  
  1626724595 450961190 0  
  1626724596 450961190 0  
  1626724598 450961190 0  
  1626724599 450961190 0  
  1626724600 450961190 0  
  1626724601 450961190 0  
  1626724602 450961190 0  
  1626724603 450961190 0  
  1626724604 450961190 0  
  1626724605 450961190 0  
  1626724606 450961190 0  
  1626724607 450961190 0  
  1626724608 450961190 0  
  1626724609 450961190 0  
  1626724610 450961190 0  
  1626724611 450961190 0  
  1626724612 450961190 0  
  1626724613 450961190 0  
  1626724614 450961190 0  
  1626724615 450961190 0  
  1626724616 450961190 0  
  1626724617 450961190 0  
  1626724618 450961190 0  
  1626724619 450961190 0  
  1626724620 450961190 0  
  1626724621 450961190 0  
  1626724622 450961190 0  
  1626724623 450961190 0  
  1626724624 450961190 0  
  1626724625 450961190 0  
  1626724626 450961190 0  
  1626724627 450961190 0  
  1626724628 450961190 0  
  1626724629 450961190 0  
  1626724630 450961190 0  
  1626724631 450961190 0  
  1626724632 450961190 0  
  1626724633 450961190 0  
  1626724634 450961190 0  
  1626724635 450961190 0  
  1626724636 450961190 0  
  1626724637 450961190 0  
  1626724639 450961190 0  
  1626724640 450961190 0  
  1626724641 450961190 0  
  1626724642 450961282 0  
  1626724643 450961282 0  
  1626724644 450961282 0  
  1626724645 450961282 0  
  1626724646 450961282 0  
  1626724647 450961282 0  
  1626724648 450961282 0  
  1626724649 450961282 0  
  1626724650 450961282 0  
  1626724651 450961282 0  
  1626724652 450961282 0  
  1626724653 450961282 0  
  1626724654 450961282 0  
  1626724655 450961350 0  
  1626724656 450961350 0  
  1626724657 450961350 0  
  1626724658 450961350 0  
  1626724659 450961350 0  
  1626724660 450961350 0  
  1626724661 450962506 0  
  1626724662 450962506 0  
  1626724663 450963102 0  
  1626724664 450963102 0  
  1626724665 450963102 0  
  1626724666 450963102 0  
  1626724667 450963194 0  
  1626724668 450963194 0  
  1626724669 450963194 0  
  1626724670 450963194 0  
  1626724671 450963194 0  
  1626724672 450967503 0  
  1626724673 450967827 0  
  1626724674 450967827 0  
  1626724675 450968535 0  
  1626724676 450968535 0  
  1626724678 450968535 0  
  1626724679 450968535 0  
  1626724680 450968535 0  
  1626724681 450968535 0  
  1626724682 450968535 0  
  1626724683 450968535 0  
  1626724684 450968535 0  
  1626724685 450968535 0  
  1626724686 450968535 0  
  1626724687 450968535 0  
  1626724688 450968535 0  
  1626724689 450968535 0  
  1626724690 450968535 0  
  1626724691 450968535 0  
  1626724692 450968535 0  
  1626724693 450968535 0  
  1626724694 450968535 0  
  1626724695 450968535 0  
  1626724696 450968535 0  
  1626724697 450968535 0  
  1626724698 450968535 0  
  1626724699 450968535 0  
  1626724700 450968535 0  
  1626724701 450968535 0  
  1626724702 450968535 0  
  1626724703 450968535 0  
  1626724704 450968535 0  
  1626724705 450968535 0  
  1626724706 450968535 0  
  1626724707 450968535 0  
  1626724708 450968535 0  
  1626724709 450968535 0  
  1626724710 450968535 0  
  1626724711 450968535 0  
  1626724712 450968535 0  
  1626724713 450968535 0  
  1626724714 450968535 0  
  1626724715 450968535 0  
  1626724716 450968535 0  
  1626724718 450968535 0  
  1626724719 450968535 0  
  1626724720 450968535 0  
  1626724721 450968535 0  
  1626724722 450968535 0  
  1626724723 450968535 0  
  1626724724 450968535 0  
  1626724725 450968535 0  
  1626724726 450968535 0  
  1626724727 450968535 0  
  1626724728 450968535 0  
  1626724729 450968535 0  
  1626724730 450968535 0  
  1626724731 450968535 0  
  1626724732 450968535 0  
  1626724733 450968535 0  
  1626724734 450968535 0  
  1626724735 450968535 0  
  1626724736 450968535 0  
  1626724737 450968535 0  
  1626724738 450968535 0  
  1626724739 450968535 0  
  1626724740 450968535 0  
  1626724741 450968535 0  
  1626724742 450968535 0  
  1626724743 450968535 0  
  1626724744 450968535 0  
  1626724745 450968535 0  
  1626724746 450968535 0  
  1626724747 450968535 0  
  1626724748 450968535 0  
  1626724749 450968535 0  
  1626724750 450968535 0  
  1626724751 450968535 0  
  1626724752 450968535 0  
  1626724753 450968535 0  
  1626724754 450968535 0  
  1626724755 450968535 0  
  1626724756 450968535 0  
  1626724758 450968535 0  
  1626724759 450968535 0  
  1626724760 450968535 0  
  1626724761 450968535 0  
  1626724762 450968535 0  
  1626724763 450968535 0  
  1626724764 450970130 0  
  1626724765 450970130 0  
  1626724766 450970130 0  
  1626724767 450970130 0  
  1626724768 450970130 0  
  1626724769 450970130 0  
  1626724770 450970130 0  
  1626724771 450970222 0  
  1626724772 450970222 0  
  1626724773 450970222 0  
  1626724774 450970222 0  
  1626724775 450970222 0  
  1626724776 450970222 0  
  1626724777 450970222 0  
  1626724778 450970222 0  
  1626724779 450970222 0  
  1626724780 450970222 0  
  1626724781 450970222 0  
  1626724782 450970222 0  
  1626724783 450970222 0  
  1626724784 450970222 0  
  1626724785 450970222 0  
  1626724786 450970222 0  
  1626724787 450970222 0  
  1626724788 450970222 0  
  1626724789 450970222 0  
  1626724790 450970222 0  
  1626724791 450970222 0  
  1626724792 450970222 0  
  1626724793 450970222 0  
  1626724794 450970222 0  
  1626724795 450970314 0  
  1626724796 450970314 0  
  1626724798 450970314 0  
  1626724799 450970314 0  
  1626724800 450970314 0  
  1626724801 450970314 0  
  1626724802 450970314 0  
  1626724803 450970314 0  
  1626724804 450970314 0  
  1626724805 450970314 0  
  1626724806 450970314 0  
  1626724807 450970314 0  
  1626724808 450970314 0  
  1626724809 450974623 0  
  1626724810 450974947 0  
  1626724811 450975587 0  
  1626724812 450975655 0  
  1626724813 450975655 0  
  1626724814 450975655 0  
  1626724815 450975655 0  
  1626724816 450975655 0  
  1626724817 450975655 0  
  1626724818 450975655 0  
  1626724819 450975655 0  
  1626724820 450980288 0  
  1626724821 450980288 0  
  1626724822 450985629 0  
  1626724823 450985629 0  
  1626724824 450986481 0  
  1626724825 450990970 0  
  1626724826 450991542 0  
  1626724827 450991542 0  
  1626724828 450991542 0  
  1626724829 450991542 0  
  1626724830 450991542 0  
  1626724831 450991542 0  
  1626724832 450991542 0  
  1626724833 450991542 0  
  1626724834 450991542 0  
  1626724835 450991542 0  
  1626724837 450991542 0  
  1626724838 450991542 0  
  1626724839 450991542 0  
  1626724840 450991542 0  
  1626724841 450991542 0  
  1626724842 450991542 0  
  1626724843 450991899 0  
  1626724844 450991899 0  
  1626724845 450991899 0  
  1626724846 450991899 0  
  1626724847 450991899 0  
  1626724848 450991899 0  
  1626724849 450991899 0  
  1626724850 450991899 0  
  1626724851 450991899 0  
  1626724852 450991899 0  
  1626724853 450991899 0  
  1626724854 450991899 0  
  1626724855 450991899 0  
  1626724856 450991899 0  
 