 1627026285 506580101 0  
  1627026286 506580101 0  
  1627026287 506580101 0  
  1627026288 506580101 0  
  1627026289 506580101 0  
  1627026290 506580101 0  
  1627026291 506580101 0  
  1627026292 506580101 0  
  1627026293 506580101 0  
  1627026294 506580101 0  
  1627026295 506580101 0  
  1627026296 506580101 0  
  1627026297 506580101 0  
  1627026298 506580101 0  
  1627026299 506580101 0  
  1627026300 506580101 0  
  1627026301 506580101 0  
  1627026302 506580101 0  
  1627026303 506580101 0  
  1627026304 506580101 0  
  1627026305 506580101 0  
  1627026306 506580101 0  
  1627026307 506580101 0  
  1627026308 506580101 0  
  1627026309 506580101 0  
  1627026310 506580101 0  
  1627026311 506580101 0  
  1627026312 506580101 0  
  1627026313 506580101 0  
  1627026314 506580101 0  
  1627026315 506580101 0  
  1627026316 506580101 0  
  1627026317 506580101 0  
  1627026319 506580101 0  
  1627026320 506580101 0  
  1627026321 506580101 0  
  1627026322 506580101 0  
  1627026323 506580101 0  
  1627026324 506580101 0  
  1627026325 506580101 0  
  1627026326 506580101 0  
  1627026327 506580101 0  
  1627026328 506580101 0  
  1627026329 506580101 0  
  1627026330 506580101 0  
  1627026331 506580101 0  
  1627026332 506580101 0  
  1627026333 506580101 0  
  1627026334 506580101 0  
  1627026335 506580101 0  
  1627026336 506580101 0  
  1627026337 506580458 0  
  1627026338 506580458 0  
  1627026339 506580458 0  
  1627026340 506580458 0  
  1627026341 506580458 0  
  1627026342 506580458 0  
  1627026343 506584767 0  
  1627026344 506585091 0  
  1627026345 506585091 0  
  1627026346 506590432 0  
  1627026347 506590524 0  
  1627026348 506591232 0  
  1627026349 506591232 0  
  1627026350 506591232 0  
  1627026351 506595865 0  
  1627026352 506595865 0  
  1627026353 506601206 0  
  1627026354 506601206 0  
  1627026355 506601914 0  
  1627026357 506601914 0  
  1627026358 506601914 0  
  1627026359 506601914 0  
  1627026360 506601914 0  
  1627026361 506601914 0  
  1627026362 506601914 0  
  1627026363 506601914 0  
  1627026364 506601914 0  
  1627026365 506601914 0  
  1627026366 506601914 0  
  1627026367 506601914 0  
  1627026368 506601914 0  
  1627026369 506601914 0  
  1627026370 506601914 0  
  1627026371 506601914 0  
  1627026372 506601914 0  
  1627026373 506601914 0  
  1627026374 506601914 0  
  1627026375 506601914 0  
  1627026376 506601914 0  
  1627026377 506601914 0  
  1627026378 506601914 0  
  1627026379 506601914 0  
  1627026380 506601914 0  
  1627026381 506601914 0  
  1627026382 506601914 0  
  1627026383 506601914 0  
  1627026384 506601914 0  
  1627026385 506602006 0  
  1627026386 506602006 0  
  1627026387 506602006 0  
  1627026388 506602006 0  
  1627026389 506602006 0  
  1627026390 506602006 0  
  1627026391 506602006 0  
  1627026392 506602006 0  
  1627026393 506602006 0  
  1627026394 506602006 0  
  1627026395 506602006 0  
  1627026397 506602006 0  
  1627026398 506602006 0  
  1627026399 506602006 0  
  1627026400 506602006 0  
  1627026401 506602006 0  
  1627026402 506602006 0  
  1627026403 506602006 0  
  1627026404 506602006 0  
  1627026405 506602006 0  
  1627026406 506602006 0  
  1627026407 506602006 0  
  1627026408 506602006 0  
  1627026409 506602006 0  
  1627026410 506602006 0  
  1627026411 506602006 0  
  1627026412 506602006 0  
  1627026413 506602006 0  
  1627026414 506602006 0  
  1627026415 506602006 0  
  1627026416 506602006 0  
  1627026417 506602006 0  
  1627026418 506602006 0  
  1627026419 506602006 0  
  1627026420 506602006 0  
  1627026421 506602006 0  
  1627026422 506602006 0  
  1627026423 506602006 0  
  1627026424 506602006 0  
  1627026425 506602006 0  
  1627026426 506602006 0  
  1627026427 506602006 0  
  1627026428 506602006 0  
  1627026429 506602006 0  
  1627026430 506602006 0  
  1627026431 506602006 0  
  1627026432 506602006 0  
  1627026433 506602006 0  
  1627026434 506602006 0  
  1627026436 506602006 0  
  1627026437 506602006 0  
  1627026438 506602006 0  
  1627026439 506602006 0  
  1627026440 506602006 0  
  1627026441 506602006 0  
  1627026442 506602006 0  
  1627026443 506602006 0  
  1627026444 506602006 0  
  1627026445 506602006 0  
  1627026446 506602006 0  
  1627026447 506602006 0  
  1627026448 506602006 0  
  1627026449 506602006 0  
  1627026450 506602006 0  
  1627026451 506602006 0  
  1627026452 506602006 0  
  1627026453 506602006 0  
  1627026454 506602006 0  
  1627026455 506602006 0  
  1627026456 506602006 0  
  1627026457 506602006 0  
  1627026458 506602006 0  
  1627026459 506602006 0  
  1627026460 506602006 0  
  1627026461 506602006 0  
  1627026462 506602006 0  
  1627026463 506602006 0  
  1627026464 506602006 0  
  1627026465 506602006 0  
  1627026466 506602006 0  
  1627026467 506602006 0  
  1627026468 506602006 0  
  1627026469 506602006 0  
  1627026470 506602602 0  
  1627026471 506602602 0  
  1627026472 506602602 0  
  1627026473 506602602 0  
  1627026474 506602602 0  
  1627026476 506602602 0  
  1627026477 506602602 0  
  1627026478 506602602 0  
  1627026479 506602602 0  
  1627026480 506602602 0  
  1627026481 506602602 0  
  1627026482 506602602 0  
  1627026483 506602602 0  
  1627026484 506602602 0  
  1627026485 506602602 0  
  1627026486 506602602 0  
  1627026487 506602602 0  
  1627026488 506602602 0  
  1627026489 506602602 0  
  1627026490 506602602 0  
  1627026491 506602602 0  
  1627026492 506602602 0  
  1627026493 506602602 0  
  1627026494 506602602 0  
  1627026495 506602602 0  
  1627026496 506602602 0  
  1627026497 506602602 0  
  1627026498 506602602 0  
  1627026499 506602602 0  
  1627026500 506602602 0  
  1627026501 506602602 0  
  1627026502 506602940 0  
  1627026503 506602940 0  
  1627026504 506602940 0  
  1627026505 506602940 0  
  1627026506 506602940 0  
  1627026507 506602940 0  
  1627026508 506602940 0  
  1627026509 506602940 0  
  1627026510 506602940 0  
  1627026511 506602940 0  
  1627026512 506602940 0  
  1627026514 506602940 0  
  1627026515 506602940 0  
  1627026516 506602940 0  
  1627026517 506602940 0  
  1627026518 506602940 0  
  1627026519 506602940 0  
  1627026520 506602940 0  
  1627026521 506602940 0  
  1627026522 506602940 0  
  1627026523 506602940 0  
  1627026524 506602940 0  
  1627026525 506602940 0  
  1627026526 506602940 0  
  1627026527 506602940 0  
  1627026528 506602940 0  
  1627026529 506602940 0  
  1627026530 506602940 0  
  1627026531 506602940 0  
  1627026532 506602940 0  
  1627026533 506602940 0  
  1627026534 506602940 0  
  1627026535 506602940 0  
  1627026536 506607249 0  
  1627026537 506607573 0  
  1627026538 506607573 0  
  1627026539 506608281 0  
  1627026540 506608619 0  
  1627026541 506608619 0  
  1627026542 506608619 0  
  1627026543 506608619 0  
  1627026544 506608619 0  
  1627026545 506608619 0  
  1627026546 506608619 0  
  1627026547 506608619 0  
  1627026548 506608619 0  
  1627026549 506608619 0  
  1627026550 506608619 0  
  1627026551 506608619 0  
  1627026553 506608619 0  
  1627026554 506608619 0  
  1627026555 506608619 0  
  1627026556 506608619 0  
  1627026557 506608619 0  
  1627026558 506608619 0  
  1627026559 506608619 0  
  1627026560 506608619 0  
  1627026561 506608619 0  
  1627026562 506608619 0  
  1627026563 506608619 0  
  1627026564 506608619 0  
  1627026565 506608619 0  
  1627026566 506608619 0  
  1627026567 506608619 0  
  1627026568 506608619 0  
  1627026569 506608619 0  
  1627026570 506608619 0  
  1627026571 506608619 0  
  1627026572 506608619 0  
  1627026573 506608619 0  
  1627026574 506608619 0  
  1627026575 506608619 0  
  1627026576 506608619 0  
  1627026577 506608619 0  
  1627026578 506608619 0  
  1627026579 506608619 0  
  1627026580 506608619 0  
  1627026581 506608619 0  
  1627026582 506608619 0  
  1627026583 506608619 0  
  1627026584 506608619 0  
  1627026585 506608619 0  
  1627026586 506608619 0  
  1627026587 506608619 0  
  1627026588 506608619 0  
  1627026589 506608619 0  
  1627026590 506608619 0  
  1627026591 506608619 0  
  1627026593 506608619 0  
  1627026594 506608619 0  
  1627026595 506608619 0  
  1627026596 506608619 0  
  1627026597 506608619 0  
  1627026598 506608619 0  
  1627026599 506608619 0  
  1627026600 506608619 0  
  1627026601 506608619 0  
  1627026602 506608619 0  
  1627026603 506608619 0  
  1627026604 506608619 0  
  1627026605 506608619 0  
  1627026606 506608619 0  
  1627026607 506608619 0  
  1627026608 506608619 0  
  1627026609 506608619 0  
  1627026610 506608619 0  
  1627026611 506608619 0  
  1627026612 506608619 0  
  1627026613 506608619 0  
  1627026614 506608619 0  
  1627026615 506608619 0  
  1627026616 506608619 0  
  1627026617 506608619 0  
  1627026618 506608619 0  
  1627026619 506608619 0  
  1627026620 506608619 0  
  1627026621 506608619 0  
  1627026622 506608619 0  
  1627026623 506608619 0  
  1627026624 506608619 0  
  1627026625 506608619 0  
  1627026626 506608619 0  
  1627026627 506608619 0  
  1627026628 506608619 0  
  1627026629 506608619 0  
  1627026630 506608619 0  
  1627026632 506608619 0  
  1627026633 506608619 0  
  1627026634 506608619 0  
  1627026635 506608619 0  
  1627026636 506608619 0  
  1627026637 506608976 0  
  1627026638 506608976 0  
  1627026639 506608976 0  
  1627026640 506608976 0  
  1627026641 506608976 0  
  1627026642 506608976 0  
  1627026643 506613285 0  
  1627026644 506613609 0  
  1627026645 506614317 0  
  1627026646 506618950 0  
  1627026647 506619590 0  
  1627026648 506619658 0  
  1627026649 506619658 0  
  1627026650 506619658 0  
  1627026651 506624291 0  
  1627026652 506624291 0  
  1627026653 506629128 0  
  1627026654 506629632 0  
  1627026655 506630340 0  
  1627026656 506630340 0  
  1627026657 506630340 0  
  1627026658 506630340 0  
  1627026659 506630340 0  
  1627026660 506630340 0  
  1627026661 506630340 0  
  1627026662 506630340 0  
  1627026663 506630340 0  
  1627026664 506630340 0  
  1627026665 506630340 0  
  1627026666 506630340 0  
  1627026667 506630340 0  
  1627026668 506630340 0  
  1627026669 506630340 0  
  1627026671 506631935 0  
  1627026672 506631935 0  
  1627026673 506631935 0  
  1627026674 506631935 0  
  1627026675 506631935 0  
  1627026676 506631935 0  
  1627026677 506631935 0  
  1627026678 506631935 0  
  1627026679 506631935 0  
  1627026680 506631935 0  
  1627026681 506631935 0  
  1627026682 506631935 0  
  1627026683 506631935 0  
  1627026684 506631935 0  
  1627026685 506631935 0  
  1627026686 506631935 0  
  1627026687 506631935 0  
  1627026688 506631935 0  
  1627026689 506631935 0  
  1627026690 506632273 0  
  1627026691 506632273 0  
  1627026692 506632273 0  
  1627026693 506632273 0  
  1627026694 506632273 0  
  1627026695 506632273 0  
  1627026696 506632273 0  
  1627026697 506632273 0  
  1627026698 506632273 0  
  1627026699 506632273 0  
  1627026700 506632273 0  
  1627026701 506632273 0  
  1627026702 506632273 0  
  1627026703 506632273 0  
  1627026704 506632273 0  
  1627026705 506632273 0  
  1627026706 506632273 0  
  1627026707 506632273 0  
  1627026708 506632273 0  
  1627026710 506632273 0  
  1627026711 506632273 0  
  1627026712 506632273 0  
  1627026713 506632273 0  
  1627026714 506632273 0  
  1627026715 506632273 0  
  1627026716 506632273 0  
  1627026717 506632273 0  
  1627026718 506632273 0  
  1627026719 506632273 0  
  1627026720 506632273 0  
  1627026721 506632273 0  
  1627026722 506632273 0  
  1627026723 506632273 0  
  1627026724 506632273 0  
  1627026725 506632273 0  
  1627026726 506632273 0  
  1627026727 506632273 0  
  1627026728 506632273 0  
  1627026729 506632273 0  
  1627026730 506632273 0  
  1627026731 506632273 0  
  1627026732 506632273 0  
  1627026733 506632273 0  
  1627026734 506632273 0  
  1627026735 506632273 0  
  1627026736 506632273 0  
  1627026737 506632273 0  
  1627026738 506632273 0  
  1627026739 506632273 0  
  1627026740 506632273 0  
  1627026741 506632273 0  
  1627026742 506632273 0  
  1627026743 506632273 0  
  1627026744 506632273 0  
  1627026745 506632273 0  
  1627026746 506632273 0  
  1627026747 506632273 0  
  1627026749 506632273 0  
  1627026750 506632273 0  
  1627026751 506632273 0  
  1627026752 506632273 0  
  1627026753 506632273 0  
  1627026754 506632273 0  
 