 1627433343 563696696 296946  
  1627433344 563696696 296946  
  1627433345 563696696 296946  
  1627433346 563696696 296946  
  1627433347 563696696 296946  
  1627433348 563696696 296946  
  1627433349 563696696 296946  
  1627433350 563696696 296946  
  1627433351 563696696 296946  
  1627433352 563696696 296946  
  1627433353 563696696 296946  
  1627433354 563696696 296946  
  1627433355 563696696 296946  
  1627433356 563696696 296946  
  1627433357 563696788 296946  
  1627433358 563696788 296946  
  1627433359 563696788 296946  
  1627433360 563696788 296946  
  1627433361 563696788 296946  
  1627433362 563696788 296946  
  1627433363 563696788 296946  
  1627433364 563696788 296946  
  1627433365 563696788 296946  
  1627433366 563696788 296946  
  1627433367 563696788 296946  
  1627433368 563696788 296946  
  1627433369 563696788 296946  
  1627433370 563696788 296946  
  1627433371 563696788 296946  
  1627433373 563696788 296946  
  1627433374 563696788 296946  
  1627433375 563696788 296946  
  1627433376 563696788 296946  
  1627433377 563696788 296946  
  1627433378 563696788 296946  
  1627433379 563696788 296946  
  1627433380 563696788 296946  
  1627433381 563696788 296946  
  1627433382 563696788 296946  
  1627433383 563696788 296946  
  1627433384 563696788 296946  
  1627433385 563696788 296946  
  1627433386 563696788 296946  
  1627433387 563696788 296946  
  1627433388 563696788 296946  
  1627433389 563696788 296946  
  1627433390 563696788 296946  
  1627433391 563696788 296946  
  1627433392 563696788 296946  
  1627433393 563696788 296946  
  1627433394 563696788 296946  
  1627433395 563696788 296946  
  1627433396 563696788 296946  
  1627433397 563696788 296946  
  1627433398 563696788 296946  
  1627433399 563696788 296946  
  1627433400 563696788 296946  
  1627433401 563696788 296946  
  1627433402 563696788 296946  
  1627433403 563696788 296946  
  1627433404 563696788 296946  
  1627433405 563696788 296946  
  1627433406 563696788 296946  
  1627433407 563696788 296946  
  1627433408 563696788 296946  
  1627433409 563696788 296946  
  1627433410 563696788 296946  
  1627433411 563696788 296946  
  1627433413 563696788 296946  
  1627433414 563696788 296946  
  1627433415 563696788 296946  
  1627433416 563696788 296946  
  1627433417 563696788 296946  
  1627433418 563697126 296946  
  1627433419 563697126 296946  
  1627433420 563697126 296946  
  1627433421 563697126 296946  
  1627433422 563697126 296946  
  1627433423 563697126 296946  
  1627433424 563697126 296946  
  1627433425 563697126 296946  
  1627433426 563697126 296946  
  1627433427 563697126 296946  
  1627433428 563697126 296946  
  1627433429 563697126 296946  
  1627433430 563697126 296946  
  1627433431 563697126 296946  
  1627433432 563697126 296946  
  1627433433 563697202 296946  
  1627433434 563697202 296946  
  1627433435 563697202 296946  
  1627433436 563697202 296946  
  1627433437 563697202 296946  
  1627433438 563697202 296946  
  1627433439 563697202 296946  
  1627433440 563697559 296946  
  1627433441 563697559 296946  
  1627433442 563697559 296946  
  1627433443 563697559 296946  
  1627433444 563697559 296946  
  1627433445 563697559 296946  
  1627433446 563697559 296946  
  1627433447 563697559 296946  
  1627433448 563697559 296946  
  1627433449 563697559 296946  
  1627433450 563697559 296946  
  1627433451 563697559 296946  
  1627433453 563697559 296946  
  1627433454 563697559 296946  
  1627433455 563697559 296946  
  1627433456 563697559 296946  
  1627433457 563697559 296946  
  1627433458 563697559 296946  
  1627433459 563697559 296946  
  1627433460 563697559 296946  
  1627433461 563697559 296946  
  1627433462 563697559 296946  
  1627433463 563697559 296946  
  1627433464 563697559 296946  
  1627433465 563697559 296946  
  1627433466 563697559 296946  
  1627433467 563697559 296946  
  1627433468 563697559 296946  
  1627433469 563697559 296946  
  1627433470 563697559 296946  
  1627433471 563697559 296946  
  1627433472 563697559 296946  
  1627433473 563697559 296946  
  1627433474 563697559 296946  
  1627433475 563697559 296946  
  1627433476 563697559 296946  
  1627433477 563697559 296946  
  1627433478 563697559 296946  
  1627433479 563698155 296946  
  1627433480 563698155 296946  
  1627433481 563698155 296946  
  1627433482 563698155 296946  
  1627433483 563698155 296946  
  1627433484 563698155 296946  
  1627433485 563698155 296946  
  1627433486 563698155 296946  
  1627433487 563698155 296946  
  1627433488 563698155 296946  
  1627433489 563698155 296946  
  1627433490 563698155 296946  
  1627433492 563698155 296946  
  1627433493 563698155 296946  
  1627433494 563698155 296946  
  1627433495 563698155 296946  
  1627433496 563698155 296946  
  1627433497 563698155 296946  
  1627433498 563698155 296946  
  1627433499 563698155 296946  
  1627433500 563698155 296946  
  1627433501 563698155 296946  
  1627433502 563698155 296946  
  1627433503 563698155 296946  
  1627433504 563698155 296946  
  1627433505 563698155 296946  
  1627433506 563698155 296946  
  1627433507 563698155 296946  
  1627433508 563698155 296946  
  1627433509 563698155 296946  
  1627433510 563698155 296946  
  1627433511 563698155 296946  
  1627433512 563698155 296946  
  1627433513 563698155 296946  
  1627433514 563698155 296946  
  1627433515 563698155 296946  
  1627433516 563698155 296946  
  1627433517 563698155 296946  
  1627433518 563698155 296946  
  1627433519 563698155 296946  
  1627433520 563698155 296946  
  1627433521 563698155 296946  
  1627433522 563698155 296946  
  1627433523 563698155 296946  
  1627433524 563698155 296946  
  1627433525 563698155 296946  
  1627433526 563698155 296946  
  1627433527 563698299 296946  
  1627433528 563702788 296946  
  1627433529 563702788 296946  
  1627433530 563703496 296946  
  1627433532 563703496 296946  
  1627433533 563703496 296946  
  1627433534 563703496 296946  
  1627433535 563703496 296946  
  1627433536 563703496 296946  
  1627433537 563703496 296946  
  1627433538 563703496 296946  
  1627433539 563703496 296946  
  1627433540 563703496 296946  
  1627433541 563703496 296946  
  1627433542 563703496 296946  
  1627433543 563703496 296946  
  1627433544 563703496 296946  
  1627433545 563703496 296946  
  1627433546 563703496 296946  
  1627433547 563703496 296946  
  1627433548 563703496 296946  
  1627433549 563703496 296946  
  1627433550 563703496 296946  
  1627433551 563703496 296946  
  1627433552 563703496 296946  
  1627433553 563703496 296946  
  1627433554 563703496 296946  
  1627433555 563703496 296946  
  1627433556 563707805 296946  
  1627433557 563708129 296946  
  1627433558 563708769 296946  
  1627433559 563708769 296946  
  1627433560 563708769 296946  
  1627433561 563708769 296946  
  1627433562 563708769 296946  
  1627433563 563708769 296946  
  1627433564 563708769 296946  
  1627433565 563708769 296946  
  1627433566 563708769 296946  
  1627433567 563709107 296946  
  1627433568 563709107 296946  
  1627433569 563709107 296946  
  1627433571 563709107 296946  
  1627433572 563709107 296946  
  1627433573 563709107 296946  
  1627433574 563709107 296946  
  1627433575 563709199 296946  
  1627433576 563709199 296946  
  1627433577 563709199 296946  
  1627433578 563709199 296946  
  1627433579 563709199 296946  
  1627433580 563709199 296946  
  1627433581 563709199 296946  
  1627433582 563709199 296946  
  1627433583 563709199 296946  
  1627433584 563709199 296946  
  1627433585 563709199 296946  
  1627433586 563709199 296946  
  1627433587 563709199 296946  
  1627433588 563709199 296946  
  1627433589 563709199 296946  
  1627433590 563709199 296946  
  1627433591 563709199 296946  
  1627433592 563709199 296946  
  1627433593 563709199 296946  
  1627433594 563709199 296946  
  1627433595 563709199 296946  
  1627433596 563709199 296946  
  1627433597 563709199 296946  
  1627433598 563709199 296946  
  1627433599 563717817 296946  
  1627433600 563718465 296946  
  1627433601 563718465 296946  
  1627433602 563719881 296946  
  1627433603 563719881 296946  
  1627433604 563719881 296946  
  1627433605 563719881 296946  
  1627433606 563719881 296946  
  1627433607 563719881 296946  
  1627433608 563719881 296946  
  1627433609 563719881 296946  
  1627433611 563719881 296946  
  1627433612 563719881 296946  
  1627433613 563719881 296946  
  1627433614 563719881 296946  
  1627433615 563719973 296946  
  1627433616 563719973 296946  
  1627433617 563719973 296946  
  1627433618 563719973 296946  
  1627433619 563719973 296946  
  1627433620 563719973 296946  
  1627433621 563719973 296946  
  1627433622 563719973 296946  
  1627433623 563719973 296946  
  1627433624 563719973 296946  
  1627433625 563719973 296946  
  1627433626 563719973 296946  
  1627433627 563719973 296946  
  1627433628 563719973 296946  
  1627433629 563719973 296946  
  1627433630 563719973 296946  
  1627433631 563719973 296946  
  1627433632 563719973 296946  
  1627433633 563719973 296946  
  1627433634 563719973 296946  
  1627433635 563719973 296946  
  1627433636 563719973 296946  
  1627433637 563719973 296946  
  1627433638 563724282 296946  
  1627433639 563724606 296946  
  1627433640 563724606 296946  
  1627433641 563725314 296946  
  1627433642 563725314 296946  
  1627433643 563725314 296946  
  1627433644 563725314 296946  
  1627433645 563725314 296946  
  1627433646 563725314 296946  
  1627433647 563725314 296946  
  1627433648 563725314 296946  
  1627433650 563725314 296946  
  1627433651 563725314 296946  
  1627433652 563725314 296946  
  1627433653 563725314 296946  
  1627433654 563725314 296946  
  1627433655 563725314 296946  
  1627433656 563725314 296946  
  1627433657 563725314 296946  
  1627433658 563725314 296946  
  1627433659 563725314 296946  
  1627433660 563725314 296946  
  1627433661 563725314 296946  
  1627433662 563725314 296946  
  1627433663 563725314 296946  
  1627433664 563725314 296946  
  1627433665 563725314 296946  
 