 1627015485 565477832 3709089  
  1627015486 565477832 3709089  
  1627015487 565477832 3709089  
  1627015488 565477832 3709089  
  1627015489 565477832 3709089  
  1627015490 565477832 3709089  
  1627015491 565477832 3709089  
  1627015492 565477832 3709089  
  1627015493 565477832 3709089  
  1627015494 565477832 3709089  
  1627015495 565477832 3709089  
  1627015496 565477832 3709089  
  1627015497 565477832 3709089  
  1627015498 565477832 3709089  
  1627015499 565477832 3709089  
  1627015500 565477832 3709089  
  1627015501 565477832 3709089  
  1627015502 565477832 3709089  
  1627015503 565477832 3709089  
  1627015504 565477832 3709089  
  1627015505 565477832 3709089  
  1627015506 565477832 3709089  
  1627015507 565477832 3709089  
  1627015508 565477832 3709089  
  1627015509 565477832 3709089  
  1627015510 565477832 3709089  
  1627015511 565477832 3709089  
  1627015512 565477832 3709089  
  1627015513 565477832 3709089  
  1627015514 565477832 3709089  
  1627015515 565477832 3709089  
  1627015516 565477832 3709089  
  1627015517 565477832 3709089  
  1627015518 565477832 3709089  
  1627015519 565477832 3709089  
  1627015521 565477832 3709089  
  1627015522 565477832 3709089  
  1627015523 565477832 3709089  
  1627015524 565477832 3709089  
  1627015525 565477832 3709089  
  1627015526 565477832 3709089  
  1627015527 565477832 3709089  
  1627015528 565477832 3709089  
  1627015529 565477832 3709089  
  1627015530 565477832 3709089  
  1627015531 565477832 3709089  
  1627015532 565477832 3709089  
  1627015533 565477832 3709089  
  1627015534 565477832 3709089  
  1627015535 565477832 3709089  
  1627015536 565477832 3709089  
  1627015537 565478189 3709089  
  1627015538 565478189 3709089  
  1627015539 565478189 3709089  
  1627015540 565478189 3709089  
  1627015541 565478189 3709089  
  1627015542 565478189 3709089  
  1627015543 565482498 3709089  
  1627015544 565482822 3709089  
  1627015545 565487131 3709089  
  1627015546 565488163 3709089  
  1627015547 565488803 3709089  
  1627015548 565488803 3709089  
  1627015549 565488803 3709089  
  1627015550 565488803 3709089  
  1627015551 565497745 3709089  
  1627015552 565498069 3709089  
  1627015553 565499485 3709089  
  1627015554 565499485 3709089  
  1627015555 565499485 3709089  
  1627015556 565499485 3709089  
  1627015557 565499485 3709089  
  1627015558 565499485 3709089  
  1627015559 565499485 3709089  
  1627015561 565499485 3709089  
  1627015562 565499485 3709089  
  1627015563 565499485 3709089  
  1627015564 565499485 3709089  
  1627015565 565499485 3709089  
  1627015566 565499485 3709089  
  1627015567 565499485 3709089  
  1627015568 565499485 3709089  
  1627015569 565499485 3709089  
  1627015570 565499485 3709089  
  1627015571 565499485 3709089  
  1627015572 565499485 3709089  
  1627015573 565499485 3709089  
  1627015574 565499485 3709089  
  1627015575 565499485 3709089  
  1627015576 565499485 3709089  
  1627015577 565499485 3709089  
  1627015578 565499485 3709089  
  1627015579 565499485 3709089  
  1627015580 565499485 3709089  
  1627015581 565499485 3709089  
  1627015582 565499577 3709089  
  1627015583 565499577 3709089  
  1627015584 565499577 3709089  
  1627015585 565499577 3709089  
  1627015586 565499577 3709089  
  1627015587 565499577 3709089  
  1627015588 565499577 3709089  
  1627015589 565499577 3709089  
  1627015590 565499577 3709089  
  1627015591 565499577 3709089  
  1627015592 565499577 3709089  
  1627015593 565499577 3709089  
  1627015594 565499577 3709089  
  1627015595 565499577 3709089  
  1627015596 565499577 3709089  
  1627015597 565499577 3709089  
  1627015598 565499577 3709089  
  1627015599 565499577 3709089  
  1627015601 565499577 3709089  
  1627015602 565499577 3709089  
  1627015603 565499577 3709089  
  1627015604 565499577 3709089  
  1627015605 565499577 3709089  
  1627015606 565499577 3709089  
  1627015607 565499577 3709089  
  1627015608 565499577 3709089  
  1627015609 565499577 3709089  
  1627015610 565499577 3709089  
  1627015611 565499577 3709089  
  1627015612 565499577 3709089  
  1627015613 565499577 3709089  
  1627015614 565499577 3709089  
  1627015615 565499577 3709089  
  1627015616 565499577 3709089  
  1627015617 565499577 3709089  
  1627015618 565499577 3709089  
  1627015619 565499577 3709089  
  1627015620 565499577 3709089  
  1627015621 565499577 3709089  
  1627015622 565499577 3709089  
  1627015623 565499577 3709089  
  1627015624 565499577 3709089  
  1627015625 565499577 3709089  
  1627015626 565499577 3709089  
  1627015627 565499577 3709089  
  1627015628 565499577 3709089  
  1627015629 565499577 3709089  
  1627015630 565499577 3709089  
  1627015631 565499577 3709089  
  1627015632 565499577 3709089  
  1627015633 565499577 3709089  
  1627015634 565499577 3709089  
  1627015635 565499577 3709089  
  1627015636 565499577 3709089  
  1627015637 565499577 3709089  
  1627015638 565499577 3709089  
  1627015639 565499577 3709089  
  1627015641 565499577 3709089  
  1627015642 565499577 3709089  
  1627015643 565499577 3709089  
  1627015644 565499577 3709089  
  1627015645 565499577 3709089  
  1627015646 565499577 3709089  
  1627015647 565499577 3709089  
  1627015648 565499577 3709089  
  1627015649 565499577 3709089  
  1627015650 565499577 3709089  
  1627015651 565499577 3709089  
  1627015652 565499577 3709089  
  1627015653 565499577 3709089  
  1627015654 565499577 3709089  
  1627015655 565499577 3709089  
  1627015656 565499577 3709089  
  1627015657 565499577 3709089  
  1627015658 565499577 3709089  
  1627015659 565499577 3709089  
  1627015660 565499577 3709089  
  1627015661 565499577 3709089  
  1627015662 565499577 3709089  
  1627015663 565499577 3709089  
  1627015664 565499577 3709089  
  1627015665 565499577 3709089  
  1627015666 565499577 3709089  
  1627015667 565499577 3709089  
  1627015668 565499577 3709089  
  1627015669 565499577 3709089  
  1627015670 565500173 3709089  
  1627015671 565500173 3709089  
  1627015672 565500173 3709089  
  1627015673 565500173 3709089  
  1627015674 565500173 3709089  
  1627015675 565500173 3709089  
  1627015676 565500173 3709089  
  1627015677 565500173 3709089  
  1627015678 565500173 3709089  
  1627015679 565500173 3709089  
  1627015681 565500173 3709089  
  1627015682 565500173 3709089  
  1627015683 565500173 3709089  
  1627015684 565500173 3709089  
  1627015685 565500173 3709089  
  1627015686 565500173 3709089  
  1627015687 565500173 3709089  
  1627015688 565500173 3709089  
  1627015689 565500173 3709089  
  1627015690 565500173 3709089  
  1627015691 565500173 3709089  
  1627015692 565500173 3709089  
  1627015693 565500173 3709089  
  1627015694 565500173 3709089  
  1627015695 565500173 3709089  
  1627015696 565500173 3709089  
  1627015697 565500173 3709089  
  1627015698 565500173 3709089  
  1627015699 565500173 3709089  
  1627015700 565500173 3709089  
  1627015701 565500173 3709089  
  1627015702 565500173 3709089  
  1627015703 565500173 3709089  
  1627015704 565500173 3709089  
  1627015705 565500173 3709089  
  1627015706 565500173 3709089  
  1627015707 565500173 3709089  
  1627015708 565500173 3709089  
  1627015709 565500173 3709089  
  1627015710 565500173 3709089  
  1627015711 565500173 3709089  
  1627015712 565500265 3709089  
  1627015713 565500265 3709089  
  1627015714 565500265 3709089  
  1627015715 565500265 3709089  
  1627015716 565500265 3709089  
  1627015717 565500265 3709089  
  1627015718 565504574 3709089  
  1627015720 565504898 3709089  
  1627015721 565505606 3709089  
  1627015722 565505606 3709089  
  1627015723 565505606 3709089  
  1627015724 565505606 3709089  
  1627015725 565505606 3709089  
  1627015726 565505606 3709089  
  1627015727 565505606 3709089  
  1627015728 565505606 3709089  
  1627015729 565505606 3709089  
  1627015730 565505606 3709089  
  1627015731 565505606 3709089  
  1627015732 565505606 3709089  
  1627015733 565505606 3709089  
  1627015734 565505606 3709089  
  1627015735 565505606 3709089  
  1627015736 565505606 3709089  
  1627015737 565505698 3709089  
  1627015738 565505698 3709089  
  1627015739 565505698 3709089  
  1627015740 565505698 3709089  
  1627015741 565505698 3709089  
  1627015742 565505698 3709089  
  1627015743 565505698 3709089  
  1627015744 565505698 3709089  
  1627015745 565505698 3709089  
  1627015746 565505698 3709089  
  1627015747 565505698 3709089  
  1627015748 565505698 3709089  
  1627015749 565505698 3709089  
  1627015750 565505698 3709089  
  1627015751 565505698 3709089  
  1627015752 565505698 3709089  
  1627015753 565505698 3709089  
  1627015754 565505698 3709089  
  1627015755 565505698 3709089  
  1627015756 565505698 3709089  
  1627015757 565505698 3709089  
  1627015758 565505698 3709089  
  1627015760 565505698 3709089  
  1627015761 565505698 3709089  
  1627015762 565505698 3709089  
  1627015763 565505698 3709089  
  1627015764 565505698 3709089  
  1627015765 565505698 3709089  
  1627015766 565505698 3709089  
  1627015767 565505698 3709089  
  1627015768 565505698 3709089  
  1627015769 565505698 3709089  
  1627015770 565505698 3709089  
  1627015771 565505698 3709089  
  1627015772 565505698 3709089  
  1627015773 565505698 3709089  
  1627015774 565505698 3709089  
  1627015775 565505698 3709089  
  1627015776 565505698 3709089  
  1627015777 565505698 3709089  
  1627015778 565505698 3709089  
  1627015779 565505698 3709089  
  1627015780 565505698 3709089  
  1627015781 565505698 3709089  
  1627015782 565505698 3709089  
  1627015783 565505698 3709089  
  1627015784 565505698 3709089  
  1627015785 565505698 3709089  
  1627015786 565505698 3709089  
  1627015787 565505698 3709089  
  1627015788 565505698 3709089  
  1627015789 565505698 3709089  
  1627015790 565505698 3709089  
  1627015791 565505698 3709089  
  1627015792 565505698 3709089  
  1627015793 565505698 3709089  
  1627015794 565505698 3709089  
  1627015795 565505698 3709089  
  1627015796 565505698 3709089  
  1627015797 565505698 3709089  
  1627015798 565505698 3709089  
  1627015800 565505698 3709089  
  1627015801 565505698 3709089  
  1627015802 565505698 3709089  
  1627015803 565505698 3709089  
  1627015804 565505698 3709089  
  1627015805 565505698 3709089  
  1627015806 565505698 3709089  
  1627015807 565505698 3709089  
  1627015808 565505698 3709089  
  1627015809 565505698 3709089  
  1627015810 565505698 3709089  
  1627015811 565505698 3709089  
  1627015812 565505698 3709089  
  1627015813 565505698 3709089  
  1627015814 565505698 3709089  
  1627015815 565505698 3709089  
  1627015816 565505698 3709089  
  1627015817 565505698 3709089  
  1627015818 565505698 3709089  
  1627015819 565505698 3709089  
  1627015820 565505698 3709089  
  1627015821 565505698 3709089  
  1627015822 565505698 3709089  
  1627015823 565505698 3709089  
  1627015824 565505698 3709089  
  1627015825 565505698 3709089  
  1627015826 565505698 3709089  
  1627015827 565505698 3709089  
  1627015828 565505698 3709089  
  1627015829 565505698 3709089  
  1627015830 565505698 3709089  
  1627015831 565505698 3709089  
  1627015832 565505698 3709089  
  1627015833 565505698 3709089  
  1627015834 565505698 3709089  
  1627015835 565505698 3709089  
  1627015836 565505698 3709089  
  1627015837 565506055 3709089  
  1627015838 565506055 3709089  
  1627015840 565506055 3709089  
  1627015841 565506055 3709089  
  1627015842 565506055 3709089  
  1627015843 565510456 3709089  
  1627015844 565510780 3709089  
  1627015845 565511488 3709089  
  1627015846 565516121 3709089  
  1627015847 565516121 3709089  
  1627015848 565516829 3709089  
  1627015849 565516829 3709089  
  1627015850 565516829 3709089  
  1627015851 565516829 3709089  
  1627015852 565526095 3709089  
  1627015853 565526735 3709089  
  1627015854 565527511 3709089  
  1627015855 565527511 3709089  
  1627015856 565527511 3709089  
  1627015857 565527511 3709089  
  1627015858 565527511 3709089  
  1627015859 565527511 3709089  
  1627015860 565527511 3709089  
  1627015861 565527511 3709089  
  1627015862 565527511 3709089  
  1627015863 565527511 3709089  
  1627015864 565527511 3709089  
  1627015865 565527511 3709089  
  1627015866 565527511 3709089  
  1627015867 565527511 3709089  
  1627015868 565527511 3709089  
  1627015869 565527511 3709089  
  1627015870 565527511 3709089  
  1627015871 565528107 3709089  
  1627015872 565528107 3709089  
  1627015873 565528107 3709089  
  1627015874 565528107 3709089  
  1627015875 565528107 3709089  
  1627015876 565528107 3709089  
  1627015877 565528107 3709089  
  1627015878 565528107 3709089  
  1627015880 565528107 3709089  
  1627015881 565528107 3709089  
  1627015882 565528107 3709089  
  1627015883 565528107 3709089  
  1627015884 565528107 3709089  
  1627015885 565528107 3709089  
  1627015886 565528107 3709089  
  1627015887 565528107 3709089  
  1627015888 565528107 3709089  
  1627015889 565528107 3709089  
  1627015890 565528107 3709089  
  1627015891 565528107 3709089  
  1627015892 565528107 3709089  
  1627015893 565528107 3709089  
  1627015894 565528107 3709089  
  1627015895 565528107 3709089  
  1627015896 565528107 3709089  
  1627015897 565528107 3709089  
  1627015898 565528107 3709089  
  1627015899 565528107 3709089  
  1627015900 565528107 3709089  
  1627015901 565528107 3709089  
  1627015902 565528107 3709089  
  1627015903 565528107 3709089  
  1627015904 565528107 3709089  
  1627015905 565528107 3709089  
  1627015906 565528107 3709089  
  1627015907 565528107 3709089  
  1627015908 565528107 3709089  
  1627015909 565528107 3709089  
  1627015910 565528107 3709089  
  1627015911 565528107 3709089  
  1627015912 565528107 3709089  
  1627015913 565528107 3709089  
  1627015914 565528107 3709089  
  1627015915 565528107 3709089  
  1627015916 565528107 3709089  
  1627015917 565528107 3709089  
  1627015918 565528107 3709089  
  1627015920 565528107 3709089  
  1627015921 565528107 3709089  
  1627015922 565528107 3709089  
  1627015923 565528107 3709089  
  1627015924 565528107 3709089  
  1627015925 565528107 3709089  
  1627015926 565528107 3709089  
  1627015927 565528107 3709089  
  1627015928 565528107 3709089  
  1627015929 565528107 3709089  
  1627015930 565528107 3709089  
  1627015931 565528107 3709089  
  1627015932 565528107 3709089  
  1627015933 565528107 3709089  
  1627015934 565528107 3709089  
  1627015935 565528107 3709089  
  1627015936 565528107 3709089  
  1627015937 565528107 3709089  
  1627015938 565528107 3709089  
  1627015939 565528107 3709089  
  1627015940 565528107 3709089  
  1627015941 565528107 3709089  
  1627015942 565528107 3709089  
  1627015943 565528107 3709089  
  1627015944 565528107 3709089  
  1627015945 565528107 3709089  
  1627015946 565528107 3709089  
  1627015947 565528107 3709089  
  1627015948 565528107 3709089  
  1627015949 565528107 3709089  
  1627015950 565528107 3709089  
  1627015951 565528107 3709089  
  1627015952 565528107 3709089  
  1627015953 565528419 3709089  
 