 1627438653 564394778 0  
  1627438654 564394856 0  
  1627438655 564394856 0  
  1627438656 564394856 0  
  1627438657 564399165 0  
  1627438658 564399489 0  
  1627438659 564399489 0  
  1627438660 564400197 0  
  1627438661 564400197 0  
  1627438662 564400197 0  
  1627438663 564400197 0  
  1627438664 564400197 0  
  1627438665 564400197 0  
  1627438666 564400197 0  
  1627438667 564400197 0  
  1627438668 564400197 0  
  1627438669 564400535 0  
  1627438670 564400535 0  
  1627438671 564400535 0  
  1627438672 564400535 0  
  1627438673 564400535 0  
  1627438674 564400535 0  
  1627438675 564400535 0  
  1627438676 564400535 0  
  1627438677 564400535 0  
  1627438678 564400535 0  
  1627438679 564400535 0  
  1627438680 564400535 0  
  1627438681 564400535 0  
  1627438682 564400535 0  
  1627438684 564400627 0  
  1627438685 564400627 0  
  1627438686 564400627 0  
  1627438687 564400627 0  
  1627438688 564400627 0  
  1627438689 564400627 0  
  1627438690 564400627 0  
  1627438691 564400627 0  
  1627438692 564400627 0  
  1627438693 564400627 0  
  1627438694 564400627 0  
  1627438695 564400627 0  
  1627438696 564400627 0  
  1627438697 564400627 0  
  1627438698 564400627 0  
  1627438699 564403524 0  
  1627438700 564409893 0  
  1627438701 564409893 0  
  1627438702 564411309 0  
  1627438703 564411401 0  
  1627438704 564411401 0  
  1627438705 564411401 0  
  1627438706 564411401 0  
  1627438707 564411401 0  
  1627438708 564411401 0  
  1627438709 564411401 0  
  1627438710 564411401 0  
  1627438711 564411401 0  
  1627438712 564411401 0  
  1627438713 564411401 0  
  1627438714 564411401 0  
  1627438715 564411401 0  
  1627438716 564411401 0  
  1627438717 564411401 0  
  1627438718 564411401 0  
  1627438719 564411401 0  
  1627438720 564411401 0  
  1627438721 564411401 0  
  1627438723 564411401 0  
  1627438724 564411401 0  
  1627438725 564411401 0  
  1627438726 564411401 0  
  1627438727 564411401 0  
  1627438728 564411401 0  
  1627438729 564411401 0  
  1627438730 564411401 0  
  1627438731 564411401 0  
  1627438732 564411401 0  
  1627438733 564411401 0  
  1627438734 564411401 0  
  1627438735 564411401 0  
  1627438736 564411401 0  
  1627438737 564411401 0  
  1627438738 564415530 0  
  1627438739 564416034 0  
  1627438740 564416034 0  
  1627438741 564416742 0  
  1627438742 564416742 0  
  1627438743 564416742 0  
  1627438744 564416742 0  
  1627438745 564416742 0  
  1627438746 564416742 0  
  1627438747 564416742 0  
  1627438748 564416742 0  
  1627438749 564416742 0  
  1627438750 564416742 0  
  1627438751 564416742 0  
  1627438752 564416742 0  
  1627438753 564416742 0  
  1627438754 564416742 0  
  1627438755 564416742 0  
  1627438756 564416742 0  
  1627438757 564416742 0  
  1627438758 564416742 0  
  1627438759 564416742 0  
  1627438760 564416742 0  
  1627438761 564416742 0  
  1627438763 564416742 0  
  1627438764 564416742 0  
  1627438765 564416742 0  
  1627438766 564416742 0  
  1627438767 564416742 0  
  1627438768 564416742 0  
  1627438769 564416834 0  
  1627438770 564416834 0  
  1627438771 564416834 0  
  1627438772 564416834 0  
  1627438773 564416834 0  
  1627438774 564416834 0  
  1627438775 564416834 0  
  1627438776 564416834 0  
  1627438777 564416834 0  
  1627438778 564416834 0  
  1627438779 564416834 0  
  1627438780 564418429 0  
  1627438781 564418429 0  
  1627438782 564418429 0  
  1627438783 564418429 0  
  1627438784 564418429 0  
  1627438785 564418429 0  
  1627438786 564418429 0  
  1627438787 564418429 0  
  1627438788 564418429 0  
  1627438789 564418429 0  
  1627438790 564418429 0  
  1627438791 564418429 0  
  1627438792 564418429 0  
  1627438793 564418429 0  
  1627438794 564418429 0  
  1627438795 564418429 0  
  1627438796 564418429 0  
  1627438797 564418429 0  
  1627438798 564418429 0  
  1627438799 564418429 0  
  1627438800 564418429 0  
  1627438802 564418429 0  
  1627438803 564418429 0  
  1627438804 564418429 0  
  1627438805 564418429 0  
  1627438806 564418429 0  
  1627438807 564418429 0  
  1627438808 564418429 0  
  1627438809 564418429 0  
  1627438810 564418429 0  
  1627438811 564418429 0  
  1627438812 564418429 0  
  1627438813 564418521 0  
  1627438814 564418521 0  
  1627438815 564418521 0  
  1627438816 564418521 0  
  1627438817 564418521 0  
  1627438818 564418521 0  
  1627438819 564418859 0  
  1627438820 564418859 0  
  1627438821 564418859 0  
  1627438822 564418859 0  
  1627438823 564418859 0  
  1627438824 564418859 0  
  1627438825 564418859 0  
  1627438826 564418859 0  
  1627438827 564418859 0  
  1627438828 564418859 0  
  1627438829 564418859 0  
  1627438830 564418859 0  
  1627438831 564418859 0  
  1627438832 564418951 0  
  1627438833 564418951 0  
  1627438834 564418951 0  
  1627438835 564418951 0  
  1627438836 564418951 0  
  1627438837 564418951 0  
  1627438838 564418951 0  
  1627438839 564418951 0  
  1627438841 564419308 0  
  1627438842 564419308 0  
  1627438843 564419308 0  
  1627438844 564419308 0  
  1627438845 564419308 0  
  1627438846 564419308 0  
  1627438847 564419308 0  
  1627438848 564419308 0  
  1627438849 564419308 0  
  1627438850 564419308 0  
  1627438851 564419308 0  
  1627438852 564419308 0  
  1627438853 564419308 0  
  1627438854 564419308 0  
  1627438855 564419308 0  
  1627438856 564419308 0  
  1627438857 564419308 0  
  1627438858 564419308 0  
  1627438859 564419308 0  
  1627438860 564419308 0  
  1627438861 564419308 0  
  1627438862 564419308 0  
  1627438863 564419308 0  
  1627438864 564419308 0  
  1627438865 564419308 0  
  1627438866 564419308 0  
  1627438867 564419308 0  
  1627438868 564419308 0  
  1627438869 564419308 0  
  1627438870 564419308 0  
  1627438871 564419308 0  
  1627438872 564419308 0  
  1627438873 564419308 0  
  1627438874 564419308 0  
  1627438875 564419308 0  
  1627438876 564419308 0  
  1627438877 564419308 0  
  1627438878 564419308 0  
  1627438880 564419308 0  
  1627438881 564419308 0  
  1627438882 564419308 0  
  1627438883 564419308 0  
  1627438884 564419308 0  
  1627438885 564419308 0  
  1627438886 564419308 0  
  1627438887 564419308 0  
  1627438888 564419308 0  
  1627438889 564419308 0  
  1627438890 564419308 0  
  1627438891 564419308 0  
  1627438892 564419308 0  
  1627438893 564419308 0  
  1627438894 564419308 0  
  1627438895 564419308 0  
  1627438896 564419308 0  
  1627438897 564419400 0  
  1627438898 564419400 0  
  1627438899 564419400 0  
  1627438900 564419400 0  
  1627438901 564419400 0  
  1627438902 564419400 0  
  1627438903 564419400 0  
  1627438904 564419400 0  
  1627438905 564419400 0  
  1627438906 564419400 0  
  1627438907 564419400 0  
  1627438908 564419400 0  
  1627438909 564419400 0  
  1627438910 564419400 0  
  1627438911 564419400 0  
  1627438912 564419400 0  
  1627438913 564419400 0  
  1627438914 564419400 0  
  1627438915 564419400 0  
  1627438916 564419400 0  
  1627438917 564419400 0  
  1627438919 564419400 0  
  1627438920 564419400 0  
  1627438921 564419400 0  
  1627438922 564419400 0  
  1627438923 564419400 0  
  1627438924 564419400 0  
  1627438925 564419400 0  
  1627438926 564419400 0  
  1627438927 564419400 0  
  1627438928 564423709 0  
  1627438929 564424033 0  
  1627438930 564424033 0  
  1627438931 564424741 0  
  1627438932 564424741 0  
  1627438933 564424741 0  
  1627438934 564424741 0  
  1627438935 564424741 0  
  1627438936 564424741 0  
  1627438937 564424741 0  
  1627438938 564424741 0  
  1627438939 564424741 0  
  1627438940 564424741 0  
  1627438941 564424833 0  
  1627438942 564424833 0  
  1627438943 564424833 0  
  1627438944 564424833 0  
  1627438945 564424833 0  
  1627438946 564424833 0  
  1627438947 564424833 0  
  1627438948 564424833 0  
  1627438949 564424833 0  
  1627438950 564424833 0  
  1627438951 564424833 0  
  1627438952 564424833 0  
  1627438953 564424833 0  
  1627438954 564424833 0  
  1627438955 564424833 0  
  1627438957 564429398 0  
  1627438958 564429466 0  
  1627438959 564430174 0  
  1627438960 564430174 0  
  1627438961 564430266 0  
  1627438962 564430266 0  
  1627438963 564430266 0  
  1627438964 564430266 0  
  1627438965 564430266 0  
  1627438966 564430266 0  
  1627438967 564430266 0  
  1627438968 564430266 0  
  1627438969 564430604 0  
  1627438970 564430604 0  
  1627438971 564430604 0  
  1627438972 564430604 0  
  1627438973 564430604 0  
  1627438974 564430604 0  
  1627438975 564430604 0  
  1627438976 564430604 0  
  1627438977 564430604 0  
  1627438978 564430604 0  
  1627438979 564430604 0  
  1627438980 564431194 0  
  1627438981 564431194 0  
  1627438982 564431194 0  
  1627438983 564431194 0  
  1627438984 564431194 0  
  1627438985 564431194 0  
  1627438986 564431194 0  
  1627438987 564431194 0  
  1627438988 564431194 0  
  1627438989 564431194 0  
  1627438990 564431194 0  
  1627438991 564431194 0  
  1627438992 564431194 0  
  1627438993 564431286 0  
  1627438994 564431286 0  
  1627438996 564431286 0  
  1627438997 564431286 0  
  1627438998 564431286 0  
  1627438999 564431286 0  
  1627439000 564439904 0  
  1627439001 564440552 0  
  1627439002 564441192 0  
  1627439003 564441968 0  
  1627439004 564441968 0  
  1627439005 564441968 0  
  1627439006 564441968 0  
  1627439007 564441968 0  
  1627439008 564441968 0  
  1627439009 564441968 0  
  1627439010 564441968 0  
  1627439011 564441968 0  
  1627439012 564441968 0  
  1627439013 564441968 0  
  1627439014 564441968 0  
  1627439015 564441968 0  
  1627439016 564441968 0  
  1627439017 564441968 0  
  1627439018 564441968 0  
  1627439019 564441968 0  
  1627439020 564441968 0  
  1627439021 564441968 0  
  1627439022 564441968 0  
  1627439023 564441968 0  
  1627439024 564441968 0  
  1627439025 564442060 0  
  1627439026 564442060 0  
  1627439027 564442060 0  
  1627439028 564442060 0  
  1627439029 564442060 0  
  1627439030 564442060 0  
  1627439031 564442060 0  
  1627439032 564442060 0  
  1627439033 564442060 0  
  1627439034 564442060 0  
  1627439036 564442060 0  
  1627439037 564442060 0  
  1627439038 564442060 0  
  1627439039 564446693 0  
  1627439040 564446693 0  
  1627439041 564447401 0  
  1627439042 564447401 0  
  1627439043 564447401 0  
  1627439044 564447401 0  
  1627439045 564447401 0  
  1627439046 564447401 0  
  1627439047 564447401 0  
  1627439048 564447401 0  
  1627439049 564447401 0  
  1627439050 564447401 0  
  1627439051 564447401 0  
  1627439052 564447401 0  
  1627439053 564447401 0  
  1627439054 564447401 0  
  1627439055 564447401 0  
  1627439056 564447401 0  
  1627439057 564447401 0  
  1627439058 564447493 0  
  1627439059 564447493 0  
  1627439060 564447493 0  
  1627439061 564447493 0  
  1627439062 564447493 0  
  1627439063 564447493 0  
  1627439064 564447493 0  
  1627439065 564447493 0  
  1627439066 564447493 0  
  1627439067 564447493 0  
  1627439068 564447493 0  
  1627439069 564447493 0  
  1627439070 564447493 0  
  1627439071 564447585 0  
  1627439072 564447585 0  
  1627439073 564447585 0  
  1627439075 564447585 0  
  1627439076 564447585 0  
  1627439077 564447585 0  
  1627439078 564447585 0  
  1627439079 564447585 0  
  1627439080 564447585 0  
  1627439081 564447585 0  
  1627439082 564447585 0  
  1627439083 564447585 0  
  1627439084 564447585 0  
  1627439085 564447585 0  
  1627439086 564447585 0  
  1627439087 564447585 0  
  1627439088 564447585 0  
  1627439089 564447585 0  
  1627439090 564447585 0  
  1627439091 564447677 0  
  1627439092 564447677 0  
  1627439093 564447677 0  
  1627439094 564447677 0  
  1627439095 564447677 0  
  1627439096 564447677 0  
  1627439097 564447677 0  
  1627439098 564447677 0  
  1627439099 564447677 0  
  1627439100 564447677 0  
  1627439101 564447677 0  
  1627439102 564447677 0  
  1627439103 564447677 0  
  1627439104 564447677 0  
  1627439105 564447677 0  
  1627439106 564447677 0  
  1627439107 564447677 0  
  1627439108 564447677 0  
  1627439109 564447677 0  
  1627439110 564447677 0  
  1627439111 564447677 0  
  1627439112 564447677 0  
  1627439113 564447677 0  
  1627439115 564447677 0  
  1627439116 564447677 0  
  1627439117 564447677 0  
  1627439118 564447677 0  
  1627439119 564448015 0  
  1627439120 564448015 0  
  1627439121 564448015 0  
  1627439122 564448015 0  
  1627439123 564448015 0  
  1627439124 564448107 0  
  1627439125 564448107 0  
  1627439126 564448107 0  
  1627439127 564448107 0  
  1627439128 564448107 0  
  1627439129 564448107 0  
  1627439130 564448107 0  
  1627439131 564448107 0  
  1627439132 564448107 0  
  1627439133 564448107 0  
  1627439134 564448175 0  
  1627439135 564448175 0  
  1627439136 564448175 0  
  1627439137 564448175 0  
  1627439138 564448175 0  
  1627439139 564448175 0  
  1627439140 564448175 0  
  1627439141 564448175 0  
  1627439142 564449756 0  
  1627439143 564449756 0  
  1627439144 564449756 0  
  1627439145 564449756 0  
  1627439146 564449756 0  
  1627439147 564449756 0  
  1627439148 564449756 0  
  1627439149 564449756 0  
  1627439150 564449756 0  
  1627439151 564449756 0  
  1627439152 564449756 0  
  1627439153 564449756 0  
  1627439155 564449756 0  
  1627439156 564449848 0  
  1627439157 564449848 0  
  1627439158 564449848 0  
  1627439159 564449848 0  
  1627439160 564449848 0  
  1627439161 564449848 0  
  1627439162 564449848 0  
  1627439163 564449848 0  
  1627439164 564449848 0  
  1627439165 564449848 0  
  1627439166 564449848 0  
  1627439167 564449848 0  
  1627439168 564449848 0  
  1627439169 564449848 0  
  1627439170 564449848 0  
  1627439171 564449848 0  
  1627439172 564449848 0  
  1627439173 564449848 0  
  1627439174 564449848 0  
  1627439175 564449848 0  
  1627439176 564449848 0  
  1627439177 564449848 0  
  1627439178 564449848 0  
  1627439179 564450438 0  
  1627439180 564450438 0  
  1627439181 564450438 0  
  1627439182 564450438 0  
  1627439183 564450438 0  
  1627439184 564450438 0  
  1627439185 564450438 0  
  1627439186 564450438 0  
  1627439187 564450530 0  
  1627439188 564450530 0  
  1627439189 564450530 0  
  1627439190 564450530 0  
  1627439191 564450530 0  
  1627439192 564450530 0  
  1627439193 564450530 0  
  1627439195 564450530 0  
  1627439196 564450530 0  
  1627439197 564450530 0  
  1627439198 564450530 0  
  1627439199 564450530 0  
  1627439200 564450530 0  
  1627439201 564450622 0  
  1627439202 564450622 0  
  1627439203 564450622 0  
  1627439204 564450622 0  
  1627439205 564450622 0  
  1627439206 564450622 0  
  1627439207 564450622 0  
  1627439208 564450622 0  
  1627439209 564450622 0  
  1627439210 564450622 0  
  1627439211 564450622 0  
  1627439212 564450622 0  
  1627439213 564450622 0  
  1627439214 564450622 0  
  1627439215 564450622 0  
  1627439216 564450622 0  
  1627439217 564450622 0  
  1627439218 564450622 0  
  1627439219 564450622 0  
  1627439220 564450714 0  
  1627439221 564450714 0  
  1627439222 564450714 0  
  1627439223 564450714 0  
  1627439224 564450714 0  
  1627439225 564450714 0  
  1627439226 564450714 0  
  1627439227 564452915 0  
  1627439228 564455347 0  
  1627439229 564455347 0  
  1627439230 564455987 0  
  1627439231 564455987 0  
  1627439232 564455987 0  
  1627439233 564455987 0  
  1627439235 564455987 0  
  1627439236 564455987 0  
  1627439237 564455987 0  
  1627439238 564455987 0  
  1627439239 564455987 0  
  1627439240 564455987 0  
  1627439241 564455987 0  
  1627439242 564455987 0  
  1627439243 564455987 0  
  1627439244 564455987 0  
  1627439245 564455987 0  
  1627439246 564455987 0  
  1627439247 564455987 0  
  1627439248 564455987 0  
  1627439249 564455987 0  
  1627439250 564455987 0  
  1627439251 564455987 0  
  1627439252 564456079 0  
  1627439253 564456079 0  
  1627439254 564456079 0  
  1627439255 564456079 0  
  1627439256 564460388 0  
  1627439257 564460712 0  
  1627439258 564461420 0  
  1627439259 564461420 0  
  1627439260 564461420 0  
  1627439261 564461420 0  
  1627439262 564461420 0  
  1627439263 564461420 0  
  1627439264 564461420 0  
  1627439265 564461420 0  
  1627439266 564461420 0  
  1627439267 564461420 0  
  1627439268 564461758 0  
  1627439269 564461758 0  
  1627439270 564461758 0  
  1627439271 564461758 0  
  1627439272 564461758 0  
  1627439274 564461758 0  
  1627439275 564461758 0  
  1627439276 564461758 0  
  1627439277 564461758 0  
  1627439278 564461758 0  
  1627439279 564461758 0  
  1627439280 564461758 0  
  1627439281 564461758 0  
  1627439282 564461758 0  
  1627439283 564461758 0  
  1627439284 564461850 0  
  1627439285 564461850 0  
  1627439286 564461850 0  
  1627439287 564461850 0  
  1627439288 564461850 0  
 