 1627425813 570634981 78879  
  1627425814 570634981 78879  
  1627425815 570634981 78879  
  1627425816 570635049 78879  
  1627425817 570635049 78879  
  1627425818 570635049 78879  
  1627425819 570635049 78879  
  1627425820 570635049 78879  
  1627425821 570635049 78879  
  1627425822 570636205 78879  
  1627425823 570636205 78879  
  1627425824 570636205 78879  
  1627425825 570636205 78879  
  1627425826 570636205 78879  
  1627425827 570636205 78879  
  1627425828 570636205 78879  
  1627425829 570636205 78879  
  1627425830 570636205 78879  
  1627425831 570636205 78879  
  1627425832 570636205 78879  
  1627425833 570636205 78879  
  1627425834 570636205 78879  
  1627425835 570636205 78879  
  1627425836 570636205 78879  
  1627425837 570636205 78879  
  1627425838 570640514 78879  
  1627425839 570640838 78879  
  1627425840 570641546 78879  
  1627425841 570641546 78879  
  1627425842 570641546 78879  
  1627425843 570641546 78879  
  1627425844 570641546 78879  
  1627425845 570641546 78879  
  1627425846 570641546 78879  
  1627425847 570641546 78879  
  1627425849 570641546 78879  
  1627425850 570641546 78879  
  1627425851 570641546 78879  
  1627425852 570641546 78879  
  1627425853 570641546 78879  
  1627425854 570641546 78879  
  1627425855 570641546 78879  
  1627425856 570641546 78879  
  1627425857 570641546 78879  
  1627425858 570641546 78879  
  1627425859 570641546 78879  
  1627425860 570641546 78879  
  1627425861 570641546 78879  
  1627425862 570641546 78879  
  1627425863 570641546 78879  
  1627425864 570641546 78879  
  1627425865 570641546 78879  
  1627425866 570641546 78879  
  1627425867 570641546 78879  
  1627425868 570641546 78879  
  1627425869 570641546 78879  
  1627425870 570641546 78879  
  1627425871 570641546 78879  
  1627425872 570641546 78879  
  1627425873 570641546 78879  
  1627425874 570641546 78879  
  1627425875 570641546 78879  
  1627425876 570641546 78879  
  1627425877 570641546 78879  
  1627425878 570641546 78879  
  1627425879 570641546 78879  
  1627425880 570641546 78879  
  1627425881 570641546 78879  
  1627425882 570641546 78879  
  1627425883 570641546 78879  
  1627425884 570641546 78879  
  1627425885 570641546 78879  
  1627425886 570641546 78879  
  1627425887 570641546 78879  
  1627425889 570641546 78879  
  1627425890 570641546 78879  
  1627425891 570641638 78879  
  1627425892 570641638 78879  
  1627425893 570641638 78879  
  1627425894 570641638 78879  
  1627425895 570641638 78879  
  1627425896 570641638 78879  
  1627425897 570641638 78879  
  1627425898 570641638 78879  
  1627425899 570641638 78879  
  1627425900 570641638 78879  
  1627425901 570641638 78879  
  1627425902 570641638 78879  
  1627425903 570641638 78879  
  1627425904 570641638 78879  
  1627425905 570641638 78879  
  1627425906 570641638 78879  
  1627425907 570641638 78879  
  1627425908 570641638 78879  
  1627425909 570641638 78879  
  1627425910 570641638 78879  
  1627425911 570641638 78879  
  1627425912 570641638 78879  
  1627425913 570641638 78879  
  1627425914 570641638 78879  
  1627425915 570641638 78879  
  1627425916 570641638 78879  
  1627425917 570641638 78879  
  1627425918 570641638 78879  
  1627425919 570641638 78879  
  1627425920 570641638 78879  
  1627425921 570641638 78879  
  1627425922 570641638 78879  
  1627425923 570641638 78879  
  1627425924 570641638 78879  
  1627425925 570641638 78879  
  1627425926 570641638 78879  
  1627425927 570641638 78879  
  1627425928 570641638 78879  
  1627425930 570641638 78879  
  1627425931 570641638 78879  
  1627425932 570641638 78879  
  1627425933 570641638 78879  
  1627425934 570641638 78879  
  1627425935 570641638 78879  
  1627425936 570641638 78879  
  1627425937 570641638 78879  
  1627425938 570641638 78879  
  1627425939 570641638 78879  
  1627425940 570641995 78879  
  1627425941 570641995 78879  
  1627425942 570641995 78879  
  1627425943 570641995 78879  
  1627425944 570641995 78879  
  1627425945 570641995 78879  
  1627425946 570641995 78879  
  1627425947 570641995 78879  
  1627425948 570641995 78879  
  1627425949 570641995 78879  
  1627425950 570641995 78879  
  1627425951 570641995 78879  
  1627425952 570641995 78879  
  1627425953 570641995 78879  
  1627425954 570641995 78879  
  1627425955 570641995 78879  
  1627425956 570641995 78879  
  1627425957 570641995 78879  
  1627425958 570641995 78879  
  1627425959 570641995 78879  
  1627425960 570641995 78879  
  1627425961 570641995 78879  
  1627425962 570641995 78879  
  1627425963 570641995 78879  
  1627425964 570641995 78879  
  1627425965 570641995 78879  
  1627425966 570641995 78879  
  1627425967 570641995 78879  
  1627425968 570641995 78879  
  1627425970 570641995 78879  
  1627425971 570641995 78879  
  1627425972 570641995 78879  
  1627425973 570641995 78879  
  1627425974 570641995 78879  
  1627425975 570641995 78879  
  1627425976 570641995 78879  
  1627425977 570641995 78879  
  1627425978 570641995 78879  
  1627425979 570641995 78879  
  1627425980 570642591 78879  
  1627425981 570642591 78879  
  1627425982 570642591 78879  
  1627425983 570642591 78879  
  1627425984 570642591 78879  
  1627425985 570642591 78879  
  1627425986 570642591 78879  
  1627425987 570642591 78879  
  1627425988 570642591 78879  
  1627425989 570642591 78879  
  1627425990 570642591 78879  
  1627425991 570642591 78879  
  1627425992 570642591 78879  
  1627425993 570642591 78879  
  1627425994 570642591 78879  
  1627425995 570642591 78879  
  1627425996 570642591 78879  
  1627425997 570642591 78879  
  1627425998 570642591 78879  
  1627425999 570642591 78879  
  1627426000 570642591 78879  
  1627426001 570642591 78879  
  1627426002 570642591 78879  
  1627426003 570642591 78879  
  1627426004 570642591 78879  
  1627426005 570642591 78879  
  1627426006 570642591 78879  
  1627426007 570642591 78879  
  1627426008 570642591 78879  
  1627426010 570642591 78879  
  1627426011 570642591 78879  
  1627426012 570642591 78879  
  1627426013 570642591 78879  
  1627426014 570642591 78879  
  1627426015 570642591 78879  
  1627426016 570642591 78879  
  1627426017 570642591 78879  
  1627426018 570642591 78879  
  1627426019 570642591 78879  
  1627426020 570642591 78879  
  1627426021 570642683 78879  
  1627426022 570642683 78879  
  1627426023 570642683 78879  
  1627426024 570642683 78879  
  1627426025 570642683 78879  
  1627426026 570642683 78879  
  1627426027 570642683 78879  
  1627426028 570646992 78879  
  1627426029 570647408 78879  
  1627426030 570647408 78879  
  1627426031 570648116 78879  
  1627426032 570648116 78879  
  1627426033 570648116 78879  
  1627426034 570648116 78879  
  1627426035 570648116 78879  
  1627426036 570648116 78879  
  1627426037 570648116 78879  
  1627426038 570648116 78879  
  1627426039 570648116 78879  
  1627426040 570648116 78879  
  1627426041 570648116 78879  
  1627426042 570648116 78879  
  1627426043 570648116 78879  
  1627426044 570648116 78879  
  1627426045 570648116 78879  
  1627426046 570648116 78879  
  1627426047 570648116 78879  
  1627426048 570648116 78879  
  1627426050 570648116 78879  
  1627426051 570648116 78879  
  1627426052 570648116 78879  
  1627426053 570648116 78879  
  1627426054 570648116 78879  
  1627426055 570648116 78879  
  1627426056 570652245 78879  
  1627426057 570652749 78879  
  1627426058 570652749 78879  
  1627426059 570653457 78879  
  1627426060 570653457 78879  
  1627426061 570653457 78879  
  1627426062 570653457 78879  
  1627426063 570653457 78879  
  1627426064 570653457 78879  
  1627426065 570653457 78879  
  1627426066 570653457 78879  
  1627426067 570653457 78879  
  1627426068 570653457 78879  
  1627426069 570653457 78879  
  1627426070 570653457 78879  
  1627426071 570653457 78879  
  1627426072 570653457 78879  
  1627426073 570653457 78879  
  1627426074 570653457 78879  
  1627426075 570653457 78879  
  1627426076 570653457 78879  
  1627426077 570653517 78879  
  1627426078 570653517 78879  
  1627426079 570653517 78879  
  1627426080 570653517 78879  
  1627426081 570653517 78879  
  1627426082 570653517 78879  
  1627426083 570653517 78879  
  1627426084 570653517 78879  
  1627426085 570653517 78879  
  1627426086 570653517 78879  
  1627426087 570653517 78879  
  1627426088 570653517 78879  
  1627426090 570653517 78879  
  1627426091 570653517 78879  
  1627426092 570653517 78879  
  1627426093 570653517 78879  
  1627426094 570653517 78879  
  1627426095 570653517 78879  
  1627426096 570653517 78879  
  1627426097 570653517 78879  
  1627426098 570653517 78879  
  1627426099 570655718 78879  
  1627426100 570662783 78879  
  1627426101 570662783 78879  
  1627426102 570664199 78879  
  1627426103 570664199 78879  
  1627426104 570664199 78879  
  1627426105 570664199 78879  
  1627426106 570664199 78879  
  1627426107 570664199 78879  
  1627426108 570664199 78879  
  1627426109 570664199 78879  
  1627426110 570664199 78879  
  1627426111 570664199 78879  
  1627426112 570664199 78879  
  1627426113 570664199 78879  
  1627426114 570664199 78879  
  1627426115 570664199 78879  
  1627426116 570664199 78879  
  1627426117 570664199 78879  
  1627426118 570664199 78879  
  1627426119 570664199 78879  
  1627426120 570664199 78879  
  1627426121 570664199 78879  
  1627426122 570664199 78879  
  1627426123 570664199 78879  
  1627426124 570664199 78879  
  1627426125 570664199 78879  
  1627426126 570664199 78879  
  1627426127 570664199 78879  
  1627426129 570664199 78879  
  1627426130 570664199 78879  
  1627426131 570664199 78879  
  1627426132 570664199 78879  
  1627426133 570664199 78879  
  1627426134 570664199 78879  
  1627426135 570664199 78879  
 