 1627029465 505201411 40724  
  1627029466 505201411 40724  
  1627029467 505201411 40724  
  1627029468 505201411 40724  
  1627029469 505201411 40724  
  1627029470 505201411 40724  
  1627029471 505201411 40724  
  1627029472 505201411 40724  
  1627029473 505201411 40724  
  1627029474 505201411 40724  
  1627029475 505201411 40724  
  1627029476 505201411 40724  
  1627029477 505201411 40724  
  1627029478 505201411 40724  
  1627029479 505201411 40724  
  1627029480 505201411 40724  
  1627029481 505201411 40724  
  1627029482 505201411 40724  
  1627029483 505201411 40724  
  1627029484 505201411 40724  
  1627029485 505201411 40724  
  1627029487 505201411 40724  
  1627029488 505201411 40724  
  1627029489 505201411 40724  
  1627029490 505201411 40724  
  1627029491 505201411 40724  
  1627029492 505201411 40724  
  1627029493 505201411 40724  
  1627029494 505201411 40724  
  1627029495 505201411 40724  
  1627029496 505201411 40724  
  1627029497 505201411 40724  
  1627029498 505201411 40724  
  1627029499 505201411 40724  
  1627029500 505201411 40724  
  1627029501 505201411 40724  
  1627029502 505201411 40724  
  1627029503 505201411 40724  
  1627029504 505201411 40724  
  1627029505 505201411 40724  
  1627029506 505201411 40724  
  1627029507 505201411 40724  
  1627029508 505201411 40724  
  1627029509 505201411 40724  
  1627029510 505201411 40724  
  1627029511 505201411 40724  
  1627029512 505201411 40724  
  1627029513 505201411 40724  
  1627029514 505201411 40724  
  1627029515 505201411 40724  
  1627029516 505201411 40724  
  1627029517 505201411 40724  
  1627029518 505201411 40724  
  1627029519 505201411 40724  
  1627029520 505201411 40724  
  1627029521 505201411 40724  
  1627029522 505201411 40724  
  1627029523 505201411 40724  
  1627029524 505201411 40724  
  1627029526 505201411 40724  
  1627029527 505201411 40724  
  1627029528 505201411 40724  
  1627029529 505201411 40724  
  1627029530 505201411 40724  
  1627029531 505201411 40724  
  1627029532 505201411 40724  
  1627029533 505201411 40724  
  1627029534 505201411 40724  
  1627029535 505201411 40724  
  1627029536 505201411 40724  
  1627029537 505201411 40724  
  1627029538 505201411 40724  
  1627029539 505205720 40724  
  1627029540 505206044 40724  
  1627029541 505206136 40724  
  1627029542 505206844 40724  
  1627029543 505206844 40724  
  1627029544 505206844 40724  
  1627029545 505206844 40724  
  1627029546 505206844 40724  
  1627029547 505206844 40724  
  1627029548 505206844 40724  
  1627029549 505206844 40724  
  1627029550 505206844 40724  
  1627029551 505206844 40724  
  1627029552 505206844 40724  
  1627029553 505206844 40724  
  1627029554 505206844 40724  
  1627029555 505206844 40724  
  1627029556 505206844 40724  
  1627029557 505206844 40724  
  1627029558 505206844 40724  
  1627029559 505206844 40724  
  1627029560 505206844 40724  
  1627029561 505206844 40724  
  1627029562 505206844 40724  
  1627029563 505206844 40724  
  1627029564 505206844 40724  
  1627029566 505206844 40724  
  1627029567 505206844 40724  
  1627029568 505206844 40724  
  1627029569 505206844 40724  
  1627029570 505207440 40724  
  1627029571 505207440 40724  
  1627029572 505207440 40724  
  1627029573 505207440 40724  
  1627029574 505207440 40724  
  1627029575 505207440 40724  
  1627029576 505207440 40724  
  1627029577 505207440 40724  
  1627029578 505207440 40724  
  1627029579 505207440 40724  
  1627029580 505207440 40724  
  1627029581 505207440 40724  
  1627029582 505207440 40724  
  1627029583 505207440 40724  
  1627029584 505207440 40724  
  1627029585 505207440 40724  
  1627029586 505207440 40724  
  1627029587 505207440 40724  
  1627029588 505207440 40724  
  1627029589 505207440 40724  
  1627029590 505207440 40724  
  1627029591 505207440 40724  
  1627029592 505207440 40724  
  1627029593 505207440 40724  
  1627029594 505207440 40724  
  1627029595 505207440 40724  
  1627029596 505207440 40724  
  1627029597 505207440 40724  
  1627029598 505207440 40724  
  1627029599 505207440 40724  
  1627029600 505207440 40724  
  1627029601 505207440 40724  
  1627029602 505207440 40724  
  1627029603 505207440 40724  
  1627029605 505207440 40724  
  1627029606 505207440 40724  
  1627029607 505207440 40724  
  1627029608 505207440 40724  
  1627029609 505207440 40724  
  1627029610 505207440 40724  
  1627029611 505207440 40724  
  1627029612 505207440 40724  
  1627029613 505207440 40724  
  1627029614 505207440 40724  
  1627029615 505207440 40724  
  1627029616 505207440 40724  
  1627029617 505207440 40724  
  1627029618 505207440 40724  
  1627029619 505207440 40724  
  1627029620 505207440 40724  
  1627029621 505207440 40724  
  1627029622 505207440 40724  
  1627029623 505207440 40724  
  1627029624 505207440 40724  
  1627029625 505207440 40724  
  1627029626 505207440 40724  
  1627029627 505207440 40724  
  1627029628 505207440 40724  
  1627029629 505207440 40724  
  1627029630 505207440 40724  
  1627029631 505207440 40724  
  1627029632 505207440 40724  
  1627029633 505207440 40724  
  1627029634 505207440 40724  
  1627029635 505207440 40724  
  1627029636 505207440 40724  
  1627029637 505207440 40724  
  1627029638 505207440 40724  
  1627029639 505207440 40724  
  1627029640 505207797 40724  
  1627029641 505207797 40724  
  1627029642 505207797 40724  
  1627029643 505207797 40724  
  1627029645 505210694 40724  
  1627029646 505212430 40724  
  1627029647 505212430 40724  
  1627029648 505217771 40724  
  1627029649 505217771 40724  
  1627029650 505218479 40724  
  1627029651 505218479 40724  
  1627029652 505218479 40724  
  1627029653 505218479 40724  
  1627029654 505223044 40724  
  1627029655 505227241 40724  
  1627029656 505228453 40724  
  1627029657 505229161 40724  
  1627029658 505229161 40724  
  1627029659 505229161 40724  
  1627029660 505229161 40724  
  1627029661 505229161 40724  
  1627029662 505229161 40724  
  1627029663 505229161 40724  
  1627029664 505229161 40724  
  1627029665 505229161 40724  
  1627029666 505229161 40724  
  1627029667 505229161 40724  
  1627029668 505229161 40724  
  1627029669 505229161 40724  
  1627029670 505229161 40724  
  1627029671 505229161 40724  
  1627029672 505229161 40724  
  1627029673 505229161 40724  
  1627029674 505229161 40724  
  1627029675 505229161 40724  
  1627029676 505229161 40724  
  1627029677 505229161 40724  
  1627029678 505229161 40724  
  1627029679 505229161 40724  
  1627029680 505229161 40724  
  1627029681 505229161 40724  
  1627029682 505229161 40724  
  1627029683 505229161 40724  
  1627029685 505229161 40724  
  1627029686 505229161 40724  
  1627029687 505229161 40724  
  1627029688 505229161 40724  
  1627029689 505229161 40724  
  1627029690 505229161 40724  
  1627029691 505229161 40724  
  1627029692 505229161 40724  
  1627029693 505229161 40724  
  1627029694 505229161 40724  
  1627029695 505229161 40724  
  1627029696 505229161 40724  
  1627029697 505229161 40724  
  1627029698 505229161 40724  
  1627029699 505229161 40724  
  1627029700 505229161 40724  
  1627029701 505229161 40724  
  1627029702 505229161 40724  
  1627029703 505229161 40724  
  1627029704 505229161 40724  
  1627029705 505229161 40724  
  1627029706 505229161 40724  
  1627029707 505229161 40724  
  1627029708 505229161 40724  
  1627029709 505229161 40724  
  1627029710 505229161 40724  
  1627029711 505229161 40724  
  1627029712 505229161 40724  
  1627029713 505229161 40724  
  1627029714 505229161 40724  
  1627029715 505229161 40724  
  1627029716 505229161 40724  
  1627029717 505229161 40724  
  1627029718 505229161 40724  
  1627029719 505229161 40724  
  1627029720 505229161 40724  
  1627029721 505229161 40724  
  1627029722 505229161 40724  
  1627029724 505229161 40724  
  1627029725 505229161 40724  
  1627029726 505229161 40724  
  1627029727 505229161 40724  
  1627029728 505229161 40724  
  1627029729 505229161 40724  
  1627029730 505229161 40724  
  1627029731 505229161 40724  
  1627029732 505229161 40724  
  1627029733 505229161 40724  
  1627029734 505229161 40724  
  1627029735 505229161 40724  
  1627029736 505229161 40724  
  1627029737 505229161 40724  
  1627029738 505229161 40724  
  1627029739 505229161 40724  
  1627029740 505229161 40724  
  1627029741 505229161 40724  
  1627029742 505229161 40724  
  1627029743 505229161 40724  
  1627029744 505229161 40724  
  1627029745 505229161 40724  
  1627029746 505229161 40724  
  1627029747 505229161 40724  
  1627029748 505229161 40724  
  1627029749 505229161 40724  
  1627029750 505229161 40724  
  1627029751 505229161 40724  
  1627029752 505229161 40724  
  1627029753 505229161 40724  
  1627029754 505229161 40724  
  1627029755 505229229 40724  
  1627029756 505229229 40724  
  1627029757 505229229 40724  
  1627029758 505229229 40724  
  1627029759 505229229 40724  
  1627029760 505229229 40724  
  1627029761 505230385 40724  
  1627029762 505230385 40724  
  1627029764 505230385 40724  
  1627029765 505230385 40724  
  1627029766 505230385 40724  
  1627029767 505230385 40724  
  1627029768 505230385 40724  
  1627029769 505230477 40724  
  1627029770 505230477 40724  
  1627029771 505231073 40724  
  1627029772 505231073 40724  
  1627029773 505231073 40724  
  1627029774 505231073 40724  
  1627029775 505231073 40724  
  1627029776 505231073 40724  
  1627029777 505231073 40724  
  1627029778 505231073 40724  
  1627029779 505231073 40724  
  1627029780 505231073 40724  
  1627029781 505231073 40724  
  1627029782 505231073 40724  
  1627029783 505231073 40724  
  1627029784 505231073 40724  
  1627029785 505231073 40724  
  1627029786 505231073 40724  
  1627029787 505231073 40724  
  1627029788 505231073 40724  
  1627029789 505231073 40724  
  1627029790 505231073 40724  
  1627029791 505231073 40724  
  1627029792 505231073 40724  
  1627029793 505231073 40724  
  1627029794 505231073 40724  
  1627029795 505231073 40724  
  1627029796 505231073 40724  
  1627029797 505231165 40724  
  1627029798 505231165 40724  
  1627029799 505231165 40724  
  1627029800 505231165 40724  
  1627029801 505231165 40724  
  1627029803 505231165 40724  
  1627029804 505231165 40724  
  1627029805 505231165 40724  
  1627029806 505231165 40724  
  1627029807 505231165 40724  
  1627029808 505231165 40724  
  1627029809 505231165 40724  
  1627029810 505231165 40724  
  1627029811 505231165 40724  
  1627029812 505231503 40724  
  1627029813 505231503 40724  
  1627029814 505231503 40724  
  1627029815 505231503 40724  
  1627029816 505231503 40724  
  1627029817 505231503 40724  
  1627029818 505231503 40724  
  1627029819 505231503 40724  
  1627029820 505231503 40724  
  1627029821 505231503 40724  
  1627029822 505231503 40724  
  1627029823 505231503 40724  
  1627029824 505231503 40724  
  1627029825 505231503 40724  
  1627029826 505231503 40724  
  1627029827 505231503 40724  
  1627029828 505231503 40724  
  1627029829 505231503 40724  
  1627029830 505231503 40724  
  1627029831 505231503 40724  
  1627029832 505231503 40724  
  1627029833 505231841 40724  
  1627029834 505231841 40724  
  1627029835 505231841 40724  
  1627029836 505231841 40724  
  1627029837 505231841 40724  
  1627029838 505236150 40724  
  1627029839 505236474 40724  
  1627029840 505236474 40724  
  1627029842 505237182 40724  
  1627029843 505237182 40724  
  1627029844 505237182 40724  
  1627029845 505237182 40724  
  1627029846 505237182 40724  
  1627029847 505237182 40724  
  1627029848 505237182 40724  
  1627029849 505237182 40724  
  1627029850 505237182 40724  
  1627029851 505237182 40724  
 