 1626725743 456927403 207377  
  1626725745 456927403 207377  
  1626725746 456927403 207377  
  1626725747 456927403 207377  
  1626725748 456927403 207377  
  1626725749 456927403 207377  
  1626725750 456927403 207377  
  1626725751 456927403 207377  
  1626725752 456927403 207377  
  1626725753 456927403 207377  
  1626725754 456927403 207377  
  1626725755 456927403 207377  
  1626725756 456927403 207377  
  1626725757 456927403 207377  
  1626725758 456927403 207377  
  1626725759 456927403 207377  
  1626725760 456927403 207377  
  1626725761 456927403 207377  
  1626725762 456927403 207377  
  1626725763 456927403 207377  
  1626725764 456927403 207377  
  1626725765 456927403 207377  
  1626725766 456927403 207377  
  1626725767 456927403 207377  
  1626725768 456927403 207377  
  1626725769 456927403 207377  
  1626725770 456927403 207377  
  1626725771 456927403 207377  
  1626725772 456927403 207377  
  1626725773 456927403 207377  
  1626725774 456927403 207377  
  1626725775 456927403 207377  
  1626725776 456927403 207377  
  1626725777 456927403 207377  
  1626725778 456927403 207377  
  1626725779 456927403 207377  
  1626725780 456927403 207377  
  1626725781 456927403 207377  
  1626725782 456927403 207377  
  1626725784 456927403 207377  
  1626725785 456927403 207377  
  1626725786 456927403 207377  
  1626725787 456927403 207377  
  1626725788 456927403 207377  
  1626725789 456927403 207377  
  1626725790 456927403 207377  
  1626725791 456927403 207377  
  1626725792 456927403 207377  
  1626725793 456927403 207377  
  1626725794 456927403 207377  
  1626725795 456927403 207377  
  1626725796 456927403 207377  
  1626725797 456927403 207377  
  1626725798 456927403 207377  
  1626725799 456927403 207377  
  1626725800 456927403 207377  
  1626725801 456927403 207377  
  1626725802 456927403 207377  
  1626725803 456927403 207377  
  1626725804 456927403 207377  
  1626725805 456927403 207377  
  1626725806 456927403 207377  
  1626725807 456927403 207377  
  1626725808 456927403 207377  
  1626725809 456927403 207377  
  1626725810 456927403 207377  
  1626725811 456927403 207377  
  1626725812 456927403 207377  
  1626725813 456927403 207377  
  1626725814 456927403 207377  
  1626725815 456927403 207377  
  1626725816 456927403 207377  
  1626725817 456927403 207377  
  1626725818 456927403 207377  
  1626725819 456927403 207377  
  1626725820 456927403 207377  
  1626725821 456927403 207377  
  1626725822 456927403 207377  
  1626725824 456927403 207377  
  1626725825 456927403 207377  
  1626725826 456927403 207377  
  1626725827 456927403 207377  
  1626725828 456927403 207377  
  1626725829 456927403 207377  
  1626725830 456927403 207377  
  1626725831 456927403 207377  
  1626725832 456927403 207377  
  1626725833 456927403 207377  
  1626725834 456927403 207377  
  1626725835 456927403 207377  
  1626725836 456927403 207377  
  1626725837 456927403 207377  
  1626725838 456927403 207377  
  1626725839 456927403 207377  
  1626725840 456927403 207377  
  1626725841 456927403 207377  
  1626725842 456927741 207377  
  1626725843 456927741 207377  
  1626725844 456927741 207377  
  1626725845 456927741 207377  
  1626725846 456927741 207377  
  1626725847 456927741 207377  
  1626725848 456927741 207377  
  1626725849 456927741 207377  
  1626725850 456927741 207377  
  1626725851 456927741 207377  
  1626725852 456927741 207377  
  1626725853 456927741 207377  
  1626725854 456927741 207377  
  1626725855 456927741 207377  
  1626725856 456927741 207377  
  1626725857 456927741 207377  
  1626725858 456927741 207377  
  1626725859 456927741 207377  
  1626725860 456927741 207377  
  1626725861 456927741 207377  
  1626725862 456927741 207377  
  1626725863 456928337 207377  
  1626725865 456928337 207377  
  1626725866 456928337 207377  
  1626725867 456928337 207377  
  1626725868 456932646 207377  
  1626725869 456932970 207377  
  1626725870 456933610 207377  
  1626725871 456933678 207377  
  1626725872 456933678 207377  
  1626725873 456933678 207377  
  1626725874 456933678 207377  
  1626725875 456933678 207377  
  1626725876 456933678 207377  
  1626725877 456933678 207377  
  1626725878 456933678 207377  
  1626725879 456933678 207377  
  1626725880 456933678 207377  
  1626725881 456933678 207377  
  1626725882 456933678 207377  
  1626725883 456933678 207377  
  1626725884 456933678 207377  
  1626725885 456933678 207377  
  1626725886 456933678 207377  
  1626725887 456933678 207377  
  1626725888 456933678 207377  
  1626725889 456933678 207377  
  1626725890 456933678 207377  
  1626725891 456933678 207377  
  1626725892 456933678 207377  
  1626725893 456933678 207377  
  1626725894 456933678 207377  
  1626725895 456933678 207377  
  1626725896 456933678 207377  
  1626725897 456933678 207377  
  1626725898 456933678 207377  
  1626725899 456933678 207377  
  1626725900 456933678 207377  
  1626725901 456933678 207377  
  1626725902 456933678 207377  
  1626725903 456933678 207377  
  1626725905 456933678 207377  
  1626725906 456933678 207377  
  1626725907 456933678 207377  
  1626725908 456933678 207377  
  1626725909 456933678 207377  
  1626725910 456933678 207377  
  1626725911 456933678 207377  
  1626725912 456933678 207377  
  1626725913 456933678 207377  
  1626725914 456933678 207377  
  1626725915 456933678 207377  
  1626725916 456933678 207377  
  1626725917 456933678 207377  
  1626725918 456933678 207377  
  1626725919 456933678 207377  
  1626725920 456933678 207377  
  1626725921 456933678 207377  
  1626725922 456933678 207377  
  1626725923 456933678 207377  
  1626725924 456933678 207377  
  1626725925 456933678 207377  
  1626725926 456933678 207377  
  1626725927 456933678 207377  
  1626725928 456933678 207377  
  1626725929 456933678 207377  
  1626725930 456933678 207377  
  1626725931 456933678 207377  
  1626725932 456933770 207377  
  1626725933 456933770 207377  
  1626725934 456933770 207377  
  1626725935 456933770 207377  
  1626725936 456933770 207377  
  1626725937 456933770 207377  
  1626725938 456933770 207377  
  1626725939 456933770 207377  
  1626725940 456933770 207377  
  1626725941 456933770 207377  
  1626725942 456933770 207377  
  1626725943 456933770 207377  
  1626725945 456933770 207377  
  1626725946 456933770 207377  
  1626725947 456933770 207377  
  1626725948 456933770 207377  
  1626725949 456933770 207377  
  1626725950 456933770 207377  
  1626725951 456933770 207377  
  1626725952 456933770 207377  
  1626725953 456933770 207377  
  1626725954 456933770 207377  
  1626725955 456933770 207377  
  1626725956 456933770 207377  
  1626725957 456933770 207377  
  1626725958 456933770 207377  
  1626725959 456933770 207377  
  1626725960 456933770 207377  
  1626725961 456933770 207377  
  1626725962 456933770 207377  
  1626725963 456933770 207377  
  1626725964 456933770 207377  
  1626725965 456933770 207377  
  1626725966 456933770 207377  
  1626725967 456933770 207377  
  1626725968 456933770 207377  
  1626725969 456933770 207377  
  1626725970 456933770 207377  
  1626725971 456933770 207377  
  1626725972 456933770 207377  
  1626725973 456933770 207377  
  1626725974 456933770 207377  
  1626725975 456933770 207377  
  1626725976 456933770 207377  
  1626725977 456933770 207377  
  1626725978 456933770 207377  
  1626725979 456933770 207377  
  1626725980 456933770 207377  
  1626725981 456933770 207377  
  1626725982 456933770 207377  
  1626725983 456933770 207377  
  1626725985 456933770 207377  
  1626725986 456933770 207377  
  1626725987 456933770 207377  
  1626725988 456933770 207377  
  1626725989 456933770 207377  
  1626725990 456933770 207377  
  1626725991 456933770 207377  
  1626725992 456933770 207377  
  1626725993 456934108 207377  
  1626725994 456934108 207377  
  1626725995 456934108 207377  
  1626725996 456934108 207377  
  1626725997 456934108 207377  
  1626725998 456934108 207377  
  1626725999 456934108 207377  
  1626726000 456934200 207377  
  1626726001 456934200 207377  
  1626726002 456934200 207377  
  1626726003 456934200 207377  
  1626726004 456938765 207377  
  1626726005 456938833 207377  
  1626726006 456939541 207377  
  1626726007 456939541 207377  
  1626726008 456939541 207377  
  1626726009 456939541 207377  
  1626726010 456939541 207377  
  1626726011 456939541 207377  
  1626726012 456939541 207377  
  1626726013 456939541 207377  
  1626726014 456939541 207377  
  1626726015 456939541 207377  
  1626726016 456939541 207377  
  1626726017 456944174 207377  
  1626726018 456944318 207377  
  1626726019 456949515 207377  
  1626726020 456954856 207377  
  1626726021 456955564 207377  
  1626726022 456955564 207377  
  1626726023 456955564 207377  
  1626726025 456955564 207377  
  1626726026 456955564 207377  
  1626726027 456955564 207377  
  1626726028 456955564 207377  
  1626726029 456955564 207377  
  1626726030 456955564 207377  
  1626726031 456955564 207377  
  1626726032 456955564 207377  
  1626726033 456955564 207377  
  1626726034 456955564 207377  
  1626726035 456955564 207377  
  1626726036 456955564 207377  
  1626726037 456955921 207377  
  1626726038 456955921 207377  
  1626726039 456955921 207377  
  1626726040 456955921 207377  
  1626726041 456955921 207377  
  1626726042 456955921 207377  
  1626726043 456955921 207377  
  1626726044 456955921 207377  
  1626726045 456955921 207377  
  1626726046 456955921 207377  
  1626726047 456955921 207377  
  1626726048 456955921 207377  
  1626726049 456955921 207377  
  1626726050 456955921 207377  
  1626726051 456955921 207377  
  1626726052 456955921 207377  
  1626726053 456955921 207377  
  1626726054 456955921 207377  
  1626726055 456955921 207377  
  1626726056 456955921 207377  
  1626726057 456955921 207377  
  1626726058 456955921 207377  
  1626726059 456955921 207377  
  1626726060 456955921 207377  
  1626726061 456955921 207377  
  1626726062 456955921 207377  
  1626726064 456956517 207377  
  1626726065 456956517 207377  
  1626726066 456956517 207377  
  1626726067 456956517 207377  
  1626726068 456956517 207377  
  1626726069 456956517 207377  
  1626726070 456956517 207377  
  1626726071 456956517 207377  
  1626726072 456956517 207377  
  1626726073 456956517 207377  
  1626726074 456956517 207377  
  1626726075 456956517 207377  
  1626726076 456956517 207377  
  1626726077 456956517 207377  
  1626726078 456956517 207377  
  1626726079 456956517 207377  
  1626726080 456956517 207377  
  1626726081 456956517 207377  
  1626726082 456956517 207377  
  1626726083 456956517 207377  
  1626726084 456956517 207377  
  1626726085 456956517 207377  
  1626726086 456956517 207377  
  1626726087 456956517 207377  
  1626726088 456956517 207377  
  1626726089 456956517 207377  
  1626726090 456956517 207377  
  1626726091 456956517 207377  
  1626726092 456956517 207377  
  1626726093 456956517 207377  
  1626726094 456956517 207377  
  1626726095 456956517 207377  
  1626726096 456956517 207377  
  1626726097 456956517 207377  
  1626726098 456956517 207377  
  1626726099 456956517 207377  
  1626726100 456956517 207377  
  1626726101 456956517 207377  
  1626726102 456956517 207377  
  1626726104 456956517 207377  
  1626726105 456956517 207377  
  1626726106 456956517 207377  
  1626726107 456956517 207377  
  1626726108 456956517 207377  
  1626726109 456956517 207377  
  1626726110 456956517 207377  
  1626726111 456956517 207377  
  1626726112 456956517 207377  
  1626726113 456956517 207377  
  1626726114 456956517 207377  
  1626726115 456956517 207377  
  1626726116 456956517 207377  
  1626726117 456956517 207377  
  1626726118 456956517 207377  
  1626726119 456956517 207377  
  1626726120 456956517 207377  
  1626726121 456956517 207377  
  1626726122 456956517 207377  
  1626726123 456956517 207377  
  1626726124 456956517 207377  
  1626726125 456956517 207377  
  1626726126 456956517 207377  
  1626726127 456956517 207377  
  1626726128 456956609 207377  
  1626726129 456956609 207377  
  1626726130 456956609 207377  
  1626726131 456956609 207377  
  1626726132 456956609 207377  
  1626726133 456956609 207377  
  1626726134 456956609 207377  
  1626726135 456956609 207377  
  1626726136 456956609 207377  
  1626726137 456956609 207377  
  1626726138 456956609 207377  
  1626726139 456956609 207377  
  1626726140 456956609 207377  
  1626726141 456956609 207377  
  1626726142 456956609 207377  
  1626726144 456956609 207377  
  1626726145 456956609 207377  
  1626726146 456956609 207377  
  1626726147 456956609 207377  
  1626726148 456956609 207377  
  1626726149 456956609 207377  
  1626726150 456956609 207377  
  1626726151 456956609 207377  
  1626726152 456956609 207377  
  1626726153 456956609 207377  
  1626726154 456956609 207377  
  1626726155 456956609 207377  
  1626726156 456956609 207377  
  1626726157 456956609 207377  
  1626726158 456956609 207377  
  1626726159 456956609 207377  
  1626726160 456956609 207377  
  1626726161 456956609 207377  
  1626726162 456956609 207377  
  1626726163 456956609 207377  
  1626726164 456956609 207377  
  1626726165 456956609 207377  
  1626726166 456956609 207377  
  1626726167 456958570 207377  
  1626726168 456961242 207377  
  1626726169 456961242 207377  
  1626726170 456961814 207377  
  1626726171 456961814 207377  
  1626726172 456961814 207377  
  1626726173 456961814 207377  
  1626726174 456961814 207377  
  1626726175 456961814 207377  
  1626726176 456961814 207377  
  1626726177 456961814 207377  
  1626726178 456961814 207377  
  1626726179 456961814 207377  
  1626726180 456961814 207377  
  1626726181 456961814 207377  
  1626726182 456961814 207377  
  1626726184 456961814 207377  
  1626726185 456961814 207377  
  1626726186 456961814 207377  
  1626726187 456961814 207377  
  1626726188 456961814 207377  
  1626726189 456961814 207377  
  1626726190 456961814 207377  
  1626726191 456961906 207377  
  1626726192 456961906 207377  
  1626726193 456961906 207377  
  1626726194 456961906 207377  
  1626726195 456961906 207377  
  1626726196 456961906 207377  
  1626726197 456961906 207377  
  1626726198 456961906 207377  
  1626726199 456961906 207377  
  1626726200 456961906 207377  
  1626726201 456961906 207377  
  1626726202 456961906 207377  
  1626726203 456961906 207377  
  1626726204 456961906 207377  
  1626726205 456961906 207377  
  1626726206 456961906 207377  
  1626726207 456961906 207377  
  1626726208 456961906 207377  
  1626726209 456961906 207377  
  1626726210 456961906 207377  
  1626726211 456961906 207377  
  1626726212 456961906 207377  
  1626726213 456961906 207377  
  1626726214 456961906 207377  
  1626726215 456961906 207377  
  1626726216 456961906 207377  
  1626726217 456961906 207377  
  1626726218 456961906 207377  
  1626726219 456961906 207377  
  1626726220 456961906 207377  
  1626726221 456961906 207377  
  1626726223 456961906 207377  
  1626726224 456961906 207377  
  1626726225 456961906 207377  
  1626726226 456961906 207377  
  1626726227 456961906 207377  
  1626726228 456961906 207377  
  1626726229 456961906 207377  
  1626726230 456961906 207377  
  1626726231 456961906 207377  
  1626726232 456961906 207377  
  1626726233 456961906 207377  
  1626726234 456961906 207377  
  1626726235 456961906 207377  
  1626726236 456961906 207377  
  1626726237 456961906 207377  
  1626726238 456961906 207377  
  1626726239 456961906 207377  
  1626726240 456961906 207377  
  1626726241 456961906 207377  
  1626726242 456961906 207377  
  1626726243 456961906 207377  
  1626726244 456961906 207377  
  1626726245 456961906 207377  
  1626726246 456961906 207377  
  1626726247 456961906 207377  
  1626726248 456961906 207377  
  1626726249 456961906 207377  
  1626726250 456961906 207377  
  1626726251 456961906 207377  
  1626726252 456961906 207377  
  1626726253 456961906 207377  
  1626726254 456961906 207377  
  1626726255 456961906 207377  
  1626726256 456961906 207377  
  1626726257 456961906 207377  
  1626726258 456961998 207377  
  1626726259 456961998 207377  
  1626726260 456961998 207377  
  1626726261 456961998 207377  
  1626726263 456961998 207377  
  1626726264 456962594 207377  
  1626726265 456962594 207377  
  1626726266 456962594 207377  
  1626726267 456962594 207377  
  1626726268 456962594 207377  
  1626726269 456962594 207377  
  1626726270 456962594 207377  
  1626726271 456962594 207377  
  1626726272 456962594 207377  
  1626726273 456962594 207377  
  1626726274 456962594 207377  
  1626726275 456962594 207377  
  1626726276 456962594 207377  
  1626726277 456962594 207377  
  1626726278 456962594 207377  
  1626726279 456962594 207377  
  1626726280 456962594 207377  
  1626726281 456962594 207377  
  1626726282 456962594 207377  
  1626726283 456962594 207377  
  1626726284 456962594 207377  
  1626726285 456962594 207377  
  1626726286 456962594 207377  
  1626726287 456962594 207377  
  1626726288 456962594 207377  
  1626726289 456962594 207377  
  1626726290 456962594 207377  
  1626726291 456962594 207377  
  1626726292 456962594 207377  
  1626726293 456962594 207377  
  1626726294 456962594 207377  
  1626726295 456962594 207377  
  1626726296 456962594 207377  
  1626726297 456962594 207377  
  1626726298 456962594 207377  
  1626726299 456962594 207377  
  1626726300 456962594 207377  
  1626726301 456962594 207377  
  1626726303 456962594 207377  
  1626726304 456966903 207377  
  1626726305 456967227 207377  
  1626726306 456967339 207377  
  1626726307 456968047 207377  
  1626726308 456968047 207377  
  1626726309 456968047 207377  
  1626726310 456968047 207377  
  1626726311 456968047 207377  
  1626726312 456968047 207377  
  1626726313 456968047 207377  
  1626726314 456968047 207377  
  1626726315 456972356 207377  
  1626726316 456972680 207377  
  1626726317 456973388 207377  
  1626726318 456978021 207377  
  1626726319 456978021 207377  
  1626726320 456978593 207377  
  1626726321 456983226 207377  
  1626726322 456983226 207377  
  1626726323 456983934 207377  
  1626726324 456983934 207377  
  1626726325 456983934 207377  
  1626726326 456983934 207377  
  1626726327 456983934 207377  
  1626726328 456983934 207377  
  1626726329 456983934 207377  
  1626726330 456983934 207377  
  1626726331 456983934 207377  
  1626726332 456983934 207377  
  1626726333 456983934 207377  
  1626726334 456983934 207377  
  1626726335 456983934 207377  
  1626726336 456983934 207377  
  1626726337 457229421 207377  
  1626726338 457229421 207377  
  1626726339 457229421 207377  
  1626726340 457229540 207377  
  1626726342 457229540 207377  
  1626726343 457229540 207377  
  1626726344 457229540 207377  
  1626726345 457229540 207377  
  1626726346 457229540 207377  
  1626726347 457229540 207377  
  1626726348 457229540 207377  
  1626726349 457229540 207377  
  1626726350 457229540 207377  
  1626726351 457229540 207377  
  1626726352 457229540 207377  
  1626726353 457229540 207377  
  1626726354 457229540 207377  
  1626726355 457229540 207377  
  1626726356 457229540 207377  
  1626726357 457229540 207377  
  1626726358 457229540 207377  
  1626726359 457229540 207377  
  1626726360 457229540 207377  
  1626726361 457229540 207377  
  1626726362 457229540 207377  
  1626726363 457229540 207377  
  1626726364 457229540 207377  
  1626726365 457229540 207377  
  1626726366 457229540 207377  
  1626726367 457229540 207377  
  1626726368 457229540 207377  
  1626726369 457229540 207377  
  1626726370 457229540 207377  
  1626726371 457229540 207377  
  1626726372 457229540 207377  
  1626726373 457229540 207377  
  1626726374 457229540 207377  
  1626726375 457229540 207377  
  1626726376 457229540 207377  
  1626726377 457229540 207377  
 