 1626783218 460798808 0  
  1626783219 460798808 0  
  1626783220 460798808 0  
  1626783221 460798808 0  
  1626783222 460798808 0  
  1626783223 460798808 0  
  1626783224 460798808 0  
  1626783225 460798808 0  
  1626783226 460798808 0  
  1626783227 460798808 0  
  1626783228 460798808 0  
  1626783229 460798808 0  
  1626783230 460798808 0  
  1626783231 460798808 0  
  1626783232 460798808 0  
  1626783233 460798808 0  
  1626783234 460798808 0  
  1626783235 460798808 0  
  1626783236 460798808 0  
  1626783237 460798808 0  
  1626783238 460798808 0  
  1626783239 460798808 0  
  1626783240 460798808 0  
  1626783241 460798808 0  
  1626783242 460798808 0  
  1626783243 460798808 0  
  1626783244 460798808 0  
  1626783246 460798808 0  
  1626783247 460798808 0  
  1626783248 460798808 0  
  1626783249 460798808 0  
  1626783250 460798808 0  
  1626783251 460798808 0  
  1626783252 460798808 0  
  1626783253 460798808 0  
  1626783254 460798808 0  
  1626783255 460798808 0  
  1626783256 460798808 0  
  1626783257 460798808 0  
  1626783258 460798808 0  
  1626783259 460798808 0  
  1626783260 460798808 0  
  1626783261 460798808 0  
  1626783262 460798808 0  
  1626783263 460798808 0  
  1626783264 460798808 0  
  1626783265 460798808 0  
  1626783266 460798808 0  
  1626783267 460798808 0  
  1626783268 460798808 0  
  1626783269 460798808 0  
  1626783270 460798808 0  
  1626783271 460798808 0  
  1626783272 460798808 0  
  1626783273 460798808 0  
  1626783274 460798808 0  
  1626783275 460798808 0  
  1626783276 460798808 0  
  1626783277 460798808 0  
  1626783278 460798808 0  
  1626783279 460798808 0  
  1626783280 460798808 0  
  1626783281 460798900 0  
  1626783282 460798900 0  
  1626783283 460798900 0  
  1626783285 460798900 0  
  1626783286 460798900 0  
  1626783287 460798900 0  
  1626783288 460798900 0  
  1626783289 460798900 0  
  1626783290 460798900 0  
  1626783291 460798900 0  
  1626783292 460798900 0  
  1626783293 460798900 0  
  1626783294 460798900 0  
  1626783295 460798900 0  
  1626783296 460798900 0  
  1626783297 460798900 0  
  1626783298 460798900 0  
  1626783299 460803209 0  
  1626783300 460803533 0  
  1626783301 460804241 0  
  1626783302 460804241 0  
  1626783303 460804241 0  
  1626783304 460804241 0  
  1626783305 460804241 0  
  1626783306 460804241 0  
  1626783307 460804241 0  
  1626783308 460804241 0  
  1626783309 460804241 0  
  1626783310 460804241 0  
  1626783311 460804241 0  
  1626783312 460808550 0  
  1626783313 460808874 0  
  1626783314 460808874 0  
  1626783315 460809582 0  
  1626783316 460817112 0  
  1626783317 460818848 0  
  1626783318 460820264 0  
  1626783319 460820264 0  
  1626783320 460820264 0  
  1626783321 460820264 0  
  1626783322 460820264 0  
  1626783324 460820264 0  
  1626783325 460820264 0  
  1626783326 460820264 0  
  1626783327 460820264 0  
  1626783328 460820264 0  
  1626783329 460820264 0  
  1626783330 460820264 0  
  1626783331 460820621 0  
  1626783332 460820621 0  
  1626783333 460820621 0  
  1626783334 460820621 0  
  1626783335 460820713 0  
  1626783336 460820713 0  
  1626783337 460820713 0  
  1626783338 460820713 0  
  1626783339 460820713 0  
  1626783340 460820713 0  
  1626783341 460820713 0  
  1626783342 460820713 0  
  1626783343 460820713 0  
  1626783344 460820713 0  
  1626783345 460820713 0  
  1626783346 460820713 0  
  1626783347 460820713 0  
  1626783348 460820713 0  
  1626783349 460820713 0  
  1626783350 460820713 0  
  1626783351 460820713 0  
  1626783352 460820713 0  
  1626783353 460820713 0  
  1626783354 460820713 0  
  1626783355 460820713 0  
  1626783356 460820713 0  
  1626783357 460820713 0  
  1626783358 460820713 0  
  1626783359 460820713 0  
  1626783360 460820713 0  
  1626783361 460820713 0  
  1626783363 460820713 0  
  1626783364 460820713 0  
  1626783365 460820713 0  
  1626783366 460821309 0  
  1626783367 460821309 0  
  1626783368 460821309 0  
  1626783369 460821309 0  
  1626783370 460821309 0  
  1626783371 460821309 0  
  1626783372 460821309 0  
  1626783373 460821309 0  
  1626783374 460821309 0  
  1626783375 460821309 0  
  1626783376 460821309 0  
  1626783377 460821309 0  
  1626783378 460821309 0  
  1626783379 460821309 0  
  1626783380 460821309 0  
  1626783381 460821309 0  
  1626783382 460821309 0  
  1626783383 460821309 0  
  1626783384 460821309 0  
  1626783385 460821309 0  
  1626783386 460821309 0  
  1626783387 460821309 0  
  1626783388 460821309 0  
  1626783389 460821309 0  
  1626783390 460821309 0  
  1626783391 460821309 0  
  1626783392 460821309 0  
  1626783393 460821309 0  
  1626783394 460821309 0  
  1626783395 460821309 0  
  1626783396 460821309 0  
  1626783397 460821309 0  
  1626783398 460821309 0  
  1626783399 460821309 0  
  1626783401 460821309 0  
  1626783402 460821309 0  
  1626783403 460821309 0  
  1626783404 460821309 0  
  1626783405 460821309 0  
  1626783406 460821309 0  
  1626783407 460821309 0  
  1626783408 460821309 0  
  1626783409 460821309 0  
  1626783410 460821401 0  
  1626783411 460821401 0  
  1626783412 460821401 0  
  1626783413 460821401 0  
  1626783414 460821401 0  
  1626783415 460821401 0  
  1626783416 460821401 0  
  1626783417 460821401 0  
  1626783418 460821401 0  
  1626783419 460821401 0  
  1626783420 460821401 0  
  1626783421 460821401 0  
  1626783422 460821401 0  
  1626783423 460821401 0  
  1626783424 460821401 0  
  1626783425 460821401 0  
  1626783426 460821401 0  
  1626783427 460821401 0  
  1626783428 460821401 0  
  1626783429 460821401 0  
  1626783430 460821401 0  
  1626783431 460821401 0  
  1626783432 460821401 0  
  1626783433 460821401 0  
  1626783434 460821401 0  
  1626783435 460821401 0  
  1626783436 460821401 0  
  1626783437 460821401 0  
  1626783438 460821401 0  
  1626783440 460821401 0  
  1626783441 460821401 0  
  1626783442 460821401 0  
  1626783443 460821401 0  
  1626783444 460821401 0  
  1626783445 460821401 0  
  1626783446 460821401 0  
  1626783447 460821401 0  
  1626783448 460821401 0  
  1626783449 460821401 0  
  1626783450 460821401 0  
  1626783451 460821401 0  
  1626783452 460821401 0  
  1626783453 460821401 0  
  1626783454 460821401 0  
  1626783455 460821401 0  
  1626783456 460821401 0  
  1626783457 460821401 0  
  1626783458 460821401 0  
  1626783459 460821401 0  
  1626783460 460821401 0  
  1626783461 460825710 0  
  1626783462 460826034 0  
  1626783463 460826034 0  
  1626783464 460826742 0  
  1626783465 460826834 0  
  1626783466 460826834 0  
  1626783467 460826834 0  
  1626783468 460826834 0  
  1626783469 460826834 0  
  1626783470 460826834 0  
  1626783471 460826834 0  
  1626783472 460826834 0  
  1626783473 460826834 0  
  1626783474 460826834 0  
  1626783475 460826834 0  
  1626783476 460826834 0  
  1626783478 460826834 0  
  1626783479 460826834 0  
  1626783480 460826834 0  
  1626783481 460826834 0  
  1626783482 460826834 0  
  1626783483 460826834 0  
  1626783484 460826834 0  
  1626783485 460826834 0  
  1626783486 460826834 0  
  1626783487 460826834 0  
  1626783488 460826834 0  
  1626783489 460826834 0  
  1626783490 460826834 0  
  1626783491 460826834 0  
  1626783492 460826834 0  
  1626783493 460826834 0  
  1626783494 460826834 0  
  1626783495 460826834 0  
  1626783496 460826834 0  
  1626783497 460826834 0  
  1626783498 460826834 0  
  1626783499 460826834 0  
  1626783500 460826834 0  
  1626783501 460826834 0  
  1626783502 460826834 0  
  1626783503 460826834 0  
  1626783504 460826834 0  
  1626783505 460826834 0  
  1626783506 460826834 0  
  1626783507 460826834 0  
  1626783508 460826834 0  
  1626783509 460826834 0  
  1626783510 460826834 0  
  1626783511 460826834 0  
  1626783512 460826834 0  
  1626783513 460826834 0  
  1626783514 460826834 0  
  1626783515 460826834 0  
  1626783517 460826834 0  
  1626783518 460826834 0  
  1626783519 460826834 0  
  1626783520 460826834 0  
  1626783521 460826834 0  
  1626783522 460826834 0  
  1626783523 460826834 0  
  1626783524 460826834 0  
  1626783525 460826834 0  
  1626783526 460826834 0  
  1626783527 460826834 0  
  1626783528 460826834 0  
  1626783529 460826834 0  
  1626783530 460826834 0  
  1626783531 460826834 0  
  1626783532 460826834 0  
  1626783533 460826834 0  
  1626783534 460826834 0  
  1626783535 460826834 0  
  1626783536 460826834 0  
  1626783537 460826834 0  
  1626783538 460826834 0  
  1626783539 460826926 0  
  1626783540 460826926 0  
 