 1626884874 477328590 0  
  1626884875 477328590 0  
  1626884876 477328590 0  
  1626884877 477328590 0  
  1626884878 477332899 0  
  1626884880 477333223 0  
  1626884881 477333315 0  
  1626884882 477334023 0  
  1626884883 477334023 0  
  1626884884 477334023 0  
  1626884885 477334023 0  
  1626884886 477334023 0  
  1626884887 477334023 0  
  1626884888 477334023 0  
  1626884889 477334023 0  
  1626884890 477334023 0  
  1626884891 477334023 0  
  1626884892 477334023 0  
  1626884893 477334023 0  
  1626884894 477334023 0  
  1626884895 477334023 0  
  1626884896 477334023 0  
  1626884897 477334023 0  
  1626884898 477334023 0  
  1626884899 477334023 0  
  1626884900 477334023 0  
  1626884901 477334023 0  
  1626884902 477334023 0  
  1626884903 477334023 0  
  1626884904 477334023 0  
  1626884905 477334023 0  
  1626884906 477334023 0  
  1626884907 477334023 0  
  1626884908 477334023 0  
  1626884909 477334023 0  
  1626884910 477334023 0  
  1626884911 477334023 0  
  1626884912 477334023 0  
  1626884913 477334023 0  
  1626884914 477334023 0  
  1626884915 477334023 0  
  1626884916 477334023 0  
  1626884917 477334023 0  
  1626884919 477334023 0  
  1626884920 477334023 0  
  1626884921 477334023 0  
  1626884922 477334023 0  
  1626884923 477334023 0  
  1626884924 477334023 0  
  1626884925 477334023 0  
  1626884926 477334023 0  
  1626884927 477334023 0  
  1626884928 477334023 0  
  1626884929 477334023 0  
  1626884930 477334023 0  
  1626884931 477334023 0  
  1626884932 477334023 0  
  1626884933 477334023 0  
  1626884934 477334023 0  
  1626884935 477334023 0  
  1626884936 477334023 0  
  1626884937 477334023 0  
  1626884938 477334023 0  
  1626884939 477334023 0  
  1626884940 477334023 0  
  1626884941 477334023 0  
  1626884942 477334023 0  
  1626884943 477334023 0  
  1626884944 477334023 0  
  1626884945 477334023 0  
  1626884946 477334023 0  
  1626884947 477334023 0  
  1626884948 477334023 0  
  1626884949 477334023 0  
  1626884950 477334023 0  
  1626884951 477334023 0  
  1626884952 477334023 0  
  1626884953 477334023 0  
  1626884954 477334023 0  
  1626884955 477334023 0  
  1626884956 477334023 0  
  1626884957 477334023 0  
  1626884958 477334023 0  
  1626884960 477334023 0  
  1626884961 477334023 0  
  1626884962 477334023 0  
  1626884963 477334023 0  
  1626884964 477334023 0  
  1626884965 477334023 0  
  1626884966 477334023 0  
  1626884967 477334023 0  
  1626884968 477334023 0  
  1626884969 477334023 0  
  1626884970 477334023 0  
  1626884971 477334023 0  
  1626884972 477334023 0  
  1626884973 477334023 0  
  1626884974 477334023 0  
  1626884975 477334023 0  
  1626884976 477334023 0  
  1626884977 477334023 0  
  1626884978 477334023 0  
  1626884979 477334023 0  
  1626884980 477334023 0  
  1626884981 477334023 0  
  1626884982 477334023 0  
  1626884983 477334023 0  
  1626884984 477334023 0  
  1626884985 477334023 0  
  1626884986 477334023 0  
  1626884987 477334023 0  
  1626884988 477334023 0  
  1626884989 477334023 0  
  1626884990 477334115 0  
  1626884991 477334115 0  
  1626884992 477334115 0  
  1626884993 477334115 0  
  1626884994 477334115 0  
  1626884995 477334115 0  
  1626884996 477334115 0  
  1626884997 477334115 0  
  1626884999 477334115 0  
  1626885000 477334115 0  
  1626885001 477334115 0  
  1626885002 477334115 0  
  1626885003 477334115 0  
  1626885004 477334115 0  
  1626885005 477334115 0  
  1626885006 477334115 0  
  1626885007 477334115 0  
  1626885008 477334115 0  
  1626885009 477334115 0  
  1626885010 477334207 0  
  1626885011 477334207 0  
  1626885012 477334207 0  
  1626885013 477334207 0  
  1626885014 477334207 0  
  1626885015 477334207 0  
  1626885016 477334207 0  
  1626885017 477334207 0  
  1626885018 477334207 0  
  1626885019 477334207 0  
  1626885020 477334207 0  
  1626885021 477334207 0  
  1626885022 477334207 0  
  1626885023 477334207 0  
  1626885024 477334207 0  
  1626885025 477334207 0  
  1626885026 477334207 0  
  1626885027 477334207 0  
  1626885028 477334207 0  
  1626885029 477334207 0  
  1626885030 477334207 0  
  1626885031 477334207 0  
  1626885032 477334207 0  
  1626885033 477334207 0  
  1626885034 477334207 0  
  1626885035 477334207 0  
  1626885036 477334207 0  
  1626885037 477334207 0  
  1626885039 477334207 0  
  1626885040 477334207 0  
  1626885041 477334207 0  
  1626885042 477334207 0  
  1626885043 477334564 0  
  1626885044 477334564 0  
  1626885045 477334564 0  
  1626885046 477334564 0  
  1626885047 477334564 0  
  1626885048 477338873 0  
  1626885049 477339197 0  
  1626885050 477339197 0  
  1626885051 477344538 0  
  1626885052 477344538 0  
  1626885053 477345246 0  
  1626885054 477345246 0  
  1626885055 477345246 0  
  1626885056 477354512 0  
  1626885057 477355152 0  
  1626885058 477355860 0  
  1626885059 477355860 0  
  1626885060 477355860 0  
  1626885061 477355860 0  
  1626885062 477355860 0  
  1626885063 477355860 0  
  1626885064 477357737 0  
  1626885065 477360577 0  
  1626885066 477360645 0  
  1626885067 477361081 0  
  1626885068 477361739 0  
  1626885069 477361739 0  
  1626885070 477361739 0  
  1626885071 477361739 0  
  1626885072 477361739 0  
  1626885073 477361739 0  
  1626885074 477361739 0  
  1626885075 477361739 0  
  1626885076 477361739 0  
  1626885078 477361739 0  
  1626885079 477361739 0  
  1626885080 477361739 0  
  1626885081 477361739 0  
  1626885082 477361739 0  
  1626885083 477361739 0  
  1626885084 477361739 0  
  1626885085 477361739 0  
  1626885086 477361739 0  
  1626885087 477361739 0  
  1626885088 477361739 0  
  1626885089 477361739 0  
  1626885090 477361739 0  
  1626885091 477361739 0  
  1626885092 477361739 0  
  1626885093 477361739 0  
  1626885094 477361739 0  
  1626885095 477361739 0  
  1626885096 477361739 0  
  1626885097 477361739 0  
  1626885098 477361739 0  
  1626885099 477361739 0  
  1626885100 477361739 0  
  1626885101 477361739 0  
  1626885102 477361739 0  
  1626885103 477361739 0  
  1626885104 477361739 0  
  1626885105 477361739 0  
  1626885106 477361739 0  
  1626885107 477361739 0  
  1626885108 477361739 0  
  1626885109 477361739 0  
  1626885110 477361739 0  
  1626885111 477361739 0  
  1626885112 477361739 0  
  1626885113 477361739 0  
  1626885114 477361739 0  
  1626885115 477361739 0  
  1626885116 477361739 0  
  1626885118 477361739 0  
  1626885119 477361739 0  
  1626885120 477361739 0  
  1626885121 477361831 0  
  1626885122 477361831 0  
  1626885123 477361831 0  
  1626885124 477361831 0  
  1626885125 477361831 0  
  1626885126 477361831 0  
  1626885127 477361831 0  
  1626885128 477361831 0  
  1626885129 477361831 0  
  1626885130 477361831 0  
  1626885131 477361831 0  
  1626885132 477361831 0  
  1626885133 477361831 0  
  1626885134 477361831 0  
  1626885135 477361831 0  
  1626885136 477361831 0  
  1626885137 477361831 0  
  1626885138 477361831 0  
  1626885139 477361831 0  
  1626885140 477361923 0  
  1626885141 477361923 0  
  1626885142 477361923 0  
  1626885143 477361923 0  
  1626885144 477361923 0  
  1626885145 477361923 0  
  1626885146 477361923 0  
  1626885147 477361923 0  
  1626885148 477361923 0  
  1626885149 477361923 0  
  1626885150 477361923 0  
  1626885151 477361923 0  
  1626885152 477361923 0  
  1626885153 477361923 0  
  1626885154 477361923 0  
  1626885155 477361923 0  
  1626885156 477361923 0  
  1626885158 477361923 0  
  1626885159 477361923 0  
  1626885160 477361923 0  
  1626885161 477361923 0  
  1626885162 477361923 0  
  1626885163 477361923 0  
  1626885164 477361923 0  
  1626885165 477361923 0  
  1626885166 477361923 0  
  1626885167 477361923 0  
  1626885168 477361923 0  
  1626885169 477361923 0  
  1626885170 477361923 0  
  1626885171 477361923 0  
  1626885172 477361923 0  
  1626885173 477361923 0  
  1626885174 477361923 0  
  1626885175 477361923 0  
  1626885176 477361923 0  
  1626885177 477361923 0  
  1626885178 477366232 0  
  1626885179 477366556 0  
  1626885180 477366624 0  
  1626885181 477367264 0  
  1626885182 477367264 0  
  1626885183 477367264 0  
  1626885184 477367264 0  
  1626885185 477367264 0  
  1626885186 477367264 0  
  1626885187 477367264 0  
  1626885188 477367264 0  
  1626885189 477367264 0  
  1626885190 477367264 0  
  1626885191 477367264 0  
  1626885192 477367264 0  
  1626885193 477367264 0  
  1626885194 477367264 0  
  1626885195 477367264 0  
  1626885197 477367264 0  
  1626885198 477367264 0  
  1626885199 477367264 0  
  1626885200 477367264 0  
  1626885201 477367264 0  
  1626885202 477367264 0  
  1626885203 477367264 0  
  1626885204 477367264 0  
  1626885205 477367264 0  
  1626885206 477367264 0  
  1626885207 477367264 0  
  1626885208 477367264 0  
  1626885209 477367264 0  
  1626885210 477367264 0  
  1626885211 477367264 0  
  1626885212 477367264 0  
  1626885213 477367264 0  
  1626885214 477367264 0  
  1626885215 477367264 0  
  1626885216 477367264 0  
  1626885217 477367264 0  
 