 1626888833 477675156 0  
  1626888835 477675156 0  
  1626888836 477675156 0  
  1626888837 477675156 0  
  1626888838 477675156 0  
  1626888839 477675156 0  
  1626888840 477675156 0  
  1626888841 477675156 0  
  1626888842 477675156 0  
  1626888843 477675156 0  
  1626888844 477675156 0  
  1626888845 477675156 0  
  1626888846 477675156 0  
  1626888847 477675156 0  
  1626888848 477675156 0  
  1626888849 477675156 0  
  1626888850 477675156 0  
  1626888851 477675156 0  
  1626888852 477675156 0  
  1626888853 477675156 0  
  1626888854 477675156 0  
  1626888855 477675156 0  
  1626888856 477675156 0  
  1626888857 477675156 0  
  1626888858 477675156 0  
  1626888859 477675156 0  
  1626888860 477675156 0  
  1626888861 477675156 0  
  1626888862 477675156 0  
  1626888863 477675494 0  
  1626888864 477675494 0  
  1626888865 477675494 0  
  1626888866 477675494 0  
  1626888867 477675494 0  
  1626888868 477675494 0  
  1626888869 477675494 0  
  1626888870 477675494 0  
  1626888872 477675494 0  
  1626888873 477675494 0  
  1626888874 477675494 0  
  1626888875 477675494 0  
  1626888876 477675494 0  
  1626888877 477675494 0  
  1626888878 477675494 0  
  1626888879 477675494 0  
  1626888880 477675494 0  
  1626888881 477675494 0  
  1626888882 477675494 0  
  1626888883 477675494 0  
  1626888884 477675494 0  
  1626888885 477675494 0  
  1626888886 477675494 0  
  1626888887 477675494 0  
  1626888888 477675494 0  
  1626888889 477675494 0  
  1626888890 477675494 0  
  1626888891 477675494 0  
  1626888892 477675494 0  
  1626888893 477675494 0  
  1626888894 477675494 0  
  1626888895 477675494 0  
  1626888896 477675494 0  
  1626888897 477675494 0  
  1626888898 477675494 0  
  1626888899 477675494 0  
  1626888900 477675494 0  
  1626888901 477675494 0  
  1626888902 477675494 0  
  1626888903 477675494 0  
  1626888904 477675494 0  
  1626888905 477675494 0  
  1626888906 477675494 0  
  1626888907 477675494 0  
  1626888908 477675494 0  
  1626888909 477675494 0  
  1626888910 477675494 0  
  1626888912 477675494 0  
  1626888913 477675494 0  
  1626888914 477675494 0  
  1626888915 477675494 0  
  1626888916 477675494 0  
  1626888917 477675494 0  
  1626888918 477675494 0  
  1626888919 477675494 0  
  1626888920 477675494 0  
  1626888921 477675494 0  
  1626888922 477675494 0  
  1626888923 477675494 0  
  1626888924 477675494 0  
  1626888925 477675494 0  
  1626888926 477675494 0  
  1626888927 477675494 0  
  1626888928 477675494 0  
  1626888929 477675494 0  
  1626888930 477675494 0  
  1626888931 477675494 0  
  1626888932 477675494 0  
  1626888933 477675494 0  
  1626888934 477675494 0  
  1626888935 477675494 0  
  1626888936 477675494 0  
  1626888937 477675494 0  
  1626888938 477675494 0  
  1626888939 477675494 0  
  1626888940 477675494 0  
  1626888941 477675494 0  
  1626888942 477675494 0  
  1626888943 477675851 0  
  1626888944 477675851 0  
  1626888945 477675851 0  
  1626888946 477675851 0  
  1626888947 477675851 0  
  1626888948 477675851 0  
  1626888949 477680160 0  
  1626888950 477685117 0  
  1626888952 477685117 0  
  1626888953 477686533 0  
  1626888954 477686533 0  
  1626888955 477686677 0  
  1626888956 477695475 0  
  1626888957 477696507 0  
  1626888958 477697215 0  
  1626888959 477697215 0  
  1626888960 477697215 0  
  1626888961 477697307 0  
  1626888962 477697307 0  
  1626888963 477697307 0  
  1626888964 477697307 0  
  1626888965 477697307 0  
  1626888966 477697307 0  
  1626888967 477697307 0  
  1626888968 477697307 0  
  1626888969 477697965 0  
  1626888970 477697965 0  
  1626888971 477697965 0  
  1626888972 477697965 0  
  1626888973 477697965 0  
  1626888974 477697965 0  
  1626888975 477697965 0  
  1626888976 477697965 0  
  1626888977 477697965 0  
  1626888978 477697965 0  
  1626888979 477697965 0  
  1626888980 477697965 0  
  1626888981 477697965 0  
  1626888982 477697965 0  
  1626888983 477697965 0  
  1626888984 477697965 0  
  1626888985 477698021 0  
  1626888986 477698021 0  
  1626888987 477698021 0  
  1626888988 477698021 0  
  1626888989 477698021 0  
  1626888990 477698021 0  
  1626888992 477698021 0  
  1626888993 477698021 0  
  1626888994 477698021 0  
  1626888995 477698021 0  
  1626888996 477698021 0  
  1626888997 477698021 0  
  1626888998 477698021 0  
  1626888999 477698021 0  
  1626889000 477698021 0  
  1626889001 477698021 0  
  1626889002 477698021 0  
  1626889003 477698021 0  
  1626889004 477698021 0  
  1626889005 477698021 0  
  1626889006 477698021 0  
  1626889007 477698021 0  
  1626889008 477698021 0  
  1626889009 477698021 0  
  1626889010 477698021 0  
  1626889011 477698021 0  
  1626889012 477698021 0  
  1626889013 477698359 0  
  1626889014 477698359 0  
  1626889015 477698359 0  
  1626889016 477698359 0  
  1626889017 477698359 0  
  1626889018 477698359 0  
  1626889019 477698359 0  
  1626889020 477698359 0  
  1626889021 477698359 0  
  1626889022 477698359 0  
  1626889023 477698359 0  
  1626889024 477698359 0  
  1626889025 477698359 0  
  1626889026 477698359 0  
  1626889027 477698359 0  
  1626889028 477698359 0  
  1626889029 477698359 0  
  1626889031 477698359 0  
  1626889032 477698359 0  
  1626889033 477698359 0  
  1626889034 477698359 0  
  1626889035 477698359 0  
  1626889036 477698359 0  
  1626889037 477698359 0  
  1626889038 477698359 0  
  1626889039 477698359 0  
  1626889040 477698359 0  
  1626889041 477698359 0  
  1626889042 477698359 0  
  1626889043 477698359 0  
  1626889044 477698359 0  
  1626889045 477698359 0  
  1626889046 477698359 0  
  1626889047 477698359 0  
  1626889048 477698359 0  
  1626889049 477698359 0  
  1626889050 477698359 0  
  1626889051 477698359 0  
  1626889052 477698359 0  
  1626889053 477698359 0  
  1626889054 477698359 0  
  1626889055 477698359 0  
  1626889056 477698359 0  
  1626889057 477698359 0  
  1626889058 477698359 0  
  1626889059 477698359 0  
  1626889060 477698359 0  
  1626889061 477698359 0  
  1626889062 477698359 0  
  1626889063 477698359 0  
  1626889064 477698359 0  
  1626889065 477698359 0  
  1626889066 477698359 0  
  1626889067 477698359 0  
  1626889068 477698359 0  
  1626889069 477698359 0  
  1626889071 477698359 0  
  1626889072 477698359 0  
  1626889073 477698359 0  
  1626889074 477698359 0  
  1626889075 477698359 0  
  1626889076 477698359 0  
  1626889077 477698359 0  
  1626889078 477702668 0  
  1626889079 477702992 0  
  1626889080 477703700 0  
  1626889081 477703700 0  
  1626889082 477703700 0  
  1626889083 477703700 0  
  1626889084 477703700 0  
  1626889085 477703700 0  
  1626889086 477703700 0  
  1626889087 477703700 0  
  1626889088 477703700 0  
  1626889089 477703700 0  
  1626889090 477703792 0  
  1626889091 477703792 0  
  1626889092 477703792 0  
  1626889093 477703792 0  
  1626889094 477703792 0  
  1626889095 477703792 0  
  1626889096 477703792 0  
  1626889097 477703792 0  
  1626889098 477703792 0  
  1626889099 477703792 0  
  1626889100 477703792 0  
  1626889101 477703792 0  
  1626889102 477703792 0  
  1626889103 477703792 0  
  1626889104 477703792 0  
  1626889105 477703792 0  
  1626889106 477703792 0  
  1626889107 477703792 0  
  1626889108 477703792 0  
  1626889110 477703792 0  
  1626889111 477703792 0  
  1626889112 477703792 0  
  1626889113 477703792 0  
  1626889114 477703792 0  
  1626889115 477703792 0  
  1626889116 477703792 0  
  1626889117 477703792 0  
  1626889118 477703792 0  
  1626889119 477703792 0  
  1626889120 477703792 0  
  1626889121 477703792 0  
  1626889122 477703792 0  
  1626889123 477703792 0  
  1626889124 477703792 0  
  1626889125 477703792 0  
  1626889126 477703792 0  
  1626889127 477703792 0  
  1626889128 477703792 0  
  1626889129 477703792 0  
  1626889130 477703792 0  
  1626889131 477703792 0  
  1626889132 477703792 0  
  1626889133 477703792 0  
  1626889134 477703792 0  
  1626889135 477703792 0  
  1626889136 477703792 0  
  1626889137 477703792 0  
  1626889138 477703792 0  
  1626889139 477703792 0  
  1626889140 477703792 0  
  1626889141 477703792 0  
  1626889142 477703792 0  
  1626889143 477703792 0  
  1626889144 477703792 0  
  1626889145 477703792 0  
  1626889146 477703792 0  
  1626889147 477703792 0  
  1626889148 477703792 0  
  1626889150 477703792 0  
  1626889151 477703792 0  
  1626889152 477703792 0  
  1626889153 477703792 0  
  1626889154 477703792 0  
  1626889155 477703792 0  
  1626889156 477703792 0  
  1626889157 477703792 0  
  1626889158 477703792 0  
  1626889159 477703792 0  
  1626889160 477703792 0  
  1626889161 477703792 0  
  1626889162 477703792 0  
  1626889163 477703792 0  
  1626889164 477703792 0  
  1626889165 477703792 0  
  1626889166 477703792 0  
  1626889167 477703792 0  
  1626889168 477703792 0  
  1626889169 477704450 0  
  1626889170 477704450 0  
  1626889171 477704450 0  
  1626889172 477704450 0  
  1626889173 477704450 0  
  1626889174 477704450 0  
  1626889175 477704450 0  
  1626889176 477704450 0  
  1626889177 477704450 0  
  1626889178 477704450 0  
  1626889179 477704450 0  
  1626889180 477704450 0  
  1626889181 477704450 0  
  1626889182 477704450 0  
  1626889183 477704450 0  
  1626889184 477704450 0  
  1626889185 477704450 0  
  1626889186 477704450 0  
  1626889187 477704450 0  
  1626889189 477704450 0  
  1626889190 477704450 0  
  1626889191 477704450 0  
  1626889192 477704450 0  
  1626889193 477704450 0  
  1626889194 477704450 0  
  1626889195 477704450 0  
  1626889196 477704450 0  
  1626889197 477704450 0  
  1626889198 477704450 0  
  1626889199 477704450 0  
  1626889200 477704450 0  
  1626889201 477704450 0  
  1626889202 477704450 0  
  1626889203 477704450 0  
  1626889204 477704450 0  
  1626889205 477704450 0  
  1626889206 477704450 0  
  1626889207 477704450 0  
  1626889208 477704450 0  
  1626889209 477704450 0  
  1626889210 477704450 0  
  1626889211 477704450 0  
  1626889212 477704450 0  
  1626889213 477704450 0  
  1626889214 477704450 0  
  1626889215 477704450 0  
  1626889216 477704450 0  
  1626889217 477704450 0  
  1626889218 477704450 0  
 