 1627028745 500248428 0  
  1627028746 500248428 0  
  1627028747 500248428 0  
  1627028748 500248428 0  
  1627028749 500248572 0  
  1627028750 500257694 0  
  1627028751 500257694 0  
  1627028752 500257694 0  
  1627028753 500259110 0  
  1627028754 500259110 0  
  1627028755 500263743 0  
  1627028756 500263743 0  
  1627028757 500269084 0  
  1627028758 500269084 0  
  1627028759 500269792 0  
  1627028760 500269792 0  
  1627028761 500269792 0  
  1627028762 500269792 0  
  1627028763 500269792 0  
  1627028764 500269792 0  
  1627028765 500269792 0  
  1627028767 500269792 0  
  1627028768 500269792 0  
  1627028769 500269792 0  
  1627028770 500269792 0  
  1627028771 500269792 0  
  1627028772 500269792 0  
  1627028773 500269792 0  
  1627028774 500269792 0  
  1627028775 500269792 0  
  1627028776 500269792 0  
  1627028777 500269792 0  
  1627028778 500269792 0  
  1627028779 500269792 0  
  1627028780 500269792 0  
  1627028781 500269792 0  
  1627028782 500269792 0  
  1627028783 500269792 0  
  1627028784 500269792 0  
  1627028785 500269792 0  
  1627028786 500269792 0  
  1627028787 500269792 0  
  1627028788 500269792 0  
  1627028789 500269792 0  
  1627028790 500269792 0  
  1627028791 500269792 0  
  1627028792 500269792 0  
  1627028793 500269792 0  
  1627028794 500269792 0  
  1627028795 500269792 0  
  1627028796 500269792 0  
  1627028797 500269792 0  
  1627028798 500269792 0  
  1627028799 500269792 0  
  1627028800 500269792 0  
  1627028801 500269792 0  
  1627028802 500269792 0  
  1627028803 500269792 0  
  1627028804 500269792 0  
  1627028805 500269792 0  
  1627028807 500269792 0  
  1627028808 500269792 0  
  1627028809 500269792 0  
  1627028810 500269792 0  
  1627028811 500269792 0  
  1627028812 500269792 0  
  1627028813 500269792 0  
  1627028814 500269792 0  
  1627028815 500269792 0  
  1627028816 500269792 0  
  1627028817 500269792 0  
  1627028818 500269792 0  
  1627028819 500269792 0  
  1627028820 500269792 0  
  1627028821 500269792 0  
  1627028822 500269792 0  
  1627028823 500269792 0  
  1627028824 500269792 0  
  1627028825 500269792 0  
  1627028826 500269792 0  
  1627028827 500269792 0  
  1627028828 500269792 0  
  1627028829 500269792 0  
  1627028830 500269792 0  
  1627028831 500269792 0  
  1627028832 500269792 0  
  1627028833 500269792 0  
  1627028834 500269792 0  
  1627028835 500269792 0  
  1627028836 500269792 0  
  1627028837 500269792 0  
  1627028838 500269792 0  
  1627028839 500269792 0  
  1627028840 500269792 0  
  1627028841 500269792 0  
  1627028842 500269792 0  
  1627028843 500269792 0  
  1627028844 500269792 0  
  1627028846 500269792 0  
  1627028847 500269792 0  
  1627028848 500269792 0  
  1627028849 500269792 0  
  1627028850 500269792 0  
  1627028851 500269792 0  
  1627028852 500269792 0  
  1627028853 500269792 0  
  1627028854 500269792 0  
  1627028855 500269860 0  
  1627028856 500269860 0  
  1627028857 500269860 0  
  1627028858 500269860 0  
  1627028859 500269860 0  
  1627028860 500269860 0  
  1627028861 500271016 0  
  1627028862 500271016 0  
  1627028863 500271016 0  
  1627028864 500271016 0  
  1627028865 500271016 0  
  1627028866 500271016 0  
  1627028867 500271016 0  
  1627028868 500271016 0  
  1627028869 500271016 0  
  1627028870 500271016 0  
  1627028871 500272611 0  
  1627028872 500272611 0  
  1627028873 500272611 0  
  1627028874 500272611 0  
  1627028875 500272611 0  
  1627028876 500272611 0  
  1627028877 500272611 0  
  1627028878 500272611 0  
  1627028879 500272611 0  
  1627028880 500272611 0  
  1627028881 500272611 0  
  1627028882 500272611 0  
  1627028883 500272611 0  
  1627028885 500272611 0  
  1627028886 500272611 0  
  1627028887 500272611 0  
  1627028888 500272611 0  
  1627028889 500272611 0  
  1627028890 500272611 0  
  1627028891 500272611 0  
  1627028892 500272611 0  
  1627028893 500272611 0  
  1627028894 500272611 0  
  1627028895 500272611 0  
  1627028896 500272611 0  
  1627028897 500272611 0  
  1627028898 500272611 0  
  1627028899 500272611 0  
  1627028900 500272611 0  
  1627028901 500272611 0  
  1627028902 500272611 0  
  1627028903 500272611 0  
  1627028904 500272611 0  
  1627028905 500272611 0  
  1627028906 500272611 0  
  1627028907 500272611 0  
  1627028908 500272611 0  
  1627028909 500272611 0  
  1627028910 500272611 0  
  1627028911 500272611 0  
  1627028912 500272611 0  
  1627028913 500272611 0  
  1627028914 500272611 0  
  1627028915 500272611 0  
  1627028916 500272611 0  
  1627028917 500272611 0  
  1627028918 500272611 0  
  1627028919 500272611 0  
  1627028920 500272611 0  
  1627028921 500272611 0  
  1627028922 500272611 0  
  1627028924 500272611 0  
  1627028925 500272611 0  
  1627028926 500272611 0  
  1627028927 500272611 0  
  1627028928 500272611 0  
  1627028929 500272611 0  
  1627028930 500272611 0  
  1627028931 500272611 0  
  1627028932 500272611 0  
  1627028933 500272611 0  
  1627028934 500272611 0  
  1627028935 500272611 0  
  1627028936 500272611 0  
  1627028937 500272611 0  
  1627028938 500272611 0  
  1627028939 500272611 0  
  1627028940 500275508 0  
  1627028941 500277244 0  
  1627028942 500277244 0  
  1627028943 500277952 0  
  1627028944 500277952 0  
  1627028945 500277952 0  
  1627028946 500277952 0  
  1627028947 500277952 0  
  1627028948 500277952 0  
  1627028949 500277952 0  
  1627028950 500277952 0  
  1627028951 500277952 0  
  1627028952 500277952 0  
  1627028953 500277952 0  
  1627028954 500277952 0  
  1627028955 500278136 0  
  1627028956 500278136 0  
  1627028957 500278136 0  
  1627028958 500278136 0  
  1627028959 500278136 0  
  1627028960 500278136 0  
  1627028961 500278136 0  
  1627028963 500278136 0  
  1627028964 500278136 0  
  1627028965 500278136 0  
  1627028966 500278136 0  
  1627028967 500278136 0  
  1627028968 500278136 0  
  1627028969 500278136 0  
  1627028970 500278136 0  
  1627028971 500278136 0  
  1627028972 500278136 0  
  1627028973 500278136 0  
  1627028974 500278136 0  
  1627028975 500278136 0  
  1627028976 500278136 0  
  1627028977 500278136 0  
  1627028978 500278136 0  
  1627028979 500278136 0  
  1627028980 500278136 0  
  1627028981 500278136 0  
  1627028982 500278136 0  
  1627028983 500278136 0  
  1627028984 500278136 0  
  1627028985 500278136 0  
  1627028986 500278136 0  
  1627028987 500278136 0  
  1627028988 500278136 0  
  1627028989 500278136 0  
  1627028990 500278136 0  
  1627028991 500278136 0  
  1627028992 500278136 0  
  1627028993 500278136 0  
  1627028994 500278136 0  
  1627028995 500278136 0  
  1627028996 500278136 0  
  1627028997 500278136 0  
  1627028998 500278136 0  
  1627028999 500278136 0  
  1627029000 500278136 0  
  1627029002 500278136 0  
  1627029003 500278136 0  
  1627029004 500278136 0  
  1627029005 500278136 0  
  1627029006 500278136 0  
  1627029007 500278136 0  
  1627029008 500278136 0  
  1627029009 500278136 0  
  1627029010 500278136 0  
  1627029011 500278136 0  
  1627029012 500278136 0  
  1627029013 500278136 0  
  1627029014 500278136 0  
  1627029015 500278136 0  
  1627029016 500278136 0  
  1627029017 500278136 0  
  1627029018 500278136 0  
  1627029019 500278136 0  
  1627029020 500278136 0  
  1627029021 500278136 0  
  1627029022 500278136 0  
  1627029023 500278136 0  
  1627029024 500278136 0  
  1627029025 500278136 0  
  1627029026 500278136 0  
  1627029027 500278136 0  
  1627029028 500278136 0  
  1627029029 500278136 0  
  1627029030 500278136 0  
  1627029031 500278136 0  
  1627029032 500278136 0  
  1627029033 500278136 0  
  1627029034 500278136 0  
  1627029035 500278136 0  
  1627029036 500278136 0  
  1627029037 500278136 0  
  1627029038 500278136 0  
  1627029039 500278136 0  
  1627029041 500278136 0  
  1627029042 500278136 0  
  1627029043 500278136 0  
  1627029044 500278493 0  
  1627029045 500278493 0  
  1627029046 500278493 0  
  1627029047 500278493 0  
  1627029048 500282802 0  
  1627029049 500283126 0  
  1627029050 500288467 0  
  1627029051 500288467 0  
  1627029052 500289175 0  
  1627029053 500289175 0  
  1627029054 500289175 0  
  1627029055 500293808 0  
  1627029056 500293808 0  
  1627029057 500299081 0  
  1627029058 500299149 0  
  1627029059 500299721 0  
  1627029060 500299721 0  
  1627029061 500299721 0  
  1627029062 500299721 0  
  1627029063 500299721 0  
  1627029064 500299721 0  
  1627029065 500304166 0  
  1627029066 500304574 0  
  1627029067 500305078 0  
 