 1626784244 461548735 0  
  1626784246 461548735 0  
  1626784247 461548735 0  
  1626784248 461548735 0  
  1626784249 461548735 0  
  1626784250 461548735 0  
  1626784251 461548735 0  
  1626784252 461548735 0  
  1626784253 461548827 0  
  1626784254 461548827 0  
  1626784255 461548827 0  
  1626784256 461548827 0  
  1626784257 461548827 0  
  1626784258 461548827 0  
  1626784259 461548827 0  
  1626784260 461548827 0  
  1626784261 461548827 0  
  1626784262 461548827 0  
  1626784263 461548827 0  
  1626784264 461548827 0  
  1626784265 461553136 0  
  1626784266 461553544 0  
  1626784267 461553544 0  
  1626784268 461554048 0  
  1626784269 461554140 0  
  1626784270 461554140 0  
  1626784271 461554140 0  
  1626784272 461554140 0  
  1626784273 461554140 0  
  1626784274 461554140 0  
  1626784275 461554140 0  
  1626784276 461554140 0  
  1626784277 461554140 0  
  1626784278 461554140 0  
  1626784279 461554140 0  
  1626784280 461554140 0  
  1626784281 461554140 0  
  1626784282 461554140 0  
  1626784284 461554140 0  
  1626784285 461554140 0  
  1626784286 461554140 0  
  1626784287 461554140 0  
  1626784288 461554140 0  
  1626784289 461554140 0  
  1626784290 461554140 0  
  1626784291 461554140 0  
  1626784292 461554140 0  
  1626784293 461554140 0  
  1626784294 461554140 0  
  1626784295 461554140 0  
  1626784296 461554140 0  
  1626784297 461554140 0  
  1626784298 461554140 0  
  1626784299 461554140 0  
  1626784300 461554140 0  
  1626784301 461554140 0  
  1626784302 461554140 0  
  1626784303 461554140 0  
  1626784304 461554140 0  
  1626784305 461554140 0  
  1626784306 461554140 0  
  1626784307 461554140 0  
  1626784308 461554140 0  
  1626784309 461554140 0  
  1626784310 461554140 0  
  1626784311 461554140 0  
  1626784312 461554140 0  
  1626784313 461554140 0  
  1626784314 461554140 0  
  1626784315 461554140 0  
  1626784316 461554140 0  
  1626784317 461554232 0  
  1626784318 461554232 0  
  1626784319 461554232 0  
  1626784320 461554232 0  
  1626784321 461554232 0  
  1626784322 461554232 0  
  1626784324 461554232 0  
  1626784325 461554232 0  
  1626784326 461554232 0  
  1626784327 461554232 0  
  1626784328 461554232 0  
  1626784329 461554232 0  
  1626784330 461554232 0  
  1626784331 461554232 0  
  1626784332 461554232 0  
  1626784333 461554232 0  
  1626784334 461554324 0  
  1626784335 461554324 0  
  1626784336 461554324 0  
  1626784337 461554324 0  
  1626784338 461554324 0  
  1626784339 461554324 0  
  1626784340 461554324 0  
  1626784341 461554324 0  
  1626784342 461554324 0  
  1626784343 461554324 0  
  1626784344 461554324 0  
  1626784345 461554324 0  
  1626784346 461554324 0  
  1626784347 461554324 0  
  1626784348 461554324 0  
  1626784349 461554324 0  
  1626784350 461554324 0  
  1626784351 461554324 0  
  1626784352 461554324 0  
  1626784353 461554324 0  
  1626784354 461554324 0  
  1626784355 461554324 0  
  1626784356 461554324 0  
  1626784357 461554324 0  
  1626784358 461554324 0  
  1626784359 461554324 0  
  1626784360 461554324 0  
  1626784361 461554324 0  
  1626784363 461554324 0  
  1626784364 461554324 0  
  1626784365 461558633 0  
  1626784366 461559553 0  
  1626784367 461560261 0  
  1626784368 461560261 0  
  1626784369 461560261 0  
  1626784370 461560261 0  
  1626784371 461560261 0  
  1626784372 461560261 0  
  1626784373 461560261 0  
  1626784374 461560261 0  
  1626784375 461560261 0  
  1626784376 461560261 0  
  1626784377 461560261 0  
  1626784378 461560261 0  
  1626784379 461560261 0  
  1626784380 461560261 0  
  1626784381 461560261 0  
  1626784382 461560353 0  
  1626784383 461560353 0  
  1626784384 461560353 0  
  1626784385 461560353 0  
  1626784386 461560353 0  
  1626784387 461560353 0  
  1626784388 461560353 0  
  1626784389 461560353 0  
  1626784390 461560353 0  
  1626784391 461560353 0  
  1626784392 461560353 0  
  1626784393 461560353 0  
  1626784394 461560353 0  
  1626784395 461560353 0  
  1626784396 461560353 0  
  1626784397 461560353 0  
  1626784398 461560445 0  
  1626784399 461560445 0  
  1626784400 461560445 0  
  1626784402 461560445 0  
  1626784403 461560445 0  
  1626784404 461560445 0  
  1626784405 461560445 0  
  1626784406 461560445 0  
  1626784407 461560445 0  
  1626784408 461560445 0  
  1626784409 461560445 0  
  1626784410 461560445 0  
  1626784411 461560445 0  
  1626784412 461560445 0  
  1626784413 461560445 0  
  1626784414 461560445 0  
  1626784415 461560445 0  
  1626784416 461560445 0  
  1626784417 461560445 0  
  1626784418 461560445 0  
  1626784419 461560445 0  
  1626784420 461560445 0  
  1626784421 461560445 0  
  1626784422 461560445 0  
  1626784423 461560445 0  
  1626784424 461560445 0  
  1626784425 461560445 0  
  1626784426 461560445 0  
  1626784427 461560445 0  
  1626784428 461560445 0  
  1626784429 461560445 0  
  1626784430 461560445 0  
  1626784431 461560445 0  
  1626784432 461560445 0  
  1626784433 461560445 0  
  1626784434 461560445 0  
  1626784435 461560445 0  
  1626784436 461560445 0  
  1626784437 461560445 0  
  1626784438 461560445 0  
  1626784439 461560445 0  
  1626784440 461560445 0  
  1626784442 461560445 0  
  1626784443 461560445 0  
  1626784444 461560445 0  
  1626784445 461560445 0  
  1626784446 461560445 0  
  1626784447 461560537 0  
  1626784448 461560537 0  
  1626784449 461560537 0  
  1626784450 461560537 0  
  1626784451 461560537 0  
  1626784452 461560537 0  
  1626784453 461560537 0  
  1626784454 461560537 0  
  1626784455 461560537 0  
  1626784456 461560537 0  
  1626784457 461560537 0  
  1626784458 461560537 0  
  1626784459 461560537 0  
  1626784460 461560537 0  
  1626784461 461560537 0  
  1626784462 461560537 0  
  1626784463 461560629 0  
  1626784464 461560629 0  
  1626784465 461560629 0  
  1626784466 461560629 0  
  1626784467 461560629 0  
  1626784468 461560629 0  
  1626784469 461560629 0  
  1626784470 461560629 0  
  1626784471 461560629 0  
  1626784472 461560629 0  
  1626784473 461560629 0  
  1626784474 461560629 0  
  1626784475 461560629 0  
  1626784476 461560629 0  
  1626784477 461560629 0  
  1626784478 461560629 0  
  1626784479 461560629 0  
  1626784481 461560629 0  
  1626784482 461560629 0  
  1626784483 461560629 0  
  1626784484 461560629 0  
  1626784485 461560629 0  
  1626784486 461560629 0  
  1626784487 461560629 0  
  1626784488 461560629 0  
  1626784489 461560629 0  
  1626784490 461560629 0  
  1626784491 461560629 0  
  1626784492 461560629 0  
  1626784493 461560629 0  
  1626784494 461560629 0  
  1626784495 461560629 0  
  1626784496 461560629 0  
  1626784497 461560629 0  
  1626784498 461560629 0  
  1626784499 461560629 0  
  1626784500 461560629 0  
  1626784501 461560629 0  
  1626784502 461565262 0  
  1626784503 461565262 0  
  1626784504 461565970 0  
  1626784505 461565970 0  
  1626784506 461565970 0  
  1626784507 461565970 0  
  1626784508 461565970 0  
  1626784509 461565970 0  
  1626784510 461565970 0  
  1626784511 461566062 0  
  1626784512 461566062 0  
  1626784513 461566062 0  
  1626784514 461567939 0  
  1626784515 461570695 0  
  1626784516 461570695 0  
  1626784517 461576036 0  
  1626784518 461580669 0  
  1626784519 461581377 0  
  1626784521 461582085 0  
  1626784522 461582085 0  
  1626784523 461582085 0  
  1626784524 461582085 0  
  1626784525 461582085 0  
  1626784526 461582085 0  
  1626784527 461582085 0  
  1626784528 461582177 0  
  1626784529 461582177 0  
  1626784530 461582177 0  
  1626784531 461582177 0  
  1626784532 461582177 0  
  1626784533 461582177 0  
  1626784534 461582534 0  
  1626784535 461582534 0  
  1626784536 461582534 0  
  1626784537 461582534 0  
  1626784538 461582534 0  
  1626784539 461582534 0  
  1626784540 461582534 0  
  1626784541 461582534 0  
  1626784542 461582534 0  
  1626784543 461582626 0  
  1626784544 461582626 0  
  1626784545 461582626 0  
  1626784546 461582626 0  
  1626784547 461582626 0  
  1626784548 461582626 0  
  1626784549 461582626 0  
  1626784550 461582626 0  
  1626784551 461582626 0  
  1626784552 461582626 0  
  1626784553 461582626 0  
  1626784554 461582626 0  
  1626784555 461582626 0  
  1626784556 461582626 0  
  1626784557 461582626 0  
  1626784558 461582626 0  
  1626784560 461582626 0  
  1626784561 461582626 0  
  1626784562 461582626 0  
  1626784563 461582626 0  
  1626784564 461582626 0  
  1626784565 461584221 0  
  1626784566 461584221 0  
  1626784567 461584221 0  
  1626784568 461584221 0  
  1626784569 461584341 0  
  1626784570 461584341 0  
  1626784571 461584341 0  
  1626784572 461584341 0  
  1626784573 461584341 0  
  1626784574 461584341 0  
  1626784575 461584433 0  
  1626784576 461584433 0  
  1626784577 461584433 0  
  1626784578 461584433 0  
  1626784579 461584433 0  
  1626784580 461584433 0  
  1626784581 461584433 0  
  1626784582 461584433 0  
  1626784583 461584433 0  
  1626784584 461584433 0  
  1626784585 461584433 0  
  1626784586 461584433 0  
  1626784587 461584433 0  
  1626784588 461584433 0  
  1626784589 461584433 0  
  1626784590 461584433 0  
  1626784591 461584433 0  
  1626784592 461584525 0  
  1626784593 461584525 0  
  1626784594 461584525 0  
  1626784595 461584525 0  
  1626784596 461584525 0  
  1626784597 461584525 0  
  1626784599 461584525 0  
  1626784600 461584525 0  
  1626784601 461584525 0  
  1626784602 461584525 0  
  1626784603 461584525 0  
  1626784604 461584525 0  
  1626784605 461584525 0  
  1626784606 461584525 0  
  1626784607 461584525 0  
  1626784608 461584525 0  
  1626784609 461584525 0  
  1626784610 461584525 0  
  1626784611 461584525 0  
  1626784612 461584525 0  
  1626784613 461584525 0  
  1626784614 461584525 0  
  1626784615 461584525 0  
  1626784616 461584525 0  
  1626784617 461584525 0  
  1626784618 461584525 0  
  1626784619 461584525 0  
  1626784620 461584525 0  
  1626784621 461584525 0  
  1626784622 461584525 0  
  1626784623 461584525 0  
  1626784624 461584525 0  
  1626784625 461584525 0  
  1626784626 461584525 0  
  1626784627 461584525 0  
  1626784628 461584525 0  
  1626784629 461584525 0  
 