 1626768353 460767214 252334  
  1626768354 460767214 252334  
  1626768355 460767214 252334  
  1626768356 460767214 252334  
  1626768357 460767214 252334  
  1626768358 460767214 252334  
  1626768359 460767214 252334  
  1626768360 460767214 252334  
  1626768361 460767214 252334  
  1626768362 460767214 252334  
  1626768363 460767214 252334  
  1626768364 460767214 252334  
  1626768365 460767214 252334  
  1626768366 460767214 252334  
  1626768367 460767214 252334  
  1626768368 460767214 252334  
  1626768369 460767214 252334  
  1626768370 460767214 252334  
  1626768372 460767214 252334  
  1626768373 460767214 252334  
  1626768374 460767214 252334  
  1626768375 460767214 252334  
  1626768376 460767214 252334  
  1626768377 460767214 252334  
  1626768378 460767214 252334  
  1626768379 460767214 252334  
  1626768380 460767214 252334  
  1626768381 460767214 252334  
  1626768382 460767214 252334  
  1626768383 460767214 252334  
  1626768384 460767214 252334  
  1626768385 460767214 252334  
  1626768386 460767214 252334  
  1626768387 460767214 252334  
  1626768388 460767214 252334  
  1626768389 460767214 252334  
  1626768390 460767214 252334  
  1626768391 460767214 252334  
  1626768392 460767214 252334  
  1626768393 460767214 252334  
  1626768394 460767214 252334  
  1626768395 460767214 252334  
  1626768396 460767214 252334  
  1626768397 460767214 252334  
  1626768398 460767214 252334  
  1626768399 460767214 252334  
  1626768400 460767214 252334  
  1626768401 460767214 252334  
  1626768402 460767214 252334  
  1626768403 460767214 252334  
  1626768404 460767214 252334  
  1626768405 460767214 252334  
  1626768406 460767214 252334  
  1626768407 460767214 252334  
  1626768408 460767214 252334  
  1626768409 460767214 252334  
  1626768411 460767214 252334  
  1626768412 460767214 252334  
  1626768413 460767214 252334  
  1626768414 460767214 252334  
  1626768415 460767214 252334  
  1626768416 460767214 252334  
  1626768417 460767214 252334  
  1626768418 460767214 252334  
  1626768419 460767214 252334  
  1626768420 460767214 252334  
  1626768421 460767214 252334  
  1626768422 460767214 252334  
  1626768423 460767214 252334  
  1626768424 460767214 252334  
  1626768425 460767214 252334  
  1626768426 460767214 252334  
  1626768427 460767214 252334  
  1626768428 460767214 252334  
  1626768429 460767214 252334  
  1626768430 460767214 252334  
  1626768431 460767214 252334  
  1626768432 460767214 252334  
  1626768433 460767214 252334  
  1626768434 460767214 252334  
  1626768435 460767214 252334  
  1626768436 460767214 252334  
  1626768437 460767214 252334  
  1626768438 460767214 252334  
  1626768439 460767214 252334  
  1626768440 460767214 252334  
  1626768441 460767306 252334  
  1626768442 460767306 252334  
  1626768443 460767306 252334  
  1626768444 460767306 252334  
  1626768445 460767306 252334  
  1626768446 460767306 252334  
  1626768447 460767306 252334  
  1626768448 460767306 252334  
  1626768450 460767306 252334  
  1626768451 460767306 252334  
  1626768452 460767306 252334  
  1626768453 460767306 252334  
  1626768454 460767306 252334  
  1626768455 460767306 252334  
  1626768456 460767306 252334  
  1626768457 460767306 252334  
  1626768458 460767306 252334  
  1626768459 460767306 252334  
  1626768460 460767306 252334  
  1626768461 460767306 252334  
  1626768462 460767306 252334  
  1626768463 460767306 252334  
  1626768464 460767306 252334  
  1626768465 460767902 252334  
  1626768466 460767902 252334  
  1626768467 460767902 252334  
  1626768468 460767902 252334  
  1626768469 460772211 252334  
  1626768470 460772535 252334  
  1626768471 460772535 252334  
  1626768472 460773243 252334  
  1626768473 460773243 252334  
  1626768474 460773243 252334  
  1626768475 460773243 252334  
  1626768476 460773243 252334  
  1626768477 460773243 252334  
  1626768478 460773243 252334  
  1626768479 460773243 252334  
  1626768480 460773243 252334  
  1626768481 460773243 252334  
  1626768482 460773243 252334  
  1626768483 460773243 252334  
  1626768484 460773243 252334  
  1626768485 460773243 252334  
  1626768486 460773243 252334  
  1626768487 460773243 252334  
  1626768489 460773243 252334  
  1626768490 460773243 252334  
  1626768491 460773243 252334  
  1626768492 460773243 252334  
  1626768493 460773243 252334  
  1626768494 460773243 252334  
  1626768495 460773243 252334  
  1626768496 460773243 252334  
  1626768497 460773243 252334  
  1626768498 460773243 252334  
  1626768499 460773243 252334  
  1626768500 460773243 252334  
  1626768501 460773243 252334  
  1626768502 460773243 252334  
  1626768503 460773243 252334  
  1626768504 460773243 252334  
  1626768505 460773243 252334  
  1626768506 460773243 252334  
  1626768507 460773243 252334  
  1626768508 460773243 252334  
  1626768509 460773243 252334  
  1626768510 460773243 252334  
  1626768511 460773243 252334  
  1626768512 460773243 252334  
  1626768513 460773243 252334  
  1626768514 460773243 252334  
  1626768515 460773243 252334  
  1626768516 460773243 252334  
  1626768517 460773243 252334  
  1626768518 460773335 252334  
  1626768519 460773335 252334  
  1626768520 460773335 252334  
  1626768521 460773335 252334  
  1626768522 460773335 252334  
  1626768523 460773335 252334  
  1626768524 460773335 252334  
  1626768525 460773335 252334  
  1626768526 460773335 252334  
  1626768527 460773335 252334  
  1626768529 460773335 252334  
  1626768530 460773335 252334  
  1626768531 460773335 252334  
  1626768532 460773335 252334  
  1626768533 460773335 252334  
  1626768534 460773335 252334  
  1626768535 460773335 252334  
  1626768536 460773335 252334  
  1626768537 460773335 252334  
  1626768538 460773335 252334  
  1626768539 460773335 252334  
  1626768540 460773335 252334  
  1626768541 460773335 252334  
  1626768542 460773335 252334  
  1626768543 460773335 252334  
  1626768544 460773335 252334  
  1626768545 460773335 252334  
  1626768546 460773335 252334  
  1626768547 460773335 252334  
  1626768548 460773335 252334  
  1626768549 460773335 252334  
  1626768550 460773335 252334  
  1626768551 460773335 252334  
  1626768552 460773335 252334  
  1626768553 460773335 252334  
  1626768554 460773335 252334  
  1626768555 460773335 252334  
  1626768556 460773335 252334  
  1626768557 460773335 252334  
  1626768558 460773335 252334  
  1626768559 460773335 252334  
  1626768560 460773335 252334  
  1626768561 460773335 252334  
  1626768562 460773335 252334  
  1626768563 460773335 252334  
  1626768564 460773335 252334  
  1626768565 460773335 252334  
  1626768566 460773335 252334  
  1626768568 460773335 252334  
  1626768569 460773335 252334  
  1626768570 460773335 252334  
  1626768571 460773335 252334  
  1626768572 460773427 252334  
  1626768573 460773427 252334  
  1626768574 460773427 252334  
  1626768575 460773427 252334  
  1626768576 460773427 252334  
  1626768577 460773427 252334  
  1626768578 460773427 252334  
  1626768579 460773427 252334  
  1626768580 460773427 252334  
  1626768581 460773427 252334  
  1626768582 460773427 252334  
  1626768583 460773427 252334  
  1626768584 460773427 252334  
  1626768585 460773427 252334  
  1626768586 460773427 252334  
  1626768587 460773427 252334  
  1626768588 460773427 252334  
  1626768589 460773427 252334  
  1626768590 460773427 252334  
  1626768591 460773427 252334  
  1626768592 460773427 252334  
  1626768593 460773427 252334  
  1626768594 460773427 252334  
  1626768595 460773427 252334  
  1626768596 460773427 252334  
  1626768597 460773427 252334  
  1626768598 460773427 252334  
  1626768599 460773427 252334  
  1626768600 460773427 252334  
  1626768601 460773427 252334  
  1626768602 460773427 252334  
  1626768603 460773427 252334  
  1626768604 460773427 252334  
  1626768605 460773427 252334  
  1626768606 460777736 252334  
  1626768608 460778060 252334  
  1626768609 460778768 252334  
  1626768610 460778768 252334  
  1626768611 460778768 252334  
  1626768612 460778768 252334  
  1626768613 460778768 252334  
  1626768614 460778768 252334  
  1626768615 460778768 252334  
  1626768616 460778768 252334  
  1626768617 460778768 252334  
  1626768618 460778768 252334  
  1626768619 460778768 252334  
  1626768620 460783077 252334  
  1626768621 460783401 252334  
  1626768622 460788674 252334  
  1626768623 460793375 252334  
  1626768624 460794083 252334  
  1626768625 460794791 252334  
  1626768626 460794791 252334  
  1626768627 460794791 252334  
  1626768628 460794791 252334  
  1626768629 460794791 252334  
  1626768630 460794791 252334  
  1626768631 460794791 252334  
  1626768632 460794791 252334  
  1626768633 460794791 252334  
  1626768634 460794791 252334  
  1626768635 460794791 252334  
  1626768636 460794791 252334  
  1626768637 460794791 252334  
  1626768638 460794791 252334  
  1626768639 460794791 252334  
  1626768640 460795148 252334  
  1626768641 460795148 252334  
  1626768642 460795148 252334  
  1626768643 460795148 252334  
  1626768644 460795148 252334  
  1626768645 460795148 252334  
  1626768647 460795148 252334  
  1626768648 460795148 252334  
  1626768649 460795148 252334  
  1626768650 460795148 252334  
  1626768651 460795148 252334  
  1626768652 460795148 252334  
  1626768653 460795148 252334  
  1626768654 460795148 252334  
  1626768655 460795148 252334  
  1626768656 460795148 252334  
  1626768657 460795148 252334  
  1626768658 460795148 252334  
  1626768659 460795148 252334  
  1626768660 460795148 252334  
  1626768661 460795148 252334  
  1626768662 460795148 252334  
  1626768663 460795148 252334  
  1626768664 460795148 252334  
  1626768665 460795148 252334  
  1626768666 460795744 252334  
  1626768667 460795744 252334  
  1626768668 460795744 252334  
  1626768669 460795744 252334  
  1626768670 460795744 252334  
  1626768671 460795744 252334  
  1626768672 460795744 252334  
  1626768673 460795744 252334  
  1626768674 460795744 252334  
  1626768675 460795744 252334  
 