 1627420148 687677207 12111651  
  1627420150 687677207 12111651  
  1627420151 687677207 12111651  
  1627420152 687677207 12111651  
  1627420153 687677207 12111651  
  1627420154 687677207 12111651  
  1627420155 687677207 12111651  
  1627420156 687677207 12111651  
  1627420157 687677207 12111651  
  1627420158 687677207 12111651  
  1627420159 687677207 12111651  
  1627420160 687677207 12111651  
  1627420161 687677207 12111651  
  1627420162 687677207 12111651  
  1627420163 687677207 12111651  
  1627420164 687677207 12111651  
  1627420165 687677207 12111651  
  1627420166 687677207 12111651  
  1627420167 687677207 12111651  
  1627420168 687677207 12111651  
  1627420169 687677207 12111651  
  1627420170 687677207 12111651  
  1627420171 687677207 12111651  
  1627420172 687677207 12111651  
  1627420173 687677207 12111651  
  1627420174 687677207 12111651  
  1627420175 687677207 12111651  
  1627420176 687677207 12111651  
  1627420177 687677207 12111651  
  1627420178 687677207 12111651  
  1627420179 687677207 12111651  
  1627420180 687677207 12111651  
  1627420181 687677207 12111651  
  1627420182 687677207 12111651  
  1627420183 687677207 12111651  
  1627420184 687677207 12111651  
  1627420185 687677207 12111651  
  1627420186 687677263 12111651  
  1627420188 687677263 12111651  
  1627420189 687677263 12111651  
  1627420190 687677263 12111651  
  1627420191 687677263 12111651  
  1627420192 687677263 12111651  
  1627420193 687677263 12111651  
  1627420194 687677263 12111651  
  1627420195 687677263 12111651  
  1627420196 687677263 12111651  
  1627420197 687677263 12111651  
  1627420198 687677263 12111651  
  1627420199 687677263 12111651  
  1627420200 687677263 12111651  
  1627420201 687677263 12111651  
  1627420202 687677263 12111651  
  1627420203 687677263 12111651  
  1627420204 687677263 12111651  
  1627420205 687677263 12111651  
  1627420206 687677263 12111651  
  1627420207 687677263 12111651  
  1627420208 687677263 12111651  
  1627420209 687677263 12111651  
  1627420210 687677263 12111651  
  1627420211 687677263 12111651  
  1627420212 687677601 12111651  
  1627420213 687677601 12111651  
  1627420214 687677601 12111651  
  1627420215 687677601 12111651  
  1627420216 687677601 12111651  
  1627420217 687677601 12111651  
  1627420218 687677601 12111651  
  1627420219 687677601 12111651  
  1627420220 687677601 12111651  
  1627420221 687677601 12111651  
  1627420222 687677601 12111651  
  1627420223 687677601 12111651  
  1627420224 687677601 12111651  
  1627420225 687677601 12111651  
  1627420227 687677601 12111651  
  1627420228 687677601 12111651  
  1627420229 687677601 12111651  
  1627420230 687677601 12111651  
  1627420231 687677601 12111651  
  1627420232 687677601 12111651  
  1627420233 687677601 12111651  
  1627420234 687677958 12111651  
  1627420235 687677958 12111651  
  1627420236 687677958 12111651  
  1627420237 687677958 12111651  
  1627420238 687677958 12111651  
  1627420239 687677958 12111651  
  1627420240 687677958 12111651  
  1627420241 687677958 12111651  
  1627420242 687677958 12111651  
  1627420243 687677958 12111651  
  1627420244 687677958 12111651  
  1627420245 687677958 12111651  
  1627420246 687677958 12111651  
  1627420247 687677958 12111651  
  1627420248 687677958 12111651  
  1627420249 687677958 12111651  
  1627420250 687677958 12111651  
  1627420251 687677958 12111651  
  1627420252 687677958 12111651  
  1627420253 687677958 12111651  
  1627420254 687677958 12111651  
  1627420255 687677958 12111651  
  1627420256 687677958 12111651  
  1627420257 687677958 12111651  
  1627420258 687677958 12111651  
  1627420259 687677958 12111651  
  1627420260 687677958 12111651  
  1627420261 687677958 12111651  
  1627420262 687677958 12111651  
  1627420263 687677958 12111651  
  1627420264 687677958 12111651  
  1627420266 687677958 12111651  
  1627420267 687677958 12111651  
  1627420268 687677958 12111651  
  1627420269 687677958 12111651  
  1627420270 687677958 12111651  
  1627420271 687677958 12111651  
  1627420272 687677958 12111651  
  1627420273 687677958 12111651  
  1627420274 687677958 12111651  
  1627420275 687677958 12111651  
  1627420276 687677958 12111651  
  1627420277 687677958 12111651  
  1627420278 687677958 12111651  
  1627420279 687677958 12111651  
  1627420280 687678554 12111651  
  1627420281 687678554 12111651  
  1627420282 687678554 12111651  
  1627420283 687678554 12111651  
  1627420284 687678554 12111651  
  1627420285 687678554 12111651  
  1627420286 687678554 12111651  
  1627420287 687678554 12111651  
  1627420288 687678554 12111651  
  1627420289 687678554 12111651  
  1627420290 687678554 12111651  
  1627420291 687678554 12111651  
  1627420292 687678554 12111651  
  1627420293 687678554 12111651  
  1627420294 687678554 12111651  
  1627420295 687678554 12111651  
  1627420296 687678554 12111651  
  1627420297 687678554 12111651  
  1627420298 687678554 12111651  
  1627420299 687678554 12111651  
  1627420300 687678554 12111651  
  1627420301 687678554 12111651  
  1627420302 687678554 12111651  
  1627420303 687678554 12111651  
  1627420305 687678554 12111651  
  1627420306 687678554 12111651  
  1627420307 687678554 12111651  
  1627420308 687678554 12111651  
  1627420309 687678554 12111651  
  1627420310 687678554 12111651  
  1627420311 687678554 12111651  
  1627420312 687678554 12111651  
  1627420313 687678554 12111651  
  1627420314 687678554 12111651  
  1627420315 687678554 12111651  
  1627420316 687678554 12111651  
  1627420317 687678554 12111651  
  1627420318 687678646 12111651  
  1627420319 687678646 12111651  
  1627420320 687678646 12111651  
  1627420321 687678646 12111651  
  1627420322 687678646 12111651  
  1627420323 687682955 12111651  
  1627420324 687683279 12111651  
  1627420325 687683279 12111651  
  1627420326 687683987 12111651  
  1627420327 687683987 12111651  
  1627420328 687683987 12111651  
  1627420329 687684079 12111651  
  1627420330 687684079 12111651  
  1627420331 687684079 12111651  
  1627420332 687684079 12111651  
  1627420333 687684079 12111651  
  1627420334 687684079 12111651  
  1627420335 687684079 12111651  
  1627420336 687684079 12111651  
  1627420337 687684079 12111651  
  1627420338 687684079 12111651  
  1627420339 687684079 12111651  
  1627420341 687684079 12111651  
  1627420342 687684079 12111651  
  1627420343 687684079 12111651  
  1627420344 687684079 12111651  
  1627420345 687684079 12111651  
  1627420346 687684079 12111651  
  1627420347 687684079 12111651  
  1627420348 687684079 12111651  
  1627420349 687684079 12111651  
  1627420350 687684079 12111651  
  1627420351 687688388 12111651  
  1627420352 687688712 12111651  
  1627420353 687688712 12111651  
  1627420354 687689352 12111651  
  1627420355 687689352 12111651  
  1627420356 687689352 12111651  
  1627420357 687689352 12111651  
  1627420358 687689352 12111651  
  1627420359 687689352 12111651  
  1627420360 687689352 12111651  
  1627420361 687689352 12111651  
  1627420362 687689690 12111651  
  1627420363 687689690 12111651  
  1627420364 687689690 12111651  
  1627420365 687689690 12111651  
  1627420366 687689690 12111651  
  1627420367 687689690 12111651  
  1627420368 687689690 12111651  
  1627420369 687689690 12111651  
  1627420370 687689690 12111651  
  1627420371 687689690 12111651  
  1627420372 687689690 12111651  
  1627420374 687689690 12111651  
  1627420375 687689690 12111651  
  1627420376 687689750 12111651  
  1627420377 687689750 12111651  
  1627420378 687689750 12111651  
  1627420379 687689750 12111651  
  1627420380 687689750 12111651  
  1627420381 687689750 12111651  
  1627420382 687689750 12111651  
  1627420383 687689750 12111651  
  1627420384 687689750 12111651  
  1627420385 687689750 12111651  
  1627420386 687689750 12111651  
  1627420387 687689750 12111651  
  1627420388 687689750 12111651  
  1627420389 687689750 12111651  
  1627420390 687689750 12111651  
  1627420391 687689750 12111651  
  1627420392 687689750 12111651  
  1627420393 687689750 12111651  
  1627420394 687694059 12111651  
  1627420395 687699084 12111651  
  1627420396 687699084 12111651  
  1627420397 687700364 12111651  
  1627420398 687700364 12111651  
  1627420399 687700364 12111651  
  1627420400 687700364 12111651  
  1627420401 687701520 12111651  
  1627420402 687701520 12111651  
  1627420403 687701520 12111651  
  1627420404 687701520 12111651  
  1627420405 687701520 12111651  
  1627420406 687701520 12111651  
  1627420407 687701520 12111651  
  1627420409 687701520 12111651  
  1627420410 687701520 12111651  
  1627420411 687701520 12111651  
  1627420412 687701520 12111651  
  1627420413 687701520 12111651  
  1627420414 687701520 12111651  
  1627420415 687701520 12111651  
  1627420416 687701520 12111651  
  1627420417 687701520 12111651  
  1627420418 687701520 12111651  
  1627420419 687701520 12111651  
  1627420420 687701520 12111651  
  1627420421 687701520 12111651  
  1627420422 687701520 12111651  
  1627420423 687701520 12111651  
  1627420424 687701520 12111651  
  1627420425 687701520 12111651  
  1627420426 687701520 12111651  
  1627420427 687701520 12111651  
  1627420428 687701520 12111651  
  1627420429 687701520 12111651  
  1627420430 687701520 12111651  
  1627420431 687701520 12111651  
  1627420432 687701520 12111651  
  1627420433 687706085 12111651  
  1627420434 687706153 12111651  
  1627420435 687706793 12111651  
  1627420436 687706793 12111651  
  1627420437 687706793 12111651  
  1627420438 687706793 12111651  
  1627420439 687706793 12111651  
  1627420440 687706793 12111651  
  1627420442 687706793 12111651  
  1627420443 687706793 12111651  
  1627420444 687706793 12111651  
  1627420445 687706793 12111651  
  1627420446 687706793 12111651  
  1627420447 687706793 12111651  
  1627420448 687706793 12111651  
  1627420449 687706793 12111651  
  1627420450 687706793 12111651  
  1627420451 687706793 12111651  
  1627420452 687706793 12111651  
  1627420453 687706793 12111651  
  1627420454 687706793 12111651  
  1627420455 687706793 12111651  
  1627420456 687706793 12111651  
  1627420457 687706793 12111651  
  1627420458 687706793 12111651  
  1627420459 687706793 12111651  
  1627420460 687706793 12111651  
  1627420461 687706793 12111651  
  1627420462 687706793 12111651  
  1627420463 687706793 12111651  
  1627420464 687706793 12111651  
  1627420465 687706793 12111651  
  1627420466 687706793 12111651  
  1627420467 687706793 12111651  
  1627420468 687706793 12111651  
  1627420469 687706793 12111651  
  1627420470 687706793 12111651  
  1627420471 687706793 12111651  
  1627420472 687706793 12111651  
  1627420473 687706793 12111651  
  1627420474 687706793 12111651  
  1627420475 687706793 12111651  
  1627420477 687706793 12111651  
  1627420478 687706793 12111651  
  1627420479 687707389 12111651  
  1627420480 687707389 12111651  
  1627420481 687707389 12111651  
  1627420482 687707389 12111651  
  1627420483 687707389 12111651  
  1627420484 687707389 12111651  
  1627420485 687707389 12111651  
  1627420486 687707389 12111651  
  1627420487 687707389 12111651  
  1627420488 687707389 12111651  
  1627420489 687707389 12111651  
  1627420490 687707389 12111651  
  1627420491 687707389 12111651  
  1627420492 687707389 12111651  
  1627420493 687707389 12111651  
  1627420494 687707389 12111651  
  1627420495 687707389 12111651  
  1627420496 687707389 12111651  
  1627420497 687707389 12111651  
  1627420498 687707389 12111651  
  1627420499 687707389 12111651  
  1627420500 687707389 12111651  
  1627420501 687707389 12111651  
  1627420502 687707389 12111651  
  1627420503 687707389 12111651  
  1627420504 687707389 12111651  
  1627420505 687707389 12111651  
  1627420506 687707389 12111651  
  1627420507 687707389 12111651  
  1627420508 687707389 12111651  
  1627420510 687707389 12111651  
  1627420511 687707389 12111651  
  1627420512 687707727 12111651  
  1627420513 687707727 12111651  
  1627420514 687707727 12111651  
  1627420515 687707727 12111651  
  1627420516 687707727 12111651  
  1627420517 687707727 12111651  
  1627420518 687707727 12111651  
  1627420519 687707727 12111651  
  1627420520 687707727 12111651  
  1627420521 687707727 12111651  
  1627420522 687707727 12111651  
  1627420523 687707727 12111651  
  1627420524 687707727 12111651  
  1627420525 687707727 12111651  
  1627420526 687707727 12111651  
  1627420527 687707727 12111651  
  1627420528 687707727 12111651  
  1627420529 687707727 12111651  
  1627420530 687707727 12111651  
  1627420531 687707727 12111651  
  1627420532 687707727 12111651  
  1627420533 687707727 12111651  
  1627420534 687708084 12111651  
  1627420535 687708084 12111651  
  1627420536 687708084 12111651  
  1627420537 687708084 12111651  
  1627420538 687708084 12111651  
  1627420539 687708084 12111651  
  1627420540 687708084 12111651  
  1627420541 687708084 12111651  
  1627420542 687708084 12111651  
  1627420543 687708084 12111651  
  1627420545 687708084 12111651  
  1627420546 687708084 12111651  
  1627420547 687708084 12111651  
  1627420548 687708084 12111651  
  1627420549 687708084 12111651  
  1627420550 687708084 12111651  
  1627420551 687708084 12111651  
  1627420552 687708084 12111651  
  1627420553 687708084 12111651  
  1627420554 687708084 12111651  
  1627420555 687708084 12111651  
  1627420556 687708084 12111651  
  1627420557 687708084 12111651  
  1627420558 687708084 12111651  
  1627420559 687708084 12111651  
  1627420560 687708084 12111651  
  1627420561 687708084 12111651  
  1627420562 687708084 12111651  
  1627420563 687708084 12111651  
  1627420564 687708084 12111651  
  1627420565 687708084 12111651  
  1627420566 687708084 12111651  
  1627420567 687708084 12111651  
  1627420568 687708084 12111651  
  1627420569 687708084 12111651  
  1627420570 687708084 12111651  
  1627420571 687708084 12111651  
  1627420572 687708084 12111651  
  1627420573 687708084 12111651  
  1627420574 687708084 12111651  
  1627420575 687708084 12111651  
  1627420576 687708617 12111651  
  1627420577 687708709 12111651  
  1627420579 687708709 12111651  
  1627420580 687708709 12111651  
  1627420581 687708709 12111651  
  1627420582 687708709 12111651  
  1627420583 687708709 12111651  
  1627420584 687708709 12111651  
  1627420585 687708709 12111651  
  1627420586 687708709 12111651  
  1627420587 687708709 12111651  
  1627420588 687708801 12111651  
  1627420589 687708801 12111651  
  1627420590 687708801 12111651  
  1627420591 687708801 12111651  
  1627420592 687708801 12111651  
  1627420593 687708801 12111651  
  1627420594 687708801 12111651  
  1627420595 687708801 12111651  
  1627420596 687708801 12111651  
  1627420597 687708801 12111651  
  1627420598 687708801 12111651  
  1627420599 687708801 12111651  
  1627420600 687708801 12111651  
  1627420601 687708801 12111651  
  1627420602 687708801 12111651  
  1627420603 687708801 12111651  
  1627420604 687708801 12111651  
  1627420605 687708801 12111651  
  1627420606 687708801 12111651  
  1627420607 687708801 12111651  
  1627420608 687708801 12111651  
  1627420609 687708801 12111651  
  1627420610 687708801 12111651  
  1627420611 687708801 12111651  
  1627420613 687708801 12111651  
  1627420614 687708801 12111651  
  1627420615 687708801 12111651  
  1627420616 687708801 12111651  
 