 1627424822 569955291 42898  
  1627424824 569955291 42898  
  1627424825 569955291 42898  
  1627424826 569959420 42898  
  1627424827 569959924 42898  
  1627424828 569959924 42898  
  1627424829 569960632 42898  
  1627424830 569960632 42898  
  1627424831 569960632 42898  
  1627424832 569960632 42898  
  1627424833 569960632 42898  
  1627424834 569960632 42898  
  1627424835 569960632 42898  
  1627424836 569960632 42898  
  1627424837 569960632 42898  
  1627424838 569960632 42898  
  1627424839 569960632 42898  
  1627424840 569960632 42898  
  1627424841 569960632 42898  
  1627424842 569960632 42898  
  1627424843 569960632 42898  
  1627424844 569960632 42898  
  1627424845 569960632 42898  
  1627424846 569960632 42898  
  1627424847 569960632 42898  
  1627424848 569960632 42898  
  1627424849 569960632 42898  
  1627424850 569960632 42898  
  1627424851 569960632 42898  
  1627424852 569960632 42898  
  1627424853 569964941 42898  
  1627424854 569965265 42898  
  1627424855 569966041 42898  
  1627424856 569966041 42898  
  1627424857 569966041 42898  
  1627424858 569966041 42898  
  1627424859 569966041 42898  
  1627424861 569967197 42898  
  1627424862 569967197 42898  
  1627424863 569967197 42898  
  1627424864 569967197 42898  
  1627424865 569967197 42898  
  1627424866 569967197 42898  
  1627424867 569967197 42898  
  1627424868 569967197 42898  
  1627424869 569967197 42898  
  1627424870 569967197 42898  
  1627424871 569967197 42898  
  1627424872 569967197 42898  
  1627424873 569967197 42898  
  1627424874 569967197 42898  
  1627424875 569967197 42898  
  1627424876 569967197 42898  
  1627424877 569967197 42898  
  1627424878 569967197 42898  
  1627424879 569967197 42898  
  1627424880 569967197 42898  
  1627424881 569967197 42898  
  1627424882 569967197 42898  
  1627424883 569967197 42898  
  1627424884 569967197 42898  
  1627424885 569967197 42898  
  1627424886 569967197 42898  
  1627424887 569967197 42898  
  1627424888 569967197 42898  
  1627424889 569967197 42898  
  1627424890 569967197 42898  
  1627424891 569967197 42898  
  1627424892 569967197 42898  
  1627424893 569967197 42898  
  1627424894 569967197 42898  
  1627424895 569967197 42898  
  1627424896 569971506 42898  
  1627424897 569976463 42898  
  1627424898 569976463 42898  
  1627424899 569977879 42898  
  1627424901 569977879 42898  
  1627424902 569977879 42898  
  1627424903 569977879 42898  
  1627424904 569977879 42898  
  1627424905 569977879 42898  
  1627424906 569977879 42898  
  1627424907 569977879 42898  
  1627424908 569977879 42898  
  1627424909 569977879 42898  
  1627424910 569977879 42898  
  1627424911 569977879 42898  
  1627424912 569977879 42898  
  1627424913 569977971 42898  
  1627424914 569977971 42898  
  1627424915 569977971 42898  
  1627424916 569977971 42898  
  1627424917 569977971 42898  
  1627424918 569977971 42898  
  1627424919 569977971 42898  
  1627424920 569977971 42898  
  1627424921 569977971 42898  
  1627424922 569977971 42898  
  1627424923 569977971 42898  
  1627424924 569977971 42898  
  1627424925 569977971 42898  
  1627424926 569977971 42898  
  1627424927 569977971 42898  
  1627424928 569977971 42898  
  1627424929 569977971 42898  
  1627424930 569978063 42898  
  1627424931 569978063 42898  
  1627424932 569978063 42898  
  1627424933 569978063 42898  
  1627424934 569978063 42898  
  1627424935 569978063 42898  
  1627424936 569982696 42898  
  1627424937 569982696 42898  
  1627424938 569983404 42898  
  1627424940 569983404 42898  
  1627424941 569983404 42898  
  1627424942 569983404 42898  
  1627424943 569983404 42898  
  1627424944 569983404 42898  
  1627424945 569983404 42898  
  1627424946 569983404 42898  
  1627424947 569983404 42898  
  1627424948 569983404 42898  
  1627424949 569983404 42898  
  1627424950 569983404 42898  
  1627424951 569983404 42898  
  1627424952 569983404 42898  
  1627424953 569983404 42898  
  1627424954 569983404 42898  
  1627424955 569983404 42898  
  1627424956 569983404 42898  
  1627424957 569983404 42898  
  1627424958 569983404 42898  
  1627424959 569983404 42898  
  1627424960 569983404 42898  
  1627424961 569983404 42898  
  1627424962 569983404 42898  
  1627424963 569983404 42898  
  1627424964 569983404 42898  
  1627424965 569983404 42898  
  1627424966 569983404 42898  
  1627424967 569983404 42898  
  1627424968 569983404 42898  
  1627424969 569983404 42898  
  1627424970 569983404 42898  
  1627424971 569983404 42898  
  1627424972 569983404 42898  
  1627424973 569983404 42898  
  1627424974 569983404 42898  
  1627424975 569983404 42898  
  1627424976 569983404 42898  
  1627424977 569983404 42898  
  1627424978 569983404 42898  
  1627424980 569984000 42898  
  1627424981 569984000 42898  
  1627424982 569984000 42898  
  1627424983 569984000 42898  
  1627424984 569984000 42898  
  1627424985 569984000 42898  
  1627424986 569984000 42898  
  1627424987 569984000 42898  
  1627424988 569984000 42898  
  1627424989 569984000 42898  
  1627424990 569984000 42898  
  1627424991 569984000 42898  
  1627424992 569984000 42898  
  1627424993 569984000 42898  
  1627424994 569984000 42898  
  1627424995 569984000 42898  
  1627424996 569984000 42898  
  1627424997 569984000 42898  
  1627424998 569984000 42898  
  1627424999 569984000 42898  
  1627425000 569984000 42898  
  1627425001 569984000 42898  
  1627425002 569984000 42898  
  1627425003 569984000 42898  
  1627425004 569984000 42898  
  1627425005 569984000 42898  
  1627425006 569984000 42898  
  1627425007 569984000 42898  
  1627425008 569984000 42898  
  1627425009 569984000 42898  
  1627425010 569984000 42898  
  1627425011 569984000 42898  
  1627425012 569984000 42898  
  1627425013 569984000 42898  
  1627425014 569984000 42898  
  1627425015 569984000 42898  
  1627425016 569984000 42898  
  1627425017 569984000 42898  
  1627425018 569984000 42898  
  1627425020 569984000 42898  
  1627425021 569984000 42898  
  1627425022 569984000 42898  
  1627425023 569984000 42898  
  1627425024 569984000 42898  
  1627425025 569984000 42898  
  1627425026 569984000 42898  
  1627425027 569984000 42898  
  1627425028 569984000 42898  
  1627425029 569984000 42898  
  1627425030 569984000 42898  
  1627425031 569984000 42898  
  1627425032 569984000 42898  
  1627425033 569984000 42898  
  1627425034 569984000 42898  
  1627425035 569984000 42898  
  1627425036 569984000 42898  
  1627425037 569984357 42898  
  1627425038 569984357 42898  
  1627425039 569984357 42898  
  1627425040 569984357 42898  
  1627425041 569984357 42898  
  1627425042 569984357 42898  
  1627425043 569984357 42898  
  1627425044 569984357 42898  
  1627425045 569984357 42898  
  1627425046 569984357 42898  
  1627425047 569984357 42898  
  1627425048 569984357 42898  
  1627425049 569984357 42898  
  1627425050 569984357 42898  
  1627425051 569984357 42898  
  1627425052 569984357 42898  
  1627425053 569984357 42898  
  1627425054 569984357 42898  
  1627425055 569984357 42898  
  1627425056 569984357 42898  
  1627425057 569984357 42898  
  1627425058 569984357 42898  
  1627425060 569984357 42898  
  1627425061 569984357 42898  
  1627425062 569984357 42898  
  1627425063 569984357 42898  
  1627425064 569984357 42898  
  1627425065 569984357 42898  
  1627425066 569984357 42898  
  1627425067 569984357 42898  
  1627425068 569984357 42898  
  1627425069 569984357 42898  
  1627425070 569984357 42898  
  1627425071 569984357 42898  
  1627425072 569984357 42898  
  1627425073 569984357 42898  
  1627425074 569984357 42898  
  1627425075 569984357 42898  
  1627425076 569984357 42898  
  1627425077 569984357 42898  
  1627425078 569984357 42898  
  1627425079 569984357 42898  
  1627425080 569984357 42898  
  1627425081 569984357 42898  
  1627425082 569984357 42898  
  1627425083 569984357 42898  
  1627425084 569984357 42898  
  1627425085 569984357 42898  
  1627425086 569984357 42898  
  1627425087 569984357 42898  
  1627425088 569984357 42898  
  1627425089 569984357 42898  
  1627425090 569984357 42898  
  1627425091 569984357 42898  
  1627425092 569984357 42898  
  1627425093 569984357 42898  
  1627425094 569984357 42898  
  1627425095 569984357 42898  
  1627425096 569984357 42898  
  1627425097 569984357 42898  
  1627425099 569984357 42898  
  1627425100 569984357 42898  
  1627425101 569984357 42898  
  1627425102 569984357 42898  
  1627425103 569984357 42898  
  1627425104 569984357 42898  
  1627425105 569984357 42898  
  1627425106 569984357 42898  
  1627425107 569984357 42898  
  1627425108 569984357 42898  
  1627425109 569984357 42898  
  1627425110 569984357 42898  
  1627425111 569984357 42898  
  1627425112 569984357 42898  
  1627425113 569984357 42898  
  1627425114 569984357 42898  
  1627425115 569984357 42898  
  1627425116 569984357 42898  
  1627425117 569984357 42898  
  1627425118 569984357 42898  
  1627425119 569984357 42898  
  1627425120 569984357 42898  
  1627425121 569984357 42898  
  1627425122 569984357 42898  
  1627425123 569984357 42898  
  1627425124 569984357 42898  
  1627425125 569986318 42898  
  1627425126 569988990 42898  
  1627425127 569988990 42898  
  1627425128 569989630 42898  
  1627425129 569989630 42898  
  1627425130 569989630 42898  
  1627425131 569989630 42898  
  1627425132 569989630 42898  
  1627425133 569989630 42898  
  1627425134 569989630 42898  
  1627425135 569989630 42898  
  1627425136 569989630 42898  
  1627425137 569989630 42898  
  1627425139 569989630 42898  
  1627425140 569989630 42898  
  1627425141 569989630 42898  
  1627425142 569989630 42898  
  1627425143 569989630 42898  
  1627425144 569989630 42898  
  1627425145 569989630 42898  
  1627425146 569989630 42898  
  1627425147 569993939 42898  
  1627425148 569994347 42898  
  1627425149 569994851 42898  
  1627425150 569994851 42898  
  1627425151 569994851 42898  
  1627425152 569999484 42898  
  1627425153 569999484 42898  
  1627425154 570000056 42898  
  1627425155 570000056 42898  
  1627425156 570000056 42898  
  1627425157 570000056 42898  
  1627425158 570000056 42898  
  1627425159 570000056 42898  
  1627425160 570000056 42898  
  1627425161 570000056 42898  
  1627425162 570000056 42898  
  1627425163 570000056 42898  
  1627425164 570000056 42898  
  1627425165 570000056 42898  
  1627425166 570000056 42898  
  1627425167 570000056 42898  
  1627425168 570000056 42898  
  1627425169 570000056 42898  
  1627425170 570000148 42898  
  1627425171 570000148 42898  
  1627425172 570000148 42898  
  1627425173 570000148 42898  
  1627425174 570000148 42898  
  1627425175 570000148 42898  
  1627425176 570000148 42898  
  1627425178 570000148 42898  
  1627425179 570000148 42898  
  1627425180 570000744 42898  
  1627425181 570000744 42898  
  1627425182 570000744 42898  
  1627425183 570000744 42898  
  1627425184 570000744 42898  
  1627425185 570000744 42898  
  1627425186 570000744 42898  
  1627425187 570000744 42898  
  1627425188 570000744 42898  
  1627425189 570000836 42898  
  1627425190 570000836 42898  
  1627425191 570000836 42898  
  1627425192 570000836 42898  
  1627425193 570000836 42898  
  1627425194 570000836 42898  
  1627425195 570000836 42898  
  1627425196 570000836 42898  
  1627425197 570005145 42898  
  1627425198 570010102 42898  
  1627425199 570010742 42898  
  1627425200 570011450 42898  
  1627425201 570011450 42898  
  1627425202 570011450 42898  
  1627425203 570011450 42898  
  1627425204 570011450 42898  
  1627425205 570011450 42898  
  1627425206 570011450 42898  
  1627425207 570011450 42898  
  1627425208 570011450 42898  
  1627425209 570011450 42898  
  1627425210 570011450 42898  
  1627425211 570011450 42898  
  1627425212 570011450 42898  
  1627425213 570011450 42898  
  1627425214 570011450 42898  
  1627425215 570011450 42898  
  1627425217 570011450 42898  
  1627425218 570011450 42898  
  1627425219 570011450 42898  
  1627425220 570011450 42898  
  1627425221 570011450 42898  
  1627425222 570011450 42898  
  1627425223 570011450 42898  
  1627425224 570011450 42898  
  1627425225 570011450 42898  
  1627425226 570011450 42898  
  1627425227 570011450 42898  
  1627425228 570011450 42898  
  1627425229 570011450 42898  
  1627425230 570011450 42898  
  1627425231 570011450 42898  
  1627425232 570011450 42898  
  1627425233 570011450 42898  
  1627425234 570011450 42898  
  1627425235 570011450 42898  
  1627425236 570015759 42898  
  1627425237 570016083 42898  
  1627425238 570016791 42898  
  1627425239 570016791 42898  
  1627425240 570016791 42898  
  1627425241 570016791 42898  
  1627425242 570016791 42898  
  1627425243 570016791 42898  
  1627425244 570016791 42898  
  1627425245 570016791 42898  
  1627425246 570016791 42898  
  1627425247 570016791 42898  
  1627425248 570016791 42898  
  1627425249 570016791 42898  
  1627425250 570016791 42898  
  1627425251 570016791 42898  
  1627425252 570016791 42898  
  1627425253 570016791 42898  
  1627425254 570016791 42898  
  1627425256 570016791 42898  
  1627425257 570016791 42898  
  1627425258 570016791 42898  
  1627425259 570016791 42898  
  1627425260 570016791 42898  
  1627425261 570016791 42898  
  1627425262 570016791 42898  
  1627425263 570016791 42898  
  1627425264 570016791 42898  
  1627425265 570016791 42898  
  1627425266 570016791 42898  
  1627425267 570016791 42898  
  1627425268 570016791 42898  
  1627425269 570016791 42898  
  1627425270 570016791 42898  
  1627425271 570016791 42898  
  1627425272 570016791 42898  
  1627425273 570016791 42898  
  1627425274 570016791 42898  
  1627425275 570016791 42898  
  1627425276 570016791 42898  
  1627425277 570016791 42898  
  1627425278 570016791 42898  
  1627425279 570016791 42898  
  1627425280 570016791 42898  
  1627425281 570016791 42898  
  1627425282 570016791 42898  
  1627425283 570016791 42898  
  1627425284 570016791 42898  
  1627425285 570016791 42898  
  1627425286 570016791 42898  
  1627425287 570016791 42898  
  1627425288 570016791 42898  
  1627425289 570016791 42898  
  1627425290 570016791 42898  
  1627425291 570016791 42898  
  1627425292 570016791 42898  
  1627425293 570016791 42898  
  1627425295 570016791 42898  
  1627425296 570016791 42898  
  1627425297 570016791 42898  
  1627425298 570016791 42898  
  1627425299 570016791 42898  
  1627425300 570016791 42898  
  1627425301 570016791 42898  
  1627425302 570016791 42898  
  1627425303 570016791 42898  
  1627425304 570016791 42898  
  1627425305 570016791 42898  
  1627425306 570016791 42898  
  1627425307 570016791 42898  
  1627425308 570016791 42898  
  1627425309 570016791 42898  
  1627425310 570016791 42898  
  1627425311 570016791 42898  
  1627425312 570016791 42898  
  1627425313 570016791 42898  
  1627425314 570016791 42898  
  1627425315 570016791 42898  
  1627425316 570016791 42898  
  1627425317 570016791 42898  
  1627425318 570016883 42898  
  1627425319 570016883 42898  
  1627425320 570016883 42898  
  1627425321 570016883 42898  
  1627425322 570016883 42898  
  1627425323 570016883 42898  
  1627425324 570016883 42898  
  1627425325 570016883 42898  
  1627425326 570016883 42898  
  1627425327 570016883 42898  
  1627425328 570016883 42898  
  1627425329 570016883 42898  
  1627425330 570016883 42898  
  1627425331 570016883 42898  
  1627425332 570016883 42898  
  1627425334 570016883 42898  
  1627425335 570016883 42898  
  1627425336 570016883 42898  
  1627425337 570017240 42898  
  1627425338 570017240 42898  
  1627425339 570017240 42898  
  1627425340 570017240 42898  
  1627425341 570017240 42898  
  1627425342 570017240 42898  
  1627425343 570017240 42898  
  1627425344 570017240 42898  
  1627425345 570017240 42898  
  1627425346 570017240 42898  
  1627425347 570017240 42898  
  1627425348 570017240 42898  
  1627425349 570017240 42898  
  1627425350 570017240 42898  
  1627425351 570017240 42898  
  1627425352 570017240 42898  
  1627425353 570017240 42898  
  1627425354 570017240 42898  
  1627425355 570017240 42898  
  1627425356 570017240 42898  
  1627425357 570017240 42898  
  1627425358 570017240 42898  
  1627425359 570017240 42898  
  1627425360 570017240 42898  
  1627425361 570017240 42898  
  1627425362 570017240 42898  
  1627425363 570017240 42898  
  1627425364 570017240 42898  
  1627425365 570017240 42898  
  1627425366 570017240 42898  
  1627425367 570017240 42898  
  1627425368 570017240 42898  
  1627425369 570017240 42898  
  1627425370 570017240 42898  
  1627425371 570017240 42898  
  1627425372 570017240 42898  
  1627425374 570017240 42898  
  1627425375 570017240 42898  
  1627425376 570017240 42898  
  1627425377 570017240 42898  
  1627425378 570017240 42898  
  1627425379 570017836 42898  
  1627425380 570017836 42898  
  1627425381 570017836 42898  
  1627425382 570017836 42898  
  1627425383 570017836 42898  
  1627425384 570017836 42898  
  1627425385 570017836 42898  
  1627425386 570017836 42898  
  1627425387 570017836 42898  
  1627425388 570017836 42898  
  1627425389 570017836 42898  
  1627425390 570017836 42898  
  1627425391 570017836 42898  
  1627425392 570017836 42898  
  1627425393 570017836 42898  
  1627425394 570017836 42898  
  1627425395 570017836 42898  
  1627425396 570017836 42898  
  1627425397 570017836 42898  
  1627425398 570017836 42898  
  1627425399 570017836 42898  
  1627425400 570017836 42898  
  1627425401 570017836 42898  
  1627425402 570017836 42898  
  1627425403 570017836 42898  
  1627425404 570017836 42898  
  1627425405 570017836 42898  
  1627425406 570017836 42898  
  1627425407 570017836 42898  
  1627425408 570017836 42898  
  1627425409 570017836 42898  
  1627425410 570017836 42898  
  1627425411 570017836 42898  
  1627425413 570017836 42898  
  1627425414 570017836 42898  
  1627425415 570017836 42898  
  1627425416 570017836 42898  
  1627425417 570017836 42898  
  1627425418 570017836 42898  
  1627425419 570017836 42898  
  1627425420 570017836 42898  
  1627425421 570017836 42898  
  1627425422 570017836 42898  
  1627425423 570017836 42898  
  1627425424 570017836 42898  
  1627425425 570017836 42898  
  1627425426 570022469 42898  
  1627425427 570022469 42898  
  1627425428 570023177 42898  
  1627425429 570023177 42898  
  1627425430 570023177 42898  
  1627425431 570023269 42898  
  1627425432 570023269 42898  
  1627425433 570023269 42898  
  1627425434 570023269 42898  
  1627425435 570023269 42898  
  1627425436 570023269 42898  
  1627425437 570023269 42898  
  1627425438 570023269 42898  
  1627425439 570023269 42898  
  1627425440 570023269 42898  
  1627425441 570023269 42898  
  1627425442 570023269 42898  
  1627425443 570023269 42898  
  1627425444 570023269 42898  
  1627425445 570023269 42898  
  1627425446 570023361 42898  
  1627425447 570023361 42898  
  1627425448 570023361 42898  
  1627425449 570023361 42898  
  1627425451 570023361 42898  
  1627425452 570023361 42898  
  1627425453 570023361 42898  
  1627425454 570023361 42898  
  1627425455 570027994 42898  
  1627425456 570027994 42898  
  1627425457 570028566 42898  
  1627425458 570028566 42898  
  1627425459 570028566 42898  
  1627425460 570028566 42898  
  1627425461 570028566 42898  
  1627425462 570028566 42898  
  1627425463 570028566 42898  
  1627425464 570028566 42898  
  1627425465 570028566 42898  
  1627425466 570028566 42898  
  1627425467 570028566 42898  
  1627425468 570028566 42898  
  1627425469 570028566 42898  
  1627425470 570028566 42898  
  1627425471 570028566 42898  
  1627425472 570028566 42898  
  1627425473 570028566 42898  
  1627425474 570028566 42898  
  1627425475 570028566 42898  
  1627425476 570028566 42898  
  1627425477 570028566 42898  
  1627425478 570028566 42898  
  1627425479 570028566 42898  
  1627425480 570028566 42898  
  1627425481 570028566 42898  
  1627425482 570028566 42898  
  1627425483 570028566 42898  
  1627425484 570028566 42898  
  1627425485 570028566 42898  
  1627425486 570028566 42898  
  1627425487 570028566 42898  
  1627425488 570028566 42898  
  1627425490 570028566 42898  
  1627425491 570028566 42898  
  1627425492 570028566 42898  
  1627425493 570028566 42898  
  1627425494 570028566 42898  
  1627425495 570028566 42898  
  1627425496 570028566 42898  
  1627425497 570030443 42898  
  1627425498 570037832 42898  
  1627425499 570037832 42898  
  1627425500 570037832 42898  
  1627425501 570039180 42898  
  1627425502 570039180 42898  
  1627425503 570039180 42898  
  1627425504 570039180 42898  
  1627425505 570039180 42898  
  1627425506 570039180 42898  
  1627425507 570039180 42898  
  1627425508 570039180 42898  
  1627425509 570039180 42898  
  1627425510 570039180 42898  
  1627425511 570039180 42898  
  1627425512 570039180 42898  
  1627425513 570039180 42898  
  1627425514 570039180 42898  
  1627425515 570039180 42898  
  1627425516 570039180 42898  
  1627425517 570039180 42898  
  1627425518 570039180 42898  
  1627425519 570039180 42898  
  1627425521 570039180 42898  
  1627425522 570039180 42898  
  1627425523 570039180 42898  
  1627425524 570039180 42898  
  1627425525 570039180 42898  
  1627425526 570039180 42898  
  1627425527 570039180 42898  
  1627425528 570039180 42898  
  1627425529 570039180 42898  
  1627425530 570039180 42898  
  1627425531 570039180 42898  
  1627425532 570039180 42898  
  1627425533 570039180 42898  
  1627425534 570039180 42898  
  1627425535 570039180 42898  
  1627425536 570043489 42898  
  1627425537 570043813 42898  
  1627425538 570043813 42898  
  1627425539 570044453 42898  
  1627425540 570044453 42898  
  1627425541 570044453 42898  
  1627425542 570044791 42898  
  1627425543 570044791 42898  
  1627425544 570044791 42898  
  1627425545 570044791 42898  
  1627425546 570044791 42898  
  1627425547 570044791 42898  
  1627425548 570044791 42898  
  1627425549 570044791 42898  
  1627425550 570044791 42898  
  1627425552 570044791 42898  
  1627425553 570044791 42898  
  1627425554 570044791 42898  
  1627425555 570044791 42898  
  1627425556 570044791 42898  
  1627425557 570044791 42898  
  1627425558 570044791 42898  
  1627425559 570044791 42898  
  1627425560 570044791 42898  
  1627425561 570044791 42898  
  1627425562 570044791 42898  
  1627425563 570044791 42898  
  1627425564 570044791 42898  
  1627425565 570044791 42898  
  1627425566 570044791 42898  
  1627425567 570044791 42898  
  1627425568 570044791 42898  
  1627425569 570044791 42898  
  1627425570 570044791 42898  
  1627425571 570044791 42898  
  1627425572 570044791 42898  
  1627425573 570044791 42898  
  1627425574 570044791 42898  
  1627425575 570044791 42898  
  1627425576 570044883 42898  
  1627425577 570044883 42898  
  1627425578 570044883 42898  
  1627425579 570045479 42898  
  1627425580 570045479 42898  
  1627425581 570045479 42898  
  1627425582 570045479 42898  
  1627425584 570045479 42898  
  1627425585 570045479 42898  
  1627425586 570045479 42898  
  1627425587 570045479 42898  
  1627425588 570045479 42898  
  1627425589 570045479 42898  
  1627425590 570045479 42898  
  1627425591 570045479 42898  
  1627425592 570045479 42898  
  1627425593 570045479 42898  
  1627425594 570045479 42898  
  1627425595 570045479 42898  
  1627425596 570045479 42898  
  1627425597 570045479 42898  
  1627425598 570045479 42898  
  1627425599 570045479 42898  
  1627425600 570045479 42898  
  1627425601 570045479 42898  
  1627425602 570045479 42898  
  1627425603 570045479 42898  
  1627425604 570045479 42898  
  1627425605 570045479 42898  
  1627425606 570045479 42898  
  1627425607 570045479 42898  
  1627425608 570045479 42898  
  1627425609 570045479 42898  
  1627425610 570045479 42898  
  1627425611 570045479 42898  
  1627425612 570045479 42898  
  1627425613 570045479 42898  
  1627425614 570045479 42898  
  1627425616 570045817 42898  
  1627425617 570045817 42898  
  1627425618 570045817 42898  
  1627425619 570045817 42898  
  1627425620 570045817 42898  
  1627425621 570045817 42898  
  1627425622 570045817 42898  
  1627425623 570045817 42898  
  1627425624 570045817 42898  
  1627425625 570045817 42898  
  1627425626 570045817 42898  
  1627425627 570045817 42898  
  1627425628 570045817 42898  
  1627425629 570045817 42898  
  1627425630 570045817 42898  
  1627425631 570045817 42898  
  1627425632 570045817 42898  
  1627425633 570045817 42898  
  1627425634 570045817 42898  
  1627425635 570045817 42898  
  1627425636 570045817 42898  
  1627425637 570132469 42898  
  1627425638 570292086 42898  
  1627425639 570292086 42898  
  1627425640 570292205 42898  
  1627425641 570292205 42898  
  1627425642 570292205 42898  
  1627425643 570292205 42898  
  1627425644 570292205 42898  
  1627425645 570292205 42898  
  1627425646 570292205 42898  
  1627425648 570292205 42898  
  1627425649 570292205 42898  
  1627425650 570292205 42898  
  1627425651 570292205 42898  
  1627425652 570292205 42898  
  1627425653 570292205 42898  
  1627425654 570292205 42898  
  1627425655 570292205 42898  
  1627425656 570292205 42898  
  1627425657 570292205 42898  
  1627425658 570292205 42898  
  1627425659 570292205 42898  
  1627425660 570292205 42898  
  1627425661 570292205 42898  
  1627425662 570292205 42898  
  1627425663 570292205 42898  
  1627425664 570292205 42898  
  1627425665 570292205 42898  
  1627425666 570292205 42898  
  1627425667 570292205 42898  
  1627425668 570292205 42898  
  1627425669 570292205 42898  
  1627425670 570292205 42898  
  1627425671 570292205 42898  
  1627425672 570292205 42898  
  1627425673 570292205 42898  
  1627425674 570292205 42898  
  1627425675 570292205 42898  
  1627425676 570292205 42898  
  1627425677 570292205 42898  
  1627425678 570292205 42898  
  1627425680 570292205 42898  
  1627425681 570292205 42898  
  1627425682 570292205 42898  
  1627425683 570292205 42898  
  1627425684 570292205 42898  
  1627425685 570292205 42898  
  1627425686 570292205 42898  
  1627425687 570292205 42898  
  1627425688 570292297 42898  
  1627425689 570292297 42898  
  1627425690 570292297 42898  
  1627425691 570292297 42898  
  1627425692 570292297 42898  
  1627425693 570292297 42898  
  1627425694 570292297 42898  
  1627425695 570292297 42898  
  1627425696 570292297 42898  
  1627425697 570292297 42898  
  1627425698 570292297 42898  
  1627425699 570292297 42898  
  1627425700 570292297 42898  
  1627425701 570292297 42898  
  1627425702 570292297 42898  
  1627425703 570292297 42898  
  1627425704 570292297 42898  
  1627425705 570292297 42898  
  1627425706 570292389 42898  
  1627425707 570292389 42898  
  1627425708 570292389 42898  
  1627425709 570292389 42898  
  1627425710 570292389 42898  
  1627425711 570292389 42898  
  1627425713 570292389 42898  
  1627425714 570292389 42898  
  1627425715 570292389 42898  
  1627425716 570292389 42898  
  1627425717 570292389 42898  
  1627425718 570292389 42898  
  1627425719 570292389 42898  
  1627425720 570292389 42898  
  1627425721 570292389 42898  
  1627425722 570292389 42898  
  1627425723 570292389 42898  
  1627425724 570292389 42898  
  1627425725 570295286 42898  
  1627425726 570297022 42898  
  1627425727 570297022 42898  
  1627425728 570297662 42898  
  1627425729 570297662 42898  
  1627425730 570297662 42898  
  1627425731 570297662 42898  
  1627425732 570297662 42898  
  1627425733 570297662 42898  
  1627425734 570297662 42898  
  1627425735 570297662 42898  
  1627425736 570297662 42898  
  1627425737 570297662 42898  
  1627425738 570297662 42898  
  1627425739 570297662 42898  
  1627425740 570297662 42898  
  1627425741 570297662 42898  
  1627425742 570297662 42898  
  1627425743 570297662 42898  
  1627425744 570297662 42898  
  1627425746 570297662 42898  
  1627425747 570297662 42898  
  1627425748 570297662 42898  
  1627425749 570297662 42898  
  1627425750 570297662 42898  
  1627425751 570297662 42898  
  1627425752 570297662 42898  
  1627425753 570297662 42898  
  1627425754 570301791 42898  
  1627425755 570302363 42898  
  1627425756 570302363 42898  
  1627425757 570303071 42898  
  1627425758 570303071 42898  
  1627425759 570303071 42898  
  1627425760 570303071 42898  
  1627425761 570304227 42898  
  1627425762 570304227 42898  
  1627425763 570304227 42898  
  1627425764 570304227 42898  
  1627425765 570304565 42898  
  1627425766 570304565 42898  
  1627425767 570304565 42898  
  1627425768 570304565 42898  
  1627425769 570304565 42898  
  1627425770 570304565 42898  
  1627425771 570304565 42898  
  1627425772 570304565 42898  
  1627425773 570304565 42898  
  1627425774 570304565 42898  
  1627425775 570304565 42898  
  1627425776 570304565 42898  
  1627425777 570304565 42898  
  1627425779 570304565 42898  
  1627425780 570305161 42898  
  1627425781 570305161 42898  
  1627425782 570305161 42898  
  1627425783 570305161 42898  
  1627425784 570305161 42898  
  1627425785 570305161 42898  
  1627425786 570305161 42898  
  1627425787 570305161 42898  
  1627425788 570305161 42898  
  1627425789 570305161 42898  
 