 1626884874 473124063 0  
  1626884875 473124063 0  
  1626884876 473124063 0  
  1626884878 473124063 0  
  1626884879 473124063 0  
  1626884880 473124063 0  
  1626884881 473124063 0  
  1626884882 473124063 0  
  1626884883 473124063 0  
  1626884884 473124063 0  
  1626884885 473124063 0  
  1626884886 473124063 0  
  1626884887 473124063 0  
  1626884888 473124063 0  
  1626884889 473124063 0  
  1626884890 473124063 0  
  1626884891 473124063 0  
  1626884892 473124063 0  
  1626884893 473124063 0  
  1626884894 473124063 0  
  1626884895 473124063 0  
  1626884896 473124063 0  
  1626884897 473124063 0  
  1626884898 473124063 0  
  1626884899 473124063 0  
  1626884900 473124063 0  
  1626884901 473124063 0  
  1626884902 473124063 0  
  1626884903 473124063 0  
  1626884904 473124063 0  
  1626884905 473124063 0  
  1626884906 473124063 0  
  1626884907 473124063 0  
  1626884908 473124063 0  
  1626884909 473124063 0  
  1626884910 473124063 0  
  1626884911 473124063 0  
  1626884912 473124063 0  
  1626884913 473124063 0  
  1626884914 473124063 0  
  1626884915 473124063 0  
  1626884916 473124063 0  
  1626884918 473124063 0  
  1626884919 473124063 0  
  1626884920 473124063 0  
  1626884921 473124063 0  
  1626884922 473124063 0  
  1626884923 473124063 0  
  1626884924 473124063 0  
  1626884925 473124063 0  
  1626884926 473124063 0  
  1626884927 473124063 0  
  1626884928 473124063 0  
  1626884929 473124063 0  
  1626884930 473124063 0  
  1626884931 473124063 0  
  1626884932 473124063 0  
  1626884933 473124063 0  
  1626884934 473124063 0  
  1626884935 473124063 0  
  1626884936 473124063 0  
  1626884937 473124063 0  
  1626884938 473124063 0  
  1626884939 473124063 0  
  1626884940 473124063 0  
  1626884941 473124063 0  
  1626884942 473124063 0  
  1626884943 473124063 0  
  1626884944 473124063 0  
  1626884945 473124063 0  
  1626884946 473124063 0  
  1626884947 473124063 0  
  1626884948 473124063 0  
  1626884949 473124063 0  
  1626884950 473124063 0  
  1626884951 473124063 0  
  1626884952 473124063 0  
  1626884953 473124063 0  
  1626884954 473124063 0  
  1626884955 473124063 0  
  1626884956 473124063 0  
  1626884958 473124063 0  
  1626884959 473124063 0  
  1626884960 473124063 0  
  1626884961 473124063 0  
  1626884962 473124063 0  
  1626884963 473124401 0  
  1626884964 473124401 0  
  1626884965 473124401 0  
  1626884966 473124401 0  
  1626884967 473124401 0  
  1626884968 473124401 0  
  1626884969 473124401 0  
  1626884970 473124401 0  
  1626884971 473124401 0  
  1626884972 473124401 0  
  1626884973 473124401 0  
  1626884974 473124401 0  
  1626884975 473124493 0  
  1626884976 473124493 0  
  1626884977 473124493 0  
  1626884978 473124493 0  
  1626884979 473124493 0  
  1626884980 473124493 0  
  1626884981 473124493 0  
  1626884982 473124493 0  
  1626884983 473124493 0  
  1626884984 473124493 0  
  1626884985 473124493 0  
  1626884986 473124493 0  
  1626884987 473124493 0  
  1626884988 473124493 0  
  1626884989 473124493 0  
  1626884990 473124493 0  
  1626884991 473124493 0  
  1626884992 473124493 0  
  1626884993 473124493 0  
  1626884994 473124493 0  
  1626884995 473124493 0  
  1626884996 473124493 0  
  1626884998 473124493 0  
  1626884999 473124493 0  
  1626885000 473124493 0  
  1626885001 473124585 0  
  1626885002 473124585 0  
  1626885003 473124585 0  
  1626885004 473124585 0  
  1626885005 473124585 0  
  1626885006 473124585 0  
  1626885007 473124585 0  
  1626885008 473124585 0  
  1626885009 473124585 0  
  1626885010 473124585 0  
  1626885011 473124585 0  
  1626885012 473124585 0  
  1626885013 473124585 0  
  1626885014 473124585 0  
  1626885015 473124585 0  
  1626885016 473124585 0  
  1626885017 473124585 0  
  1626885018 473124585 0  
  1626885019 473124585 0  
  1626885020 473124585 0  
  1626885021 473124585 0  
  1626885022 473124585 0  
  1626885023 473124585 0  
  1626885024 473124585 0  
  1626885025 473124585 0  
  1626885026 473124585 0  
  1626885027 473124585 0  
  1626885028 473124585 0  
  1626885029 473124585 0  
  1626885030 473124585 0  
  1626885031 473124585 0  
  1626885032 473124585 0  
  1626885033 473124585 0  
  1626885034 473124942 0  
  1626885035 473124942 0  
  1626885037 473124942 0  
  1626885038 473124942 0  
  1626885039 473124942 0  
  1626885040 473124942 0  
  1626885041 473129251 0  
  1626885042 473129575 0  
  1626885043 473130283 0  
  1626885044 473130283 0  
  1626885045 473134412 0  
  1626885046 473134916 0  
  1626885047 473135624 0  
  1626885048 473135624 0  
  1626885049 473135624 0  
  1626885050 473144890 0  
  1626885051 473144890 0  
  1626885052 473146306 0  
  1626885053 473146306 0  
  1626885054 473146306 0  
  1626885055 473146306 0  
  1626885056 473146306 0  
  1626885057 473146306 0  
  1626885058 473146306 0  
  1626885059 473146306 0  
  1626885060 473146306 0  
  1626885061 473146306 0  
  1626885062 473146306 0  
  1626885063 473146306 0  
  1626885064 473150615 0  
  1626885065 473151023 0  
  1626885066 473151023 0  
  1626885067 473151527 0  
  1626885068 473152123 0  
  1626885069 473152123 0  
  1626885070 473152123 0  
  1626885071 473152123 0  
  1626885072 473152123 0  
  1626885073 473152123 0  
  1626885074 473152123 0  
  1626885075 473152123 0  
  1626885077 473152123 0  
  1626885078 473152123 0  
  1626885079 473152123 0  
  1626885080 473152123 0  
  1626885081 473152123 0  
  1626885082 473152123 0  
  1626885083 473152123 0  
  1626885084 473152123 0  
  1626885085 473152123 0  
  1626885086 473152123 0  
  1626885087 473152123 0  
  1626885088 473152123 0  
  1626885089 473152123 0  
  1626885090 473152123 0  
  1626885091 473152123 0  
  1626885092 473152123 0  
  1626885093 473152123 0  
  1626885094 473152123 0  
  1626885095 473152123 0  
  1626885096 473152123 0  
  1626885097 473152123 0  
  1626885098 473152123 0  
  1626885099 473152123 0  
  1626885100 473152123 0  
  1626885101 473152123 0  
  1626885102 473152123 0  
  1626885103 473152123 0  
  1626885104 473152123 0  
  1626885105 473152215 0  
  1626885106 473152215 0  
  1626885107 473152215 0  
  1626885108 473152215 0  
  1626885109 473152215 0  
  1626885110 473152215 0  
  1626885111 473152215 0  
  1626885112 473152215 0  
  1626885113 473152215 0  
  1626885114 473152215 0  
  1626885115 473152215 0  
  1626885117 473152215 0  
  1626885118 473152215 0  
  1626885119 473152215 0  
  1626885120 473152215 0  
  1626885121 473152215 0  
  1626885122 473152215 0  
  1626885123 473152215 0  
  1626885124 473152215 0  
  1626885125 473152215 0  
  1626885126 473152215 0  
  1626885127 473152215 0  
  1626885128 473152215 0  
  1626885129 473152215 0  
  1626885130 473152215 0  
  1626885131 473152307 0  
  1626885132 473152307 0  
  1626885133 473152307 0  
  1626885134 473152307 0  
  1626885135 473152307 0  
  1626885136 473152307 0  
  1626885137 473152307 0  
  1626885138 473152307 0  
  1626885139 473152307 0  
  1626885140 473152307 0  
  1626885141 473152307 0  
  1626885142 473152307 0  
  1626885143 473152307 0  
  1626885144 473152307 0  
  1626885145 473152307 0  
  1626885146 473152307 0  
  1626885147 473152307 0  
  1626885148 473152307 0  
  1626885149 473152307 0  
  1626885150 473152307 0  
  1626885151 473152307 0  
  1626885152 473152307 0  
  1626885153 473152307 0  
  1626885154 473152307 0  
  1626885156 473152307 0  
  1626885157 473152307 0  
  1626885158 473152307 0  
  1626885159 473152307 0  
  1626885160 473152307 0  
  1626885161 473152307 0  
  1626885162 473152307 0  
  1626885163 473152307 0  
  1626885164 473152307 0  
  1626885165 473152307 0  
  1626885166 473152307 0  
  1626885167 473152307 0  
  1626885168 473152307 0  
  1626885169 473152307 0  
  1626885170 473152307 0  
  1626885171 473156616 0  
  1626885172 473156940 0  
  1626885173 473157580 0  
  1626885174 473157580 0  
  1626885175 473157580 0  
  1626885176 473157580 0  
  1626885177 473157580 0  
  1626885178 473157580 0  
  1626885179 473157580 0  
  1626885180 473157580 0  
  1626885181 473157580 0  
  1626885182 473157580 0  
  1626885183 473157580 0  
  1626885184 473157580 0  
  1626885185 473157580 0  
  1626885186 473157580 0  
  1626885187 473157580 0  
  1626885188 473157580 0  
  1626885189 473157580 0  
  1626885190 473157580 0  
  1626885191 473157580 0  
  1626885192 473157580 0  
  1626885193 473157580 0  
  1626885194 473157580 0  
  1626885196 473157580 0  
  1626885197 473157672 0  
  1626885198 473157672 0  
  1626885199 473157672 0  
  1626885200 473157672 0  
  1626885201 473157672 0  
  1626885202 473157672 0  
  1626885203 473157672 0  
  1626885204 473157672 0  
  1626885205 473157672 0  
  1626885206 473157672 0  
  1626885207 473157672 0  
  1626885208 473157672 0  
  1626885209 473157672 0  
  1626885210 473157672 0  
  1626885211 473157672 0  
  1626885212 473157672 0  
  1626885213 473157672 0  
  1626885214 473157672 0  
  1626885215 473157672 0  
  1626885216 473157672 0  
  1626885217 473157672 0  
 