 1627434963 569512672 0  
  1627434964 569512672 0  
  1627434965 569512672 0  
  1627434966 569512672 0  
  1627434967 569512672 0  
  1627434968 569512672 0  
  1627434969 569512672 0  
  1627434970 569512672 0  
  1627434971 569512672 0  
  1627434972 569512764 0  
  1627434973 569512764 0  
  1627434974 569512764 0  
  1627434975 569512764 0  
  1627434976 569512764 0  
  1627434977 569512764 0  
  1627434978 569512764 0  
  1627434979 569512764 0  
  1627434980 569512764 0  
  1627434981 569512764 0  
  1627434982 569512764 0  
  1627434983 569512764 0  
  1627434984 569512764 0  
  1627434985 569512764 0  
  1627434986 569512764 0  
  1627434987 569512764 0  
  1627434988 569512764 0  
  1627434989 569512764 0  
  1627434991 569512764 0  
  1627434992 569512764 0  
  1627434993 569512764 0  
  1627434994 569512764 0  
  1627434995 569512764 0  
  1627434996 569512764 0  
  1627434997 569512764 0  
  1627434998 569512764 0  
  1627434999 569512764 0  
  1627435000 569512764 0  
  1627435001 569512764 0  
  1627435002 569512764 0  
  1627435003 569512764 0  
  1627435004 569512764 0  
  1627435005 569512764 0  
  1627435006 569512764 0  
  1627435007 569512764 0  
  1627435008 569512764 0  
  1627435009 569512764 0  
  1627435010 569512764 0  
  1627435011 569512764 0  
  1627435012 569512764 0  
  1627435013 569512764 0  
  1627435014 569512764 0  
  1627435015 569512764 0  
  1627435016 569512764 0  
  1627435017 569512764 0  
  1627435018 569512764 0  
  1627435019 569512764 0  
  1627435020 569512764 0  
  1627435021 569512764 0  
  1627435022 569512764 0  
  1627435023 569512764 0  
  1627435024 569512764 0  
  1627435025 569512764 0  
  1627435026 569512764 0  
  1627435027 569512764 0  
  1627435028 569517329 0  
  1627435029 569517397 0  
  1627435031 569518197 0  
  1627435032 569518197 0  
  1627435033 569518197 0  
  1627435034 569518197 0  
  1627435035 569518197 0  
  1627435036 569518197 0  
  1627435037 569518197 0  
  1627435038 569518197 0  
  1627435039 569518197 0  
  1627435040 569518197 0  
  1627435041 569518197 0  
  1627435042 569518197 0  
  1627435043 569518197 0  
  1627435044 569518197 0  
  1627435045 569518197 0  
  1627435046 569518197 0  
  1627435047 569518197 0  
  1627435048 569518197 0  
  1627435049 569518197 0  
  1627435050 569518197 0  
  1627435051 569518197 0  
  1627435052 569518197 0  
  1627435053 569518197 0  
  1627435054 569518197 0  
  1627435055 569520074 0  
  1627435056 569522830 0  
  1627435057 569522830 0  
  1627435058 569523538 0  
  1627435059 569523538 0  
  1627435060 569523538 0  
  1627435061 569523538 0  
  1627435062 569523538 0  
  1627435063 569523876 0  
  1627435064 569523876 0  
  1627435065 569523876 0  
  1627435066 569523876 0  
  1627435067 569523876 0  
  1627435068 569523876 0  
  1627435070 569523876 0  
  1627435071 569523876 0  
  1627435072 569523876 0  
  1627435073 569523876 0  
  1627435074 569523876 0  
  1627435075 569523876 0  
  1627435076 569523876 0  
  1627435077 569523876 0  
  1627435078 569523876 0  
  1627435079 569523876 0  
  1627435080 569524472 0  
  1627435081 569524472 0  
  1627435082 569524472 0  
  1627435083 569524472 0  
  1627435084 569524472 0  
  1627435085 569524472 0  
  1627435086 569524472 0  
  1627435087 569524472 0  
  1627435088 569524472 0  
  1627435089 569524472 0  
  1627435090 569524472 0  
  1627435091 569524472 0  
  1627435092 569524472 0  
  1627435093 569524472 0  
  1627435094 569524472 0  
  1627435095 569524472 0  
  1627435096 569524472 0  
  1627435097 569524472 0  
  1627435098 569524472 0  
  1627435099 569532910 0  
  1627435100 569533738 0  
  1627435101 569533738 0  
  1627435102 569535154 0  
  1627435103 569535154 0  
  1627435104 569535154 0  
  1627435105 569535154 0  
  1627435106 569535154 0  
  1627435107 569535154 0  
  1627435108 569535154 0  
  1627435110 569535154 0  
  1627435111 569535154 0  
  1627435112 569535154 0  
  1627435113 569535154 0  
  1627435114 569535154 0  
  1627435115 569535154 0  
  1627435116 569535154 0  
  1627435117 569535154 0  
  1627435118 569535154 0  
  1627435119 569535154 0  
  1627435120 569535154 0  
  1627435121 569535154 0  
  1627435122 569535154 0  
  1627435123 569535154 0  
  1627435124 569535154 0  
  1627435125 569535154 0  
  1627435126 569535154 0  
  1627435127 569535154 0  
  1627435128 569535154 0  
  1627435129 569535154 0  
  1627435130 569535154 0  
  1627435131 569535154 0  
  1627435132 569535154 0  
  1627435133 569535154 0  
  1627435134 569535154 0  
  1627435135 569535154 0  
  1627435136 569535154 0  
  1627435137 569535154 0  
  1627435138 569539463 0  
  1627435139 569539787 0  
  1627435140 569539787 0  
  1627435141 569540427 0  
  1627435142 569540427 0  
  1627435143 569540427 0  
  1627435144 569540427 0  
  1627435145 569540427 0  
  1627435146 569540427 0  
  1627435148 569540427 0  
  1627435149 569540427 0  
  1627435150 569540427 0  
  1627435151 569540427 0  
  1627435152 569540427 0  
  1627435153 569540427 0  
  1627435154 569540427 0  
  1627435155 569540427 0  
  1627435156 569540427 0  
  1627435157 569540427 0  
  1627435158 569540427 0  
  1627435159 569540427 0  
  1627435160 569540427 0  
  1627435161 569540427 0  
  1627435162 569540427 0  
  1627435163 569540427 0  
  1627435164 569540427 0  
  1627435165 569540427 0  
  1627435166 569540427 0  
  1627435167 569540427 0  
  1627435168 569540427 0  
  1627435169 569540427 0  
  1627435170 569540427 0  
  1627435171 569540427 0  
  1627435172 569540427 0  
  1627435173 569540427 0  
  1627435174 569540427 0  
  1627435175 569540427 0  
  1627435176 569540427 0  
  1627435177 569540427 0  
  1627435178 569540427 0  
  1627435179 569540427 0  
  1627435180 569540427 0  
  1627435181 569540427 0  
  1627435182 569540427 0  
  1627435183 569540427 0  
  1627435184 569540427 0  
  1627435185 569540427 0  
  1627435186 569540427 0  
  1627435188 569540427 0  
  1627435189 569540427 0  
  1627435190 569540427 0  
  1627435191 569540427 0  
  1627435192 569540427 0  
  1627435193 569540427 0  
  1627435194 569540427 0  
  1627435195 569540427 0  
  1627435196 569540427 0  
  1627435197 569540427 0  
  1627435198 569540427 0  
  1627435199 569540427 0  
  1627435200 569540427 0  
  1627435201 569540427 0  
  1627435202 569540427 0  
  1627435203 569540427 0  
  1627435204 569540427 0  
  1627435205 569540427 0  
  1627435206 569540427 0  
  1627435207 569540427 0  
  1627435208 569540427 0  
  1627435209 569540427 0  
  1627435210 569540427 0  
  1627435211 569540427 0  
  1627435212 569540427 0  
  1627435213 569540427 0  
  1627435214 569540427 0  
  1627435215 569540427 0  
  1627435216 569540427 0  
  1627435217 569540427 0  
  1627435218 569540427 0  
  1627435219 569540427 0  
  1627435220 569540427 0  
  1627435221 569540427 0  
  1627435222 569540427 0  
  1627435223 569540427 0  
  1627435224 569540427 0  
  1627435225 569540427 0  
  1627435226 569540427 0  
  1627435228 569540427 0  
  1627435229 569540427 0  
  1627435230 569540427 0  
  1627435231 569540427 0  
  1627435232 569540427 0  
  1627435233 569540519 0  
  1627435234 569540519 0  
  1627435235 569540519 0  
  1627435236 569540519 0  
  1627435237 569540519 0  
  1627435238 569540519 0  
  1627435239 569540519 0  
  1627435240 569540876 0  
  1627435241 569540876 0  
  1627435242 569540876 0  
  1627435243 569540876 0  
  1627435244 569540876 0  
  1627435245 569540876 0  
  1627435246 569540876 0  
  1627435247 569540876 0  
  1627435248 569540876 0  
  1627435249 569540876 0  
  1627435250 569540876 0  
  1627435251 569540876 0  
  1627435252 569540876 0  
  1627435253 569540876 0  
  1627435254 569540876 0  
  1627435255 569540876 0  
  1627435256 569540876 0  
  1627435257 569540876 0  
  1627435258 569540876 0  
  1627435259 569540876 0  
  1627435260 569540876 0  
  1627435261 569540876 0  
  1627435262 569540876 0  
  1627435263 569540876 0  
  1627435264 569540876 0  
  1627435265 569540876 0  
  1627435267 569540876 0  
  1627435268 569540876 0  
  1627435269 569540876 0  
  1627435270 569540876 0  
  1627435271 569540876 0  
  1627435272 569540876 0  
  1627435273 569540876 0  
  1627435274 569540876 0  
  1627435275 569540876 0  
  1627435276 569540876 0  
  1627435277 569540876 0  
  1627435278 569540876 0  
  1627435279 569540876 0  
  1627435280 569541472 0  
  1627435281 569541472 0  
  1627435282 569541472 0  
  1627435283 569541472 0  
  1627435284 569541472 0  
  1627435285 569541472 0  
  1627435286 569541472 0  
  1627435287 569541472 0  
  1627435288 569541472 0  
  1627435289 569541472 0  
  1627435290 569541472 0  
  1627435291 569541472 0  
  1627435292 569541472 0  
  1627435293 569541472 0  
  1627435294 569541472 0  
  1627435295 569541472 0  
  1627435296 569541472 0  
  1627435297 569541472 0  
  1627435298 569541472 0  
  1627435299 569541472 0  
  1627435300 569541472 0  
  1627435301 569541472 0  
  1627435302 569541472 0  
  1627435303 569541472 0  
  1627435304 569541472 0  
  1627435306 569541472 0  
  1627435307 569541472 0  
  1627435308 569541472 0  
  1627435309 569541472 0  
  1627435310 569541472 0  
  1627435311 569541472 0  
  1627435312 569541472 0  
  1627435313 569541472 0  
  1627435314 569541472 0  
  1627435315 569541472 0  
  1627435316 569541472 0  
  1627435317 569541472 0  
  1627435318 569541472 0  
  1627435319 569541472 0  
  1627435320 569541472 0  
  1627435321 569541472 0  
  1627435322 569541472 0  
  1627435323 569541472 0  
  1627435324 569541472 0  
  1627435325 569541472 0  
  1627435326 569541472 0  
  1627435327 569541472 0  
  1627435328 569545781 0  
  1627435329 569546105 0  
  1627435330 569546813 0  
  1627435331 569546813 0  
  1627435332 569546813 0  
  1627435333 569546813 0  
  1627435334 569546813 0  
  1627435335 569546813 0  
  1627435336 569546813 0  
  1627435337 569546813 0  
  1627435338 569546813 0  
  1627435339 569546813 0  
  1627435340 569546813 0  
  1627435341 569546813 0  
  1627435342 569546813 0  
  1627435343 569546813 0  
  1627435345 569546813 0  
  1627435346 569546813 0  
  1627435347 569546813 0  
  1627435348 569546813 0  
  1627435349 569546813 0  
  1627435350 569546813 0  
  1627435351 569546813 0  
  1627435352 569546813 0  
  1627435353 569546813 0  
  1627435354 569546813 0  
  1627435355 569546813 0  
  1627435356 569546813 0  
  1627435357 569551122 0  
  1627435358 569551446 0  
  1627435359 569552154 0  
  1627435360 569552154 0  
  1627435361 569552154 0  
  1627435362 569552154 0  
  1627435363 569552154 0  
  1627435364 569552154 0  
  1627435365 569552154 0  
  1627435366 569552154 0  
  1627435367 569552154 0  
  1627435368 569552154 0  
  1627435369 569552154 0  
  1627435370 569552154 0  
  1627435371 569552154 0  
  1627435372 569552154 0  
  1627435373 569552154 0  
  1627435374 569552154 0  
  1627435375 569552154 0  
  1627435376 569552154 0  
  1627435377 569552154 0  
  1627435378 569552154 0  
  1627435379 569552154 0  
  1627435380 569552154 0  
  1627435381 569552154 0  
  1627435382 569552154 0  
  1627435383 569552154 0  
  1627435385 569552154 0  
  1627435386 569552154 0  
  1627435387 569552154 0  
  1627435388 569552154 0  
  1627435389 569552154 0  
  1627435390 569552154 0  
  1627435391 569552154 0  
  1627435392 569552154 0  
  1627435393 569552154 0  
  1627435394 569552154 0  
  1627435395 569552154 0  
  1627435396 569552154 0  
  1627435397 569552154 0  
  1627435398 569552154 0  
  1627435399 569552154 0  
  1627435400 569560772 0  
  1627435401 569561420 0  
  1627435402 569562836 0  
  1627435403 569562836 0  
  1627435404 569562836 0  
  1627435405 569562836 0  
  1627435406 569562836 0  
  1627435407 569562836 0  
  1627435408 569562836 0  
  1627435409 569562836 0  
  1627435410 569562836 0  
  1627435411 569562836 0  
  1627435412 569562836 0  
  1627435413 569562836 0  
  1627435414 569562836 0  
  1627435415 569562836 0  
  1627435416 569562836 0  
  1627435417 569562836 0  
  1627435418 569562836 0  
  1627435419 569562836 0  
  1627435420 569562836 0  
  1627435421 569562836 0  
  1627435422 569562836 0  
  1627435424 569562836 0  
  1627435425 569562836 0  
  1627435426 569562836 0  
  1627435427 569562836 0  
  1627435428 569562836 0  
  1627435429 569562836 0  
  1627435430 569562836 0  
  1627435431 569562836 0  
  1627435432 569562836 0  
  1627435433 569562836 0  
  1627435434 569562836 0  
  1627435435 569562836 0  
  1627435436 569562836 0  
  1627435437 569562836 0  
  1627435438 569562836 0  
  1627435439 569567469 0  
  1627435440 569567469 0  
  1627435441 569568177 0  
  1627435442 569568177 0  
  1627435443 569568177 0  
  1627435444 569568177 0  
  1627435445 569568177 0  
  1627435446 569568177 0  
  1627435447 569568177 0  
  1627435448 569568177 0  
  1627435449 569568177 0  
  1627435450 569568177 0  
  1627435451 569568177 0  
  1627435452 569568177 0  
  1627435453 569568177 0  
  1627435454 569568177 0  
  1627435455 569568177 0  
  1627435456 569568177 0  
  1627435457 569568177 0  
  1627435458 569568177 0  
  1627435459 569568177 0  
  1627435460 569568177 0  
  1627435461 569568177 0  
  1627435462 569568177 0  
  1627435464 569568177 0  
  1627435465 569568177 0  
  1627435466 569568177 0  
  1627435467 569568177 0  
  1627435468 569568177 0  
  1627435469 569568177 0  
  1627435470 569568177 0  
  1627435471 569568177 0  
  1627435472 569568177 0  
  1627435473 569568177 0  
  1627435474 569568177 0  
  1627435475 569568177 0  
  1627435476 569568177 0  
  1627435477 569568177 0  
  1627435478 569568177 0  
  1627435479 569568177 0  
  1627435480 569568773 0  
  1627435481 569568773 0  
  1627435482 569568773 0  
  1627435483 569568773 0  
  1627435484 569568773 0  
  1627435485 569568773 0  
  1627435486 569568773 0  
  1627435487 569568773 0  
  1627435488 569568773 0  
  1627435489 569568773 0  
  1627435490 569568773 0  
  1627435491 569568773 0  
  1627435492 569568773 0  
  1627435493 569568773 0  
  1627435494 569568773 0  
  1627435495 569568773 0  
  1627435496 569568773 0  
  1627435497 569568773 0  
  1627435498 569568773 0  
  1627435499 569568773 0  
  1627435500 569568773 0  
  1627435501 569568773 0  
  1627435503 569568773 0  
  1627435504 569568773 0  
  1627435505 569568773 0  
  1627435506 569568773 0  
  1627435507 569568773 0  
  1627435508 569568773 0  
  1627435509 569568773 0  
  1627435510 569568773 0  
  1627435511 569568773 0  
  1627435512 569568773 0  
  1627435513 569568773 0  
  1627435514 569568773 0  
  1627435515 569568773 0  
  1627435516 569568773 0  
  1627435517 569568773 0  
  1627435518 569568773 0  
  1627435519 569568773 0  
  1627435520 569568773 0  
  1627435521 569568773 0  
  1627435522 569568773 0  
  1627435523 569568773 0  
  1627435524 569568773 0  
  1627435525 569568773 0  
  1627435526 569568773 0  
  1627435527 569568773 0  
  1627435528 569568773 0  
  1627435529 569568773 0  
  1627435530 569568773 0  
  1627435531 569568773 0  
  1627435532 569568773 0  
  1627435533 569568773 0  
  1627435534 569568773 0  
  1627435535 569568773 0  
  1627435536 569568773 0  
  1627435537 569568773 0  
  1627435538 569568773 0  
  1627435539 569568773 0  
  1627435540 569569130 0  
  1627435542 569569130 0  
  1627435543 569569130 0  
  1627435544 569569130 0  
  1627435545 569569130 0  
  1627435546 569569130 0  
  1627435547 569569130 0  
  1627435548 569569130 0  
  1627435549 569569130 0  
  1627435550 569569222 0  
  1627435551 569569222 0  
  1627435552 569569222 0  
  1627435553 569569222 0  
  1627435554 569569222 0  
  1627435555 569569222 0  
  1627435556 569569222 0  
  1627435557 569569222 0  
  1627435558 569569222 0  
  1627435559 569569222 0  
  1627435560 569569222 0  
  1627435561 569569222 0  
  1627435562 569569222 0  
  1627435563 569569222 0  
  1627435564 569569222 0  
  1627435565 569569222 0  
  1627435566 569569222 0  
  1627435567 569569222 0  
  1627435568 569569222 0  
  1627435569 569569222 0  
  1627435570 569569222 0  
  1627435571 569569222 0  
  1627435572 569569222 0  
  1627435573 569569222 0  
  1627435574 569569222 0  
  1627435575 569569222 0  
  1627435576 569569222 0  
  1627435577 569569222 0  
  1627435578 569569222 0  
  1627435579 569569222 0  
  1627435581 569569222 0  
  1627435582 569569222 0  
  1627435583 569569222 0  
  1627435584 569569222 0  
  1627435585 569569222 0  
  1627435586 569569222 0  
  1627435587 569569222 0  
  1627435588 569569222 0  
  1627435589 569569222 0  
  1627435590 569569222 0  
  1627435591 569569222 0  
  1627435592 569569222 0  
  1627435593 569569222 0  
  1627435594 569569222 0  
  1627435595 569569222 0  
  1627435596 569569222 0  
  1627435597 569569222 0  
  1627435598 569569222 0  
 