 1626781493 458840488 0  
  1626781494 458840488 0  
  1626781495 458840488 0  
  1626781496 458840488 0  
  1626781497 458840488 0  
  1626781498 458840488 0  
  1626781499 458840488 0  
  1626781500 458840488 0  
  1626781501 458840488 0  
  1626781502 458840488 0  
  1626781503 458840488 0  
  1626781504 458840488 0  
  1626781505 458840488 0  
  1626781506 458840488 0  
  1626781507 458840488 0  
  1626781508 458840488 0  
  1626781509 458844797 0  
  1626781510 458845121 0  
  1626781511 458845121 0  
  1626781512 458845829 0  
  1626781513 458845829 0  
  1626781514 458845829 0  
  1626781515 458845829 0  
  1626781516 458845921 0  
  1626781517 458845921 0  
  1626781518 458845921 0  
  1626781519 458846013 0  
  1626781520 458846013 0  
  1626781521 458846013 0  
  1626781522 458850322 0  
  1626781523 458853543 0  
  1626781524 458860552 0  
  1626781525 458861192 0  
  1626781527 458861764 0  
  1626781528 458861764 0  
  1626781529 458861764 0  
  1626781530 458861764 0  
  1626781531 458861764 0  
  1626781532 458861764 0  
  1626781533 458861764 0  
  1626781534 458861764 0  
  1626781535 458861764 0  
  1626781536 458861764 0  
  1626781537 458861764 0  
  1626781538 458861764 0  
  1626781539 458861764 0  
  1626781540 458861764 0  
  1626781541 458861764 0  
  1626781542 458861764 0  
  1626781543 458862121 0  
  1626781544 458862121 0  
  1626781545 458862121 0  
  1626781546 458862121 0  
  1626781547 458862121 0  
  1626781548 458862121 0  
  1626781549 458862121 0  
  1626781550 458862121 0  
  1626781551 458862213 0  
  1626781552 458862213 0  
  1626781553 458862213 0  
  1626781554 458862213 0  
  1626781555 458862213 0  
  1626781556 458862213 0  
  1626781557 458862213 0  
  1626781558 458862213 0  
  1626781559 458862213 0  
  1626781560 458862213 0  
  1626781561 458862213 0  
  1626781562 458862213 0  
  1626781563 458862213 0  
  1626781564 458862213 0  
  1626781565 458862213 0  
  1626781567 458862213 0  
  1626781568 458862213 0  
  1626781569 458862213 0  
  1626781570 458862213 0  
  1626781571 458862213 0  
  1626781572 458862213 0  
  1626781573 458862213 0  
  1626781574 458862213 0  
  1626781575 458862213 0  
  1626781576 458862213 0  
  1626781577 458862213 0  
  1626781578 458862213 0  
  1626781579 458862213 0  
  1626781580 458862213 0  
  1626781581 458862213 0  
  1626781582 458862305 0  
  1626781583 458862305 0  
  1626781584 458862397 0  
  1626781585 458862397 0  
  1626781586 458862397 0  
  1626781587 458862397 0  
  1626781588 458862397 0  
  1626781589 458862397 0  
  1626781590 458862397 0  
  1626781591 458862397 0  
  1626781592 458862397 0  
  1626781593 458862397 0  
  1626781594 458862397 0  
  1626781595 458862397 0  
  1626781596 458862397 0  
  1626781597 458862397 0  
  1626781598 458862397 0  
  1626781599 458862397 0  
  1626781600 458862397 0  
  1626781601 458862397 0  
  1626781602 458862397 0  
  1626781603 458862397 0  
  1626781604 458862397 0  
  1626781605 458862397 0  
  1626781607 458862397 0  
  1626781608 458862397 0  
  1626781609 458862397 0  
  1626781610 458862397 0  
  1626781611 458862397 0  
  1626781612 458862397 0  
  1626781613 458862397 0  
  1626781614 458862397 0  
  1626781615 458862397 0  
  1626781616 458862489 0  
  1626781617 458862489 0  
  1626781618 458862489 0  
  1626781619 458862489 0  
  1626781620 458862489 0  
  1626781621 458862489 0  
  1626781622 458862489 0  
  1626781623 458862489 0  
  1626781624 458862489 0  
  1626781625 458862489 0  
  1626781626 458862489 0  
  1626781627 458862489 0  
  1626781628 458862489 0  
  1626781629 458862489 0  
  1626781630 458862489 0  
  1626781631 458862489 0  
  1626781632 458862489 0  
  1626781633 458862489 0  
  1626781634 458862489 0  
  1626781635 458862489 0  
  1626781636 458862489 0  
  1626781637 458862489 0  
  1626781638 458862489 0  
  1626781639 458862489 0  
  1626781640 458862489 0  
  1626781641 458862489 0  
  1626781642 458862489 0  
  1626781643 458862489 0  
  1626781644 458862489 0  
  1626781645 458862489 0  
  1626781647 458862489 0  
  1626781648 458862489 0  
  1626781649 458862581 0  
  1626781650 458862581 0  
  1626781651 458862581 0  
  1626781652 458862581 0  
  1626781653 458862581 0  
  1626781654 458862581 0  
  1626781655 458862581 0  
  1626781656 458862581 0  
  1626781657 458862581 0  
  1626781658 458862581 0  
  1626781659 458862581 0  
  1626781660 458862581 0  
  1626781661 458862581 0  
  1626781662 458862581 0  
  1626781663 458862581 0  
  1626781664 458862581 0  
  1626781665 458862581 0  
  1626781666 458863177 0  
  1626781667 458863177 0  
  1626781668 458863177 0  
  1626781669 458863177 0  
  1626781670 458863177 0  
  1626781671 458863177 0  
  1626781672 458867486 0  
  1626781673 458867810 0  
  1626781674 458868518 0  
  1626781675 458868518 0  
  1626781676 458868518 0  
  1626781677 458868518 0  
  1626781678 458868518 0  
  1626781679 458868518 0  
  1626781680 458868610 0  
  1626781681 458868610 0  
  1626781682 458868610 0  
  1626781683 458868610 0  
  1626781684 458868610 0  
  1626781685 458868610 0  
  1626781686 458868610 0  
  1626781688 458868610 0  
  1626781689 458868610 0  
  1626781690 458868610 0  
  1626781691 458868610 0  
  1626781692 458868610 0  
  1626781693 458868610 0  
  1626781694 458868610 0  
  1626781695 458868610 0  
  1626781696 458868610 0  
  1626781697 458868610 0  
  1626781698 458868610 0  
  1626781699 458868610 0  
  1626781700 458868610 0  
  1626781701 458868610 0  
  1626781702 458868610 0  
  1626781703 458868610 0  
  1626781704 458868610 0  
  1626781705 458868610 0  
  1626781706 458868610 0  
  1626781707 458868610 0  
  1626781708 458868610 0  
  1626781709 458868610 0  
  1626781710 458868610 0  
  1626781711 458868702 0  
  1626781712 458868702 0  
  1626781713 458868794 0  
  1626781714 458868794 0  
  1626781715 458868794 0  
  1626781716 458868794 0  
  1626781717 458868876 0  
  1626781718 458868876 0  
  1626781719 458868876 0  
  1626781720 458868876 0  
  1626781721 458868876 0  
  1626781722 458868876 0  
  1626781723 458868876 0  
  1626781724 458868876 0  
  1626781725 458868876 0  
  1626781726 458868876 0  
  1626781728 458868876 0  
  1626781729 458868876 0  
  1626781730 458868876 0  
  1626781731 458868876 0  
  1626781732 458868876 0  
  1626781733 458868876 0  
  1626781734 458868876 0  
  1626781735 458868876 0  
  1626781736 458868876 0  
  1626781737 458868876 0  
  1626781738 458868876 0  
  1626781739 458868876 0  
  1626781740 458868876 0  
  1626781741 458868876 0  
  1626781742 458868876 0  
  1626781743 458868876 0  
  1626781744 458868876 0  
  1626781745 458868968 0  
  1626781746 458868968 0  
  1626781747 458868968 0  
  1626781748 458868968 0  
  1626781749 458868968 0  
  1626781750 458868968 0  
  1626781751 458868968 0  
  1626781752 458868968 0  
  1626781753 458868968 0  
  1626781754 458868968 0  
  1626781755 458868968 0  
  1626781756 458868968 0  
  1626781757 458868968 0  
  1626781758 458868968 0  
  1626781759 458868968 0  
  1626781760 458868968 0  
  1626781761 458868968 0  
  1626781762 458868968 0  
  1626781763 458868968 0  
  1626781764 458868968 0  
  1626781765 458868968 0  
  1626781767 458868968 0  
  1626781768 458868968 0  
  1626781769 458868968 0  
  1626781770 458868968 0  
  1626781771 458868968 0  
  1626781772 458868968 0  
  1626781773 458868968 0  
  1626781774 458868968 0  
  1626781775 458868968 0  
  1626781776 458868968 0  
  1626781777 458868968 0  
  1626781778 458869060 0  
  1626781779 458869060 0  
  1626781780 458869060 0  
  1626781781 458869060 0  
  1626781782 458869060 0  
  1626781783 458869060 0  
  1626781784 458869060 0  
  1626781785 458869060 0  
  1626781786 458869060 0  
  1626781787 458869060 0  
  1626781788 458869060 0  
  1626781789 458869060 0  
  1626781790 458869060 0  
  1626781791 458869060 0  
  1626781792 458869060 0  
  1626781793 458869060 0  
  1626781794 458869060 0  
  1626781795 458869060 0  
  1626781796 458869060 0  
  1626781797 458869060 0  
  1626781798 458869060 0  
  1626781799 458869060 0  
  1626781800 458869060 0  
  1626781801 458869060 0  
  1626781802 458869060 0  
  1626781803 458869060 0  
  1626781804 458869060 0  
  1626781806 458869060 0  
  1626781807 458869060 0  
  1626781808 458869060 0  
  1626781809 458873369 0  
  1626781810 458873693 0  
  1626781811 458874493 0  
  1626781812 458874493 0  
  1626781813 458874493 0  
  1626781814 458874493 0  
  1626781815 458874493 0  
  1626781816 458874493 0  
  1626781817 458874493 0  
  1626781818 458874493 0  
  1626781819 458874493 0  
  1626781820 458874493 0  
  1626781821 458874493 0  
  1626781822 458874493 0  
  1626781823 458878802 0  
  1626781824 458883759 0  
  1626781825 458889032 0  
  1626781826 458889900 0  
  1626781827 458890608 0  
  1626781828 458890608 0  
  1626781829 458890608 0  
  1626781830 458890608 0  
  1626781831 458890608 0  
  1626781832 458890608 0  
  1626781833 458890608 0  
  1626781834 458890608 0  
  1626781835 458890608 0  
  1626781836 458890608 0  
  1626781837 458890608 0  
  1626781838 458890608 0  
  1626781839 458890608 0  
  1626781840 458890700 0  
  1626781841 458890700 0  
  1626781842 458890700 0  
  1626781843 459139410 0  
  1626781845 459139410 0  
  1626781846 459139529 0  
  1626781847 459139529 0  
  1626781848 459139529 0  
  1626781849 459139529 0  
  1626781850 459139529 0  
  1626781851 459139529 0  
  1626781852 459139529 0  
  1626781853 459139529 0  
  1626781854 459139529 0  
  1626781855 459139529 0  
  1626781856 459139529 0  
  1626781857 459139529 0  
  1626781858 459139529 0  
  1626781859 459139621 0  
  1626781860 459139621 0  
  1626781861 459139621 0  
  1626781862 459139621 0  
  1626781863 459139621 0  
  1626781864 459139621 0  
  1626781865 459140217 0  
  1626781866 459140217 0  
  1626781867 459140217 0  
  1626781868 459140217 0  
  1626781869 459140217 0  
  1626781870 459140217 0  
  1626781871 459140217 0  
  1626781872 459140217 0  
  1626781873 459140217 0  
  1626781874 459140217 0  
  1626781875 459140217 0  
  1626781876 459140217 0  
  1626781877 459140217 0  
  1626781878 459140217 0  
  1626781879 459140217 0  
  1626781880 459140217 0  
  1626781881 459140217 0  
  1626781882 459140217 0  
  1626781883 459140217 0  
  1626781885 459140217 0  
  1626781886 459140217 0  
  1626781887 459140217 0  
  1626781888 459140217 0  
  1626781889 459140217 0  
  1626781890 459140217 0  
  1626781891 459140309 0  
  1626781892 459140309 0  
  1626781893 459140309 0  
  1626781894 459140309 0  
  1626781895 459140309 0  
  1626781896 459140309 0  
  1626781897 459140309 0  
  1626781898 459140309 0  
  1626781899 459140309 0  
  1626781900 459140309 0  
  1626781901 459140309 0  
  1626781902 459140309 0  
  1626781903 459140309 0  
  1626781904 459140309 0  
  1626781905 459140309 0  
  1626781906 459140309 0  
  1626781907 459140309 0  
  1626781908 459140309 0  
  1626781909 459140309 0  
  1626781910 459140309 0  
  1626781911 459140309 0  
  1626781912 459140309 0  
  1626781913 459140309 0  
  1626781914 459140309 0  
  1626781915 459140309 0  
  1626781916 459140309 0  
  1626781917 459140309 0  
  1626781918 459140309 0  
  1626781919 459140309 0  
  1626781920 459140309 0  
  1626781921 459140309 0  
  1626781922 459140309 0  
  1626781924 459140401 0  
  1626781925 459140401 0  
  1626781926 459140401 0  
  1626781927 459140401 0  
  1626781928 459140401 0  
  1626781929 459140401 0  
  1626781930 459140401 0  
  1626781931 459140401 0  
  1626781932 459140401 0  
  1626781933 459140401 0  
  1626781934 459140401 0  
  1626781935 459140401 0  
  1626781936 459140401 0  
  1626781937 459140401 0  
  1626781938 459140401 0  
  1626781939 459140401 0  
  1626781940 459140401 0  
  1626781941 459140401 0  
  1626781942 459140401 0  
  1626781943 459140401 0  
  1626781944 459140401 0  
  1626781945 459140401 0  
  1626781946 459140401 0  
  1626781947 459140401 0  
  1626781948 459140401 0  
  1626781949 459140401 0  
  1626781950 459140401 0  
  1626781951 459140401 0  
  1626781952 459140401 0  
  1626781953 459140401 0  
  1626781954 459140401 0  
  1626781955 459140493 0  
  1626781956 459140493 0  
  1626781957 459140493 0  
  1626781958 459140493 0  
  1626781959 459140493 0  
  1626781960 459140493 0  
  1626781961 459140493 0  
  1626781962 459140493 0  
  1626781963 459140493 0  
  1626781965 459140493 0  
  1626781966 459140493 0  
  1626781967 459140493 0  
  1626781968 459140493 0  
  1626781969 459140493 0  
  1626781970 459140585 0  
  1626781971 459140585 0  
  1626781972 459144894 0  
  1626781973 459145218 0  
  1626781974 459145218 0  
  1626781975 459145926 0  
  1626781976 459145926 0  
  1626781977 459145926 0  
  1626781978 459145926 0  
  1626781979 459145926 0  
  1626781980 459145926 0  
  1626781981 459145926 0  
  1626781982 459145926 0  
  1626781983 459145926 0  
  1626781984 459145926 0  
  1626781985 459145926 0  
  1626781986 459145926 0  
  1626781987 459145926 0  
  1626781988 459146018 0  
  1626781989 459146018 0  
  1626781990 459146018 0  
  1626781991 459146018 0  
  1626781992 459146018 0  
  1626781993 459146018 0  
  1626781994 459146018 0  
  1626781995 459146018 0  
  1626781996 459146018 0  
  1626781997 459146018 0  
  1626781998 459146018 0  
  1626781999 459146018 0  
  1626782000 459146018 0  
  1626782001 459146018 0  
  1626782002 459146018 0  
  1626782004 459146018 0  
  1626782005 459146018 0  
  1626782006 459146018 0  
  1626782007 459146018 0  
  1626782008 459146018 0  
  1626782009 459146018 0  
  1626782010 459146018 0  
  1626782011 459146018 0  
  1626782012 459146018 0  
  1626782013 459146018 0  
  1626782014 459146018 0  
  1626782015 459146018 0  
  1626782016 459146018 0  
  1626782017 459146018 0  
  1626782018 459146018 0  
  1626782019 459146018 0  
  1626782020 459146018 0  
  1626782021 459146110 0  
  1626782022 459146110 0  
  1626782023 459146110 0  
  1626782024 459146110 0  
  1626782025 459146110 0  
  1626782026 459146110 0  
  1626782027 459146110 0  
  1626782028 459146110 0  
  1626782029 459146110 0  
  1626782030 459146110 0  
  1626782031 459146110 0  
  1626782032 459146110 0  
  1626782033 459146110 0  
  1626782034 459146202 0  
  1626782035 459146202 0  
  1626782036 459146202 0  
  1626782037 459146202 0  
  1626782038 459146202 0  
  1626782039 459146202 0  
  1626782040 459146202 0  
  1626782041 459146202 0  
  1626782042 459146202 0  
  1626782044 459146202 0  
  1626782045 459146202 0  
  1626782046 459146202 0  
  1626782047 459146202 0  
  1626782048 459146202 0  
  1626782049 459146202 0  
  1626782050 459146202 0  
  1626782051 459146202 0  
  1626782052 459146202 0  
  1626782053 459146294 0  
  1626782054 459146294 0  
  1626782055 459146294 0  
  1626782056 459146294 0  
  1626782057 459146294 0  
  1626782058 459146294 0  
  1626782059 459146294 0  
  1626782060 459146294 0  
  1626782061 459146294 0  
  1626782062 459146294 0  
  1626782063 459146294 0  
  1626782064 459146294 0  
  1626782065 459146294 0  
  1626782066 459146890 0  
  1626782067 459146890 0  
  1626782068 459146890 0  
  1626782069 459146890 0  
  1626782070 459146890 0  
  1626782071 459146890 0  
  1626782072 459146890 0  
  1626782073 459146890 0  
  1626782074 459146890 0  
  1626782075 459146890 0  
  1626782076 459146890 0  
  1626782077 459146890 0  
  1626782078 459146890 0  
  1626782079 459146890 0  
  1626782080 459146890 0  
  1626782081 459146890 0  
  1626782082 459146890 0  
  1626782084 459146890 0  
  1626782085 459146890 0  
  1626782086 459146982 0  
  1626782087 459146982 0  
  1626782088 459146982 0  
  1626782089 459146982 0  
  1626782090 459146982 0  
  1626782091 459146982 0  
  1626782092 459146982 0  
  1626782093 459146982 0  
  1626782094 459146982 0  
  1626782095 459146982 0  
  1626782096 459146982 0  
  1626782097 459146982 0  
  1626782098 459146982 0  
  1626782099 459147074 0  
  1626782100 459147074 0  
  1626782101 459147074 0  
  1626782102 459147074 0  
  1626782103 459147074 0  
  1626782104 459147074 0  
  1626782105 459147074 0  
  1626782106 459147074 0  
  1626782107 459147074 0  
  1626782108 459151383 0  
  1626782109 459151707 0  
  1626782110 459151707 0  
  1626782111 459152415 0  
  1626782112 459152415 0  
  1626782113 459152415 0  
  1626782114 459152415 0  
  1626782115 459152415 0  
  1626782116 459152415 0  
  1626782117 459152507 0  
  1626782118 459152507 0  
  1626782119 459152507 0  
  1626782120 459152507 0  
  1626782121 459152507 0  
  1626782122 459152507 0  
  1626782124 459161773 0  
  1626782125 459166406 0  
  1626782126 459167754 0  
  1626782127 459168462 0  
  1626782128 459168462 0  
  1626782129 459168462 0  
  1626782130 459168462 0  
  1626782131 459168462 0  
 