 1626773009 460467090 0  
  1626773010 460467090 0  
  1626773011 460467090 0  
  1626773012 460467090 0  
  1626773013 460467090 0  
  1626773014 460467090 0  
  1626773015 460467090 0  
  1626773016 460467090 0  
  1626773017 460467090 0  
  1626773018 460467182 0  
  1626773019 460467182 0  
  1626773020 460467182 0  
  1626773021 460467182 0  
  1626773022 460467182 0  
  1626773023 460467182 0  
  1626773024 460467182 0  
  1626773025 460467182 0  
  1626773026 460467182 0  
  1626773027 460467182 0  
  1626773028 460467182 0  
  1626773029 460467182 0  
  1626773030 460467182 0  
  1626773031 460467182 0  
  1626773032 460467274 0  
  1626773033 460467274 0  
  1626773035 460467274 0  
  1626773036 460467274 0  
  1626773037 460467274 0  
  1626773038 460467274 0  
  1626773039 460467274 0  
  1626773040 460467274 0  
  1626773041 460467274 0  
  1626773042 460467274 0  
  1626773043 460467274 0  
  1626773044 460467274 0  
  1626773045 460467274 0  
  1626773046 460467274 0  
  1626773047 460467274 0  
  1626773048 460467274 0  
  1626773049 460467274 0  
  1626773050 460467274 0  
  1626773051 460467274 0  
  1626773052 460467274 0  
  1626773053 460467274 0  
  1626773054 460467274 0  
  1626773055 460467274 0  
  1626773056 460467274 0  
  1626773057 460467274 0  
  1626773058 460467274 0  
  1626773059 460467274 0  
  1626773060 460467274 0  
  1626773061 460467274 0  
  1626773062 460467274 0  
  1626773063 460467274 0  
  1626773064 460467274 0  
  1626773065 460467274 0  
  1626773066 460467274 0  
  1626773067 460467274 0  
  1626773068 460467274 0  
  1626773069 460467274 0  
  1626773070 460467274 0  
  1626773071 460467274 0  
  1626773072 460467274 0  
  1626773073 460467274 0  
  1626773075 460467274 0  
  1626773076 460467274 0  
  1626773077 460467274 0  
  1626773078 460467274 0  
  1626773079 460467274 0  
  1626773080 460467274 0  
  1626773081 460467274 0  
  1626773082 460467274 0  
  1626773083 460467366 0  
  1626773084 460467366 0  
  1626773085 460467366 0  
  1626773086 460467366 0  
  1626773087 460467366 0  
  1626773088 460467366 0  
  1626773089 460467366 0  
  1626773090 460467366 0  
  1626773091 460467366 0  
  1626773092 460467366 0  
  1626773093 460467366 0  
  1626773094 460467366 0  
  1626773095 460467366 0  
  1626773096 460467366 0  
  1626773097 460467366 0  
  1626773098 460467366 0  
  1626773099 460467366 0  
  1626773100 460467366 0  
  1626773101 460467366 0  
  1626773102 460467366 0  
  1626773103 460467366 0  
  1626773104 460467366 0  
  1626773105 460467366 0  
  1626773106 460467366 0  
  1626773107 460471675 0  
  1626773108 460471999 0  
  1626773109 460471999 0  
  1626773110 460472707 0  
  1626773111 460472707 0  
  1626773112 460472707 0  
  1626773113 460472707 0  
  1626773115 460472707 0  
  1626773116 460472707 0  
  1626773117 460472707 0  
  1626773118 460472707 0  
  1626773119 460472707 0  
  1626773120 460472707 0  
  1626773121 460477160 0  
  1626773122 460481973 0  
  1626773123 460488022 0  
  1626773124 460488730 0  
  1626773125 460488730 0  
  1626773126 460488730 0  
  1626773127 460488730 0  
  1626773128 460488730 0  
  1626773129 460488730 0  
  1626773130 460488730 0  
  1626773131 460488730 0  
  1626773132 460488730 0  
  1626773133 460488730 0  
  1626773134 460488798 0  
  1626773135 460488798 0  
  1626773136 460488798 0  
  1626773137 460488798 0  
  1626773138 460488798 0  
  1626773139 460488798 0  
  1626773140 460490379 0  
  1626773141 460490379 0  
  1626773142 460490379 0  
  1626773143 460490379 0  
  1626773144 460490379 0  
  1626773145 460490379 0  
  1626773146 460490379 0  
  1626773147 460490379 0  
  1626773148 460490471 0  
  1626773149 460490471 0  
  1626773150 460490471 0  
  1626773151 460490471 0  
  1626773152 460490471 0  
  1626773153 460490471 0  
  1626773155 460490471 0  
  1626773156 460490471 0  
  1626773157 460490471 0  
  1626773158 460490471 0  
  1626773159 460490471 0  
  1626773160 460490471 0  
  1626773161 460490471 0  
  1626773162 460490471 0  
  1626773163 460490471 0  
  1626773164 460490471 0  
  1626773165 460490471 0  
  1626773166 460491067 0  
  1626773167 460491067 0  
  1626773168 460491067 0  
  1626773169 460491067 0  
  1626773170 460491067 0  
  1626773171 460491067 0  
  1626773172 460491067 0  
  1626773173 460491067 0  
  1626773174 460491067 0  
  1626773175 460491067 0  
  1626773176 460491067 0  
  1626773177 460491067 0  
  1626773178 460491067 0  
  1626773179 460491067 0  
  1626773180 460491067 0  
  1626773181 460491067 0  
  1626773182 460491067 0  
  1626773183 460491067 0  
  1626773184 460491067 0  
  1626773185 460491067 0  
  1626773186 460491067 0  
  1626773187 460491067 0  
  1626773188 460491067 0  
  1626773189 460491067 0  
  1626773190 460491067 0  
  1626773191 460491067 0  
  1626773192 460491067 0  
  1626773193 460491067 0  
  1626773195 460491067 0  
  1626773196 460491067 0  
  1626773197 460491067 0  
  1626773198 460491067 0  
  1626773199 460491067 0  
  1626773200 460491067 0  
  1626773201 460491067 0  
  1626773202 460491067 0  
  1626773203 460491067 0  
  1626773204 460491067 0  
  1626773205 460491067 0  
  1626773206 460491067 0  
  1626773207 460491067 0  
  1626773208 460491067 0  
  1626773209 460491067 0  
  1626773210 460491067 0  
  1626773211 460491067 0  
  1626773212 460491067 0  
  1626773213 460491067 0  
  1626773214 460491159 0  
  1626773215 460491159 0  
  1626773216 460491159 0  
  1626773217 460491159 0  
  1626773218 460491159 0  
  1626773219 460491159 0  
  1626773220 460491159 0  
  1626773221 460491159 0  
  1626773222 460491159 0  
  1626773223 460491159 0  
  1626773224 460491159 0  
  1626773225 460491159 0  
  1626773226 460491159 0  
  1626773227 460491159 0  
  1626773228 460491159 0  
  1626773229 460491159 0  
  1626773230 460491159 0  
  1626773231 460491159 0  
  1626773232 460491159 0  
  1626773233 460491159 0  
  1626773234 460491159 0  
  1626773236 460491159 0  
  1626773237 460491159 0  
  1626773238 460491159 0  
  1626773239 460491159 0  
  1626773240 460491159 0  
  1626773241 460491159 0  
  1626773242 460491159 0  
  1626773243 460491159 0  
  1626773244 460491159 0  
  1626773245 460491159 0  
  1626773246 460491159 0  
  1626773247 460491159 0  
  1626773248 460491159 0  
  1626773249 460491159 0  
  1626773250 460491159 0  
  1626773251 460491159 0  
  1626773252 460491159 0  
  1626773253 460491159 0  
  1626773254 460491159 0  
  1626773255 460491159 0  
  1626773256 460491159 0  
  1626773257 460491159 0  
  1626773258 460491159 0  
  1626773259 460491159 0  
  1626773260 460491159 0  
  1626773261 460491159 0  
  1626773262 460491159 0  
  1626773263 460491159 0  
  1626773264 460491159 0  
  1626773265 460491159 0  
  1626773266 460491159 0  
  1626773267 460491159 0  
  1626773268 460491159 0  
  1626773269 460495468 0  
  1626773270 460495792 0  
  1626773271 460495792 0  
  1626773272 460496500 0  
  1626773273 460496500 0  
  1626773274 460496500 0  
  1626773276 460496500 0  
  1626773277 460496500 0  
  1626773278 460496592 0  
  1626773279 460496592 0  
  1626773280 460496592 0  
  1626773281 460496592 0  
  1626773282 460496592 0  
  1626773283 460496592 0  
  1626773284 460496592 0  
  1626773285 460496592 0  
  1626773286 460496592 0  
  1626773287 460496592 0  
  1626773288 460496592 0  
  1626773289 460496592 0  
  1626773290 460496592 0  
  1626773291 460496592 0  
  1626773292 460496592 0  
  1626773293 460496684 0  
  1626773294 460496684 0  
  1626773295 460496684 0  
  1626773296 460496684 0  
  1626773297 460496684 0  
  1626773298 460496684 0  
  1626773299 460496684 0  
  1626773300 460496684 0  
  1626773301 460496684 0  
  1626773302 460496684 0  
  1626773303 460496684 0  
  1626773304 460496684 0  
  1626773305 460496684 0  
  1626773306 460496684 0  
  1626773307 460496684 0  
  1626773308 460496684 0  
  1626773309 460496684 0  
  1626773310 460496776 0  
  1626773311 460496776 0  
  1626773312 460496776 0  
  1626773313 460496776 0  
  1626773314 460496776 0  
  1626773316 460496776 0  
  1626773317 460496776 0  
  1626773318 460496776 0  
  1626773319 460496776 0  
  1626773320 460496776 0  
  1626773321 460496776 0  
  1626773322 460496776 0  
  1626773323 460496776 0  
  1626773324 460496776 0  
  1626773325 460496776 0  
  1626773326 460496776 0  
  1626773327 460496776 0  
  1626773328 460496776 0  
  1626773329 460496776 0  
  1626773330 460496776 0  
  1626773331 460496776 0  
  1626773332 460496776 0  
  1626773333 460496776 0  
  1626773334 460496776 0  
  1626773335 460496776 0  
  1626773336 460496776 0  
  1626773337 460496776 0  
  1626773338 460496776 0  
  1626773339 460496776 0  
  1626773340 460496776 0  
  1626773341 460496776 0  
  1626773342 460496868 0  
  1626773343 460496868 0  
  1626773344 460496868 0  
  1626773345 460496868 0  
  1626773346 460496868 0  
  1626773347 460496868 0  
  1626773348 460496868 0  
  1626773349 460496868 0  
  1626773350 460496868 0  
  1626773351 460496868 0  
  1626773352 460496868 0  
  1626773353 460496868 0  
  1626773354 460496868 0  
  1626773356 460496868 0  
  1626773357 460496868 0  
  1626773358 460496868 0  
  1626773359 460496868 0  
  1626773360 460496868 0  
  1626773361 460496868 0  
  1626773362 460496868 0  
  1626773363 460496868 0  
  1626773364 460496868 0  
  1626773365 460496868 0  
  1626773366 460497464 0  
  1626773367 460497464 0  
  1626773368 460497464 0  
  1626773369 460497464 0  
  1626773370 460497464 0  
  1626773371 460497464 0  
  1626773372 460497464 0  
  1626773373 460497464 0  
  1626773374 460497556 0  
  1626773375 460497556 0  
  1626773376 460497556 0  
  1626773377 460497556 0  
  1626773378 460497556 0  
  1626773379 460497556 0  
  1626773380 460497556 0  
  1626773381 460497556 0  
  1626773382 460497556 0  
  1626773383 460497556 0  
  1626773384 460497556 0  
  1626773385 460497556 0  
  1626773386 460497556 0  
  1626773387 460497556 0  
  1626773388 460497556 0  
  1626773389 460497556 0  
  1626773390 460497556 0  
  1626773391 460497556 0  
  1626773392 460497556 0  
  1626773393 460497556 0  
  1626773394 460497556 0  
  1626773395 460497556 0  
  1626773397 460497556 0  
  1626773398 460497556 0  
  1626773399 460497556 0  
  1626773400 460497556 0  
  1626773401 460497556 0  
  1626773402 460497556 0  
  1626773403 460497556 0  
  1626773404 460497556 0  
  1626773405 460497556 0  
  1626773406 460501685 0  
  1626773407 460502281 0  
  1626773408 460502281 0  
  1626773409 460502989 0  
  1626773410 460502989 0  
  1626773411 460502989 0  
  1626773412 460502989 0  
  1626773413 460502989 0  
  1626773414 460502989 0  
  1626773415 460502989 0  
  1626773416 460502989 0  
  1626773417 460502989 0  
  1626773418 460502989 0  
  1626773419 460502989 0  
  1626773420 460504950 0  
  1626773421 460507622 0  
  1626773422 460516564 0  
  1626773423 460517596 0  
  1626773424 460518944 0  
  1626773425 460518944 0  
  1626773426 460518944 0  
  1626773427 460518944 0  
  1626773428 460518944 0  
  1626773429 460518944 0  
  1626773430 460518944 0  
  1626773431 460518944 0  
  1626773432 460518944 0  
  1626773433 460518944 0  
  1626773434 460518944 0  
  1626773436 460518944 0  
  1626773437 460518944 0  
  1626773438 460518944 0  
  1626773439 460518944 0  
  1626773440 460519393 0  
  1626773441 460519393 0  
  1626773442 460519393 0  
  1626773443 460519393 0  
  1626773444 460519393 0  
  1626773445 460519393 0  
  1626773446 460519393 0  
  1626773447 460519393 0  
  1626773448 460519393 0  
  1626773449 460519393 0  
  1626773450 460519393 0  
  1626773451 460519393 0  
  1626773452 460519393 0  
  1626773453 460519393 0  
  1626773454 460519393 0  
  1626773455 460519393 0  
  1626773456 460519393 0  
  1626773457 460519393 0  
  1626773458 460519393 0  
  1626773459 460519393 0  
  1626773460 460519393 0  
  1626773461 460519393 0  
  1626773462 460519393 0  
  1626773463 460519393 0  
  1626773464 460519393 0  
  1626773465 460523702 0  
  1626773466 460524110 0  
  1626773467 460524110 0  
  1626773468 460524614 0  
  1626773469 460524614 0  
  1626773470 460524614 0  
  1626773471 460524706 0  
  1626773472 460524706 0  
  1626773473 460524706 0  
  1626773474 460524706 0  
  1626773476 460524706 0  
 