 1626774149 462579844 0  
  1626774150 462579844 0  
  1626774151 462579844 0  
  1626774152 462579844 0  
  1626774153 462579844 0  
  1626774154 462579844 0  
  1626774155 462579912 0  
  1626774156 462579912 0  
  1626774157 462579912 0  
  1626774158 462579912 0  
  1626774159 462579912 0  
  1626774160 462579912 0  
  1626774161 462581068 0  
  1626774162 462581068 0  
  1626774164 462581068 0  
  1626774165 462581068 0  
  1626774166 462581068 0  
  1626774167 462581068 0  
  1626774168 462585701 0  
  1626774169 462585701 0  
  1626774170 462586409 0  
  1626774171 462586409 0  
  1626774172 462586409 0  
  1626774173 462586409 0  
  1626774174 462586501 0  
  1626774175 462586501 0  
  1626774176 462586501 0  
  1626774177 462586501 0  
  1626774178 462586501 0  
  1626774179 462586501 0  
  1626774180 462586501 0  
  1626774181 462586501 0  
  1626774182 462586501 0  
  1626774183 462586501 0  
  1626774184 462586501 0  
  1626774185 462586501 0  
  1626774186 462586501 0  
  1626774187 462586501 0  
  1626774188 462586501 0  
  1626774189 462586501 0  
  1626774190 462586501 0  
  1626774191 462586501 0  
  1626774192 462586501 0  
  1626774193 462586501 0  
  1626774194 462586501 0  
  1626774195 462586501 0  
  1626774196 462586501 0  
  1626774197 462586501 0  
  1626774198 462586501 0  
  1626774199 462586501 0  
  1626774200 462586501 0  
  1626774201 462586501 0  
  1626774202 462586501 0  
  1626774204 462586501 0  
  1626774205 462586501 0  
  1626774206 462586501 0  
  1626774207 462586501 0  
  1626774208 462586501 0  
  1626774209 462586501 0  
  1626774210 462586501 0  
  1626774211 462586501 0  
  1626774212 462586501 0  
  1626774213 462586501 0  
  1626774214 462586501 0  
  1626774215 462586501 0  
  1626774216 462586501 0  
  1626774217 462586501 0  
  1626774218 462586501 0  
  1626774219 462586501 0  
  1626774220 462586501 0  
  1626774221 462586501 0  
  1626774222 462586501 0  
  1626774223 462586501 0  
  1626774224 462586501 0  
  1626774225 462586501 0  
  1626774226 462586501 0  
  1626774227 462586501 0  
  1626774228 462586501 0  
  1626774229 462586501 0  
  1626774230 462586501 0  
  1626774231 462586501 0  
  1626774232 462586501 0  
  1626774233 462586501 0  
  1626774234 462586501 0  
  1626774235 462586501 0  
  1626774236 462586501 0  
  1626774237 462586501 0  
  1626774238 462586501 0  
  1626774239 462586593 0  
  1626774240 462586593 0  
  1626774241 462586593 0  
  1626774243 462586593 0  
  1626774244 462586593 0  
  1626774245 462586593 0  
  1626774246 462586593 0  
  1626774247 462586593 0  
  1626774248 462586593 0  
  1626774249 462586593 0  
  1626774250 462586593 0  
  1626774251 462586593 0  
  1626774252 462586593 0  
  1626774253 462586593 0  
  1626774254 462586593 0  
  1626774255 462586593 0  
  1626774256 462586593 0  
  1626774257 462586593 0  
  1626774258 462586593 0  
  1626774259 462586593 0  
  1626774260 462586593 0  
  1626774261 462586593 0  
  1626774262 462586593 0  
  1626774263 462586593 0  
  1626774264 462586593 0  
  1626774265 462587189 0  
  1626774266 462587189 0  
  1626774267 462587189 0  
  1626774268 462587189 0  
  1626774269 462587189 0  
  1626774270 462587189 0  
  1626774271 462587189 0  
  1626774272 462587189 0  
  1626774273 462587189 0  
  1626774274 462587189 0  
  1626774275 462587189 0  
  1626774276 462587189 0  
  1626774277 462587281 0  
  1626774278 462587281 0  
  1626774279 462587281 0  
  1626774280 462587281 0  
  1626774282 462587281 0  
  1626774283 462587281 0  
  1626774284 462587281 0  
  1626774285 462587281 0  
  1626774286 462587281 0  
  1626774287 462587281 0  
  1626774288 462587281 0  
  1626774289 462587281 0  
  1626774290 462587281 0  
  1626774291 462587281 0  
  1626774292 462587281 0  
  1626774293 462587281 0  
  1626774294 462587281 0  
  1626774295 462587281 0  
  1626774296 462587281 0  
  1626774297 462587281 0  
  1626774298 462587281 0  
  1626774299 462587281 0  
  1626774300 462587281 0  
  1626774301 462587281 0  
  1626774302 462587281 0  
  1626774303 462587373 0  
  1626774304 462592006 0  
  1626774305 462592006 0  
  1626774306 462592714 0  
  1626774307 462592714 0  
  1626774308 462592714 0  
  1626774309 462592714 0  
  1626774310 462592714 0  
  1626774311 462592714 0  
  1626774312 462592714 0  
  1626774313 462592714 0  
  1626774314 462592714 0  
  1626774315 462592714 0  
  1626774316 462592714 0  
  1626774317 462592858 0  
  1626774318 462597347 0  
  1626774320 462601980 0  
  1626774321 462607457 0  
  1626774322 462607961 0  
  1626774323 462608669 0  
  1626774324 462608669 0  
  1626774325 462608669 0  
  1626774326 462608669 0  
  1626774327 462608669 0  
  1626774328 462608669 0  
  1626774329 462608669 0  
  1626774330 462608669 0  
  1626774331 462608669 0  
  1626774332 462608669 0  
  1626774333 462608669 0  
  1626774334 462608669 0  
  1626774335 462608669 0  
  1626774336 462608669 0  
  1626774337 462609026 0  
  1626774338 462609026 0  
  1626774339 462609026 0  
  1626774340 462609026 0  
  1626774341 462609026 0  
  1626774342 462609026 0  
  1626774343 462609026 0  
  1626774344 462609026 0  
  1626774345 462609026 0  
  1626774346 462609026 0  
  1626774347 462609026 0  
  1626774348 462609026 0  
  1626774349 462609026 0  
  1626774350 462609026 0  
  1626774351 462609026 0  
  1626774352 462609026 0  
  1626774353 462609026 0  
  1626774354 462609026 0  
  1626774355 462609026 0  
  1626774356 462609026 0  
  1626774357 462609026 0  
  1626774358 462609026 0  
  1626774360 462609026 0  
  1626774361 462609026 0  
  1626774362 462609026 0  
  1626774363 462609026 0  
  1626774364 462609026 0  
  1626774365 462609026 0  
  1626774366 462609026 0  
  1626774367 462609026 0  
  1626774368 462609118 0  
  1626774369 462609118 0  
  1626774370 462609118 0  
  1626774371 462609118 0  
  1626774372 462609118 0  
  1626774373 462609118 0  
  1626774374 462609118 0  
  1626774375 462609118 0  
  1626774376 462609118 0  
  1626774377 462609118 0  
  1626774378 462609118 0  
  1626774379 462609118 0  
  1626774380 462609118 0  
  1626774381 462609118 0  
  1626774382 462609118 0  
  1626774383 462609118 0  
  1626774384 462609118 0  
  1626774385 462609118 0  
  1626774386 462609118 0  
  1626774387 462609118 0  
  1626774388 462609118 0  
  1626774389 462609118 0  
  1626774390 462609118 0  
  1626774391 462609118 0  
  1626774392 462609118 0  
  1626774393 462609118 0  
  1626774394 462609118 0  
  1626774395 462609118 0  
  1626774396 462609118 0  
  1626774398 462609118 0  
  1626774399 462609118 0  
  1626774400 462609118 0  
  1626774401 462609118 0  
  1626774402 462609118 0  
  1626774403 462609118 0  
  1626774404 462609118 0  
  1626774405 462609118 0  
  1626774406 462609210 0  
  1626774407 462609210 0  
  1626774408 462609210 0  
  1626774409 462609210 0  
  1626774410 462609210 0  
  1626774411 462609210 0  
  1626774412 462609210 0  
  1626774413 462609210 0  
  1626774414 462609210 0  
  1626774415 462609210 0  
  1626774416 462609210 0  
  1626774417 462609210 0  
  1626774418 462609210 0  
  1626774419 462609210 0  
  1626774420 462609210 0  
  1626774421 462609210 0  
  1626774422 462609210 0  
  1626774423 462609210 0  
  1626774424 462609210 0  
  1626774425 462609210 0  
  1626774426 462609210 0  
  1626774427 462609210 0  
  1626774428 462609210 0  
  1626774429 462609210 0  
  1626774430 462609210 0  
  1626774431 462609210 0  
  1626774432 462609302 0  
  1626774433 462609302 0  
  1626774434 462609302 0  
  1626774435 462609302 0  
  1626774437 462609302 0  
  1626774438 462609302 0  
  1626774439 462609302 0  
  1626774440 462609302 0  
  1626774441 462609302 0  
  1626774442 462609302 0  
  1626774443 462609302 0  
  1626774444 462609302 0  
  1626774445 462609302 0  
  1626774446 462609302 0  
  1626774447 462609302 0  
  1626774448 462609302 0  
  1626774449 462609302 0  
  1626774450 462609302 0  
  1626774451 462609302 0  
  1626774452 462609302 0  
  1626774453 462609302 0  
  1626774454 462609302 0  
  1626774455 462609302 0  
  1626774456 462609302 0  
  1626774457 462609302 0  
  1626774458 462609302 0  
  1626774459 462609302 0  
  1626774460 462609302 0  
  1626774461 462609302 0  
  1626774462 462609302 0  
  1626774463 462609302 0  
  1626774464 462609302 0  
  1626774465 462609898 0  
  1626774466 462614207 0  
  1626774467 462614531 0  
  1626774468 462615103 0  
  1626774469 462615171 0  
  1626774470 462615171 0  
  1626774471 462615171 0  
  1626774472 462615171 0  
  1626774473 462615171 0  
  1626774475 462615171 0  
  1626774476 462615171 0  
  1626774477 462615171 0  
  1626774478 462615171 0  
  1626774479 462615171 0  
  1626774480 462615171 0  
  1626774481 462615171 0  
  1626774482 462615253 0  
  1626774483 462615253 0  
  1626774484 462615253 0  
  1626774485 462615253 0  
  1626774486 462615253 0  
  1626774487 462615253 0  
  1626774488 462615253 0  
  1626774489 462615253 0  
  1626774490 462615253 0  
  1626774491 462615253 0  
  1626774492 462615253 0  
  1626774493 462615253 0  
  1626774494 462615253 0  
  1626774495 462615253 0  
  1626774496 462615253 0  
  1626774497 462615345 0  
  1626774498 462615345 0  
  1626774499 462615345 0  
  1626774500 462615345 0  
  1626774501 462615345 0  
  1626774502 462615345 0  
  1626774503 462615345 0  
  1626774504 462615345 0  
  1626774505 462615345 0  
  1626774506 462615345 0  
  1626774507 462615345 0  
  1626774508 462615345 0  
  1626774509 462615345 0  
  1626774510 462615345 0  
  1626774511 462615345 0  
  1626774513 462615345 0  
  1626774514 462615345 0  
  1626774515 462615345 0  
  1626774516 462615345 0  
  1626774517 462615345 0  
  1626774518 462615345 0  
  1626774519 462615345 0  
  1626774520 462615345 0  
  1626774521 462615345 0  
  1626774522 462615345 0  
  1626774523 462615345 0  
  1626774524 462615345 0  
  1626774525 462615345 0  
  1626774526 462615345 0  
  1626774527 462615345 0  
  1626774528 462615345 0  
  1626774529 462615345 0  
  1626774530 462615345 0  
  1626774531 462615345 0  
  1626774532 462615345 0  
  1626774533 462615345 0  
  1626774534 462615437 0  
  1626774535 462615437 0  
  1626774536 462615437 0  
  1626774537 462615437 0  
  1626774538 462615437 0  
  1626774539 462615437 0  
  1626774540 462615437 0  
  1626774541 462615437 0  
  1626774542 462615437 0  
  1626774543 462615437 0  
  1626774544 462615437 0  
  1626774545 462615437 0  
  1626774546 462615437 0  
  1626774547 462615437 0  
  1626774548 462615437 0  
  1626774549 462615437 0  
  1626774551 462615437 0  
  1626774552 462615437 0  
  1626774553 462615437 0  
  1626774554 462615437 0  
  1626774555 462615437 0  
  1626774556 462615437 0  
  1626774557 462615437 0  
  1626774558 462615437 0  
  1626774559 462615437 0  
  1626774560 462615437 0  
  1626774561 462615529 0  
  1626774562 462615529 0  
  1626774563 462615529 0  
  1626774564 462615529 0  
  1626774565 462615529 0  
  1626774566 462615529 0  
  1626774567 462615529 0  
  1626774568 462615529 0  
  1626774569 462615529 0  
  1626774570 462615529 0  
  1626774571 462615529 0  
  1626774572 462615529 0  
  1626774573 462615529 0  
  1626774574 462615529 0  
  1626774575 462615529 0  
  1626774576 462615529 0  
  1626774577 462615529 0  
  1626774578 462615529 0  
  1626774579 462615529 0  
  1626774580 462615529 0  
  1626774581 462615529 0  
  1626774582 462615529 0  
  1626774583 462615529 0  
  1626774584 462615529 0  
  1626774585 462615529 0  
  1626774586 462615529 0  
  1626774587 462615529 0  
  1626774589 462615529 0  
  1626774590 462615529 0  
  1626774591 462615529 0  
  1626774592 462615529 0  
  1626774593 462615529 0  
  1626774594 462615529 0  
  1626774595 462615529 0  
  1626774596 462615529 0  
  1626774597 462615529 0  
  1626774598 462615529 0  
  1626774599 462615529 0  
  1626774600 462615529 0  
  1626774601 462615529 0  
  1626774602 462615529 0  
  1626774603 462615529 0  
  1626774604 462620162 0  
  1626774605 462620162 0  
  1626774606 462620870 0  
  1626774607 462620870 0  
  1626774608 462620870 0  
  1626774609 462620870 0  
  1626774610 462620870 0  
  1626774611 462620870 0  
  1626774612 462620870 0  
  1626774613 462620870 0  
  1626774614 462620870 0  
  1626774615 462620870 0  
  1626774616 462620870 0  
  1626774617 462620870 0  
  1626774618 462625179 0  
  1626774619 462625503 0  
  1626774620 462630844 0  
  1626774621 462636117 0  
  1626774622 462636893 0  
  1626774623 462636893 0  
  1626774624 462636893 0  
  1626774625 462636893 0  
  1626774627 462636893 0  
  1626774628 462636893 0  
  1626774629 462636893 0  
  1626774630 462636893 0  
  1626774631 462636893 0  
  1626774632 462636893 0  
  1626774633 462636893 0  
  1626774634 462636893 0  
  1626774635 462636893 0  
  1626774636 462636893 0  
  1626774637 462637250 0  
  1626774638 462637250 0  
  1626774639 462637250 0  
  1626774640 462637250 0  
  1626774641 462637250 0  
  1626774642 462637250 0  
  1626774643 462637250 0  
  1626774644 462637250 0  
  1626774645 462637250 0  
  1626774646 462637250 0  
  1626774647 462637250 0  
  1626774648 462637250 0  
  1626774649 462637250 0  
  1626774650 462637250 0  
  1626774651 462637250 0  
  1626774652 462637250 0  
  1626774653 462637250 0  
  1626774654 462637250 0  
  1626774655 462637250 0  
  1626774656 462637250 0  
  1626774657 462637250 0  
  1626774658 462637250 0  
  1626774659 462637250 0  
  1626774660 462637250 0  
  1626774661 462637250 0  
  1626774662 462637250 0  
  1626774663 462637342 0  
  1626774665 462637342 0  
  1626774666 462638937 0  
  1626774667 462638937 0  
  1626774668 462638937 0  
  1626774669 462638937 0  
  1626774670 462638937 0  
  1626774671 462638937 0  
  1626774672 462638937 0  
  1626774673 462638937 0  
  1626774674 462638937 0  
  1626774675 462638937 0  
  1626774676 462638937 0  
  1626774677 462638937 0  
  1626774678 462638937 0  
  1626774679 462638937 0  
  1626774680 462638937 0  
  1626774681 462638937 0  
  1626774682 462638937 0  
  1626774683 462638937 0  
  1626774684 462638937 0  
  1626774685 462638937 0  
  1626774686 462638937 0  
  1626774687 462638937 0  
  1626774688 462638937 0  
  1626774689 462638937 0  
  1626774690 462638937 0  
  1626774691 462639029 0  
  1626774692 462639029 0  
  1626774693 462639029 0  
  1626774694 462639029 0  
  1626774695 462639029 0  
  1626774696 462639029 0  
  1626774697 462639029 0  
  1626774698 462639029 0  
  1626774699 462639029 0  
  1626774700 462639029 0  
  1626774701 462639029 0  
  1626774703 462639029 0  
  1626774704 462639029 0  
  1626774705 462639029 0  
  1626774706 462639029 0  
  1626774707 462639029 0  
  1626774708 462639029 0  
  1626774709 462639029 0  
  1626774710 462639029 0  
  1626774711 462639029 0  
  1626774712 462639029 0  
  1626774713 462639029 0  
  1626774714 462639029 0  
  1626774715 462639029 0  
  1626774716 462639029 0  
  1626774717 462639029 0  
  1626774718 462639029 0  
  1626774719 462639029 0  
  1626774720 462639029 0  
  1626774721 462639029 0  
  1626774722 462639029 0  
  1626774723 462639029 0  
  1626774724 462639029 0  
  1626774725 462639029 0  
  1626774726 462639029 0  
  1626774727 462639029 0  
  1626774728 462639029 0  
  1626774729 462639029 0  
  1626774730 462639029 0  
  1626774731 462639029 0  
  1626774732 462639029 0  
  1626774733 462639029 0  
  1626774734 462639029 0  
  1626774735 462639029 0  
  1626774736 462639029 0  
  1626774737 462639029 0  
  1626774738 462639029 0  
  1626774739 462639029 0  
  1626774741 462639029 0  
  1626774742 462639029 0  
  1626774743 462639029 0  
  1626774744 462639029 0  
  1626774745 462639029 0  
  1626774746 462639029 0  
  1626774747 462639029 0  
  1626774748 462639029 0  
  1626774749 462639029 0  
  1626774750 462639029 0  
  1626774751 462639029 0  
  1626774752 462639029 0  
  1626774753 462639029 0  
  1626774754 462639029 0  
  1626774755 462639029 0  
  1626774756 462639029 0  
  1626774757 462639029 0  
  1626774758 462639029 0  
  1626774759 462639029 0  
  1626774760 462639029 0  
  1626774761 462639029 0  
  1626774762 462639029 0  
  1626774763 462639029 0  
  1626774764 462639029 0  
  1626774765 462639029 0  
  1626774766 462639029 0  
  1626774767 462643338 0  
  1626774768 462643662 0  
  1626774769 462644370 0  
  1626774770 462644370 0  
  1626774771 462644370 0  
  1626774772 462644370 0  
  1626774773 462644370 0  
  1626774774 462644370 0  
  1626774775 462644370 0  
  1626774776 462644370 0  
  1626774777 462644370 0  
  1626774779 462644370 0  
  1626774780 462644370 0  
  1626774781 462644370 0  
  1626774782 462644370 0  
  1626774783 462644370 0  
  1626774784 462644370 0  
  1626774785 462644370 0  
  1626774786 462644370 0  
  1626774787 462644370 0  
  1626774788 462644370 0  
  1626774789 462644370 0  
  1626774790 462644370 0  
  1626774791 462644370 0  
  1626774792 462644370 0  
  1626774793 462644462 0  
  1626774794 462644462 0  
  1626774795 462644462 0  
  1626774796 462644462 0  
  1626774797 462644462 0  
  1626774798 462644462 0  
  1626774799 462644462 0  
  1626774800 462644462 0  
  1626774801 462644462 0  
  1626774802 462644462 0  
  1626774803 462644462 0  
  1626774804 462644462 0  
  1626774805 462644462 0  
  1626774806 462644462 0  
  1626774807 462644462 0  
  1626774808 462644462 0  
  1626774809 462644462 0  
  1626774810 462644462 0  
  1626774811 462644462 0  
  1626774812 462644462 0  
  1626774813 462644462 0  
  1626774814 462644462 0  
  1626774815 462644462 0  
  1626774817 462644462 0  
  1626774818 462644462 0  
  1626774819 462644462 0  
  1626774820 462644462 0  
  1626774821 462644554 0  
  1626774822 462644554 0  
  1626774823 462644554 0  
  1626774824 462644554 0  
  1626774825 462644554 0  
  1626774826 462644554 0  
  1626774827 462644554 0  
  1626774828 462644554 0  
  1626774829 462644554 0  
  1626774830 462644554 0  
  1626774831 462644554 0  
  1626774832 462644554 0  
  1626774833 462644554 0  
  1626774834 462644554 0  
  1626774835 462644554 0  
  1626774836 462644554 0  
  1626774837 462644554 0  
  1626774838 462644554 0  
  1626774839 462644554 0  
  1626774840 462644554 0  
  1626774841 462644554 0  
  1626774842 462644554 0  
  1626774843 462644554 0  
  1626774844 462644554 0  
  1626774845 462644554 0  
  1626774846 462644554 0  
  1626774847 462644554 0  
  1626774848 462644554 0  
  1626774849 462644554 0  
  1626774850 462644554 0  
  1626774851 462644554 0  
  1626774852 462644554 0  
  1626774853 462644554 0  
  1626774854 462644554 0  
  1626774856 462644554 0  
  1626774857 462644554 0  
  1626774858 462644554 0  
  1626774859 462644554 0  
  1626774860 462644554 0  
  1626774861 462644554 0  
  1626774862 462644554 0  
  1626774863 462644554 0  
  1626774864 462644554 0  
  1626774865 462644554 0  
  1626774866 462645212 0  
  1626774867 462645212 0  
  1626774868 462645212 0  
  1626774869 462645212 0  
  1626774870 462645212 0  
  1626774871 462645212 0  
  1626774872 462645212 0  
  1626774873 462645212 0  
  1626774874 462645212 0  
  1626774875 462645212 0  
  1626774876 462645212 0  
  1626774877 462645212 0  
  1626774878 462645212 0  
  1626774879 462645212 0  
  1626774880 462645212 0  
  1626774881 462645212 0  
  1626774882 462645212 0  
  1626774883 462645212 0  
  1626774884 462645212 0  
  1626774885 462645212 0  
  1626774886 462645212 0  
  1626774887 462645212 0  
  1626774888 462645212 0  
  1626774889 462645212 0  
  1626774890 462645212 0  
  1626774891 462645212 0  
  1626774892 462645212 0  
  1626774894 462645212 0  
  1626774895 462645212 0  
  1626774896 462645212 0  
  1626774897 462645212 0  
  1626774898 462645212 0  
  1626774899 462645212 0  
  1626774900 462645212 0  
  1626774901 462645212 0  
  1626774902 462645212 0  
  1626774903 462645212 0  
  1626774904 462649521 0  
  1626774905 462649845 0  
  1626774906 462650553 0  
  1626774907 462650553 0  
  1626774908 462650553 0  
  1626774909 462650553 0  
  1626774910 462650553 0  
  1626774911 462650553 0  
  1626774912 462650553 0  
  1626774913 462650553 0  
  1626774914 462650553 0  
  1626774915 462650553 0  
  1626774916 462650553 0  
  1626774917 462650553 0  
  1626774918 462654862 0  
  1626774919 462659819 0  
  1626774920 462660527 0  
  1626774921 462665868 0  
  1626774922 462665868 0  
  1626774923 462666668 0  
  1626774924 462666668 0  
  1626774925 462666668 0  
  1626774926 462666668 0  
  1626774927 462666668 0  
  1626774928 462666668 0  
  1626774929 462666668 0  
  1626774930 462666668 0  
  1626774931 462666668 0  
  1626774933 462666668 0  
  1626774934 462666668 0  
  1626774935 462666668 0  
  1626774936 462666668 0  
  1626774937 462667025 0  
  1626774938 462667025 0  
  1626774939 462667025 0  
  1626774940 462667025 0  
  1626774941 462667025 0  
  1626774942 462667025 0  
  1626774943 462667025 0  
  1626774944 462667025 0  
  1626774945 462667025 0  
  1626774946 462667025 0  
  1626774947 462667025 0  
  1626774948 462667025 0  
  1626774949 462667025 0  
  1626774950 462667025 0  
  1626774951 462667117 0  
  1626774952 462667117 0  
  1626774953 462667117 0  
  1626774954 462667117 0  
  1626774955 462667117 0  
  1626774956 462667117 0  
  1626774957 462667117 0  
  1626774958 462667117 0  
  1626774959 462667117 0  
  1626774960 462667117 0  
  1626774961 462667117 0  
  1626774962 462667117 0  
  1626774963 462667117 0  
  1626774964 462667117 0  
  1626774965 462667117 0  
  1626774966 462667117 0  
  1626774967 462667117 0  
  1626774968 462667117 0  
  1626774969 462667117 0  
  1626774970 462667117 0  
  1626774972 462667117 0  
  1626774973 462667117 0  
  1626774974 462667117 0  
  1626774975 462667117 0  
  1626774976 462667117 0  
  1626774977 462667117 0  
  1626774978 462667117 0  
  1626774979 462667117 0  
  1626774980 462667117 0  
  1626774981 462667117 0  
  1626774982 462667117 0  
  1626774983 462667117 0  
  1626774984 462667117 0  
  1626774985 462667117 0  
  1626774986 462667117 0  
  1626774987 462667117 0  
  1626774988 462667117 0  
  1626774989 462667117 0  
  1626774990 462667117 0  
  1626774991 462667117 0  
  1626774992 462667117 0  
  1626774993 462667117 0  
  1626774994 462667117 0  
  1626774995 462667117 0  
  1626774996 462667117 0  
  1626774997 462667117 0  
  1626774998 462667117 0  
  1626774999 462667117 0  
  1626775000 462667117 0  
  1626775001 462667117 0  
  1626775002 462667117 0  
  1626775003 462667117 0  
  1626775004 462667117 0  
  1626775005 462667117 0  
  1626775006 462667117 0  
  1626775007 462667117 0  
  1626775008 462667117 0  
  1626775009 462667117 0  
  1626775011 462667117 0  
  1626775012 462667117 0  
  1626775013 462667117 0  
  1626775014 462667117 0  
  1626775015 462667117 0  
  1626775016 462667117 0  
  1626775017 462667117 0  
  1626775018 462667117 0  
  1626775019 462667117 0  
  1626775020 462667117 0  
  1626775021 462667117 0  
  1626775022 462667117 0  
  1626775023 462667117 0  
  1626775024 462667117 0  
  1626775025 462667117 0  
  1626775026 462667117 0  
  1626775027 462667117 0  
  1626775028 462667117 0  
  1626775029 462667117 0  
  1626775030 462667117 0  
  1626775031 462667117 0  
  1626775032 462667117 0  
  1626775033 462667117 0  
  1626775034 462667117 0  
  1626775035 462667117 0  
  1626775036 462667117 0  
  1626775037 462667117 0  
  1626775038 462667117 0  
  1626775039 462667117 0  
  1626775040 462667455 0  
  1626775041 462667455 0  
  1626775042 462667455 0  
  1626775043 462667455 0  
  1626775044 462667455 0  
  1626775045 462667455 0  
  1626775046 462667455 0  
  1626775047 462667455 0  
  1626775048 462667455 0  
  1626775050 462667455 0  
  1626775051 462667455 0  
  1626775052 462667547 0  
  1626775053 462667547 0  
  1626775054 462667547 0  
  1626775055 462667615 0  
  1626775056 462667615 0  
  1626775057 462667615 0  
  1626775058 462667615 0  
  1626775059 462667615 0  
  1626775060 462667615 0  
  1626775061 462668771 0  
  1626775062 462668771 0  
  1626775063 462668771 0  
  1626775064 462668771 0  
  1626775065 462668771 0  
  1626775066 462669367 0  
  1626775067 462673676 0  
  1626775068 462674000 0  
  1626775069 462674708 0  
  1626775070 462674708 0  
  1626775071 462674708 0  
  1626775072 462674708 0  
  1626775073 462674708 0  
  1626775074 462674708 0  
  1626775075 462674708 0  
  1626775076 462674708 0  
  1626775077 462674708 0  
  1626775078 462674708 0  
  1626775079 462674800 0  
  1626775080 462674800 0  
  1626775081 462674800 0  
  1626775082 462674800 0  
  1626775083 462674800 0  
  1626775084 462674800 0  
  1626775085 462674800 0  
  1626775086 462674800 0  
  1626775088 462674800 0  
  1626775089 462674800 0  
  1626775090 462674800 0  
  1626775091 462674800 0  
  1626775092 462674800 0  
  1626775093 462674800 0  
  1626775094 462674800 0  
  1626775095 462674800 0  
  1626775096 462674800 0  
  1626775097 462674800 0  
  1626775098 462674800 0  
  1626775099 462674800 0  
  1626775100 462674800 0  
  1626775101 462674800 0  
  1626775102 462674800 0  
  1626775103 462674800 0  
  1626775104 462674800 0  
  1626775105 462674800 0  
  1626775106 462674800 0  
  1626775107 462674800 0  
  1626775108 462674800 0  
  1626775109 462674800 0  
  1626775110 462674800 0  
  1626775111 462674800 0  
  1626775112 462674800 0  
  1626775113 462674800 0  
  1626775114 462674800 0  
  1626775115 462674800 0  
 