 1626877339 472260710 0  
  1626877341 472260710 0  
  1626877342 472260710 0  
  1626877343 472260710 0  
  1626877344 472260950 0  
  1626877345 472260950 0  
  1626877346 472260950 0  
  1626877347 472260950 0  
  1626877348 472260950 0  
  1626877349 472260950 0  
  1626877350 472260950 0  
  1626877351 472260950 0  
  1626877352 472260950 0  
  1626877353 472260950 0  
  1626877354 472260950 0  
  1626877355 472260950 0  
  1626877356 472260950 0  
  1626877357 472260950 0  
  1626877358 472260950 0  
  1626877359 472260950 0  
  1626877360 472260950 0  
  1626877361 472260950 0  
  1626877362 472260950 0  
  1626877363 472260950 0  
  1626877364 472265259 0  
  1626877365 472265583 0  
  1626877366 472266291 0  
  1626877367 472266291 0  
  1626877368 472266291 0  
  1626877369 472266291 0  
  1626877370 472266291 0  
  1626877371 472266291 0  
  1626877372 472266291 0  
  1626877373 472266291 0  
  1626877374 472266291 0  
  1626877375 472266291 0  
  1626877376 472266291 0  
  1626877377 472266291 0  
  1626877378 472266291 0  
  1626877380 472266291 0  
  1626877381 472266383 0  
  1626877382 472266383 0  
  1626877383 472266383 0  
  1626877384 472266383 0  
  1626877385 472266383 0  
  1626877386 472266383 0  
  1626877387 472266383 0  
  1626877388 472266383 0  
  1626877389 472266383 0  
  1626877390 472266383 0  
  1626877391 472266383 0  
  1626877392 472266383 0  
  1626877393 472266383 0  
  1626877394 472266383 0  
  1626877395 472266383 0  
  1626877396 472266383 0  
  1626877397 472266383 0  
  1626877398 472266383 0  
  1626877399 472266383 0  
  1626877400 472266383 0  
  1626877401 472266383 0  
  1626877402 472266383 0  
  1626877403 472266383 0  
  1626877404 472266383 0  
  1626877405 472266383 0  
  1626877406 472266383 0  
  1626877407 472266383 0  
  1626877408 472266383 0  
  1626877409 472266383 0  
  1626877410 472266383 0  
  1626877411 472266383 0  
  1626877412 472266383 0  
  1626877413 472266383 0  
  1626877414 472266383 0  
  1626877415 472266383 0  
  1626877416 472266383 0  
  1626877417 472266383 0  
  1626877418 472266383 0  
  1626877420 472266383 0  
  1626877421 472266383 0  
  1626877422 472266383 0  
  1626877423 472266383 0  
  1626877424 472266383 0  
  1626877425 472266383 0  
  1626877426 472266383 0  
  1626877427 472266383 0  
  1626877428 472266383 0  
  1626877429 472266383 0  
  1626877430 472266383 0  
  1626877431 472266383 0  
  1626877432 472266383 0  
  1626877433 472266383 0  
  1626877434 472266383 0  
  1626877435 472266383 0  
  1626877436 472266383 0  
  1626877437 472266383 0  
  1626877438 472266383 0  
  1626877439 472266383 0  
  1626877440 472266383 0  
  1626877441 472266383 0  
  1626877442 472266383 0  
  1626877443 472266383 0  
  1626877444 472266383 0  
  1626877445 472266383 0  
  1626877446 472266383 0  
  1626877447 472266383 0  
  1626877448 472266383 0  
  1626877449 472266383 0  
  1626877450 472266383 0  
  1626877451 472266383 0  
  1626877452 472266383 0  
  1626877453 472266383 0  
  1626877454 472266383 0  
  1626877455 472266383 0  
  1626877456 472266383 0  
  1626877457 472266383 0  
  1626877458 472266383 0  
  1626877460 472266383 0  
  1626877461 472266383 0  
  1626877462 472266383 0  
  1626877463 472266383 0  
  1626877464 472266383 0  
  1626877465 472266383 0  
  1626877466 472266721 0  
  1626877467 472266721 0  
  1626877468 472267317 0  
  1626877469 472267317 0  
  1626877470 472267317 0  
  1626877471 472267317 0  
  1626877472 472267317 0  
  1626877473 472267317 0  
  1626877474 472267317 0  
  1626877475 472267317 0  
  1626877476 472267317 0  
  1626877477 472267317 0  
  1626877478 472267317 0  
  1626877479 472267317 0  
  1626877480 472267317 0  
  1626877481 472267317 0  
  1626877482 472267317 0  
  1626877483 472267317 0  
  1626877484 472267317 0  
  1626877485 472267317 0  
  1626877486 472267317 0  
  1626877487 472267317 0  
  1626877488 472267317 0  
  1626877489 472267317 0  
  1626877490 472267317 0  
  1626877491 472267317 0  
  1626877492 472267317 0  
  1626877493 472267317 0  
  1626877494 472267317 0  
  1626877495 472267317 0  
  1626877496 472267317 0  
  1626877497 472267317 0  
  1626877498 472267317 0  
  1626877499 472267317 0  
  1626877501 472267317 0  
  1626877502 472267317 0  
  1626877503 472267317 0  
  1626877504 472267317 0  
  1626877505 472267317 0  
  1626877506 472267317 0  
  1626877507 472267317 0  
  1626877508 472267317 0  
  1626877509 472267317 0  
  1626877510 472267317 0  
  1626877511 472267317 0  
  1626877512 472267317 0  
  1626877513 472267317 0  
  1626877514 472267317 0  
  1626877515 472267317 0  
  1626877516 472267317 0  
  1626877517 472267317 0  
  1626877518 472267317 0  
  1626877519 472267317 0  
  1626877520 472267317 0  
  1626877521 472267317 0  
  1626877522 472267317 0  
  1626877523 472267317 0  
  1626877524 472267317 0  
  1626877525 472267317 0  
  1626877526 472267317 0  
  1626877527 472267317 0  
  1626877528 472267317 0  
  1626877529 472267317 0  
  1626877530 472267317 0  
  1626877531 472267674 0  
  1626877532 472267674 0  
  1626877533 472267674 0  
  1626877534 472267674 0  
  1626877535 472267674 0  
  1626877536 472267674 0  
  1626877537 472271983 0  
  1626877538 472272307 0  
  1626877540 472272947 0  
  1626877541 472273015 0  
  1626877542 472273015 0  
  1626877543 472277648 0  
  1626877544 472277648 0  
  1626877545 472278356 0  
  1626877546 472278356 0  
  1626877547 472278356 0  
  1626877548 472287230 0  
  1626877549 472287622 0  
  1626877550 472289038 0  
  1626877551 472289038 0  
  1626877552 472289038 0  
  1626877553 472289038 0  
  1626877554 472289038 0  
  1626877555 472289038 0  
  1626877556 472289038 0  
  1626877557 472289038 0  
  1626877558 472289038 0  
  1626877559 472289038 0  
  1626877560 472289038 0  
  1626877561 472289038 0  
  1626877562 472289038 0  
  1626877563 472289038 0  
  1626877564 472289038 0  
  1626877565 472289038 0  
  1626877566 472289038 0  
  1626877567 472289038 0  
  1626877568 472289038 0  
  1626877569 472289038 0  
  1626877570 472289038 0  
  1626877571 472289038 0  
  1626877572 472289038 0  
  1626877573 472289038 0  
  1626877574 472289038 0  
  1626877575 472289038 0  
  1626877576 472289038 0  
  1626877577 472289038 0  
  1626877578 472289130 0  
  1626877580 472289130 0  
  1626877581 472289130 0  
  1626877582 472289130 0  
  1626877583 472289130 0  
  1626877584 472289130 0  
  1626877585 472289130 0  
  1626877586 472289130 0  
  1626877587 472289130 0  
  1626877588 472289130 0  
  1626877589 472289130 0  
  1626877590 472289130 0  
  1626877591 472289130 0  
  1626877592 472289130 0  
  1626877593 472289130 0  
  1626877594 472289130 0  
  1626877595 472289130 0  
  1626877596 472289130 0  
  1626877597 472289130 0  
  1626877598 472289130 0  
  1626877599 472289130 0  
  1626877600 472289130 0  
  1626877601 472289130 0  
  1626877602 472289130 0  
  1626877603 472289130 0  
  1626877604 472289130 0  
  1626877605 472289130 0  
  1626877606 472289130 0  
  1626877607 472289130 0  
  1626877608 472289130 0  
  1626877609 472289130 0  
  1626877610 472289130 0  
  1626877611 472289130 0  
  1626877612 472289130 0  
  1626877613 472289130 0  
  1626877614 472289130 0  
  1626877615 472289130 0  
  1626877616 472289468 0  
  1626877617 472289468 0  
  1626877619 472289468 0  
  1626877620 472289468 0  
  1626877621 472289468 0  
  1626877622 472289468 0  
  1626877623 472289468 0  
  1626877624 472289468 0  
  1626877625 472289468 0  
  1626877626 472289468 0  
  1626877627 472289468 0  
  1626877628 472289468 0  
  1626877629 472289468 0  
  1626877630 472289468 0  
  1626877631 472289468 0  
  1626877632 472289468 0  
  1626877633 472289468 0  
  1626877634 472289468 0  
  1626877635 472289468 0  
  1626877636 472289468 0  
  1626877637 472289468 0  
  1626877638 472289468 0  
  1626877639 472289468 0  
  1626877640 472289468 0  
  1626877641 472289560 0  
 