 1626783218 459155827 0  
  1626783219 459155827 0  
  1626783220 459155827 0  
  1626783221 459155827 0  
  1626783222 459155919 0  
  1626783223 459155919 0  
  1626783224 459155919 0  
  1626783225 459155919 0  
  1626783226 459155919 0  
  1626783227 459155919 0  
  1626783228 459155919 0  
  1626783229 459155919 0  
  1626783230 459155919 0  
  1626783231 459155919 0  
  1626783232 459155919 0  
  1626783233 459155919 0  
  1626783234 459155919 0  
  1626783235 459155919 0  
  1626783236 459155919 0  
  1626783237 459155919 0  
  1626783238 459155919 0  
  1626783240 459155919 0  
  1626783241 459155919 0  
  1626783242 459155919 0  
  1626783243 459155919 0  
  1626783244 459155919 0  
  1626783245 459155919 0  
  1626783246 459155919 0  
  1626783247 459155919 0  
  1626783248 459155979 0  
  1626783249 459155979 0  
  1626783250 459155979 0  
  1626783251 459155979 0  
  1626783252 459155979 0  
  1626783253 459155979 0  
  1626783254 459155979 0  
  1626783255 459155979 0  
  1626783256 459155979 0  
  1626783257 459155979 0  
  1626783258 459155979 0  
  1626783259 459155979 0  
  1626783260 459155979 0  
  1626783261 459155979 0  
  1626783262 459155979 0  
  1626783263 459155979 0  
  1626783264 459155979 0  
  1626783265 459155979 0  
  1626783266 459155979 0  
  1626783267 459155979 0  
  1626783268 459155979 0  
  1626783269 459155979 0  
  1626783270 459155979 0  
  1626783271 459155979 0  
  1626783272 459155979 0  
  1626783273 459155979 0  
  1626783274 459155979 0  
  1626783275 459155979 0  
  1626783276 459155979 0  
  1626783278 459155979 0  
  1626783279 459155979 0  
  1626783280 459155979 0  
  1626783281 459155979 0  
  1626783282 459155979 0  
  1626783283 459155979 0  
  1626783284 459155979 0  
  1626783285 459155979 0  
  1626783286 459155979 0  
  1626783287 459155979 0  
  1626783288 459155979 0  
  1626783289 459155979 0  
  1626783290 459155979 0  
  1626783291 459155979 0  
  1626783292 459155979 0  
  1626783293 459155979 0  
  1626783294 459155979 0  
  1626783295 459155979 0  
  1626783296 459155979 0  
  1626783297 459155979 0  
  1626783298 459156317 0  
  1626783299 459160626 0  
  1626783300 459160950 0  
  1626783301 459161590 0  
  1626783302 459161590 0  
  1626783303 459161590 0  
  1626783304 459161590 0  
  1626783305 459161590 0  
  1626783306 459161590 0  
  1626783307 459161590 0  
  1626783308 459161590 0  
  1626783309 459161590 0  
  1626783310 459161590 0  
  1626783311 459161590 0  
  1626783312 459165899 0  
  1626783313 459166223 0  
  1626783314 459166863 0  
  1626783315 459167075 0  
  1626783316 459175873 0  
  1626783318 459176905 0  
  1626783319 459177477 0  
  1626783320 459177477 0  
  1626783321 459177477 0  
  1626783322 459177477 0  
  1626783323 459177477 0  
  1626783324 459177477 0  
  1626783325 459177477 0  
  1626783326 459177477 0  
  1626783327 459177477 0  
  1626783328 459177477 0  
  1626783329 459177477 0  
  1626783330 459177477 0  
  1626783331 459177834 0  
  1626783332 459177834 0  
  1626783333 459177834 0  
  1626783334 459177834 0  
  1626783335 459177834 0  
  1626783336 459177834 0  
  1626783337 459177834 0  
  1626783338 459177834 0  
  1626783339 459177834 0  
  1626783340 459177926 0  
  1626783341 459177926 0  
  1626783342 459177926 0  
  1626783343 459177926 0  
  1626783344 459177926 0  
  1626783345 459177926 0  
  1626783346 459177926 0  
  1626783347 459177926 0  
  1626783348 459177926 0  
  1626783349 459177926 0  
  1626783350 459177926 0  
  1626783351 459177926 0  
  1626783352 459178018 0  
  1626783353 459178018 0  
  1626783354 459178018 0  
  1626783355 459178018 0  
  1626783356 459178018 0  
  1626783358 459178018 0  
  1626783359 459178018 0  
  1626783360 459178018 0  
  1626783361 459178018 0  
  1626783362 459178018 0  
  1626783363 459178018 0  
  1626783364 459178018 0  
  1626783365 459178018 0  
  1626783366 459178614 0  
  1626783367 459178614 0  
  1626783368 459178614 0  
  1626783369 459178614 0  
  1626783370 459178614 0  
  1626783371 459178614 0  
  1626783372 459178614 0  
  1626783373 459178614 0  
  1626783374 459178614 0  
  1626783375 459178614 0  
  1626783376 459178614 0  
  1626783377 459178614 0  
  1626783378 459178614 0  
  1626783379 459178614 0  
  1626783380 459178614 0  
  1626783381 459178614 0  
  1626783382 459178614 0  
  1626783383 459178614 0  
  1626783384 459178614 0  
  1626783385 459178614 0  
  1626783386 459178614 0  
  1626783387 459178614 0  
  1626783388 459178614 0  
  1626783389 459178614 0  
  1626783390 459178614 0  
  1626783391 459178614 0  
  1626783392 459178614 0  
  1626783393 459178614 0  
  1626783394 459178614 0  
  1626783395 459178614 0  
  1626783397 459178614 0  
  1626783398 459178614 0  
  1626783399 459178614 0  
  1626783400 459178614 0  
  1626783401 459178614 0  
  1626783402 459178614 0  
  1626783403 459178614 0  
  1626783404 459178614 0  
  1626783405 459178614 0  
  1626783406 459178614 0  
  1626783407 459178614 0  
  1626783408 459178614 0  
  1626783409 459178614 0  
  1626783410 459178614 0  
  1626783411 459178614 0  
  1626783412 459178614 0  
  1626783413 459178614 0  
  1626783414 459178614 0  
  1626783415 459178614 0  
  1626783416 459178614 0  
  1626783417 459178614 0  
  1626783418 459178614 0  
  1626783419 459178614 0  
  1626783420 459178614 0  
  1626783421 459178614 0  
  1626783422 459178614 0  
  1626783423 459178614 0  
  1626783424 459178614 0  
  1626783425 459178614 0  
  1626783426 459178614 0  
  1626783427 459178614 0  
  1626783428 459178614 0  
  1626783429 459178614 0  
  1626783430 459178614 0  
  1626783431 459178614 0  
  1626783432 459178614 0  
  1626783433 459178614 0  
  1626783435 459178614 0  
  1626783436 459178614 0  
  1626783437 459178614 0  
  1626783438 459178614 0  
  1626783439 459178614 0  
  1626783440 459178614 0  
  1626783441 459178614 0  
  1626783442 459178614 0  
  1626783443 459178614 0  
  1626783444 459178614 0  
  1626783445 459178614 0  
  1626783446 459178614 0  
  1626783447 459178614 0  
  1626783448 459178952 0  
  1626783449 459178952 0  
  1626783450 459178952 0  
  1626783451 459178952 0  
  1626783452 459178952 0  
  1626783453 459178952 0  
  1626783454 459178952 0  
  1626783455 459178952 0  
  1626783456 459178952 0  
  1626783457 459178952 0  
  1626783458 459178952 0  
  1626783459 459178952 0  
  1626783460 459178952 0  
  1626783461 459183261 0  
  1626783462 459183585 0  
  1626783463 459183585 0  
  1626783464 459184293 0  
  1626783465 459184293 0  
  1626783466 459184293 0  
  1626783467 459184293 0  
  1626783468 459184293 0  
  1626783469 459184293 0  
  1626783470 459184385 0  
  1626783471 459184385 0  
  1626783473 459184385 0  
  1626783474 459184385 0  
  1626783475 459184385 0  
  1626783476 459184385 0  
  1626783477 459184385 0  
  1626783478 459184385 0  
  1626783479 459184385 0  
  1626783480 459184385 0  
  1626783481 459184477 0  
  1626783482 459184477 0  
  1626783483 459184477 0  
  1626783484 459184477 0  
  1626783485 459184477 0  
  1626783486 459184477 0  
  1626783487 459184477 0  
  1626783488 459184477 0  
  1626783489 459184477 0  
  1626783490 459184477 0  
  1626783491 459184477 0  
  1626783492 459184477 0  
  1626783493 459184477 0  
  1626783494 459184477 0  
  1626783495 459184477 0  
  1626783496 459184477 0  
  1626783497 459184477 0  
  1626783498 459184477 0  
  1626783499 459184477 0  
  1626783500 459184477 0  
  1626783501 459184477 0  
  1626783502 459184477 0  
  1626783503 459184477 0  
  1626783504 459184477 0  
  1626783505 459184477 0  
  1626783506 459184477 0  
  1626783507 459184477 0  
  1626783508 459184477 0  
  1626783509 459184477 0  
  1626783510 459184477 0  
  1626783512 459184477 0  
  1626783513 459184477 0  
  1626783514 459184477 0  
  1626783515 459184477 0  
  1626783516 459184477 0  
  1626783517 459184477 0  
  1626783518 459184477 0  
  1626783519 459184477 0  
  1626783520 459184477 0  
  1626783521 459184477 0  
  1626783522 459184477 0  
  1626783523 459184477 0  
  1626783524 459184477 0  
  1626783525 459184477 0  
  1626783526 459184477 0  
  1626783527 459184477 0  
  1626783528 459184477 0  
  1626783529 459184477 0  
  1626783530 459184477 0  
  1626783531 459184477 0  
  1626783532 459184477 0  
  1626783533 459184477 0  
  1626783534 459184477 0  
  1626783535 459184477 0  
  1626783536 459184477 0  
  1626783537 459184477 0  
  1626783538 459184477 0  
  1626783539 459184477 0  
  1626783540 459184477 0  
 