 1626879261 472623645 0  
  1626879262 472623645 0  
  1626879263 472623645 0  
  1626879264 472623645 0  
  1626879265 472623645 0  
  1626879266 472623645 0  
  1626879267 472623645 0  
  1626879268 472623645 0  
  1626879269 472623645 0  
  1626879270 472623645 0  
  1626879271 472623645 0  
  1626879272 472623645 0  
  1626879273 472623645 0  
  1626879274 472623645 0  
  1626879275 472623645 0  
  1626879276 472623645 0  
  1626879277 472623645 0  
  1626879278 472623645 0  
  1626879279 472623645 0  
  1626879280 472623645 0  
  1626879281 472623645 0  
  1626879282 472623645 0  
  1626879283 472623645 0  
  1626879284 472623645 0  
  1626879285 472623645 0  
  1626879286 472623645 0  
  1626879287 472623645 0  
  1626879289 472623737 0  
  1626879290 472623737 0  
  1626879291 472623737 0  
  1626879292 472623737 0  
  1626879293 472623737 0  
  1626879294 472623737 0  
  1626879295 472623737 0  
  1626879296 472623737 0  
  1626879297 472623737 0  
  1626879298 472623737 0  
  1626879299 472623737 0  
  1626879300 472623737 0  
  1626879301 472623737 0  
  1626879302 472623737 0  
  1626879303 472623737 0  
  1626879304 472623737 0  
  1626879305 472623737 0  
  1626879306 472623737 0  
  1626879307 472623737 0  
  1626879308 472623737 0  
  1626879309 472623737 0  
  1626879310 472623737 0  
  1626879311 472623737 0  
  1626879312 472623737 0  
  1626879313 472623737 0  
  1626879314 472623737 0  
  1626879315 472624075 0  
  1626879316 472624075 0  
  1626879317 472624075 0  
  1626879318 472624075 0  
  1626879319 472624167 0  
  1626879320 472624167 0  
  1626879321 472624259 0  
  1626879322 472624259 0  
  1626879323 472624259 0  
  1626879324 472624259 0  
  1626879325 472624259 0  
  1626879326 472624259 0  
  1626879327 472624259 0  
  1626879329 472624259 0  
  1626879330 472624259 0  
  1626879331 472624616 0  
  1626879332 472624616 0  
  1626879333 472624616 0  
  1626879334 472624616 0  
  1626879335 472624616 0  
  1626879336 472624616 0  
  1626879337 472628925 0  
  1626879338 472629249 0  
  1626879339 472629249 0  
  1626879340 472629957 0  
  1626879341 472629957 0  
  1626879342 472629957 0  
  1626879343 472634590 0  
  1626879344 472634590 0  
  1626879345 472635230 0  
  1626879346 472635230 0  
  1626879347 472638127 0  
  1626879348 472644496 0  
  1626879349 472645204 0  
  1626879350 472645912 0  
  1626879351 472645912 0  
  1626879352 472645912 0  
  1626879353 472646004 0  
  1626879354 472646004 0  
  1626879355 472646004 0  
  1626879356 472646004 0  
  1626879357 472646004 0  
  1626879358 472646004 0  
  1626879359 472646004 0  
  1626879360 472646004 0  
  1626879361 472646004 0  
  1626879362 472646004 0  
  1626879363 472646004 0  
  1626879364 472646004 0  
  1626879365 472646004 0  
  1626879366 472646004 0  
  1626879368 472646600 0  
  1626879369 472646600 0  
  1626879370 472646692 0  
  1626879371 472646692 0  
  1626879372 472646692 0  
  1626879373 472646692 0  
  1626879374 472646692 0  
  1626879375 472646692 0  
  1626879376 472646692 0  
  1626879377 472646692 0  
  1626879378 472646692 0  
  1626879379 472646692 0  
  1626879380 472646692 0  
  1626879381 472646692 0  
  1626879382 472646692 0  
  1626879383 472646692 0  
  1626879384 472646784 0  
  1626879385 472646784 0  
  1626879386 472646876 0  
  1626879387 472646876 0  
  1626879388 472646876 0  
  1626879389 472646876 0  
  1626879390 472646876 0  
  1626879391 472646876 0  
  1626879392 472646876 0  
  1626879393 472646876 0  
  1626879394 472646876 0  
  1626879395 472646876 0  
  1626879396 472646876 0  
  1626879397 472646876 0  
  1626879398 472646876 0  
  1626879399 472646876 0  
  1626879400 472646876 0  
  1626879401 472646876 0  
  1626879402 472646968 0  
  1626879403 472646968 0  
  1626879404 472646968 0  
  1626879405 472646968 0  
  1626879406 472646968 0  
  1626879408 472646968 0  
  1626879409 472646968 0  
  1626879410 472647306 0  
  1626879411 472647306 0  
  1626879412 472647306 0  
  1626879413 472647306 0  
  1626879414 472647306 0  
  1626879415 472647306 0  
  1626879416 472647306 0  
  1626879417 472647306 0  
  1626879418 472647306 0  
  1626879419 472647398 0  
  1626879420 472647398 0  
  1626879421 472647398 0  
  1626879422 472647398 0  
  1626879423 472647398 0  
  1626879424 472647398 0  
  1626879425 472647398 0  
  1626879426 472647398 0  
  1626879427 472647398 0  
  1626879428 472647398 0  
  1626879429 472647398 0  
  1626879430 472647398 0  
  1626879431 472647398 0  
  1626879432 472647398 0  
  1626879433 472647398 0  
  1626879434 472647398 0  
  1626879435 472647490 0  
  1626879436 472647490 0  
  1626879437 472647490 0  
  1626879438 472647490 0  
  1626879439 472647490 0  
  1626879440 472647490 0  
  1626879441 472647490 0  
  1626879442 472647490 0  
  1626879443 472647490 0  
  1626879444 472647490 0  
  1626879445 472647490 0  
  1626879447 472647490 0  
  1626879448 472647490 0  
  1626879449 472647582 0  
  1626879450 472647582 0  
  1626879451 472647674 0  
  1626879452 472647674 0  
  1626879453 472647674 0  
  1626879454 472647674 0  
  1626879455 472647742 0  
  1626879456 472647742 0  
  1626879457 472647742 0  
  1626879458 472647742 0  
  1626879459 472647742 0  
  1626879460 472647742 0  
  1626879461 472648898 0  
  1626879462 472648898 0  
  1626879463 472648898 0  
  1626879464 472653207 0  
  1626879465 472653531 0  
  1626879466 472654239 0  
  1626879467 472654331 0  
  1626879468 472654331 0  
  1626879469 472654331 0  
  1626879470 472654331 0  
  1626879471 472654331 0  
  1626879472 472654331 0  
  1626879473 472654331 0  
  1626879474 472654331 0  
  1626879475 472654331 0  
  1626879476 472654331 0  
  1626879477 472654331 0  
  1626879478 472654331 0  
  1626879479 472654331 0  
  1626879480 472654331 0  
  1626879481 472654331 0  
  1626879482 472654331 0  
  1626879483 472654423 0  
  1626879484 472654423 0  
  1626879486 472654423 0  
  1626879487 472654423 0  
  1626879488 472654423 0  
  1626879489 472654423 0  
  1626879490 472654423 0  
  1626879491 472654423 0  
  1626879492 472654423 0  
  1626879493 472654423 0  
  1626879494 472654423 0  
  1626879495 472654423 0  
  1626879496 472654423 0  
  1626879497 472654423 0  
  1626879498 472654423 0  
  1626879499 472654423 0  
  1626879500 472654515 0  
  1626879501 472654515 0  
  1626879502 472654515 0  
  1626879503 472654515 0  
  1626879504 472654515 0  
  1626879505 472654515 0  
  1626879506 472654515 0  
  1626879507 472654515 0  
  1626879508 472654515 0  
  1626879509 472654515 0  
  1626879510 472654515 0  
  1626879511 472654515 0  
  1626879512 472654515 0  
  1626879513 472654607 0  
  1626879514 472654607 0  
  1626879515 472654699 0  
  1626879516 472654699 0  
  1626879517 472654699 0  
  1626879518 472654699 0  
  1626879519 472654699 0  
  1626879520 472654699 0  
  1626879521 472654699 0  
  1626879522 472654699 0  
  1626879524 472654699 0  
  1626879525 472654699 0  
  1626879526 472654699 0  
  1626879527 472654699 0  
  1626879528 472654699 0  
  1626879529 472654699 0  
  1626879530 472654699 0  
  1626879531 472654699 0  
  1626879532 472654791 0  
  1626879533 472654791 0  
  1626879534 472654791 0  
  1626879535 472654791 0  
  1626879536 472654791 0  
  1626879537 472654791 0  
  1626879538 472654791 0  
  1626879539 472654791 0  
  1626879540 472654791 0  
  1626879541 472654791 0  
  1626879542 472654791 0  
  1626879543 472654791 0  
  1626879544 472654791 0  
  1626879545 472654791 0  
  1626879546 472654791 0  
  1626879547 472654791 0  
  1626879548 472654883 0  
  1626879549 472654883 0  
  1626879550 472654883 0  
  1626879551 472654883 0  
  1626879552 472654883 0  
  1626879553 472654883 0  
  1626879554 472654883 0  
  1626879555 472654883 0  
  1626879556 472654883 0  
  1626879557 472654883 0  
  1626879558 472654883 0  
  1626879559 472654883 0  
  1626879560 472654883 0  
  1626879561 472655221 0  
  1626879563 472655221 0  
  1626879564 472655221 0  
  1626879565 472655221 0  
  1626879566 472655221 0  
  1626879567 472655221 0  
  1626879568 472655817 0  
  1626879569 472655817 0  
  1626879570 472655817 0  
  1626879571 472655817 0  
  1626879572 472655817 0  
  1626879573 472655817 0  
  1626879574 472655817 0  
  1626879575 472655817 0  
  1626879576 472655817 0  
  1626879577 472655817 0  
  1626879578 472655909 0  
  1626879579 472655909 0  
  1626879580 472655909 0  
  1626879581 472656001 0  
  1626879582 472656001 0  
  1626879583 472656001 0  
  1626879584 472656001 0  
  1626879585 472656001 0  
  1626879586 472656001 0  
  1626879587 472656001 0  
  1626879588 472656001 0  
  1626879589 472656001 0  
  1626879590 472656001 0  
  1626879591 472656001 0  
  1626879592 472656001 0  
  1626879593 472656001 0  
  1626879594 472656001 0  
  1626879595 472656001 0  
  1626879596 472656001 0  
  1626879597 472656001 0  
  1626879598 472656001 0  
  1626879599 472656001 0  
  1626879601 472656001 0  
  1626879602 472656001 0  
  1626879603 472656001 0  
  1626879604 472656001 0  
  1626879605 472656001 0  
  1626879606 472656001 0  
  1626879607 472656001 0  
  1626879608 472656001 0  
  1626879609 472656001 0  
  1626879610 472656001 0  
  1626879611 472656001 0  
  1626879612 472656001 0  
  1626879613 472656093 0  
  1626879614 472656093 0  
  1626879615 472656093 0  
  1626879616 472656093 0  
  1626879617 472656093 0  
  1626879618 472656093 0  
  1626879619 472656093 0  
  1626879620 472656093 0  
  1626879621 472656093 0  
  1626879622 472656093 0  
  1626879623 472656093 0  
  1626879624 472656093 0  
  1626879625 472656093 0  
  1626879626 472656093 0  
  1626879627 472656093 0  
  1626879628 472656093 0  
  1626879629 472656093 0  
  1626879630 472656093 0  
  1626879631 472656450 0  
  1626879632 472656450 0  
  1626879633 472656450 0  
  1626879634 472656450 0  
  1626879635 472656450 0  
  1626879636 472656450 0  
  1626879637 472660759 0  
  1626879638 472661083 0  
  1626879639 472661791 0  
  1626879640 472661791 0  
  1626879642 472661791 0  
  1626879643 472661883 0  
  1626879644 472666516 0  
  1626879645 472667156 0  
  1626879646 472667316 0  
  1626879647 472667316 0  
  1626879648 472676582 0  
  1626879649 472677222 0  
  1626879650 472677998 0  
  1626879651 472677998 0  
  1626879652 472677998 0  
  1626879653 472677998 0  
  1626879654 472677998 0  
  1626879655 472677998 0  
  1626879656 472677998 0  
  1626879657 472677998 0  
  1626879658 472677998 0  
  1626879659 472677998 0  
  1626879660 472677998 0  
  1626879661 472677998 0  
  1626879662 472677998 0  
  1626879663 472677998 0  
  1626879664 472677998 0  
  1626879665 472682443 0  
  1626879666 472682851 0  
  1626879667 472682851 0  
  1626879668 472683355 0  
  1626879669 472683355 0  
  1626879670 472683355 0  
  1626879671 472683355 0  
  1626879672 472683355 0  
  1626879673 472683355 0  
  1626879674 472683355 0  
  1626879675 472683355 0  
  1626879676 472683355 0  
  1626879677 472683447 0  
  1626879678 472683447 0  
  1626879679 472683447 0  
  1626879681 472683447 0  
  1626879682 472683447 0  
  1626879683 472683447 0  
  1626879684 472683447 0  
  1626879685 472683447 0  
  1626879686 472683447 0  
  1626879687 472683447 0  
  1626879688 472683447 0  
  1626879689 472683447 0  
  1626879690 472683447 0  
  1626879691 472683447 0  
  1626879692 472683447 0  
  1626879693 472683447 0  
  1626879694 472683447 0  
  1626879695 472683447 0  
  1626879696 472683447 0  
  1626879697 472683447 0  
  1626879698 472683447 0  
  1626879699 472683447 0  
  1626879700 472683447 0  
  1626879701 472683447 0  
  1626879702 472683447 0  
  1626879703 472683447 0  
  1626879704 472683447 0  
  1626879705 472683447 0  
  1626879706 472683447 0  
  1626879707 472683539 0  
  1626879708 472683539 0  
  1626879709 472683539 0  
  1626879710 472683631 0  
  1626879711 472683969 0  
  1626879712 472683969 0  
  1626879713 472683969 0  
  1626879714 472683969 0  
  1626879715 472683969 0  
  1626879716 472683969 0  
  1626879717 472683969 0  
  1626879718 472683969 0  
  1626879719 472683969 0  
  1626879721 472683969 0  
  1626879722 472683969 0  
  1626879723 472683969 0  
  1626879724 472683969 0  
  1626879725 472683969 0  
  1626879726 472683969 0  
  1626879727 472683969 0  
  1626879728 472683969 0  
  1626879729 472683969 0  
  1626879730 472683969 0  
  1626879731 472683969 0  
  1626879732 472683969 0  
  1626879733 472683969 0  
  1626879734 472683969 0  
  1626879735 472683969 0  
  1626879736 472683969 0  
  1626879737 472683969 0  
  1626879738 472683969 0  
  1626879739 472683969 0  
  1626879740 472683969 0  
  1626879741 472683969 0  
  1626879742 472684061 0  
  1626879743 472684061 0  
  1626879744 472684061 0  
  1626879745 472684061 0  
  1626879746 472684061 0  
  1626879747 472684061 0  
  1626879748 472684061 0  
  1626879749 472684061 0  
  1626879750 472684061 0  
  1626879751 472684061 0  
  1626879752 472684061 0  
  1626879753 472684061 0  
  1626879754 472684061 0  
  1626879755 472684061 0  
  1626879756 472684061 0  
  1626879757 472684061 0  
  1626879758 472684061 0  
  1626879759 472684061 0  
  1626879761 472684061 0  
  1626879762 472684061 0  
  1626879763 472684061 0  
  1626879764 472688370 0  
  1626879765 472688694 0  
  1626879766 472688694 0  
  1626879767 472689402 0  
  1626879768 472689998 0  
  1626879769 472689998 0  
  1626879770 472689998 0  
  1626879771 472689998 0  
  1626879772 472690090 0  
  1626879773 472690090 0  
  1626879774 472690090 0  
  1626879775 472690090 0  
  1626879776 472690090 0  
  1626879777 472690090 0  
  1626879778 472690090 0  
  1626879779 472690090 0  
  1626879780 472690090 0  
  1626879781 472690090 0  
  1626879782 472690090 0  
  1626879783 472690090 0  
  1626879784 472690090 0  
  1626879785 472690090 0  
  1626879786 472690090 0  
  1626879787 472690090 0  
  1626879788 472690090 0  
  1626879789 472690090 0  
  1626879790 472690090 0  
  1626879791 472690090 0  
  1626879792 472690090 0  
  1626879793 472690090 0  
  1626879794 472690090 0  
  1626879795 472690090 0  
  1626879796 472690090 0  
  1626879797 472690090 0  
  1626879798 472690090 0  
  1626879799 472690090 0  
  1626879801 472690090 0  
  1626879802 472690090 0  
  1626879803 472690090 0  
  1626879804 472690090 0  
  1626879805 472690090 0  
  1626879806 472690090 0  
  1626879807 472690090 0  
  1626879808 472690182 0  
  1626879809 472690182 0  
  1626879810 472690182 0  
  1626879811 472690182 0  
  1626879812 472690182 0  
  1626879813 472690182 0  
  1626879814 472690182 0  
  1626879815 472690182 0  
  1626879816 472690182 0  
  1626879817 472690182 0  
  1626879818 472690182 0  
  1626879819 472690182 0  
  1626879820 472690182 0  
  1626879821 472690182 0  
  1626879822 472690182 0  
  1626879823 472690182 0  
  1626879824 472690182 0  
  1626879825 472690182 0  
  1626879826 472690182 0  
  1626879827 472690182 0  
  1626879828 472690182 0  
  1626879829 472690182 0  
  1626879830 472690182 0  
  1626879831 472690182 0  
  1626879832 472690182 0  
  1626879833 472690182 0  
  1626879834 472690182 0  
  1626879835 472690182 0  
  1626879836 472690182 0  
  1626879837 472690274 0  
  1626879838 472690274 0  
  1626879839 472690274 0  
  1626879841 472690274 0  
  1626879842 472690274 0  
  1626879843 472690274 0  
  1626879844 472690274 0  
  1626879845 472690274 0  
  1626879846 472690274 0  
  1626879847 472690274 0  
  1626879848 472690274 0  
  1626879849 472690274 0  
  1626879850 472690274 0  
  1626879851 472690274 0  
  1626879852 472690274 0  
  1626879853 472690274 0  
  1626879854 472690274 0  
  1626879855 472690274 0  
  1626879856 472690274 0  
  1626879857 472690274 0  
  1626879858 472690612 0  
  1626879859 472690612 0  
  1626879860 472690612 0  
  1626879861 472690612 0  
  1626879862 472690612 0  
  1626879863 472690612 0  
  1626879864 472690612 0  
  1626879865 472690612 0  
  1626879866 472690612 0  
  1626879867 472690612 0  
  1626879868 472690612 0  
  1626879869 472690612 0  
  1626879870 472690612 0  
  1626879871 472690612 0  
  1626879872 472690704 0  
  1626879873 472690704 0  
  1626879874 472690704 0  
  1626879875 472690704 0  
  1626879876 472690704 0  
  1626879877 472690704 0  
  1626879878 472690704 0  
  1626879879 472690704 0  
  1626879881 472690704 0  
  1626879882 472690704 0  
  1626879883 472690704 0  
  1626879884 472690704 0  
  1626879885 472690704 0  
  1626879886 472690704 0  
  1626879887 472690704 0  
  1626879888 472690704 0  
  1626879889 472690704 0  
  1626879890 472690704 0  
  1626879891 472690704 0  
  1626879892 472690704 0  
  1626879893 472690704 0  
  1626879894 472690704 0  
  1626879895 472690704 0  
  1626879896 472690704 0  
  1626879897 472690704 0  
 