 1626788018 460998737 0  
  1626788019 460998737 0  
  1626788020 460998737 0  
  1626788021 460998737 0  
  1626788022 460998737 0  
  1626788023 460998737 0  
  1626788024 460998737 0  
  1626788025 460998737 0  
  1626788026 460998737 0  
  1626788027 460998737 0  
  1626788028 460998737 0  
  1626788029 460998737 0  
  1626788030 460998737 0  
  1626788031 460998737 0  
  1626788032 460998737 0  
  1626788034 460998737 0  
  1626788035 460998737 0  
  1626788036 460998737 0  
  1626788037 460998737 0  
  1626788038 460998737 0  
  1626788039 460998737 0  
  1626788040 460998737 0  
  1626788041 460998737 0  
  1626788042 460998737 0  
  1626788043 460998737 0  
  1626788044 460998737 0  
  1626788045 460998737 0  
  1626788046 460998737 0  
  1626788047 460998737 0  
  1626788048 460998737 0  
  1626788049 460998737 0  
  1626788050 460998737 0  
  1626788051 460998737 0  
  1626788052 460998737 0  
  1626788053 460998737 0  
  1626788054 460998737 0  
  1626788055 460998737 0  
  1626788056 460998737 0  
  1626788057 460998737 0  
  1626788058 460998737 0  
  1626788059 460998737 0  
  1626788060 460998737 0  
  1626788061 460998737 0  
  1626788062 460998737 0  
  1626788063 460998737 0  
  1626788064 460998737 0  
  1626788065 460998737 0  
  1626788066 460998737 0  
  1626788067 460998737 0  
  1626788068 460998737 0  
  1626788069 460998737 0  
  1626788070 460998737 0  
  1626788071 460998737 0  
  1626788072 460998737 0  
  1626788074 460998737 0  
  1626788075 460998737 0  
  1626788076 460998737 0  
  1626788077 460998737 0  
  1626788078 460998737 0  
  1626788079 460998737 0  
  1626788080 460998737 0  
  1626788081 460998737 0  
  1626788082 460998737 0  
  1626788083 460998737 0  
  1626788084 460998737 0  
  1626788085 460998737 0  
  1626788086 460998737 0  
  1626788087 460998737 0  
  1626788088 460998737 0  
  1626788089 460999075 0  
  1626788090 460999075 0  
  1626788091 460999075 0  
  1626788092 460999075 0  
  1626788093 460999075 0  
  1626788094 460999075 0  
  1626788095 460999075 0  
  1626788096 460999075 0  
  1626788097 460999075 0  
  1626788098 460999075 0  
  1626788099 460999075 0  
  1626788100 460999075 0  
  1626788101 460999075 0  
  1626788102 460999075 0  
  1626788103 460999075 0  
  1626788104 460999075 0  
  1626788105 460999075 0  
  1626788106 460999075 0  
  1626788107 460999075 0  
  1626788108 460999075 0  
  1626788109 460999075 0  
  1626788110 461003384 0  
  1626788111 461003708 0  
  1626788112 461003708 0  
  1626788114 461004416 0  
  1626788115 461004416 0  
  1626788116 461004416 0  
  1626788117 461004416 0  
  1626788118 461004416 0  
  1626788119 461004508 0  
  1626788120 461004508 0  
  1626788121 461004508 0  
  1626788122 461009141 0  
  1626788123 461013270 0  
  1626788124 461014414 0  
  1626788125 461019755 0  
  1626788126 461019755 0  
  1626788127 461020463 0  
  1626788128 461020463 0  
  1626788129 461020463 0  
  1626788130 461020463 0  
  1626788131 461020463 0  
  1626788132 461020463 0  
  1626788133 461020463 0  
  1626788134 461020463 0  
  1626788135 461020463 0  
  1626788136 461020463 0  
  1626788137 461020463 0  
  1626788138 461020463 0  
  1626788139 461020463 0  
  1626788140 461020463 0  
  1626788141 461020463 0  
  1626788142 461020463 0  
  1626788143 461020820 0  
  1626788144 461020820 0  
  1626788145 461020820 0  
  1626788146 461020820 0  
  1626788147 461020820 0  
  1626788148 461020820 0  
  1626788149 461020820 0  
  1626788150 461020820 0  
  1626788151 461020820 0  
  1626788152 461020820 0  
  1626788154 461020820 0  
  1626788155 461020820 0  
  1626788156 461020820 0  
  1626788157 461020820 0  
  1626788158 461020820 0  
  1626788159 461020820 0  
  1626788160 461020820 0  
  1626788161 461020820 0  
  1626788162 461020820 0  
  1626788163 461020820 0  
  1626788164 461020820 0  
  1626788165 461021416 0  
  1626788166 461021416 0  
  1626788167 461021416 0  
  1626788168 461021416 0  
  1626788169 461021416 0  
  1626788170 461021416 0  
  1626788171 461021416 0  
  1626788172 461021416 0  
  1626788173 461021416 0  
  1626788174 461021416 0  
  1626788175 461021416 0  
  1626788176 461021416 0  
  1626788177 461021508 0  
  1626788178 461021508 0  
  1626788179 461021508 0  
  1626788180 461021508 0  
  1626788181 461021508 0  
  1626788182 461021508 0  
  1626788183 461021508 0  
  1626788184 461021508 0  
  1626788185 461021508 0  
  1626788186 461021508 0  
  1626788187 461021508 0  
  1626788188 461021508 0  
  1626788189 461021508 0  
  1626788190 461021508 0  
  1626788191 461021508 0  
  1626788192 461021508 0  
  1626788194 461021508 0  
  1626788195 461021508 0  
  1626788196 461021508 0  
  1626788197 461021508 0  
  1626788198 461021508 0  
  1626788199 461021508 0  
  1626788200 461021508 0  
  1626788201 461021508 0  
  1626788202 461021508 0  
  1626788203 461021508 0  
  1626788204 461021508 0  
  1626788205 461021508 0  
  1626788206 461021508 0  
  1626788207 461021508 0  
  1626788208 461021508 0  
  1626788209 461021508 0  
  1626788210 461021508 0  
  1626788211 461021508 0  
  1626788212 461021508 0  
  1626788213 461021508 0  
  1626788214 461021508 0  
  1626788215 461021508 0  
  1626788216 461021508 0  
  1626788217 461021508 0  
  1626788218 461021508 0  
  1626788219 461021508 0  
  1626788220 461021508 0  
  1626788221 461021508 0  
  1626788222 461021508 0  
  1626788223 461021508 0  
  1626788224 461021508 0  
  1626788225 461021508 0  
  1626788226 461021508 0  
  1626788227 461021508 0  
  1626788228 461021508 0  
  1626788229 461021508 0  
  1626788230 461021508 0  
  1626788231 461021508 0  
  1626788232 461021508 0  
  1626788234 461021508 0  
  1626788235 461021508 0  
  1626788236 461021508 0  
  1626788237 461021508 0  
  1626788238 461021508 0  
  1626788239 461021508 0  
  1626788240 461021508 0  
  1626788241 461021508 0  
  1626788242 461021508 0  
  1626788243 461021508 0  
  1626788244 461021508 0  
  1626788245 461021508 0  
  1626788246 461021508 0  
  1626788247 461021508 0  
  1626788248 461021600 0  
  1626788249 461021600 0  
  1626788250 461021600 0  
  1626788251 461021600 0  
  1626788252 461021600 0  
  1626788253 461021600 0  
  1626788254 461021600 0  
  1626788255 461021600 0  
  1626788256 461021600 0  
  1626788257 461021600 0  
  1626788258 461021600 0  
  1626788259 461021600 0  
  1626788260 461021600 0  
  1626788261 461021600 0  
  1626788262 461021600 0  
  1626788263 461021600 0  
  1626788264 461021600 0  
  1626788265 461021600 0  
  1626788266 461021656 0  
  1626788267 461021656 0  
  1626788268 461021656 0  
  1626788269 461021656 0  
  1626788270 461021656 0  
  1626788271 461025965 0  
  1626788272 461026289 0  
  1626788274 461026861 0  
  1626788275 461026861 0  
  1626788276 461026861 0  
  1626788277 461026861 0  
  1626788278 461026861 0  
  1626788279 461026861 0  
  1626788280 461026861 0  
  1626788281 461026861 0  
  1626788282 461026861 0  
  1626788283 461026861 0  
  1626788284 461026861 0  
  1626788285 461026861 0  
  1626788286 461026861 0  
  1626788287 461026861 0  
  1626788288 461026861 0  
  1626788289 461026861 0  
  1626788290 461026861 0  
  1626788291 461026861 0  
  1626788292 461026861 0  
  1626788293 461026861 0  
  1626788294 461026861 0  
  1626788295 461026861 0  
  1626788296 461026861 0  
  1626788297 461026861 0  
  1626788298 461026861 0  
  1626788299 461026861 0  
  1626788300 461026861 0  
  1626788301 461026861 0  
  1626788302 461026861 0  
  1626788303 461026861 0  
  1626788304 461026861 0  
  1626788305 461026861 0  
  1626788306 461026861 0  
  1626788307 461026861 0  
  1626788308 461026861 0  
  1626788309 461026861 0  
  1626788310 461026861 0  
  1626788311 461026861 0  
  1626788312 461026861 0  
  1626788314 461026861 0  
  1626788315 461026861 0  
  1626788316 461026861 0  
  1626788317 461026861 0  
  1626788318 461026861 0  
  1626788319 461026861 0  
  1626788320 461026861 0  
  1626788321 461026861 0  
  1626788322 461026861 0  
  1626788323 461026861 0  
  1626788324 461026861 0  
  1626788325 461026861 0  
  1626788326 461026861 0  
  1626788327 461026861 0  
  1626788328 461026861 0  
  1626788329 461026861 0  
  1626788330 461026861 0  
  1626788331 461026861 0  
  1626788332 461026861 0  
  1626788333 461026861 0  
  1626788334 461026861 0  
  1626788335 461026861 0  
  1626788336 461026861 0  
  1626788337 461026861 0  
  1626788338 461026861 0  
  1626788339 461026861 0  
  1626788340 461026861 0  
  1626788341 461026861 0  
  1626788342 461026861 0  
  1626788343 461026861 0  
  1626788344 461026861 0  
  1626788345 461026861 0  
  1626788346 461026861 0  
  1626788347 461026861 0  
  1626788348 461026861 0  
  1626788349 461026861 0  
  1626788350 461026861 0  
  1626788351 461026861 0  
  1626788352 461026861 0  
  1626788354 461026861 0  
  1626788355 461026861 0  
  1626788356 461026861 0  
  1626788357 461026861 0  
  1626788358 461026861 0  
  1626788359 461026861 0  
  1626788360 461026861 0  
  1626788361 461026861 0  
  1626788362 461026861 0  
  1626788363 461026861 0  
  1626788364 461026861 0  
  1626788365 461026861 0  
  1626788366 461027457 0  
  1626788367 461027457 0  
  1626788368 461027457 0  
  1626788369 461027457 0  
  1626788370 461027457 0  
  1626788371 461027457 0  
  1626788372 461027457 0  
  1626788373 461027457 0  
  1626788374 461027457 0  
  1626788375 461027457 0  
  1626788376 461027457 0  
  1626788377 461027457 0  
  1626788378 461027457 0  
  1626788379 461027457 0  
  1626788380 461027457 0  
  1626788381 461027457 0  
  1626788382 461027457 0  
  1626788383 461027457 0  
  1626788384 461027457 0  
  1626788385 461027457 0  
  1626788386 461027457 0  
  1626788387 461027457 0  
  1626788388 461027457 0  
  1626788389 461027457 0  
  1626788390 461027457 0  
  1626788391 461027457 0  
  1626788392 461027457 0  
  1626788394 461027457 0  
  1626788395 461027457 0  
  1626788396 461027457 0  
  1626788397 461027457 0  
  1626788398 461027457 0  
  1626788399 461027457 0  
  1626788400 461027457 0  
  1626788401 461027457 0  
  1626788402 461027457 0  
  1626788403 461027457 0  
 