 1626877316 475528564 0  
  1626877317 475528564 0  
  1626877318 475528564 0  
  1626877319 475528564 0  
  1626877320 475528564 0  
  1626877321 475528564 0  
  1626877322 475528564 0  
  1626877323 475528564 0  
  1626877324 475528564 0  
  1626877325 475528564 0  
  1626877326 475528564 0  
  1626877327 475528564 0  
  1626877328 475528564 0  
  1626877329 475528564 0  
  1626877330 475528564 0  
  1626877331 475528564 0  
  1626877332 475528564 0  
  1626877333 475528564 0  
  1626877334 475528564 0  
  1626877335 475528564 0  
  1626877336 475528564 0  
  1626877337 475528564 0  
  1626877338 475528564 0  
  1626877339 475528656 0  
  1626877340 475528656 0  
  1626877341 475528656 0  
  1626877342 475528656 0  
  1626877343 475528656 0  
  1626877344 475528656 0  
  1626877345 475528656 0  
  1626877346 475528656 0  
  1626877347 475528656 0  
  1626877348 475528656 0  
  1626877349 475528656 0  
  1626877350 475528656 0  
  1626877352 475528656 0  
  1626877353 475528656 0  
  1626877354 475528656 0  
  1626877355 475528656 0  
  1626877356 475528656 0  
  1626877357 475528656 0  
  1626877358 475528656 0  
  1626877359 475528656 0  
  1626877360 475528656 0  
  1626877361 475528656 0  
  1626877362 475528656 0  
  1626877363 475528656 0  
  1626877364 475528656 0  
  1626877365 475528656 0  
  1626877366 475528656 0  
  1626877367 475528656 0  
  1626877368 475528656 0  
  1626877369 475528656 0  
  1626877370 475528656 0  
  1626877371 475528656 0  
  1626877372 475528656 0  
  1626877373 475528656 0  
  1626877374 475530857 0  
  1626877375 475533289 0  
  1626877376 475533289 0  
  1626877377 475533997 0  
  1626877378 475533997 0  
  1626877379 475533997 0  
  1626877380 475533997 0  
  1626877381 475533997 0  
  1626877382 475533997 0  
  1626877383 475533997 0  
  1626877384 475533997 0  
  1626877385 475533997 0  
  1626877386 475533997 0  
  1626877387 475533997 0  
  1626877388 475533997 0  
  1626877389 475533997 0  
  1626877390 475533997 0  
  1626877392 475533997 0  
  1626877393 475533997 0  
  1626877394 475533997 0  
  1626877395 475533997 0  
  1626877396 475533997 0  
  1626877397 475533997 0  
  1626877398 475533997 0  
  1626877399 475533997 0  
  1626877400 475533997 0  
  1626877401 475533997 0  
  1626877402 475533997 0  
  1626877403 475533997 0  
  1626877404 475533997 0  
  1626877405 475534089 0  
  1626877406 475534089 0  
  1626877407 475534089 0  
  1626877408 475534089 0  
  1626877409 475534089 0  
  1626877410 475534089 0  
  1626877411 475534089 0  
  1626877412 475534089 0  
  1626877413 475534089 0  
  1626877414 475534089 0  
  1626877415 475534089 0  
  1626877416 475534089 0  
  1626877417 475534089 0  
  1626877418 475534089 0  
  1626877419 475534089 0  
  1626877420 475534089 0  
  1626877421 475534089 0  
  1626877422 475534089 0  
  1626877423 475534089 0  
  1626877424 475534089 0  
  1626877425 475534089 0  
  1626877426 475534089 0  
  1626877427 475534089 0  
  1626877428 475534089 0  
  1626877429 475534089 0  
  1626877431 475534089 0  
  1626877432 475534089 0  
  1626877433 475534089 0  
  1626877434 475534089 0  
  1626877435 475534089 0  
  1626877436 475534089 0  
  1626877437 475534089 0  
  1626877438 475534089 0  
  1626877439 475534181 0  
  1626877440 475534181 0  
  1626877441 475534181 0  
  1626877442 475534181 0  
  1626877443 475534181 0  
  1626877444 475534181 0  
  1626877445 475534181 0  
  1626877446 475534181 0  
  1626877447 475534181 0  
  1626877448 475534181 0  
  1626877449 475534181 0  
  1626877450 475534181 0  
  1626877451 475534181 0  
  1626877452 475534181 0  
  1626877453 475534181 0  
  1626877454 475534181 0  
  1626877455 475534181 0  
  1626877456 475534181 0  
  1626877457 475534181 0  
  1626877458 475534181 0  
  1626877459 475534181 0  
  1626877460 475534181 0  
  1626877461 475534181 0  
  1626877462 475534181 0  
  1626877463 475534181 0  
  1626877464 475534181 0  
  1626877465 475534181 0  
  1626877466 475534181 0  
  1626877467 475534181 0  
  1626877468 475534777 0  
  1626877469 475534869 0  
  1626877471 475534869 0  
  1626877472 475534869 0  
  1626877473 475534869 0  
  1626877474 475534869 0  
  1626877475 475534869 0  
  1626877476 475534869 0  
  1626877477 475534869 0  
  1626877478 475534869 0  
  1626877479 475534869 0  
  1626877480 475534869 0  
  1626877481 475534869 0  
  1626877482 475534869 0  
  1626877483 475534869 0  
  1626877484 475534869 0  
  1626877485 475534869 0  
  1626877486 475534869 0  
  1626877487 475534869 0  
  1626877488 475534869 0  
  1626877489 475534869 0  
  1626877490 475534869 0  
  1626877491 475534869 0  
  1626877492 475534869 0  
  1626877493 475534869 0  
  1626877494 475534869 0  
  1626877495 475534869 0  
  1626877496 475534869 0  
  1626877497 475534869 0  
  1626877498 475534869 0  
  1626877499 475534869 0  
  1626877500 475534869 0  
  1626877501 475534869 0  
  1626877502 475534869 0  
  1626877503 475534869 0  
  1626877504 475534869 0  
  1626877505 475534869 0  
  1626877506 475534869 0  
  1626877507 475534869 0  
  1626877508 475534869 0  
  1626877509 475534869 0  
  1626877511 475534869 0  
  1626877512 475534869 0  
  1626877513 475534869 0  
  1626877514 475534869 0  
  1626877515 475534869 0  
  1626877516 475534869 0  
  1626877517 475534869 0  
  1626877518 475534869 0  
  1626877519 475534869 0  
  1626877520 475534869 0  
  1626877521 475534869 0  
  1626877522 475534869 0  
  1626877523 475534869 0  
  1626877524 475534869 0  
  1626877525 475534869 0  
  1626877526 475534869 0  
  1626877527 475534869 0  
  1626877528 475534869 0  
  1626877529 475534869 0  
  1626877530 475534869 0  
  1626877531 475534869 0  
  1626877532 475534869 0  
  1626877533 475534869 0  
  1626877534 475534961 0  
  1626877535 475534961 0  
  1626877536 475534961 0  
  1626877537 475534961 0  
  1626877538 475534961 0  
  1626877539 475534961 0  
  1626877540 475534961 0  
  1626877541 475534961 0  
  1626877542 475534961 0  
  1626877543 475534961 0  
  1626877544 475534961 0  
  1626877545 475534961 0  
  1626877546 475535318 0  
  1626877547 475535318 0  
  1626877548 475539627 0  
  1626877550 475539951 0  
  1626877551 475545292 0  
  1626877552 475545292 0  
  1626877553 475546000 0  
  1626877554 475546000 0  
  1626877555 475546000 0  
  1626877556 475546000 0  
  1626877557 475555266 0  
  1626877558 475555266 0  
  1626877559 475556614 0  
  1626877560 475556614 0  
  1626877561 475556614 0  
  1626877562 475556614 0  
  1626877563 475556614 0  
  1626877564 475556614 0  
  1626877565 475556614 0  
  1626877566 475556614 0  
  1626877567 475556614 0  
  1626877568 475556614 0  
  1626877569 475556614 0  
  1626877570 475556614 0  
  1626877571 475556614 0  
  1626877572 475556614 0  
  1626877573 475556614 0  
  1626877574 475556614 0  
  1626877575 475556614 0  
  1626877576 475556614 0  
  1626877577 475556614 0  
  1626877578 475556614 0  
  1626877579 475556614 0  
  1626877580 475556614 0  
  1626877581 475556614 0  
  1626877582 475556614 0  
  1626877583 475556614 0  
  1626877584 475556614 0  
  1626877585 475556614 0  
  1626877586 475556614 0  
  1626877587 475556614 0  
  1626877588 475556614 0  
  1626877590 475556614 0  
  1626877591 475556614 0  
  1626877592 475556614 0  
  1626877593 475556614 0  
  1626877594 475556614 0  
  1626877595 475556614 0  
  1626877596 475556614 0  
  1626877597 475556614 0  
  1626877598 475556614 0  
  1626877599 475556706 0  
  1626877600 475556706 0  
  1626877601 475556706 0  
  1626877602 475556706 0  
  1626877603 475556706 0  
  1626877604 475556706 0  
  1626877605 475556706 0  
  1626877606 475556706 0  
  1626877607 475556706 0  
  1626877608 475556706 0  
  1626877609 475556706 0  
  1626877610 475556706 0  
  1626877611 475556706 0  
  1626877612 475556706 0  
  1626877613 475556706 0  
  1626877614 475556706 0  
  1626877615 475556706 0  
  1626877616 475556706 0  
  1626877617 475556706 0  
 