 1626726404 455189148 0  
  1626726405 455189148 0  
  1626726406 455189148 0  
  1626726407 455189148 0  
  1626726408 455189148 0  
  1626726409 455189148 0  
  1626726410 455189148 0  
  1626726411 455189148 0  
  1626726412 455189148 0  
  1626726413 455189148 0  
  1626726414 455189148 0  
  1626726415 455189148 0  
  1626726416 455189148 0  
  1626726417 455189148 0  
  1626726418 455189148 0  
  1626726419 455189148 0  
  1626726420 455189148 0  
  1626726421 455189148 0  
  1626726422 455189148 0  
  1626726423 455189148 0  
  1626726425 455189148 0  
  1626726426 455189148 0  
  1626726427 455189148 0  
  1626726428 455189148 0  
  1626726429 455189148 0  
  1626726430 455189148 0  
  1626726431 455189148 0  
  1626726432 455189148 0  
  1626726433 455189148 0  
  1626726434 455189148 0  
  1626726435 455189148 0  
  1626726436 455189148 0  
  1626726437 455189148 0  
  1626726438 455189148 0  
  1626726439 455189148 0  
  1626726440 455189148 0  
  1626726441 455189148 0  
  1626726442 455189148 0  
  1626726443 455189148 0  
  1626726444 455189148 0  
  1626726445 455189148 0  
  1626726446 455189148 0  
  1626726447 455189148 0  
  1626726448 455189148 0  
  1626726449 455189148 0  
  1626726450 455189148 0  
  1626726451 455189148 0  
  1626726452 455189148 0  
  1626726453 455189148 0  
  1626726454 455189148 0  
  1626726455 455189216 0  
  1626726456 455189216 0  
  1626726457 455189216 0  
  1626726458 455189216 0  
  1626726459 455189216 0  
  1626726460 455189216 0  
  1626726461 455190372 0  
  1626726462 455190372 0  
  1626726463 455190372 0  
  1626726465 455190372 0  
  1626726466 455190372 0  
  1626726467 455190372 0  
  1626726468 455190516 0  
  1626726469 455195005 0  
  1626726470 455195005 0  
  1626726471 455195713 0  
  1626726472 455195713 0  
  1626726473 455195713 0  
  1626726474 455195713 0  
  1626726475 455195713 0  
  1626726476 455195713 0  
  1626726477 455195713 0  
  1626726478 455195713 0  
  1626726479 455195713 0  
  1626726480 455195713 0  
  1626726481 455195713 0  
  1626726482 455195713 0  
  1626726483 455195713 0  
  1626726484 455195713 0  
  1626726485 455195713 0  
  1626726486 455195713 0  
  1626726487 455195713 0  
  1626726488 455195713 0  
  1626726489 455195713 0  
  1626726490 455195713 0  
  1626726491 455195713 0  
  1626726492 455195713 0  
  1626726493 455195713 0  
  1626726494 455195713 0  
  1626726495 455195713 0  
  1626726496 455195713 0  
  1626726497 455195713 0  
  1626726498 455195713 0  
  1626726499 455195713 0  
  1626726500 455195713 0  
  1626726501 455195713 0  
  1626726502 455195713 0  
  1626726503 455195713 0  
  1626726505 455195713 0  
  1626726506 455195713 0  
  1626726507 455195713 0  
  1626726508 455195713 0  
  1626726509 455195713 0  
  1626726510 455195713 0  
  1626726511 455195713 0  
  1626726512 455195713 0  
  1626726513 455195713 0  
  1626726514 455195713 0  
  1626726515 455195713 0  
  1626726516 455195713 0  
  1626726517 455195713 0  
  1626726518 455195713 0  
  1626726519 455195713 0  
  1626726520 455195713 0  
  1626726521 455195713 0  
  1626726522 455195713 0  
  1626726523 455195713 0  
  1626726524 455195713 0  
  1626726525 455195713 0  
  1626726526 455195713 0  
  1626726527 455195713 0  
  1626726528 455195713 0  
  1626726529 455195713 0  
  1626726530 455195713 0  
  1626726531 455195713 0  
  1626726532 455195713 0  
  1626726533 455195713 0  
  1626726534 455195713 0  
  1626726535 455195713 0  
  1626726536 455195713 0  
  1626726537 455195713 0  
  1626726538 455195713 0  
  1626726539 455195713 0  
  1626726540 455195713 0  
  1626726541 455195713 0  
  1626726542 455195713 0  
  1626726544 455195713 0  
  1626726545 455195713 0  
  1626726546 455195713 0  
  1626726547 455195713 0  
  1626726548 455195713 0  
  1626726549 455195713 0  
  1626726550 455195713 0  
  1626726551 455195713 0  
  1626726552 455195713 0  
  1626726553 455195713 0  
  1626726554 455195713 0  
  1626726555 455195713 0  
  1626726556 455195713 0  
  1626726557 455195805 0  
  1626726558 455195805 0  
  1626726559 455195805 0  
  1626726560 455195805 0  
  1626726561 455195805 0  
  1626726562 455195805 0  
  1626726563 455195805 0  
  1626726564 455196401 0  
  1626726565 455196401 0  
  1626726566 455196401 0  
  1626726567 455196401 0  
  1626726568 455196401 0  
  1626726569 455196401 0  
  1626726570 455196401 0  
  1626726571 455196401 0  
  1626726572 455196401 0  
  1626726573 455196401 0  
  1626726574 455196401 0  
  1626726575 455196401 0  
  1626726576 455196401 0  
  1626726577 455196401 0  
  1626726578 455196401 0  
  1626726579 455196401 0  
  1626726580 455196401 0  
  1626726581 455196401 0  
  1626726583 455196401 0  
  1626726584 455196401 0  
  1626726585 455196401 0  
  1626726586 455196401 0  
  1626726587 455196401 0  
  1626726588 455196401 0  
  1626726589 455196401 0  
  1626726590 455196401 0  
  1626726591 455196401 0  
  1626726592 455196401 0  
  1626726593 455196401 0  
  1626726594 455196401 0  
  1626726595 455196401 0  
  1626726596 455196401 0  
  1626726597 455196401 0  
  1626726598 455196401 0  
  1626726599 455196401 0  
  1626726600 455196401 0  
  1626726601 455196401 0  
  1626726602 455196401 0  
  1626726603 455196401 0  
  1626726604 455200710 0  
  1626726605 455201034 0  
  1626726606 455201742 0  
  1626726607 455201742 0  
  1626726608 455201742 0  
  1626726609 455201742 0  
  1626726610 455201834 0  
  1626726611 455201834 0  
  1626726612 455201834 0  
  1626726613 455201834 0  
  1626726614 455201834 0  
  1626726615 455201834 0  
  1626726616 455201834 0  
  1626726617 455206143 0  
  1626726618 455208344 0  
  1626726619 455211808 0  
  1626726620 455216825 0  
  1626726622 455217149 0  
  1626726623 455217857 0  
  1626726624 455217857 0  
  1626726625 455217857 0  
  1626726626 455217857 0  
  1626726627 455217857 0  
  1626726628 455217857 0  
  1626726629 455217857 0  
  1626726630 455217857 0  
  1626726631 455217857 0  
  1626726632 455217857 0  
  1626726633 455217857 0  
  1626726634 455217857 0  
  1626726635 455217857 0  
  1626726636 455217857 0  
  1626726637 455218214 0  
  1626726638 455218214 0  
  1626726639 455218214 0  
  1626726640 455218214 0  
  1626726641 455218214 0  
  1626726642 455218214 0  
  1626726643 455218214 0  
  1626726644 455218214 0  
  1626726645 455218214 0  
  1626726646 455218214 0  
  1626726647 455218214 0  
  1626726648 455218214 0  
  1626726649 455218214 0  
  1626726650 455218214 0  
  1626726651 455218214 0  
  1626726652 455218214 0  
  1626726653 455218214 0  
  1626726654 455218214 0  
  1626726655 455218214 0  
  1626726656 455218214 0  
  1626726657 455218214 0  
  1626726658 455218214 0  
  1626726659 455218214 0  
  1626726661 455218214 0  
  1626726662 455218214 0  
  1626726663 455218214 0  
  1626726664 455219809 0  
  1626726665 455219809 0  
  1626726666 455224254 0  
  1626726667 455224662 0  
  1626726668 455225166 0  
  1626726669 455225166 0  
  1626726670 455225166 0  
  1626726671 455225166 0  
  1626726672 455225166 0  
  1626726673 455225166 0  
  1626726674 455225166 0  
  1626726675 455225166 0  
  1626726676 455225166 0  
  1626726677 455225166 0  
  1626726678 455225166 0  
  1626726679 455225166 0  
  1626726680 455225166 0  
  1626726681 455225166 0  
  1626726682 455225166 0  
  1626726683 455225166 0  
  1626726684 455225166 0  
  1626726685 455225166 0  
  1626726686 455225166 0  
  1626726687 455225166 0  
  1626726688 455225166 0  
  1626726689 455225166 0  
  1626726690 455225166 0  
  1626726691 455225166 0  
  1626726692 455225166 0  
  1626726693 455225166 0  
  1626726694 455225166 0  
  1626726695 455225166 0  
  1626726696 455225166 0  
  1626726697 455225166 0  
  1626726698 455225166 0  
  1626726699 455225166 0  
  1626726701 455225166 0  
  1626726702 455225166 0  
  1626726703 455225166 0  
  1626726704 455225166 0  
  1626726705 455225166 0  
  1626726706 455225166 0  
  1626726707 455225166 0  
  1626726708 455225166 0  
  1626726709 455225166 0  
  1626726710 455225166 0  
  1626726711 455225166 0  
  1626726712 455225166 0  
  1626726713 455225166 0  
  1626726714 455225166 0  
  1626726715 455225166 0  
  1626726716 455225166 0  
  1626726717 455225166 0  
  1626726718 455225166 0  
  1626726719 455225166 0  
  1626726720 455225166 0  
  1626726721 455225166 0  
  1626726722 455225166 0  
  1626726723 455225166 0  
  1626726724 455225166 0  
  1626726725 455225166 0  
  1626726726 455225166 0  
  1626726727 455225166 0  
  1626726728 455225166 0  
  1626726729 455225166 0  
  1626726730 455225166 0  
  1626726731 455225166 0  
  1626726732 455225166 0  
  1626726733 455225166 0  
  1626726734 455225166 0  
  1626726735 455225166 0  
  1626726736 455225166 0  
  1626726737 455225166 0  
  1626726738 455225166 0  
  1626726740 455225166 0  
  1626726741 455225166 0  
  1626726742 455225166 0  
  1626726743 455225166 0  
  1626726744 455225166 0  
  1626726745 455225166 0  
  1626726746 455225166 0  
  1626726747 455225166 0  
  1626726748 455225166 0  
  1626726749 455225166 0  
  1626726750 455225166 0  
  1626726751 455225166 0  
  1626726752 455225166 0  
  1626726753 455225166 0  
  1626726754 455225166 0  
  1626726755 455225166 0  
  1626726756 455225166 0  
  1626726757 455225166 0  
  1626726758 455225166 0  
  1626726759 455225166 0  
  1626726760 455225166 0  
  1626726761 455225166 0  
  1626726762 455225166 0  
  1626726763 455225166 0  
  1626726764 455225166 0  
  1626726765 455225166 0  
  1626726766 455225166 0  
  1626726767 455225166 0  
  1626726768 455229475 0  
  1626726769 455229799 0  
  1626726770 455230507 0  
  1626726771 455230507 0  
  1626726772 455230507 0  
  1626726773 455230507 0  
  1626726774 455230507 0  
  1626726775 455230507 0  
  1626726776 455230507 0  
  1626726777 455230507 0  
  1626726779 455230507 0  
  1626726780 455230507 0  
  1626726781 455230507 0  
  1626726782 455230507 0  
  1626726783 455230507 0  
  1626726784 455230507 0  
  1626726785 455230507 0  
  1626726786 455230507 0  
  1626726787 455230507 0  
  1626726788 455230507 0  
  1626726789 455230507 0  
  1626726790 455230507 0  
  1626726791 455230507 0  
  1626726792 455230507 0  
  1626726793 455230507 0  
  1626726794 455230507 0  
  1626726795 455230507 0  
  1626726796 455230507 0  
  1626726797 455230507 0  
  1626726798 455230507 0  
  1626726799 455230507 0  
  1626726800 455230507 0  
  1626726801 455230507 0  
  1626726802 455230507 0  
  1626726803 455230507 0  
  1626726804 455230507 0  
  1626726805 455230507 0  
  1626726806 455230507 0  
  1626726807 455230507 0  
  1626726808 455230507 0  
  1626726809 455230507 0  
  1626726810 455230507 0  
  1626726811 455230507 0  
  1626726812 455230507 0  
  1626726813 455230507 0  
  1626726814 455230507 0  
  1626726815 455230507 0  
  1626726816 455230599 0  
  1626726818 455230599 0  
  1626726819 455230599 0  
  1626726820 455230599 0  
  1626726821 455230599 0  
  1626726822 455230599 0  
  1626726823 455230599 0  
  1626726824 455230599 0  
  1626726825 455230599 0  
  1626726826 455230599 0  
  1626726827 455230599 0  
  1626726828 455230599 0  
  1626726829 455230599 0  
  1626726830 455230599 0  
  1626726831 455230599 0  
  1626726832 455230599 0  
  1626726833 455230599 0  
  1626726834 455230599 0  
  1626726835 455230599 0  
  1626726836 455230599 0  
  1626726837 455230599 0  
  1626726838 455230599 0  
  1626726839 455230599 0  
  1626726840 455230599 0  
  1626726841 455230599 0  
  1626726842 455230599 0  
  1626726843 455230599 0  
  1626726844 455230599 0  
  1626726845 455230599 0  
  1626726846 455230599 0  
  1626726847 455230599 0  
  1626726848 455230599 0  
  1626726849 455230599 0  
  1626726850 455230599 0  
  1626726851 455230599 0  
  1626726852 455230599 0  
  1626726853 455230599 0  
  1626726854 455230599 0  
  1626726855 455230599 0  
  1626726856 455230599 0  
  1626726858 455230599 0  
  1626726859 455230599 0  
  1626726860 455230599 0  
  1626726861 455230599 0  
  1626726862 455230599 0  
  1626726863 455230599 0  
  1626726864 455231189 0  
  1626726865 455231189 0  
  1626726866 455231189 0  
  1626726867 455231281 0  
  1626726868 455231281 0  
  1626726869 455231281 0  
  1626726870 455231281 0  
  1626726871 455231281 0  
  1626726872 455231281 0  
  1626726873 455231281 0  
  1626726874 455231281 0  
  1626726875 455231281 0  
  1626726876 455231281 0  
  1626726877 455231281 0  
  1626726878 455231281 0  
  1626726879 455231281 0  
  1626726880 455231281 0  
  1626726881 455231281 0  
  1626726882 455231281 0  
  1626726883 455231281 0  
  1626726884 455231281 0  
  1626726885 455231281 0  
  1626726886 455231281 0  
  1626726887 455231281 0  
  1626726888 455231281 0  
  1626726889 455231281 0  
  1626726890 455231281 0  
  1626726891 455231281 0  
  1626726892 455231281 0  
  1626726893 455231281 0  
  1626726894 455231281 0  
  1626726895 455231281 0  
  1626726897 455231281 0  
  1626726898 455231281 0  
  1626726899 455231281 0  
  1626726900 455231281 0  
  1626726901 455231281 0  
  1626726902 455231281 0  
  1626726903 455231281 0  
  1626726904 455235914 0  
  1626726905 455235914 0  
  1626726906 455236622 0  
  1626726907 455236622 0  
  1626726908 455236622 0  
  1626726909 455236622 0  
  1626726910 455236622 0  
  1626726911 455236622 0  
  1626726912 455236622 0  
  1626726913 455236622 0  
  1626726914 455236622 0  
  1626726915 455236622 0  
  1626726916 455238583 0  
  1626726917 455241255 0  
  1626726918 455245564 0  
  1626726919 455246460 0  
  1626726920 455249045 0  
  1626726921 455251801 0  
  1626726922 455252509 0  
  1626726923 455252509 0  
  1626726924 455252509 0  
  1626726925 455252509 0  
  1626726926 455252509 0  
  1626726927 455252509 0  
  1626726928 455252509 0  
  1626726929 455252509 0  
  1626726930 455252509 0  
  1626726931 455252509 0  
  1626726932 455252509 0  
  1626726933 455252509 0  
  1626726934 455252509 0  
  1626726936 455252509 0  
  1626726937 455252628 0  
  1626726938 455252866 0  
  1626726939 455252866 0  
  1626726940 455252866 0  
  1626726941 455252866 0  
  1626726942 455252866 0  
  1626726943 455252866 0  
  1626726944 455252866 0  
  1626726945 455252866 0  
  1626726946 455252866 0  
  1626726947 455252866 0  
  1626726948 455252866 0  
  1626726949 455252866 0  
  1626726950 455252866 0  
  1626726951 455252866 0  
  1626726952 455252866 0  
  1626726953 455252866 0  
  1626726954 455252866 0  
  1626726955 455252866 0  
  1626726956 455252866 0  
  1626726957 455252866 0  
  1626726958 455252866 0  
  1626726959 455252866 0  
  1626726960 455252866 0  
  1626726961 455252866 0  
  1626726962 455252866 0  
  1626726963 455252866 0  
  1626726964 455252866 0  
  1626726965 455252866 0  
  1626726966 455252866 0  
  1626726967 455252866 0  
  1626726968 455252866 0  
  1626726969 455252866 0  
  1626726970 455252866 0  
  1626726971 455252866 0  
  1626726972 455252866 0  
  1626726973 455252866 0  
  1626726975 455252866 0  
  1626726976 455252866 0  
  1626726977 455252866 0  
  1626726978 455252866 0  
  1626726979 455252866 0  
  1626726980 455252866 0  
  1626726981 455252866 0  
  1626726982 455252866 0  
  1626726983 455252866 0  
  1626726984 455252866 0  
  1626726985 455252866 0  
  1626726986 455252866 0  
  1626726987 455252866 0  
  1626726988 455252866 0  
  1626726989 455252866 0  
  1626726990 455252866 0  
  1626726991 455252866 0  
  1626726992 455252866 0  
  1626726993 455252866 0  
  1626726994 455252866 0  
  1626726995 455252866 0  
  1626726996 455252866 0  
  1626726997 455252866 0  
  1626726998 455252866 0  
  1626726999 455252866 0  
  1626727000 455252866 0  
  1626727001 455252866 0  
  1626727002 455252866 0  
  1626727003 455252866 0  
  1626727004 455252866 0  
  1626727005 455252866 0  
  1626727006 455252866 0  
  1626727007 455252866 0  
  1626727008 455252866 0  
  1626727009 455252866 0  
  1626727010 455252866 0  
  1626727011 455252866 0  
  1626727013 455252866 0  
  1626727014 455252866 0  
  1626727015 455252866 0  
  1626727016 455252866 0  
  1626727017 455252866 0  
  1626727018 455252866 0  
  1626727019 455252866 0  
  1626727020 455252866 0  
  1626727021 455252866 0  
  1626727022 455252866 0  
  1626727023 455252866 0  
  1626727024 455252866 0  
  1626727025 455252866 0  
  1626727026 455252866 0  
  1626727027 455252866 0  
  1626727028 455252866 0  
  1626727029 455252866 0  
  1626727030 455252866 0  
  1626727031 455252866 0  
  1626727032 455252866 0  
  1626727033 455252866 0  
  1626727034 455252866 0  
  1626727035 455252866 0  
  1626727036 455252866 0  
  1626727037 455252866 0  
  1626727038 455252866 0  
  1626727039 455252866 0  
  1626727040 455252866 0  
  1626727041 455252866 0  
  1626727042 455252866 0  
  1626727043 455252866 0  
  1626727044 455252866 0  
  1626727045 455252866 0  
  1626727046 455252866 0  
  1626727047 455252866 0  
  1626727048 455252866 0  
  1626727049 455252866 0  
  1626727050 455252866 0  
  1626727052 455252866 0  
  1626727053 455252866 0  
  1626727054 455252866 0  
  1626727055 455252866 0  
  1626727056 455252866 0  
  1626727057 455252866 0  
  1626727058 455252866 0  
  1626727059 455252866 0  
  1626727060 455252866 0  
  1626727061 455252866 0  
  1626727062 455252866 0  
  1626727063 455252866 0  
  1626727064 455253462 0  
  1626727065 455253462 0  
  1626727066 455253462 0  
  1626727067 455255423 0  
  1626727068 455258095 0  
  1626727069 455258095 0  
  1626727070 455258803 0  
  1626727071 455258803 0  
  1626727072 455258803 0  
  1626727073 455258895 0  
  1626727074 455258895 0  
  1626727075 455258895 0  
  1626727076 455258895 0  
  1626727077 455258895 0  
  1626727078 455258895 0  
  1626727079 455258895 0  
  1626727080 455258895 0  
  1626727081 455258895 0  
  1626727082 455258895 0  
  1626727083 455258895 0  
  1626727084 455258895 0  
  1626727085 455258895 0  
  1626727086 455258895 0  
  1626727087 455258895 0  
  1626727088 455258895 0  
  1626727089 455258895 0  
  1626727091 455258895 0  
  1626727092 455258895 0  
  1626727093 455259007 0  
  1626727094 455259007 0  
  1626727095 455259007 0  
  1626727096 455259007 0  
  1626727097 455259007 0  
  1626727098 455259007 0  
  1626727099 455259007 0  
  1626727100 455259007 0  
  1626727101 455259007 0  
  1626727102 455259007 0  
  1626727103 455259007 0  
  1626727104 455259007 0  
  1626727105 455259007 0  
  1626727106 455259007 0  
  1626727107 455259007 0  
  1626727108 455259007 0  
  1626727109 455259007 0  
  1626727110 455259007 0  
  1626727111 455259007 0  
  1626727112 455259007 0  
  1626727113 455259007 0  
  1626727114 455259007 0  
  1626727115 455259007 0  
  1626727116 455259007 0  
  1626727117 455259007 0  
  1626727118 455259007 0  
  1626727119 455259007 0  
  1626727120 455259007 0  
  1626727121 455259007 0  
  1626727122 455259007 0  
  1626727123 455259007 0  
  1626727124 455259099 0  
  1626727125 455259099 0  
  1626727126 455259099 0  
  1626727127 455259099 0  
  1626727128 455259099 0  
  1626727129 455259099 0  
  1626727131 455259099 0  
  1626727132 455259099 0  
  1626727133 455259099 0  
  1626727134 455259099 0  
  1626727135 455259099 0  
  1626727136 455259099 0  
  1626727137 455259099 0  
  1626727138 455259099 0  
  1626727139 455259099 0  
  1626727140 455259099 0  
  1626727141 455259099 0  
  1626727142 455259099 0  
  1626727143 455259099 0  
  1626727144 455259099 0  
  1626727145 455259099 0  
  1626727146 455259099 0  
  1626727147 455259099 0  
  1626727148 455259099 0  
  1626727149 455259099 0  
  1626727150 455259099 0  
  1626727151 455259099 0  
  1626727152 455259099 0  
  1626727153 455259099 0  
  1626727154 455259099 0  
  1626727155 455259099 0  
  1626727156 455259099 0  
  1626727157 455259099 0  
  1626727158 455259099 0  
  1626727159 455259099 0  
  1626727160 455259099 0  
  1626727161 455259099 0  
  1626727162 455259099 0  
  1626727163 455259099 0  
  1626727164 455259099 0  
  1626727165 455259099 0  
  1626727166 455259099 0  
  1626727167 455259099 0  
  1626727168 455259099 0  
  1626727169 455259099 0  
  1626727171 455259099 0  
  1626727172 455259099 0  
  1626727173 455259099 0  
  1626727174 455259099 0  
  1626727175 455259099 0  
  1626727176 455259099 0  
  1626727177 455259099 0  
  1626727178 455259099 0  
  1626727179 455259099 0  
  1626727180 455259099 0  
  1626727181 455259099 0  
  1626727182 455259099 0  
  1626727183 455259099 0  
  1626727184 455259099 0  
  1626727185 455259099 0  
  1626727186 455259099 0  
  1626727187 455259099 0  
  1626727188 455259099 0  
  1626727189 455259099 0  
  1626727190 455259099 0  
  1626727191 455259099 0  
  1626727192 455259099 0  
  1626727193 455259099 0  
  1626727194 455259099 0  
  1626727195 455259099 0  
  1626727196 455259099 0  
  1626727197 455259099 0  
  1626727198 455259099 0  
  1626727199 455259099 0  
  1626727200 455259099 0  
  1626727201 455259099 0  
  1626727202 455259099 0  
  1626727203 455263408 0  
  1626727204 455263732 0  
  1626727205 455263732 0  
  1626727206 455264440 0  
  1626727207 455264440 0  
  1626727208 455264440 0  
  1626727209 455264440 0  
  1626727211 455264440 0  
  1626727212 455264440 0  
  1626727213 455264440 0  
  1626727214 455264440 0  
  1626727215 455264440 0  
  1626727216 455264440 0  
  1626727217 455268749 0  
  1626727218 455269073 0  
  1626727219 455273706 0  
  1626727220 455274414 0  
  1626727221 455279755 0  
  1626727222 455279755 0  
  1626727223 455280463 0  
  1626727224 455280463 0  
  1626727225 455280463 0  
  1626727226 455280463 0  
  1626727227 455280463 0  
  1626727228 455280463 0  
  1626727229 455280463 0  
  1626727230 455280463 0  
  1626727231 455280463 0  
  1626727232 455280463 0  
  1626727233 455280463 0  
  1626727234 455280463 0  
  1626727235 455280463 0  
  1626727236 455280463 0  
  1626727237 455280820 0  
  1626727238 455280820 0  
  1626727239 455280820 0  
  1626727240 455280820 0  
  1626727241 455280820 0  
  1626727242 455280820 0  
  1626727243 455280820 0  
  1626727244 455280820 0  
  1626727245 455280820 0  
  1626727246 455280820 0  
  1626727247 455280820 0  
  1626727248 455280820 0  
  1626727249 455280820 0  
  1626727251 455280820 0  
  1626727252 455280820 0  
  1626727253 455280820 0  
  1626727254 455280820 0  
  1626727255 455280820 0  
  1626727256 455280820 0  
  1626727257 455280820 0  
  1626727258 455280820 0  
  1626727259 455280820 0  
  1626727260 455280820 0  
  1626727261 455280820 0  
  1626727262 455280820 0  
  1626727263 455280820 0  
  1626727264 455281416 0  
  1626727265 455281416 0  
  1626727266 455281416 0  
  1626727267 455281416 0  
  1626727268 455281416 0  
  1626727269 455281416 0  
  1626727270 455281416 0  
  1626727271 455281416 0  
  1626727272 455281416 0  
  1626727273 455281416 0  
  1626727274 455281416 0  
  1626727275 455281416 0  
  1626727276 455281416 0  
  1626727277 455281416 0  
  1626727278 455281416 0  
  1626727279 455281416 0  
  1626727280 455281416 0  
  1626727281 455281416 0  
  1626727282 455281416 0  
  1626727283 455281416 0  
  1626727284 455281416 0  
  1626727285 455281416 0  
  1626727286 455281416 0  
  1626727287 455281416 0  
  1626727288 455281416 0  
  1626727289 455281416 0  
  1626727291 455281416 0  
  1626727292 455281416 0  
  1626727293 455281416 0  
  1626727294 455281416 0  
  1626727295 455281416 0  
  1626727296 455281416 0  
  1626727297 455281416 0  
  1626727298 455281416 0  
  1626727299 455281416 0  
  1626727300 455281416 0  
  1626727301 455281416 0  
  1626727302 455281416 0  
  1626727303 455281416 0  
  1626727304 455281416 0  
  1626727305 455281416 0  
  1626727306 455281416 0  
  1626727307 455281416 0  
  1626727308 455281416 0  
  1626727309 455281416 0  
  1626727310 455281416 0  
  1626727311 455281416 0  
  1626727312 455281416 0  
  1626727313 455281416 0  
  1626727314 455281416 0  
  1626727315 455281416 0  
  1626727316 455281416 0  
  1626727317 455281416 0  
  1626727318 455281416 0  
  1626727319 455281416 0  
  1626727320 455281416 0  
  1626727321 455281416 0  
  1626727322 455281416 0  
  1626727323 455281416 0  
  1626727324 455281416 0  
  1626727325 455281416 0  
  1626727326 455281416 0  
  1626727327 455281416 0  
  1626727328 455281416 0  
  1626727329 455281416 0  
  1626727331 455281416 0  
  1626727332 455281508 0  
  1626727333 455281508 0  
  1626727334 455281508 0  
  1626727335 455281508 0  
  1626727336 455281508 0  
  1626727337 455281508 0  
  1626727338 455281508 0  
  1626727339 455281508 0  
  1626727340 455281508 0  
  1626727341 455281508 0  
  1626727342 455281508 0  
  1626727343 455281508 0  
  1626727344 455281508 0  
  1626727345 455281508 0  
  1626727346 455281508 0  
  1626727347 455281508 0  
  1626727348 455281508 0  
  1626727349 455281508 0  
  1626727350 455281508 0  
  1626727351 455281508 0  
  1626727352 455281508 0  
  1626727353 455281508 0  
  1626727354 455281508 0  
  1626727355 455281576 0  
  1626727356 455281576 0  
  1626727357 455281576 0  
  1626727358 455281576 0  
  1626727359 455281576 0  
  1626727360 455281576 0  
  1626727361 455282732 0  
  1626727362 455282732 0  
  1626727363 455282732 0  
  1626727364 455282732 0  
  1626727365 455282732 0  
  1626727366 455282732 0  
  1626727367 455287123 0  
  1626727368 455287447 0  
  1626727369 455287447 0  
 