 1627434453 547954178 0  
  1627434454 547954178 0  
  1627434455 547954178 0  
  1627434456 547954178 0  
  1627434457 547954178 0  
  1627434458 547954178 0  
  1627434459 547954178 0  
  1627434460 547954178 0  
  1627434461 547954178 0  
  1627434462 547954178 0  
  1627434463 547954178 0  
  1627434464 547954178 0  
  1627434465 547954178 0  
  1627434466 547954178 0  
  1627434467 547954178 0  
  1627434468 547954178 0  
  1627434469 547954178 0  
  1627434470 547954178 0  
  1627434471 547954178 0  
  1627434472 547954178 0  
  1627434473 547954178 0  
  1627434474 547954178 0  
  1627434475 547954178 0  
  1627434476 547954178 0  
  1627434477 547954178 0  
  1627434478 547954178 0  
  1627434479 547954178 0  
  1627434480 547954178 0  
  1627434481 547954178 0  
  1627434482 547954178 0  
  1627434483 547954178 0  
  1627434484 547954178 0  
  1627434486 547954178 0  
  1627434487 547954178 0  
  1627434488 547954178 0  
  1627434489 547954178 0  
  1627434490 547954178 0  
  1627434491 547954178 0  
  1627434492 547957075 0  
  1627434493 547958811 0  
  1627434494 547963444 0  
  1627434495 547964152 0  
  1627434496 547964942 0  
  1627434497 547964942 0  
  1627434498 547964942 0  
  1627434499 547964942 0  
  1627434500 547964942 0  
  1627434501 547964942 0  
  1627434502 547964942 0  
  1627434503 547964942 0  
  1627434504 547964942 0  
  1627434505 547964942 0  
  1627434506 547964942 0  
  1627434507 547964942 0  
  1627434508 547964942 0  
  1627434509 547964942 0  
  1627434510 547964942 0  
  1627434511 547964942 0  
  1627434512 547964942 0  
  1627434513 547964942 0  
  1627434514 547964942 0  
  1627434515 547964942 0  
  1627434516 547964942 0  
  1627434517 547964942 0  
  1627434518 547964942 0  
  1627434519 547964942 0  
  1627434520 547964942 0  
  1627434521 547964942 0  
  1627434522 547964942 0  
  1627434523 547964942 0  
  1627434524 547964942 0  
  1627434526 547964942 0  
  1627434527 547964942 0  
  1627434528 547964942 0  
  1627434529 547964942 0  
  1627434530 547964942 0  
  1627434531 547969251 0  
  1627434532 547969575 0  
  1627434533 547970283 0  
  1627434534 547970283 0  
  1627434535 547970283 0  
  1627434536 547970283 0  
  1627434537 547970283 0  
  1627434538 547970283 0  
  1627434539 547970283 0  
  1627434540 547970283 0  
  1627434541 547970283 0  
  1627434542 547970283 0  
  1627434543 547970283 0  
  1627434544 547970283 0  
  1627434545 547970283 0  
  1627434546 547970283 0  
  1627434547 547970283 0  
  1627434548 547970283 0  
  1627434549 547970283 0  
  1627434550 547970283 0  
  1627434551 547970283 0  
  1627434552 547970283 0  
  1627434553 547970283 0  
  1627434554 547970283 0  
  1627434555 547970283 0  
  1627434556 547970283 0  
  1627434557 547970283 0  
  1627434558 547970283 0  
  1627434559 547970283 0  
  1627434560 547970283 0  
  1627434561 547970283 0  
  1627434562 547970283 0  
  1627434563 547970283 0  
  1627434564 547970283 0  
  1627434566 547970283 0  
  1627434567 547970283 0  
  1627434568 547970283 0  
  1627434569 547970283 0  
  1627434570 547970283 0  
  1627434571 547970283 0  
  1627434572 547970375 0  
  1627434573 547970375 0  
  1627434574 547970375 0  
  1627434575 547970375 0  
  1627434576 547970375 0  
  1627434577 547970375 0  
  1627434578 547970375 0  
  1627434579 547970375 0  
  1627434580 547971970 0  
  1627434581 547971970 0  
  1627434582 547971970 0  
  1627434583 547971970 0  
  1627434584 547971970 0  
  1627434585 547971970 0  
  1627434586 547971970 0  
  1627434587 547971970 0  
  1627434588 547971970 0  
  1627434589 547971970 0  
  1627434590 547971970 0  
  1627434591 547971970 0  
  1627434592 547971970 0  
  1627434593 547971970 0  
  1627434594 547971970 0  
  1627434595 547971970 0  
  1627434596 547971970 0  
  1627434597 547971970 0  
  1627434598 547971970 0  
  1627434599 547971970 0  
  1627434600 547971970 0  
  1627434601 547971970 0  
  1627434602 547971970 0  
  1627434603 547971970 0  
  1627434605 547971970 0  
  1627434606 547971970 0  
  1627434607 547971970 0  
  1627434608 547971970 0  
  1627434609 547971970 0  
  1627434610 547971970 0  
  1627434611 547971970 0  
  1627434612 547971970 0  
  1627434613 547971970 0  
  1627434614 547971970 0  
  1627434615 547971970 0  
  1627434616 547971970 0  
  1627434617 547971970 0  
  1627434618 547971970 0  
  1627434619 547971970 0  
  1627434620 547971970 0  
  1627434621 547971970 0  
  1627434622 547971970 0  
  1627434623 547971970 0  
  1627434624 547971970 0  
  1627434625 547971970 0  
  1627434626 547971970 0  
  1627434627 547971970 0  
  1627434628 547971970 0  
  1627434629 547971970 0  
  1627434630 547971970 0  
  1627434631 547972327 0  
  1627434632 547972327 0  
  1627434633 547972327 0  
  1627434634 547972327 0  
  1627434635 547972327 0  
  1627434636 547972327 0  
  1627434637 547972327 0  
  1627434638 547972327 0  
  1627434639 547972327 0  
  1627434640 547972327 0  
  1627434641 547972327 0  
  1627434642 547972327 0  
  1627434644 547972327 0  
  1627434645 547972327 0  
  1627434646 547972327 0  
  1627434647 547972327 0  
  1627434648 547972327 0  
  1627434649 547972327 0  
  1627434650 547972327 0  
  1627434651 547972327 0  
  1627434652 547972327 0  
  1627434653 547972327 0  
  1627434654 547972327 0  
  1627434655 547972327 0  
  1627434656 547972327 0  
  1627434657 547972327 0  
  1627434658 547972327 0  
  1627434659 547972327 0  
  1627434660 547972327 0  
  1627434661 547972327 0  
  1627434662 547972327 0  
  1627434663 547972327 0  
  1627434664 547972419 0  
  1627434665 547972419 0  
  1627434666 547972419 0  
  1627434667 547972419 0  
  1627434668 547972419 0  
  1627434669 547972419 0  
  1627434670 547972419 0  
  1627434671 547972419 0  
  1627434672 547972419 0  
  1627434673 547972419 0  
  1627434674 547972419 0  
  1627434675 547972419 0  
  1627434676 547972419 0  
  1627434677 547972419 0  
  1627434678 547972419 0  
  1627434679 547972419 0  
  1627434680 547972419 0  
  1627434681 547972419 0  
  1627434683 547972419 0  
  1627434684 547972419 0  
  1627434685 547972419 0  
  1627434686 547972419 0  
  1627434687 547972419 0  
  1627434688 547972419 0  
  1627434689 547972419 0  
  1627434690 547972419 0  
  1627434691 547972419 0  
  1627434692 547972419 0  
  1627434693 547972419 0  
  1627434694 547972419 0  
  1627434695 547972419 0  
  1627434696 547972419 0  
  1627434697 547972419 0  
  1627434698 547972419 0  
  1627434699 547972419 0  
  1627434700 547972419 0  
  1627434701 547972419 0  
  1627434702 547972419 0  
  1627434703 547972419 0  
  1627434704 547972419 0  
  1627434705 547972419 0  
  1627434706 547972419 0  
  1627434707 547972419 0  
  1627434708 547972419 0  
  1627434709 547972419 0  
  1627434710 547972419 0  
  1627434711 547972419 0  
  1627434712 547972419 0  
  1627434713 547972419 0  
  1627434714 547972419 0  
  1627434715 547972419 0  
  1627434716 547972419 0  
  1627434717 547972419 0  
  1627434718 547972419 0  
  1627434719 547972419 0  
  1627434721 547976728 0  
  1627434722 547977052 0  
  1627434723 547977760 0  
  1627434724 547977760 0  
  1627434725 547977760 0  
  1627434726 547977760 0  
  1627434727 547977760 0  
  1627434728 547977760 0  
  1627434729 547977760 0  
  1627434730 547977760 0  
  1627434731 547977760 0  
  1627434732 547977760 0  
  1627434733 547977760 0  
  1627434734 547977760 0  
  1627434735 547977760 0  
  1627434736 547977760 0  
  1627434737 547977760 0  
  1627434738 547977760 0  
  1627434739 547977760 0  
  1627434740 547977760 0  
  1627434741 547977760 0  
  1627434742 547977760 0  
  1627434743 547977760 0  
  1627434744 547977760 0  
  1627434745 547977760 0  
  1627434746 547977760 0  
  1627434747 547977760 0  
  1627434748 547977760 0  
  1627434749 547982069 0  
  1627434750 547982393 0  
  1627434751 547983101 0  
  1627434752 547983101 0  
  1627434753 547983101 0  
  1627434754 547983101 0  
  1627434755 547983169 0  
  1627434756 547983169 0  
  1627434757 547983169 0  
  1627434758 547983169 0  
  1627434760 547983169 0  
  1627434761 547984563 0  
  1627434762 547984563 0  
  1627434763 547984563 0  
  1627434764 547984563 0  
  1627434765 547984563 0  
  1627434766 547984563 0  
  1627434767 547984563 0  
  1627434768 547984563 0  
  1627434769 547984563 0  
  1627434770 547984563 0  
  1627434771 547984563 0  
  1627434772 547984563 0  
  1627434773 547984563 0  
  1627434774 547984563 0  
  1627434775 547984563 0  
  1627434776 547984563 0  
  1627434777 547984563 0  
  1627434778 547984563 0  
  1627434779 547985159 0  
  1627434780 547985159 0  
  1627434781 547985159 0  
  1627434782 547985159 0  
  1627434783 547985159 0  
  1627434784 547985159 0  
  1627434785 547985159 0  
  1627434786 547985159 0  
  1627434787 547985159 0  
  1627434788 547985159 0  
  1627434789 547985159 0  
  1627434790 547985159 0  
  1627434791 547989468 0  
  1627434792 547989792 0  
  1627434793 547994425 0  
  1627434794 547995133 0  
  1627434795 547995841 0  
  1627434796 547995841 0  
  1627434797 547995841 0  
  1627434799 547995841 0  
  1627434800 547995841 0  
  1627434801 547995841 0  
  1627434802 547995841 0  
  1627434803 547995841 0  
  1627434804 547995841 0  
  1627434805 547995841 0  
  1627434806 547995841 0  
  1627434807 547995841 0  
  1627434808 547995841 0  
  1627434809 547995841 0  
  1627434810 547995841 0  
  1627434811 547995841 0  
  1627434812 547995841 0  
  1627434813 547995841 0  
  1627434814 547995841 0  
  1627434815 547995841 0  
  1627434816 547995841 0  
  1627434817 547995841 0  
  1627434818 547995841 0  
  1627434819 547995841 0  
  1627434820 547995841 0  
  1627434821 547995841 0  
  1627434822 547995841 0  
  1627434823 547995841 0  
  1627434824 547995841 0  
  1627434825 547995841 0  
  1627434826 547995841 0  
  1627434827 547995841 0  
  1627434828 547995841 0  
  1627434829 547995841 0  
  1627434830 548000150 0  
  1627434831 548000474 0  
  1627434832 548001114 0  
  1627434833 548001182 0  
  1627434834 548001182 0  
  1627434835 548001182 0  
  1627434836 548001182 0  
  1627434838 548001182 0  
  1627434839 548001182 0  
  1627434840 548001182 0  
  1627434841 548001182 0  
  1627434842 548001182 0  
  1627434843 548001182 0  
  1627434844 548001182 0  
  1627434845 548001182 0  
  1627434846 548001182 0  
  1627434847 548001182 0  
  1627434848 548001182 0  
  1627434849 548001182 0  
  1627434850 548001182 0  
  1627434851 548001182 0  
  1627434852 548001182 0  
  1627434853 548001182 0  
  1627434854 548001182 0  
  1627434855 548001182 0  
  1627434856 548001182 0  
  1627434857 548001182 0  
  1627434858 548001182 0  
  1627434859 548001182 0  
  1627434860 548001182 0  
  1627434861 548001182 0  
  1627434862 548001182 0  
  1627434863 548001182 0  
  1627434864 548001182 0  
  1627434865 548001182 0  
  1627434866 548001182 0  
  1627434867 548001182 0  
  1627434868 548001182 0  
  1627434869 548001182 0  
  1627434870 548001182 0  
  1627434871 548001182 0  
  1627434872 548001182 0  
  1627434873 548001182 0  
  1627434874 548001182 0  
  1627434876 548001182 0  
  1627434877 548001182 0  
  1627434878 548001182 0  
  1627434879 548001182 0  
  1627434880 548001182 0  
  1627434881 548001182 0  
  1627434882 548001182 0  
  1627434883 548001182 0  
  1627434884 548001182 0  
  1627434885 548001182 0  
  1627434886 548001182 0  
  1627434887 548001182 0  
  1627434888 548001182 0  
  1627434889 548001182 0  
  1627434890 548001182 0  
  1627434891 548001182 0  
  1627434892 548001182 0  
  1627434893 548001182 0  
  1627434894 548001182 0  
  1627434895 548001182 0  
  1627434896 548001182 0  
  1627434897 548001182 0  
  1627434898 548001182 0  
  1627434899 548001182 0  
  1627434900 548001182 0  
  1627434901 548001182 0  
  1627434902 548001182 0  
  1627434903 548001182 0  
  1627434904 548001182 0  
  1627434905 548001182 0  
  1627434906 548001182 0  
  1627434907 548001182 0  
  1627434908 548001182 0  
  1627434909 548001182 0  
  1627434910 548001182 0  
  1627434911 548001182 0  
  1627434912 548001182 0  
  1627434913 548001182 0  
  1627434915 548001182 0  
  1627434916 548001182 0  
  1627434917 548001182 0  
  1627434918 548001182 0  
  1627434919 548001182 0  
  1627434920 548001182 0  
  1627434921 548001182 0  
 