 1626768016 459353145 0  
  1626768017 459353145 0  
  1626768018 459360447 0  
  1626768019 459363119 0  
  1626768020 459364535 0  
  1626768021 459364535 0  
  1626768022 459364535 0  
  1626768023 459364535 0  
  1626768024 459364535 0  
  1626768025 459364535 0  
  1626768026 459364535 0  
  1626768028 459364535 0  
  1626768029 459364535 0  
  1626768030 459364535 0  
  1626768031 459364535 0  
  1626768032 459364535 0  
  1626768033 459364535 0  
  1626768034 459364535 0  
  1626768035 459364535 0  
  1626768036 459364535 0  
  1626768037 459364892 0  
  1626768038 459364892 0  
  1626768039 459364892 0  
  1626768040 459364892 0  
  1626768041 459364892 0  
  1626768042 459364892 0  
  1626768043 459364892 0  
  1626768044 459364892 0  
  1626768045 459364892 0  
  1626768046 459364892 0  
  1626768047 459364892 0  
  1626768048 459364892 0  
  1626768049 459364892 0  
  1626768050 459364892 0  
  1626768051 459364892 0  
  1626768052 459364892 0  
  1626768053 459364892 0  
  1626768054 459364892 0  
  1626768055 459364892 0  
  1626768056 459364892 0  
  1626768057 459364892 0  
  1626768058 459364892 0  
  1626768059 459364892 0  
  1626768060 459364892 0  
  1626768061 459364892 0  
  1626768062 459364892 0  
  1626768063 459364984 0  
  1626768064 459369293 0  
  1626768065 459369701 0  
  1626768067 459369701 0  
  1626768068 459370205 0  
  1626768069 459370205 0  
  1626768070 459370205 0  
  1626768071 459370205 0  
  1626768072 459370205 0  
  1626768073 459370205 0  
  1626768074 459370205 0  
  1626768075 459370205 0  
  1626768076 459370205 0  
  1626768077 459370205 0  
  1626768078 459370205 0  
  1626768079 459370205 0  
  1626768080 459370205 0  
  1626768081 459370205 0  
  1626768082 459370205 0  
  1626768083 459370205 0  
  1626768084 459370205 0  
  1626768085 459370205 0  
  1626768086 459370205 0  
  1626768087 459370205 0  
  1626768088 459370205 0  
  1626768089 459370205 0  
  1626768090 459370205 0  
  1626768091 459370205 0  
  1626768092 459370205 0  
  1626768093 459370205 0  
  1626768094 459370205 0  
  1626768095 459370205 0  
  1626768096 459370205 0  
  1626768097 459370205 0  
  1626768098 459370205 0  
  1626768099 459370205 0  
  1626768100 459370205 0  
  1626768101 459370205 0  
  1626768102 459370205 0  
  1626768103 459370205 0  
  1626768104 459370205 0  
  1626768105 459370205 0  
  1626768107 459370205 0  
  1626768108 459370205 0  
  1626768109 459370205 0  
  1626768110 459370205 0  
  1626768111 459370205 0  
  1626768112 459370205 0  
  1626768113 459370205 0  
  1626768114 459370205 0  
  1626768115 459370205 0  
  1626768116 459370205 0  
  1626768117 459370205 0  
  1626768118 459370205 0  
  1626768119 459370205 0  
  1626768120 459370205 0  
  1626768121 459370205 0  
  1626768122 459370205 0  
  1626768123 459370205 0  
  1626768124 459370205 0  
  1626768125 459370205 0  
  1626768126 459370205 0  
  1626768127 459370205 0  
  1626768128 459370205 0  
  1626768129 459370205 0  
  1626768130 459370205 0  
  1626768131 459370205 0  
  1626768132 459370205 0  
  1626768133 459370205 0  
  1626768134 459370205 0  
  1626768135 459370205 0  
  1626768136 459370205 0  
  1626768137 459370205 0  
  1626768138 459370205 0  
  1626768139 459370205 0  
  1626768140 459370205 0  
  1626768141 459370205 0  
  1626768142 459370205 0  
  1626768143 459370205 0  
  1626768144 459370205 0  
  1626768146 459370205 0  
  1626768147 459370205 0  
  1626768148 459370205 0  
  1626768149 459370205 0  
  1626768150 459370297 0  
  1626768151 459370297 0  
  1626768152 459370297 0  
  1626768153 459370297 0  
  1626768154 459370297 0  
  1626768155 459370297 0  
  1626768156 459370297 0  
  1626768157 459370297 0  
  1626768158 459370297 0  
  1626768159 459370297 0  
  1626768160 459370297 0  
  1626768161 459370297 0  
  1626768162 459370297 0  
  1626768163 459370297 0  
  1626768164 459374606 0  
  1626768165 459375526 0  
  1626768166 459376234 0  
  1626768167 459376234 0  
  1626768168 459376234 0  
  1626768169 459376234 0  
  1626768170 459376234 0  
  1626768171 459376234 0  
  1626768172 459376234 0  
  1626768173 459376234 0  
  1626768174 459376234 0  
  1626768175 459376234 0  
  1626768176 459376234 0  
  1626768177 459376234 0  
  1626768178 459376234 0  
  1626768179 459376234 0  
  1626768180 459376234 0  
  1626768181 459376234 0  
  1626768182 459376234 0  
  1626768183 459376234 0  
  1626768185 459376234 0  
  1626768186 459376234 0  
  1626768187 459376234 0  
  1626768188 459376234 0  
  1626768189 459376234 0  
  1626768190 459376234 0  
  1626768191 459376234 0  
  1626768192 459376234 0  
  1626768193 459376234 0  
  1626768194 459376234 0  
  1626768195 459376234 0  
  1626768196 459376234 0  
  1626768197 459376234 0  
  1626768198 459376234 0  
  1626768199 459376234 0  
  1626768200 459376234 0  
  1626768201 459376234 0  
  1626768202 459376234 0  
  1626768203 459376234 0  
  1626768204 459376234 0  
  1626768205 459376234 0  
  1626768206 459376234 0  
  1626768207 459376234 0  
  1626768208 459376234 0  
  1626768209 459376234 0  
  1626768210 459376234 0  
  1626768211 459376234 0  
  1626768212 459376234 0  
  1626768213 459376234 0  
  1626768214 459376234 0  
  1626768215 459376234 0  
  1626768216 459376234 0  
  1626768217 459376234 0  
  1626768218 459376234 0  
  1626768219 459376234 0  
  1626768220 459376234 0  
  1626768221 459376234 0  
  1626768222 459376234 0  
  1626768223 459376234 0  
  1626768225 459376234 0  
  1626768226 459376234 0  
  1626768227 459376234 0  
  1626768228 459376234 0  
  1626768229 459376234 0  
  1626768230 459376234 0  
  1626768231 459376234 0  
  1626768232 459376234 0  
  1626768233 459376234 0  
  1626768234 459376234 0  
  1626768235 459376234 0  
  1626768236 459376234 0  
  1626768237 459376234 0  
  1626768238 459376234 0  
  1626768239 459376234 0  
  1626768240 459376234 0  
  1626768241 459376234 0  
  1626768242 459376234 0  
  1626768243 459376234 0  
  1626768244 459376234 0  
  1626768245 459376234 0  
  1626768246 459376234 0  
  1626768247 459376234 0  
  1626768248 459376234 0  
  1626768249 459376234 0  
  1626768250 459376234 0  
  1626768251 459376234 0  
  1626768252 459376234 0  
  1626768253 459376234 0  
  1626768254 459376234 0  
  1626768255 459376234 0  
  1626768256 459376234 0  
  1626768257 459376234 0  
  1626768258 459376234 0  
  1626768259 459376234 0  
  1626768260 459376234 0  
  1626768261 459376234 0  
  1626768262 459376234 0  
  1626768263 459376234 0  
  1626768265 459376234 0  
  1626768266 459376234 0  
  1626768267 459376234 0  
  1626768268 459376234 0  
  1626768269 459376234 0  
  1626768270 459376234 0  
  1626768271 459376234 0  
  1626768272 459376234 0  
  1626768273 459376234 0  
  1626768274 459376234 0  
  1626768275 459376234 0  
  1626768276 459376234 0  
  1626768277 459376234 0  
  1626768278 459376234 0  
  1626768279 459376234 0  
  1626768280 459376234 0  
  1626768281 459376234 0  
  1626768282 459376234 0  
  1626768283 459376234 0  
  1626768284 459376234 0  
  1626768285 459376234 0  
  1626768286 459376234 0  
  1626768287 459376234 0  
  1626768288 459376234 0  
  1626768289 459376234 0  
  1626768290 459376234 0  
  1626768291 459376234 0  
  1626768292 459376234 0  
  1626768293 459376234 0  
  1626768294 459376234 0  
  1626768295 459376234 0  
  1626768296 459376234 0  
  1626768297 459376234 0  
  1626768298 459376234 0  
  1626768299 459376234 0  
  1626768300 459376234 0  
  1626768301 459380543 0  
  1626768302 459380867 0  
  1626768303 459380867 0  
  1626768305 459381575 0  
  1626768306 459381575 0  
  1626768307 459381575 0  
  1626768308 459381575 0  
  1626768309 459381575 0  
  1626768310 459381575 0  
  1626768311 459381575 0  
  1626768312 459381575 0  
  1626768313 459381575 0  
  1626768314 459381575 0  
  1626768315 459383536 0  
  1626768316 459386208 0  
  1626768317 459386208 0  
  1626768318 459391549 0  
  1626768319 459396182 0  
  1626768320 459396890 0  
  1626768321 459397598 0  
  1626768322 459397690 0  
  1626768323 459397690 0  
  1626768324 459397690 0  
  1626768325 459397690 0  
  1626768326 459397690 0  
  1626768327 459397690 0  
  1626768328 459397690 0  
  1626768329 459397690 0  
  1626768330 459397690 0  
  1626768331 459397690 0  
  1626768332 459397690 0  
  1626768333 459397690 0  
  1626768334 459397690 0  
  1626768335 459397690 0  
  1626768336 459397690 0  
  1626768337 459398047 0  
  1626768338 459398047 0  
 