 1626769948 457081841 0  
  1626769949 457081841 0  
  1626769950 457081841 0  
  1626769951 457081841 0  
  1626769952 457081841 0  
  1626769953 457081841 0  
  1626769954 457081841 0  
  1626769955 457081841 0  
  1626769956 457081841 0  
  1626769957 457081841 0  
  1626769958 457081841 0  
  1626769959 457081841 0  
  1626769960 457081841 0  
  1626769961 457081841 0  
  1626769962 457081841 0  
  1626769963 457081841 0  
  1626769964 457081841 0  
  1626769966 457081933 0  
  1626769967 457081933 0  
  1626769968 457081933 0  
  1626769969 457081933 0  
  1626769970 457081933 0  
  1626769971 457081933 0  
  1626769972 457083894 0  
  1626769973 457086566 0  
  1626769974 457086566 0  
  1626769975 457087274 0  
  1626769976 457087274 0  
  1626769977 457087274 0  
  1626769978 457087274 0  
  1626769979 457087274 0  
  1626769980 457087274 0  
  1626769981 457087274 0  
  1626769982 457087274 0  
  1626769983 457087274 0  
  1626769984 457087274 0  
  1626769985 457087274 0  
  1626769986 457087274 0  
  1626769987 457087274 0  
  1626769988 457087274 0  
  1626769989 457087274 0  
  1626769990 457087274 0  
  1626769991 457087274 0  
  1626769992 457087274 0  
  1626769993 457087274 0  
  1626769994 457087274 0  
  1626769995 457087274 0  
  1626769996 457087274 0  
  1626769997 457087458 0  
  1626769998 457087458 0  
  1626769999 457087458 0  
  1626770000 457087458 0  
  1626770001 457087458 0  
  1626770002 457087458 0  
  1626770003 457087458 0  
  1626770005 457087458 0  
  1626770006 457087458 0  
  1626770007 457087458 0  
  1626770008 457087458 0  
  1626770009 457087458 0  
  1626770010 457087458 0  
  1626770011 457087458 0  
  1626770012 457087458 0  
  1626770013 457087458 0  
  1626770014 457087458 0  
  1626770015 457087458 0  
  1626770016 457087458 0  
  1626770017 457087458 0  
  1626770018 457087458 0  
  1626770019 457087458 0  
  1626770020 457087458 0  
  1626770021 457087458 0  
  1626770022 457087458 0  
  1626770023 457087458 0  
  1626770024 457087458 0  
  1626770025 457087458 0  
  1626770026 457087458 0  
  1626770027 457087458 0  
  1626770028 457087458 0  
  1626770029 457087458 0  
  1626770030 457087550 0  
  1626770031 457087550 0  
  1626770032 457087550 0  
  1626770033 457087550 0  
  1626770034 457087550 0  
  1626770035 457087550 0  
  1626770036 457087550 0  
  1626770037 457087550 0  
  1626770038 457087550 0  
  1626770039 457087550 0  
  1626770040 457087550 0  
  1626770041 457087550 0  
  1626770042 457087550 0  
  1626770043 457087550 0  
  1626770045 457087550 0  
  1626770046 457087550 0  
  1626770047 457087550 0  
  1626770048 457087550 0  
  1626770049 457087550 0  
  1626770050 457087550 0  
  1626770051 457087550 0  
  1626770052 457087550 0  
  1626770053 457087550 0  
  1626770054 457087550 0  
  1626770055 457087550 0  
  1626770056 457087550 0  
  1626770057 457087550 0  
  1626770058 457087550 0  
  1626770059 457087550 0  
  1626770060 457087550 0  
  1626770061 457087550 0  
  1626770062 457087642 0  
  1626770063 457087734 0  
  1626770064 457087734 0  
  1626770065 457087734 0  
  1626770066 457088330 0  
  1626770067 457088330 0  
  1626770068 457088330 0  
  1626770069 457088330 0  
  1626770070 457088330 0  
  1626770071 457088330 0  
  1626770072 457088330 0  
  1626770073 457088330 0  
  1626770074 457088330 0  
  1626770075 457088330 0  
  1626770076 457088330 0  
  1626770077 457088330 0  
  1626770078 457088330 0  
  1626770079 457088330 0  
  1626770080 457088330 0  
  1626770081 457088330 0  
  1626770082 457088330 0  
  1626770083 457088330 0  
  1626770084 457088330 0  
  1626770086 457088330 0  
  1626770087 457088330 0  
  1626770088 457088330 0  
  1626770089 457088330 0  
  1626770090 457088330 0  
  1626770091 457088330 0  
  1626770092 457088330 0  
  1626770093 457088330 0  
  1626770094 457088422 0  
  1626770095 457088514 0  
  1626770096 457088514 0  
  1626770097 457088514 0  
  1626770098 457088514 0  
  1626770099 457088514 0  
  1626770100 457088514 0  
  1626770101 457088514 0  
  1626770102 457088514 0  
  1626770103 457088514 0  
  1626770104 457088514 0  
  1626770105 457088514 0  
  1626770106 457088514 0  
  1626770107 457088514 0  
  1626770108 457092823 0  
  1626770109 457093147 0  
  1626770110 457093147 0  
  1626770111 457093787 0  
  1626770112 457093787 0  
  1626770113 457093787 0  
  1626770114 457093787 0  
  1626770115 457093787 0  
  1626770116 457093787 0  
  1626770117 457093787 0  
  1626770118 457093787 0  
  1626770119 457093787 0  
  1626770120 457093787 0  
  1626770121 457093787 0  
  1626770122 457095664 0  
  1626770123 457103053 0  
  1626770125 457107686 0  
  1626770126 457109102 0  
  1626770127 457109902 0  
  1626770128 457109994 0  
  1626770129 457109994 0  
  1626770130 457109994 0  
  1626770131 457109994 0  
  1626770132 457109994 0  
  1626770133 457109994 0  
  1626770134 457109994 0  
  1626770135 457109994 0  
  1626770136 457109994 0  
  1626770137 457109994 0  
  1626770138 457109994 0  
  1626770139 457109994 0  
  1626770140 457109994 0  
  1626770141 457109994 0  
  1626770142 457109994 0  
  1626770143 457110351 0  
  1626770144 457110351 0  
  1626770145 457110351 0  
  1626770146 457110351 0  
  1626770147 457110351 0  
  1626770148 457110351 0  
  1626770149 457110351 0  
  1626770150 457110351 0  
  1626770151 457110351 0  
  1626770152 457110351 0  
  1626770153 457110351 0  
  1626770154 457110351 0  
  1626770155 457110351 0  
  1626770156 457110351 0  
  1626770157 457110351 0  
  1626770158 457110351 0  
  1626770159 457110535 0  
  1626770160 457110535 0  
  1626770161 457110535 0  
  1626770162 457110535 0  
  1626770164 457110535 0  
  1626770165 457110535 0  
  1626770166 457110535 0  
  1626770167 457110535 0  
  1626770168 457110535 0  
  1626770169 457110535 0  
  1626770170 457110535 0  
  1626770171 457110535 0  
  1626770172 457110535 0  
  1626770173 457110535 0  
  1626770174 457110535 0  
  1626770175 457110535 0  
  1626770176 457110535 0  
  1626770177 457110535 0  
  1626770178 457110535 0  
  1626770179 457110535 0  
  1626770180 457110535 0  
  1626770181 457110535 0  
  1626770182 457110535 0  
  1626770183 457110535 0  
  1626770184 457110535 0  
  1626770185 457110535 0  
  1626770186 457110535 0  
  1626770187 457110535 0  
  1626770188 457110535 0  
  1626770189 457110535 0  
  1626770190 457110535 0  
  1626770191 457110627 0  
  1626770192 457110719 0  
  1626770193 457110719 0  
  1626770194 457110719 0  
  1626770195 457110719 0  
  1626770196 457110719 0  
  1626770197 457110719 0  
  1626770198 457110719 0  
  1626770199 457110719 0  
  1626770200 457110719 0  
  1626770201 457110719 0  
  1626770202 457110719 0  
  1626770204 457110719 0  
  1626770205 457110719 0  
  1626770206 457110719 0  
  1626770207 457110719 0  
  1626770208 457110719 0  
  1626770209 457110719 0  
  1626770210 457110719 0  
  1626770211 457110719 0  
  1626770212 457110719 0  
  1626770213 457110719 0  
  1626770214 457110719 0  
  1626770215 457110719 0  
  1626770216 457110719 0  
  1626770217 457110719 0  
  1626770218 457110719 0  
  1626770219 457110719 0  
  1626770220 457110719 0  
  1626770221 457110719 0  
  1626770222 457110719 0  
  1626770223 457110719 0  
  1626770224 457110903 0  
  1626770225 457110903 0  
  1626770226 457110903 0  
  1626770227 457110903 0  
  1626770228 457110903 0  
  1626770229 457110903 0  
  1626770230 457110903 0  
  1626770231 457110903 0  
  1626770232 457110903 0  
  1626770233 457110903 0  
  1626770234 457110903 0  
  1626770235 457110903 0  
  1626770236 457110903 0  
  1626770237 457110903 0  
  1626770238 457110903 0  
  1626770239 457110903 0  
  1626770240 457110903 0  
  1626770241 457110903 0  
  1626770242 457110903 0  
  1626770244 457110903 0  
  1626770245 457110903 0  
  1626770246 457110903 0  
  1626770247 457110903 0  
  1626770248 457110903 0  
  1626770249 457110903 0  
  1626770250 457110903 0  
  1626770251 457110903 0  
  1626770252 457110903 0  
  1626770253 457110903 0  
  1626770254 457110903 0  
  1626770255 457110903 0  
  1626770256 457110995 0  
  1626770257 457111087 0  
  1626770258 457111087 0  
  1626770259 457111087 0  
  1626770260 457111087 0  
  1626770261 457111087 0  
  1626770262 457111087 0  
  1626770263 457111087 0  
  1626770264 457111087 0  
  1626770265 457111683 0  
  1626770266 457111683 0  
  1626770267 457111683 0  
  1626770268 457111683 0  
  1626770269 457111683 0  
  1626770270 457111683 0  
  1626770271 457111683 0  
  1626770272 457116316 0  
  1626770273 457116316 0  
  1626770274 457116956 0  
  1626770275 457116956 0  
  1626770276 457116956 0  
  1626770277 457116956 0  
  1626770278 457116956 0  
  1626770279 457116956 0  
  1626770280 457116956 0  
  1626770281 457116956 0  
  1626770283 457116956 0  
  1626770284 457116956 0  
  1626770285 457116956 0  
  1626770286 457116956 0  
  1626770287 457116956 0  
  1626770288 457117048 0  
  1626770289 457117140 0  
  1626770290 457117140 0  
  1626770291 457117140 0  
  1626770292 457117140 0  
  1626770293 457117140 0  
  1626770294 457117140 0  
  1626770295 457117140 0  
  1626770296 457117140 0  
  1626770297 457117140 0  
  1626770298 457117140 0  
  1626770299 457117140 0  
  1626770300 457117140 0  
  1626770301 457117140 0  
  1626770302 457117140 0  
  1626770303 457117140 0  
  1626770304 457117140 0  
  1626770305 457117140 0  
  1626770306 457117140 0  
  1626770307 457117140 0  
  1626770308 457117140 0  
  1626770309 457117140 0  
  1626770310 457117140 0  
  1626770311 457117140 0  
  1626770312 457117140 0  
  1626770313 457117140 0  
  1626770314 457117140 0  
  1626770315 457117140 0  
  1626770316 457117140 0  
  1626770317 457117140 0  
  1626770318 457117140 0  
  1626770319 457117140 0  
  1626770320 457117232 0  
  1626770321 457117324 0  
  1626770323 457117324 0  
  1626770324 457117324 0  
  1626770325 457117324 0  
  1626770326 457117324 0  
  1626770327 457117324 0  
  1626770328 457117324 0  
  1626770329 457117324 0  
  1626770330 457117324 0  
  1626770331 457117324 0  
  1626770332 457117324 0  
  1626770333 457117324 0  
  1626770334 457117324 0  
  1626770335 457117324 0  
  1626770336 457117324 0  
  1626770337 457117324 0  
  1626770338 457117324 0  
  1626770339 457117324 0  
  1626770340 457117324 0  
  1626770341 457117324 0  
  1626770342 457117324 0  
  1626770343 457117324 0  
  1626770344 457117324 0  
  1626770345 457117324 0  
  1626770346 457117324 0  
  1626770347 457117324 0  
  1626770348 457117324 0  
  1626770349 457117324 0  
  1626770350 457117324 0  
  1626770351 457117324 0  
  1626770352 457117324 0  
  1626770353 457117416 0  
  1626770354 457117416 0  
  1626770355 457117416 0  
  1626770356 457117416 0  
  1626770357 457117416 0  
  1626770358 457117416 0  
  1626770359 457117416 0  
  1626770360 457117416 0  
  1626770361 457117416 0  
  1626770362 457117416 0  
  1626770364 457117416 0  
  1626770365 457117416 0  
  1626770366 457117416 0  
  1626770367 457117416 0  
  1626770368 457117416 0  
  1626770369 457117416 0  
  1626770370 457117416 0  
  1626770371 457117416 0  
  1626770372 457117416 0  
  1626770373 457117416 0  
  1626770374 457117416 0  
  1626770375 457117416 0  
  1626770376 457117416 0  
  1626770377 457117416 0  
  1626770378 457117416 0  
  1626770379 457117416 0  
  1626770380 457117416 0  
  1626770381 457117416 0  
  1626770382 457117416 0  
  1626770383 457117416 0  
  1626770384 457117416 0  
  1626770385 457117508 0  
  1626770386 457117600 0  
  1626770387 457117600 0  
  1626770388 457117600 0  
  1626770389 457117600 0  
  1626770390 457117600 0  
  1626770391 457117600 0  
  1626770392 457117600 0  
  1626770393 457117600 0  
  1626770394 457117600 0  
  1626770395 457117600 0  
  1626770396 457117600 0  
  1626770397 457117600 0  
  1626770398 457117600 0  
  1626770399 457117600 0  
  1626770400 457117600 0  
  1626770401 457117600 0  
  1626770402 457117600 0  
  1626770404 457117600 0  
  1626770405 457117600 0  
  1626770406 457117600 0  
  1626770407 457117600 0  
  1626770408 457117600 0  
  1626770409 457122233 0  
  1626770410 457122233 0  
  1626770411 457122873 0  
  1626770412 457122873 0  
  1626770413 457122873 0  
  1626770414 457122873 0  
  1626770415 457122873 0  
  1626770416 457122873 0  
  1626770417 457122873 0  
  1626770418 457122965 0  
  1626770419 457122965 0  
  1626770420 457122965 0  
  1626770421 457122965 0  
  1626770422 457122965 0  
  1626770423 457127274 0  
  1626770424 457132375 0  
  1626770425 457137572 0  
  1626770426 457138920 0  
  1626770427 457138920 0  
  1626770428 457138920 0  
  1626770429 457138920 0  
  1626770430 457138920 0  
  1626770431 457138920 0  
  1626770432 457138920 0  
  1626770433 457138920 0  
  1626770434 457138920 0  
  1626770435 457138920 0  
  1626770436 457138920 0  
  1626770437 457138920 0  
  1626770438 457138920 0  
  1626770439 457138920 0  
  1626770440 457138920 0  
  1626770441 457138920 0  
  1626770442 457138920 0  
  1626770444 457139277 0  
  1626770445 457139277 0  
  1626770446 457139277 0  
  1626770447 457139277 0  
  1626770448 457139277 0  
  1626770449 457139277 0  
  1626770450 457139369 0  
  1626770451 457139461 0  
  1626770452 457139461 0  
  1626770453 457139461 0  
  1626770454 457139461 0  
  1626770455 457139461 0  
  1626770456 457139461 0  
  1626770457 457139461 0  
  1626770458 457139461 0  
  1626770459 457139461 0  
  1626770460 457139461 0  
  1626770461 457139461 0  
  1626770462 457139461 0  
  1626770463 457139461 0  
  1626770464 457139461 0  
  1626770465 457140057 0  
  1626770466 457140057 0  
  1626770467 457140057 0  
  1626770468 457140057 0  
  1626770469 457140057 0  
  1626770470 457140057 0  
  1626770471 457140057 0  
  1626770472 457140057 0  
  1626770473 457140057 0  
  1626770474 457140057 0  
  1626770475 457140057 0  
  1626770476 457140057 0  
  1626770477 457140057 0  
  1626770478 457140057 0  
  1626770479 457140057 0  
  1626770480 457140057 0  
  1626770481 457140057 0  
  1626770482 457140149 0  
  1626770484 457140149 0  
  1626770485 457140149 0  
  1626770486 457140149 0  
  1626770487 457140149 0  
  1626770488 457140149 0  
  1626770489 457140149 0  
  1626770490 457140149 0  
  1626770491 457140149 0  
  1626770492 457140149 0  
  1626770493 457140149 0  
  1626770494 457140149 0  
  1626770495 457140149 0  
  1626770496 457140149 0  
  1626770497 457140149 0  
  1626770498 457140149 0  
  1626770499 457140149 0  
  1626770500 457140149 0  
  1626770501 457140149 0  
  1626770502 457140149 0  
  1626770503 457140149 0  
  1626770504 457140149 0  
  1626770505 457140149 0  
  1626770506 457140149 0  
  1626770507 457140149 0  
  1626770508 457140149 0  
  1626770509 457140149 0  
  1626770510 457140149 0  
  1626770511 457140149 0  
  1626770512 457140149 0  
  1626770513 457140149 0  
  1626770514 457140241 0  
  1626770515 457140333 0  
  1626770516 457140333 0  
  1626770517 457140333 0  
  1626770518 457140333 0  
  1626770519 457140333 0  
  1626770520 457140333 0  
  1626770521 457140333 0  
  1626770522 457140333 0  
  1626770523 457140333 0  
  1626770525 457140333 0  
  1626770526 457140333 0  
  1626770527 457140333 0  
  1626770528 457140333 0  
  1626770529 457140333 0  
  1626770530 457140333 0  
  1626770531 457140333 0  
  1626770532 457140333 0  
  1626770533 457140333 0  
  1626770534 457140333 0  
  1626770535 457140333 0  
  1626770536 457140333 0  
  1626770537 457140333 0  
  1626770538 457140333 0  
  1626770539 457140333 0  
  1626770540 457140333 0  
  1626770541 457140333 0  
  1626770542 457140333 0  
  1626770543 457140333 0  
  1626770544 457140333 0  
  1626770545 457140333 0  
  1626770546 457140333 0  
  1626770547 457140425 0  
  1626770548 457140425 0  
  1626770549 457140425 0  
  1626770550 457140425 0  
  1626770551 457140425 0  
  1626770552 457140425 0  
  1626770553 457140425 0  
  1626770554 457140425 0  
  1626770555 457140493 0  
  1626770556 457140493 0  
  1626770557 457140493 0  
  1626770558 457140493 0  
  1626770559 457140493 0  
  1626770560 457140493 0  
  1626770561 457141649 0  
  1626770562 457141649 0  
  1626770563 457141649 0  
  1626770565 457141649 0  
  1626770566 457141649 0  
  1626770567 457141649 0  
  1626770568 457141649 0  
  1626770569 457141649 0  
  1626770570 457141649 0  
  1626770571 457141649 0  
  1626770572 457145958 0  
  1626770573 457146282 0  
  1626770574 457146922 0  
  1626770575 457146922 0  
  1626770576 457146922 0  
  1626770577 457146922 0  
  1626770578 457147014 0  
  1626770579 457147106 0  
  1626770580 457147106 0  
  1626770581 457147106 0  
 