 1627017603 498216494 0  
  1627017604 498216494 0  
  1627017605 498216494 0  
  1627017606 498216494 0  
  1627017607 498216494 0  
  1627017608 498216494 0  
  1627017609 498216494 0  
  1627017611 498216494 0  
  1627017612 498216494 0  
  1627017613 498216586 0  
  1627017614 498216586 0  
  1627017615 498216586 0  
  1627017616 498216586 0  
  1627017617 498216586 0  
  1627017618 498216586 0  
  1627017619 498216586 0  
  1627017620 498216586 0  
  1627017621 498216586 0  
  1627017622 498216586 0  
  1627017623 498216586 0  
  1627017624 498216586 0  
  1627017625 498216586 0  
  1627017626 498216586 0  
  1627017627 498216586 0  
  1627017628 498216586 0  
  1627017629 498216586 0  
  1627017630 498216586 0  
  1627017631 498216586 0  
  1627017632 498216586 0  
  1627017633 498216586 0  
  1627017634 498216586 0  
  1627017635 498216586 0  
  1627017636 498216586 0  
  1627017637 498216586 0  
  1627017638 498216586 0  
  1627017639 498216586 0  
  1627017640 498216586 0  
  1627017641 498216586 0  
  1627017642 498216586 0  
  1627017643 498216943 0  
  1627017644 498216943 0  
  1627017645 498216943 0  
  1627017646 498216943 0  
  1627017647 498216943 0  
  1627017648 498221252 0  
  1627017650 498226209 0  
  1627017651 498226917 0  
  1627017652 498227625 0  
  1627017653 498227625 0  
  1627017654 498227625 0  
  1627017655 498229502 0  
  1627017656 498236891 0  
  1627017657 498237599 0  
  1627017658 498238239 0  
  1627017659 498238239 0  
  1627017660 498238239 0  
  1627017661 498238239 0  
  1627017662 498238239 0  
  1627017663 498238239 0  
  1627017664 498238239 0  
  1627017665 498238239 0  
  1627017666 498238239 0  
  1627017667 498238239 0  
  1627017668 498238239 0  
  1627017669 498238239 0  
  1627017670 498238239 0  
  1627017671 498238239 0  
  1627017672 498238239 0  
  1627017673 498238239 0  
  1627017674 498238239 0  
  1627017675 498238239 0  
  1627017676 498238239 0  
  1627017677 498238239 0  
  1627017678 498238239 0  
  1627017679 498238239 0  
  1627017680 498238239 0  
  1627017681 498238239 0  
  1627017682 498238239 0  
  1627017683 498238239 0  
  1627017684 498238239 0  
  1627017685 498238239 0  
  1627017686 498238239 0  
  1627017687 498238239 0  
  1627017688 498238239 0  
  1627017690 498238239 0  
  1627017691 498238239 0  
  1627017692 498238239 0  
  1627017693 498238239 0  
  1627017694 498238239 0  
  1627017695 498238239 0  
  1627017696 498238239 0  
  1627017697 498238239 0  
  1627017698 498238239 0  
  1627017699 498238239 0  
  1627017700 498238239 0  
  1627017701 498238239 0  
  1627017702 498238239 0  
  1627017703 498238239 0  
  1627017704 498238239 0  
  1627017705 498238239 0  
  1627017706 498238239 0  
  1627017707 498238239 0  
  1627017708 498238239 0  
  1627017709 498238239 0  
  1627017710 498238239 0  
  1627017711 498238239 0  
  1627017712 498238239 0  
  1627017713 498238239 0  
  1627017714 498238239 0  
  1627017715 498238239 0  
  1627017716 498238239 0  
  1627017717 498238239 0  
  1627017718 498238239 0  
  1627017719 498238239 0  
  1627017720 498238239 0  
  1627017721 498238239 0  
  1627017722 498238239 0  
  1627017723 498238239 0  
  1627017724 498238239 0  
  1627017725 498238239 0  
  1627017726 498238239 0  
  1627017727 498238239 0  
  1627017728 498238239 0  
  1627017730 498238239 0  
  1627017731 498238239 0  
  1627017732 498238239 0  
  1627017733 498238239 0  
  1627017734 498238239 0  
  1627017735 498238239 0  
  1627017736 498238239 0  
  1627017737 498238239 0  
  1627017738 498238239 0  
  1627017739 498238239 0  
  1627017740 498238239 0  
  1627017741 498238239 0  
  1627017742 498238239 0  
  1627017743 498238331 0  
  1627017744 498238331 0  
  1627017745 498238331 0  
  1627017746 498238331 0  
  1627017747 498238331 0  
  1627017748 498238331 0  
  1627017749 498238331 0  
  1627017750 498238331 0  
  1627017751 498238331 0  
  1627017752 498238331 0  
  1627017753 498238331 0  
  1627017754 498238331 0  
  1627017755 498238331 0  
  1627017756 498238331 0  
  1627017757 498238331 0  
  1627017758 498238331 0  
  1627017759 498238331 0  
  1627017760 498238331 0  
  1627017761 498238331 0  
  1627017762 498238331 0  
  1627017763 498238331 0  
  1627017764 498238331 0  
  1627017765 498238331 0  
  1627017766 498238331 0  
  1627017767 498238331 0  
  1627017768 498238331 0  
  1627017770 498238331 0  
  1627017771 498238921 0  
  1627017772 498238921 0  
  1627017773 498238921 0  
  1627017774 498238921 0  
  1627017775 498238921 0  
  1627017776 498238921 0  
  1627017777 498238921 0  
  1627017778 498238921 0  
  1627017779 498238921 0  
  1627017780 498238921 0  
  1627017781 498238921 0  
  1627017782 498238921 0  
  1627017783 498238921 0  
  1627017784 498238921 0  
  1627017785 498239013 0  
  1627017786 498239013 0  
  1627017787 498239013 0  
  1627017788 498239013 0  
  1627017789 498239013 0  
  1627017790 498239013 0  
  1627017791 498239013 0  
  1627017792 498239013 0  
  1627017793 498239013 0  
  1627017794 498239013 0  
  1627017795 498239013 0  
  1627017796 498239013 0  
  1627017797 498239013 0  
  1627017798 498239013 0  
  1627017799 498239013 0  
  1627017800 498239013 0  
  1627017801 498239013 0  
  1627017802 498239013 0  
  1627017803 498239013 0  
  1627017804 498239013 0  
  1627017805 498239013 0  
  1627017806 498239013 0  
  1627017807 498239013 0  
  1627017809 498239013 0  
  1627017810 498239013 0  
  1627017811 498239013 0  
  1627017812 498239013 0  
  1627017813 498239013 0  
  1627017814 498239013 0  
  1627017815 498239013 0  
  1627017816 498239013 0  
  1627017817 498239013 0  
  1627017818 498239013 0  
  1627017819 498239013 0  
  1627017820 498239013 0  
  1627017821 498239013 0  
  1627017822 498239013 0  
  1627017823 498241910 0  
  1627017824 498243646 0  
  1627017825 498243646 0  
  1627017826 498244354 0  
  1627017827 498244354 0  
  1627017828 498244354 0  
  1627017829 498244354 0  
  1627017830 498244354 0  
  1627017831 498244354 0  
  1627017832 498244354 0  
  1627017833 498244354 0  
  1627017834 498244354 0  
  1627017835 498244354 0  
  1627017836 498244354 0  
  1627017837 498244354 0  
  1627017838 498244354 0  
  1627017839 498244354 0  
  1627017840 498244354 0  
  1627017841 498244354 0  
  1627017842 498244354 0  
  1627017843 498244354 0  
  1627017844 498244354 0  
  1627017845 498244354 0  
  1627017846 498244354 0  
  1627017847 498244354 0  
  1627017849 498244354 0  
  1627017850 498244354 0  
  1627017851 498244354 0  
  1627017852 498244354 0  
  1627017853 498244354 0  
  1627017854 498244354 0  
  1627017855 498244354 0  
  1627017856 498244354 0  
  1627017857 498244354 0  
  1627017858 498244354 0  
  1627017859 498244354 0  
  1627017860 498244354 0  
  1627017861 498244354 0  
  1627017862 498244354 0  
  1627017863 498244354 0  
  1627017864 498244354 0  
  1627017865 498244354 0  
  1627017866 498244354 0  
  1627017867 498244354 0  
  1627017868 498244354 0  
  1627017869 498244354 0  
  1627017870 498244354 0  
  1627017871 498244354 0  
  1627017872 498244354 0  
  1627017873 498244446 0  
  1627017874 498244446 0  
  1627017875 498244446 0  
  1627017876 498244446 0  
  1627017877 498244446 0  
  1627017878 498244446 0  
  1627017879 498244446 0  
  1627017880 498244446 0  
  1627017881 498244446 0  
  1627017882 498244446 0  
  1627017883 498244446 0  
  1627017884 498244446 0  
  1627017885 498244446 0  
  1627017886 498244446 0  
  1627017888 498244446 0  
  1627017889 498244446 0  
  1627017890 498244446 0  
  1627017891 498244446 0  
  1627017892 498244446 0  
  1627017893 498244446 0  
  1627017894 498244446 0  
  1627017895 498244446 0  
  1627017896 498244446 0  
  1627017897 498244446 0  
  1627017898 498244446 0  
  1627017899 498244446 0  
  1627017900 498244446 0  
  1627017901 498244446 0  
  1627017902 498244446 0  
  1627017903 498244446 0  
  1627017904 498244446 0  
  1627017905 498244446 0  
  1627017906 498244446 0  
  1627017907 498244446 0  
  1627017908 498244446 0  
  1627017909 498244446 0  
  1627017910 498244446 0  
  1627017911 498244446 0  
  1627017912 498244446 0  
  1627017913 498244446 0  
  1627017914 498244446 0  
  1627017915 498244446 0  
  1627017916 498244446 0  
  1627017917 498244446 0  
  1627017918 498244446 0  
  1627017919 498244446 0  
  1627017920 498244446 0  
  1627017921 498244446 0  
  1627017922 498244446 0  
  1627017923 498244446 0  
  1627017924 498244446 0  
  1627017925 498244446 0  
 