 1626725744 450122999 0  
  1626725745 450122999 0  
  1626725746 450122999 0  
  1626725747 450122999 0  
  1626725748 450122999 0  
  1626725749 450122999 0  
  1626725750 450122999 0  
  1626725751 450122999 0  
  1626725752 450122999 0  
  1626725753 450122999 0  
  1626725754 450122999 0  
  1626725755 450123091 0  
  1626725756 450123091 0  
  1626725757 450123091 0  
  1626725758 450123091 0  
  1626725759 450123091 0  
  1626725760 450123091 0  
  1626725761 450123091 0  
  1626725762 450123091 0  
  1626725763 450123091 0  
  1626725764 450123091 0  
  1626725765 450123091 0  
  1626725766 450123091 0  
  1626725767 450123091 0  
  1626725768 450123091 0  
  1626725769 450123091 0  
  1626725770 450123091 0  
  1626725771 450123091 0  
  1626725772 450123091 0  
  1626725773 450123091 0  
  1626725774 450123091 0  
  1626725776 450123091 0  
  1626725777 450123091 0  
  1626725778 450123091 0  
  1626725779 450123091 0  
  1626725780 450123091 0  
  1626725781 450123091 0  
  1626725782 450123091 0  
  1626725783 450123091 0  
  1626725784 450123091 0  
  1626725785 450123091 0  
  1626725786 450123091 0  
  1626725787 450123091 0  
  1626725788 450123091 0  
  1626725789 450123091 0  
  1626725790 450123091 0  
  1626725791 450123091 0  
  1626725792 450123091 0  
  1626725793 450123091 0  
  1626725794 450123091 0  
  1626725795 450123091 0  
  1626725796 450123091 0  
  1626725797 450123091 0  
  1626725798 450123091 0  
  1626725799 450123091 0  
  1626725800 450123091 0  
  1626725801 450123091 0  
  1626725802 450123091 0  
  1626725803 450123091 0  
  1626725804 450123091 0  
  1626725805 450123091 0  
  1626725806 450123091 0  
  1626725807 450123091 0  
  1626725808 450123091 0  
  1626725809 450123091 0  
  1626725810 450123091 0  
  1626725811 450123091 0  
  1626725812 450123091 0  
  1626725813 450123091 0  
  1626725815 450123091 0  
  1626725816 450123091 0  
  1626725817 450123091 0  
  1626725818 450123091 0  
  1626725819 450123091 0  
  1626725820 450123091 0  
  1626725821 450123091 0  
  1626725822 450123091 0  
  1626725823 450123091 0  
  1626725824 450123091 0  
  1626725825 450123091 0  
  1626725826 450123091 0  
  1626725827 450123091 0  
  1626725828 450123091 0  
  1626725829 450123091 0  
  1626725830 450123091 0  
  1626725831 450123091 0  
  1626725832 450123091 0  
  1626725833 450123091 0  
  1626725834 450123091 0  
  1626725835 450123091 0  
  1626725836 450123091 0  
  1626725837 450123091 0  
  1626725838 450123091 0  
  1626725839 450123091 0  
  1626725840 450123091 0  
  1626725841 450123091 0  
  1626725842 450123429 0  
  1626725843 450123429 0  
  1626725844 450123429 0  
  1626725845 450123429 0  
  1626725846 450123429 0  
  1626725847 450123429 0  
  1626725848 450123429 0  
  1626725849 450123429 0  
  1626725850 450123429 0  
  1626725851 450123429 0  
  1626725852 450123429 0  
  1626725853 450123429 0  
  1626725855 450123429 0  
  1626725856 450123429 0  
  1626725857 450123429 0  
  1626725858 450123429 0  
  1626725859 450123429 0  
  1626725860 450123429 0  
  1626725861 450123429 0  
  1626725862 450123429 0  
  1626725863 450123429 0  
  1626725864 450124087 0  
  1626725865 450124087 0  
  1626725866 450124087 0  
  1626725867 450124087 0  
  1626725868 450124087 0  
  1626725869 450124087 0  
  1626725870 450124087 0  
  1626725871 450124087 0  
  1626725872 450124087 0  
  1626725873 450125848 0  
  1626725874 450128720 0  
  1626725875 450128720 0  
  1626725876 450129360 0  
  1626725877 450129360 0  
  1626725878 450129360 0  
  1626725879 450129360 0  
  1626725880 450129360 0  
  1626725881 450129360 0  
  1626725882 450129360 0  
  1626725883 450129452 0  
  1626725884 450129452 0  
  1626725885 450129452 0  
  1626725886 450129452 0  
  1626725887 450129452 0  
  1626725888 450129452 0  
  1626725889 450129452 0  
  1626725890 450129452 0  
  1626725891 450129452 0  
  1626725892 450129452 0  
  1626725894 450129452 0  
  1626725895 450129452 0  
  1626725896 450129452 0  
  1626725897 450129452 0  
  1626725898 450129452 0  
  1626725899 450129452 0  
  1626725900 450129452 0  
  1626725901 450129452 0  
  1626725902 450129452 0  
  1626725903 450129452 0  
  1626725904 450129452 0  
  1626725905 450129452 0  
  1626725906 450129452 0  
  1626725907 450129452 0  
  1626725908 450129452 0  
  1626725909 450129452 0  
  1626725910 450129452 0  
  1626725911 450129452 0  
  1626725912 450129452 0  
  1626725913 450129452 0  
  1626725914 450129452 0  
  1626725915 450129452 0  
  1626725916 450129452 0  
  1626725917 450129452 0  
  1626725918 450129452 0  
  1626725919 450129452 0  
  1626725920 450129452 0  
  1626725921 450129452 0  
  1626725922 450129452 0  
  1626725923 450129452 0  
  1626725924 450129452 0  
  1626725925 450129452 0  
  1626725926 450129452 0  
  1626725927 450129452 0  
  1626725928 450129452 0  
  1626725929 450129452 0  
  1626725930 450129452 0  
  1626725931 450129452 0  
  1626725933 450129452 0  
  1626725934 450129452 0  
  1626725935 450129452 0  
  1626725936 450129452 0  
  1626725937 450129452 0  
  1626725938 450129452 0  
  1626725939 450129452 0  
  1626725940 450129452 0  
  1626725941 450129452 0  
  1626725942 450129452 0  
  1626725943 450129452 0  
  1626725944 450129452 0  
  1626725945 450129452 0  
  1626725946 450129452 0  
  1626725947 450129452 0  
  1626725948 450129452 0  
  1626725949 450129452 0  
  1626725950 450129452 0  
  1626725951 450129452 0  
  1626725952 450129452 0  
  1626725953 450129452 0  
  1626725954 450129452 0  
  1626725955 450129452 0  
  1626725956 450129452 0  
  1626725957 450129452 0  
  1626725958 450129452 0  
  1626725959 450129452 0  
  1626725960 450129452 0  
  1626725961 450129452 0  
  1626725962 450129452 0  
  1626725963 450129452 0  
  1626725964 450129452 0  
  1626725965 450129452 0  
  1626725966 450129452 0  
  1626725967 450129452 0  
  1626725968 450129452 0  
  1626725969 450129452 0  
  1626725970 450129452 0  
  1626725972 450129452 0  
  1626725973 450129452 0  
  1626725974 450129452 0  
  1626725975 450129452 0  
  1626725976 450129452 0  
  1626725977 450129452 0  
  1626725978 450129452 0  
  1626725979 450129452 0  
  1626725980 450129452 0  
  1626725981 450129452 0  
  1626725982 450129452 0  
  1626725983 450129452 0  
  1626725984 450129452 0  
  1626725985 450129452 0  
  1626725986 450129452 0  
  1626725987 450129452 0  
  1626725988 450129452 0  
  1626725989 450129452 0  
  1626725990 450129452 0  
  1626725991 450129452 0  
  1626725992 450129452 0  
  1626725993 450129452 0  
  1626725994 450129452 0  
  1626725995 450129452 0  
  1626725996 450129452 0  
  1626725997 450129452 0  
  1626725998 450129452 0  
  1626725999 450129452 0  
  1626726000 450129452 0  
  1626726001 450129452 0  
  1626726002 450129452 0  
  1626726003 450129452 0  
  1626726004 450129452 0  
  1626726005 450129452 0  
  1626726006 450129452 0  
  1626726007 450129452 0  
  1626726008 450133761 0  
  1626726009 450134085 0  
  1626726010 450134085 0  
  1626726012 450134793 0  
  1626726013 450134793 0  
  1626726014 450134885 0  
  1626726015 450134885 0  
  1626726016 450134885 0  
  1626726017 450134885 0  
  1626726018 450134885 0  
  1626726019 450134885 0  
  1626726020 450134885 0  
  1626726021 450134885 0  
  1626726022 450139194 0  
  1626726023 450144151 0  
  1626726024 450148784 0  
  1626726025 450150200 0  
  1626726026 450150908 0  
  1626726027 450150908 0  
  1626726028 450150908 0  
  1626726029 450150908 0  
  1626726030 450150908 0  
  1626726031 450150908 0  
  1626726032 450150908 0  
  1626726033 450150908 0  
  1626726034 450150908 0  
  1626726035 450150908 0  
  1626726036 450150908 0  
  1626726037 450150908 0  
  1626726038 450150908 0  
  1626726039 450150908 0  
  1626726040 450150908 0  
  1626726041 450150908 0  
  1626726042 450150908 0  
  1626726043 450150908 0  
  1626726044 450151265 0  
  1626726045 450151265 0  
  1626726046 450151265 0  
  1626726047 450151265 0  
  1626726048 450151265 0  
  1626726049 450151265 0  
  1626726051 450151265 0  
  1626726052 450151265 0  
  1626726053 450151265 0  
  1626726054 450151265 0  
  1626726055 450151265 0  
  1626726056 450151265 0  
  1626726057 450151265 0  
  1626726058 450151265 0  
  1626726059 450151265 0  
  1626726060 450151265 0  
  1626726061 450151265 0  
  1626726062 450151265 0  
  1626726063 450151923 0  
  1626726064 450151923 0  
  1626726065 450151923 0  
  1626726066 450151923 0  
  1626726067 450151923 0  
  1626726068 450151923 0  
  1626726069 450151923 0  
  1626726070 450151923 0  
  1626726071 450151923 0  
  1626726072 450151923 0  
  1626726073 450151923 0  
  1626726074 450151923 0  
  1626726075 450151923 0  
  1626726076 450151923 0  
  1626726077 450151923 0  
  1626726078 450151923 0  
  1626726079 450151923 0  
  1626726080 450151923 0  
  1626726081 450151923 0  
  1626726082 450151923 0  
  1626726083 450151923 0  
  1626726084 450151923 0  
  1626726085 450151923 0  
  1626726086 450151923 0  
  1626726087 450151923 0  
  1626726088 450151923 0  
  1626726090 450151923 0  
  1626726091 450151923 0  
  1626726092 450151923 0  
  1626726093 450151923 0  
  1626726094 450151923 0  
  1626726095 450151923 0  
  1626726096 450151923 0  
  1626726097 450151923 0  
  1626726098 450151923 0  
  1626726099 450151923 0  
  1626726100 450151923 0  
  1626726101 450151923 0  
  1626726102 450151923 0  
  1626726103 450151923 0  
  1626726104 450151923 0  
  1626726105 450151923 0  
  1626726106 450151923 0  
  1626726107 450151923 0  
  1626726108 450151923 0  
  1626726109 450151923 0  
  1626726110 450151923 0  
  1626726111 450151923 0  
  1626726112 450151923 0  
  1626726113 450151923 0  
  1626726114 450151923 0  
  1626726115 450151923 0  
  1626726116 450151923 0  
  1626726117 450151923 0  
  1626726118 450151923 0  
  1626726119 450151923 0  
  1626726120 450151923 0  
  1626726121 450151923 0  
  1626726122 450151923 0  
  1626726123 450151923 0  
  1626726124 450151923 0  
  1626726125 450151923 0  
  1626726126 450151923 0  
  1626726127 450151923 0  
  1626726128 450151923 0  
  1626726130 450151923 0  
  1626726131 450151923 0  
  1626726132 450151923 0  
  1626726133 450151923 0  
  1626726134 450151923 0  
  1626726135 450151923 0  
  1626726136 450151923 0  
  1626726137 450151923 0  
  1626726138 450151923 0  
  1626726139 450151923 0  
  1626726140 450151923 0  
  1626726141 450151923 0  
  1626726142 450152015 0  
  1626726143 450152015 0  
  1626726144 450152015 0  
  1626726145 450152015 0  
  1626726146 450152015 0  
  1626726147 450152015 0  
  1626726148 450152015 0  
  1626726149 450152015 0  
  1626726150 450152015 0  
  1626726151 450152015 0  
  1626726152 450152015 0  
  1626726153 450152015 0  
  1626726154 450152015 0  
  1626726155 450152015 0  
  1626726156 450152015 0  
  1626726157 450152015 0  
  1626726158 450152015 0  
  1626726159 450152015 0  
  1626726160 450152015 0  
  1626726161 450152015 0  
  1626726162 450152015 0  
  1626726163 450152015 0  
  1626726164 450152015 0  
  1626726165 450152015 0  
  1626726166 450152015 0  
  1626726167 450152015 0  
  1626726168 450152015 0  
  1626726170 450152015 0  
  1626726171 450152015 0  
  1626726172 450152015 0  
  1626726173 450156324 0  
  1626726174 450156648 0  
  1626726175 450157356 0  
  1626726176 450157356 0  
  1626726177 450157356 0  
  1626726178 450157356 0  
  1626726179 450157356 0  
  1626726180 450157356 0  
  1626726181 450157356 0  
  1626726182 450157356 0  
  1626726183 450157356 0  
  1626726184 450157356 0  
  1626726185 450157356 0  
  1626726186 450157356 0  
  1626726187 450157356 0  
  1626726188 450157356 0  
  1626726189 450157356 0  
  1626726190 450157356 0  
  1626726191 450157356 0  
  1626726192 450157356 0  
  1626726193 450157356 0  
  1626726194 450157356 0  
  1626726195 450157356 0  
  1626726196 450157356 0  
  1626726197 450157356 0  
  1626726198 450157356 0  
  1626726199 450157356 0  
  1626726200 450157448 0  
  1626726201 450157448 0  
  1626726202 450157448 0  
  1626726203 450157448 0  
  1626726204 450157448 0  
  1626726205 450157448 0  
  1626726206 450157448 0  
  1626726207 450157448 0  
  1626726208 450157448 0  
  1626726210 450157448 0  
  1626726211 450157448 0  
  1626726212 450157448 0  
  1626726213 450157448 0  
  1626726214 450157448 0  
  1626726215 450157448 0  
  1626726216 450157448 0  
  1626726217 450157448 0  
  1626726218 450157448 0  
  1626726219 450157448 0  
  1626726220 450157448 0  
  1626726221 450157448 0  
  1626726222 450157448 0  
  1626726223 450157448 0  
  1626726224 450157448 0  
  1626726225 450157448 0  
  1626726226 450157448 0  
  1626726227 450157448 0  
  1626726228 450157448 0  
  1626726229 450157448 0  
  1626726230 450157448 0  
  1626726231 450157448 0  
  1626726232 450157448 0  
  1626726233 450157448 0  
  1626726234 450157448 0  
  1626726235 450157448 0  
  1626726236 450157448 0  
  1626726237 450157448 0  
  1626726238 450157448 0  
  1626726239 450157448 0  
  1626726240 450157448 0  
  1626726241 450157448 0  
  1626726242 450157448 0  
  1626726243 450157448 0  
  1626726244 450157448 0  
  1626726245 450157448 0  
  1626726246 450157448 0  
  1626726247 450157448 0  
  1626726248 450157448 0  
  1626726250 450157448 0  
  1626726251 450157448 0  
  1626726252 450157448 0  
  1626726253 450157448 0  
  1626726254 450157448 0  
  1626726255 450157448 0  
  1626726256 450157448 0  
  1626726257 450157448 0  
  1626726258 450157448 0  
  1626726259 450157448 0  
  1626726260 450157448 0  
  1626726261 450157448 0  
  1626726262 450157448 0  
  1626726263 450157448 0  
  1626726264 450158038 0  
  1626726265 450158038 0  
  1626726266 450158038 0  
  1626726267 450158038 0  
  1626726268 450158038 0  
  1626726269 450158038 0  
  1626726270 450158130 0  
  1626726271 450158130 0  
  1626726272 450158130 0  
  1626726273 450158130 0  
  1626726274 450158130 0  
  1626726275 450158130 0  
  1626726276 450158130 0  
  1626726277 450158130 0  
  1626726278 450158130 0  
  1626726279 450158130 0  
  1626726280 450158130 0  
  1626726281 450158130 0  
  1626726282 450158130 0  
  1626726283 450158130 0  
  1626726284 450158130 0  
  1626726285 450158130 0  
  1626726286 450158130 0  
  1626726287 450158130 0  
  1626726288 450158130 0  
  1626726290 450158130 0  
  1626726291 450158130 0  
  1626726292 450158130 0  
  1626726293 450158130 0  
  1626726294 450158130 0  
  1626726295 450158130 0  
  1626726296 450158130 0  
  1626726297 450158130 0  
  1626726298 450158130 0  
  1626726299 450158130 0  
  1626726300 450158130 0  
  1626726301 450158130 0  
  1626726302 450158130 0  
  1626726303 450158130 0  
  1626726304 450158130 0  
  1626726305 450158130 0  
  1626726306 450158186 0  
  1626726307 450158186 0  
  1626726308 450158186 0  
  1626726309 450162495 0  
  1626726310 450162819 0  
  1626726311 450163527 0  
  1626726312 450163527 0  
  1626726313 450163527 0  
  1626726314 450163527 0  
  1626726315 450163527 0  
  1626726316 450163527 0  
  1626726317 450163527 0  
  1626726318 450163527 0  
  1626726319 450163527 0  
  1626726320 450168160 0  
  1626726321 450168160 0  
  1626726322 450173501 0  
  1626726323 450173501 0  
  1626726324 450177106 0  
  1626726325 450178842 0  
  1626726326 450179550 0  
  1626726327 450179550 0  
  1626726328 450179550 0  
  1626726330 450179550 0  
  1626726331 450179550 0  
  1626726332 450179550 0  
  1626726333 450179550 0  
  1626726334 450179550 0  
  1626726335 450179550 0  
  1626726336 450179550 0  
  1626726337 450179550 0  
  1626726338 450179550 0  
  1626726339 450179550 0  
  1626726340 450179550 0  
  1626726341 450179550 0  
  1626726342 450179550 0  
  1626726343 450179550 0  
  1626726344 450272365 0  
  1626726345 450421000 0  
  1626726346 450421000 0  
  1626726347 450421119 0  
  1626726348 450421119 0  
  1626726349 450421119 0  
  1626726350 450421119 0  
  1626726351 450421119 0  
  1626726352 450421119 0  
  1626726353 450421119 0  
  1626726354 450421119 0  
  1626726355 450421343 0  
  1626726356 450421343 0  
  1626726357 450421343 0  
  1626726358 450421343 0  
  1626726359 450421343 0  
  1626726360 450421343 0  
  1626726361 450421343 0  
  1626726362 450421343 0  
  1626726363 450421343 0  
  1626726364 450421343 0  
  1626726365 450421343 0  
  1626726366 450421343 0  
  1626726367 450421343 0  
  1626726368 450421343 0  
  1626726370 450421343 0  
  1626726371 450421343 0  
  1626726372 450421343 0  
  1626726373 450421343 0  
  1626726374 450421343 0  
  1626726375 450421343 0  
  1626726376 450421343 0  
  1626726377 450421343 0  
 