 1626885653 488585163 109757  
  1626885654 488586007 109757  
  1626885655 488586007 109757  
  1626885656 488586007 109757  
  1626885657 488586007 109757  
  1626885658 488586007 109757  
  1626885659 488586007 109757  
  1626885660 488586007 109757  
  1626885661 488586007 109757  
  1626885662 488586007 109757  
  1626885663 488586007 109757  
  1626885664 488586099 109757  
  1626885665 488586099 109757  
  1626885666 488586099 109757  
  1626885667 488586099 109757  
  1626885668 488586099 109757  
  1626885669 488586099 109757  
  1626885670 488586099 109757  
  1626885671 488586099 109757  
  1626885672 488586099 109757  
  1626885673 488586099 109757  
  1626885674 488586099 109757  
  1626885675 488586099 109757  
  1626885676 488586099 109757  
  1626885677 488586099 109757  
  1626885678 488586099 109757  
  1626885679 488586099 109757  
  1626885680 488586099 109757  
  1626885681 488586099 109757  
  1626885683 488586099 109757  
  1626885684 488586099 109757  
  1626885685 488586099 109757  
  1626885686 488586099 109757  
  1626885687 488586099 109757  
  1626885688 488586099 109757  
  1626885689 488586099 109757  
  1626885690 488586191 109757  
  1626885691 488586191 109757  
  1626885692 488586191 109757  
  1626885693 488586191 109757  
  1626885694 488586191 109757  
  1626885695 488586191 109757  
  1626885696 488586191 109757  
  1626885697 488586191 109757  
  1626885698 488586191 109757  
  1626885699 488586191 109757  
  1626885700 488586191 109757  
  1626885701 488586191 109757  
  1626885702 488586191 109757  
  1626885703 488586191 109757  
  1626885704 488586191 109757  
  1626885705 488586191 109757  
  1626885706 488586191 109757  
  1626885707 488586191 109757  
  1626885708 488586191 109757  
  1626885709 488586191 109757  
  1626885710 488586191 109757  
  1626885711 488586191 109757  
  1626885712 488586529 109757  
  1626885713 488586529 109757  
  1626885714 488586529 109757  
  1626885715 488586529 109757  
  1626885716 488586529 109757  
  1626885717 488586529 109757  
  1626885718 488586529 109757  
  1626885719 488586529 109757  
  1626885720 488586529 109757  
  1626885721 488586529 109757  
  1626885722 488586529 109757  
  1626885724 488586529 109757  
  1626885725 488586529 109757  
  1626885726 488586529 109757  
  1626885727 488586529 109757  
  1626885728 488586529 109757  
  1626885729 488586529 109757  
  1626885730 488586529 109757  
  1626885731 488586529 109757  
  1626885732 488586529 109757  
  1626885733 488586529 109757  
  1626885734 488586529 109757  
  1626885735 488586529 109757  
  1626885736 488586529 109757  
  1626885737 488586529 109757  
  1626885738 488586529 109757  
  1626885739 488586529 109757  
  1626885740 488586529 109757  
  1626885741 488586529 109757  
  1626885742 488586529 109757  
  1626885743 488586529 109757  
  1626885744 488586529 109757  
  1626885745 488586529 109757  
  1626885746 488586529 109757  
  1626885747 488586529 109757  
  1626885748 488586529 109757  
  1626885749 488586529 109757  
  1626885750 488586529 109757  
  1626885751 488586529 109757  
  1626885752 488586529 109757  
  1626885753 488586529 109757  
  1626885754 488586529 109757  
  1626885755 488586529 109757  
  1626885756 488586529 109757  
  1626885757 488586529 109757  
  1626885758 488586529 109757  
  1626885759 488586529 109757  
  1626885760 488586529 109757  
  1626885761 488586529 109757  
  1626885763 488586529 109757  
  1626885764 488586529 109757  
  1626885765 488586529 109757  
  1626885766 488586529 109757  
  1626885767 488586529 109757  
  1626885768 488586529 109757  
  1626885769 488587125 109757  
  1626885770 488587125 109757  
  1626885771 488587193 109757  
  1626885772 488587193 109757  
  1626885773 488591502 109757  
  1626885774 488591826 109757  
  1626885775 488591826 109757  
  1626885776 488592534 109757  
  1626885777 488593690 109757  
  1626885778 488593690 109757  
  1626885779 488593690 109757  
  1626885780 488593690 109757  
  1626885781 488593690 109757  
  1626885782 488593690 109757  
  1626885783 488593690 109757  
  1626885784 488593690 109757  
  1626885785 488593690 109757  
  1626885786 488593690 109757  
  1626885787 488593690 109757  
  1626885788 488593690 109757  
  1626885789 488593690 109757  
  1626885790 488593690 109757  
  1626885791 488593690 109757  
  1626885792 488593690 109757  
  1626885793 488593690 109757  
  1626885794 488593690 109757  
  1626885795 488593690 109757  
  1626885796 488593690 109757  
  1626885797 488593690 109757  
  1626885798 488593690 109757  
  1626885799 488593690 109757  
  1626885800 488593690 109757  
  1626885801 488593690 109757  
  1626885803 488593690 109757  
  1626885804 488593690 109757  
  1626885805 488593690 109757  
  1626885806 488593690 109757  
  1626885807 488593690 109757  
  1626885808 488593690 109757  
  1626885809 488593690 109757  
  1626885810 488593690 109757  
  1626885811 488593690 109757  
  1626885812 488593690 109757  
  1626885813 488593690 109757  
  1626885814 488593690 109757  
  1626885815 488593690 109757  
  1626885816 488593690 109757  
  1626885817 488593690 109757  
  1626885818 488593690 109757  
  1626885819 488593690 109757  
  1626885820 488593690 109757  
  1626885821 488593690 109757  
  1626885822 488593690 109757  
  1626885823 488593690 109757  
  1626885824 488593690 109757  
  1626885825 488593690 109757  
  1626885826 488593690 109757  
  1626885827 488593690 109757  
  1626885828 488593690 109757  
  1626885829 488593690 109757  
  1626885830 488593690 109757  
  1626885831 488593690 109757  
  1626885832 488593690 109757  
  1626885833 488593690 109757  
  1626885834 488593690 109757  
  1626885835 488593690 109757  
  1626885836 488593690 109757  
  1626885837 488593690 109757  
  1626885838 488593690 109757  
  1626885839 488593690 109757  
  1626885840 488593690 109757  
  1626885841 488593690 109757  
  1626885843 488593690 109757  
  1626885844 488593690 109757  
  1626885845 488593690 109757  
  1626885846 488593690 109757  
  1626885847 488593690 109757  
  1626885848 488593690 109757  
  1626885849 488593690 109757  
  1626885850 488593690 109757  
  1626885851 488593690 109757  
  1626885852 488593690 109757  
  1626885853 488593690 109757  
  1626885854 488593690 109757  
  1626885855 488593690 109757  
  1626885856 488593690 109757  
  1626885857 488593690 109757  
  1626885858 488593690 109757  
  1626885859 488593690 109757  
  1626885860 488593690 109757  
  1626885861 488593690 109757  
  1626885862 488594028 109757  
  1626885863 488594028 109757  
  1626885864 488594028 109757  
  1626885865 488594028 109757  
  1626885866 488594028 109757  
  1626885867 488594028 109757  
  1626885868 488594028 109757  
  1626885869 488594028 109757  
  1626885870 488594028 109757  
  1626885871 488594028 109757  
  1626885872 488594028 109757  
  1626885873 488594028 109757  
  1626885874 488594028 109757  
  1626885875 488594028 109757  
  1626885876 488594028 109757  
  1626885877 488594028 109757  
  1626885878 488594028 109757  
  1626885879 488594028 109757  
  1626885880 488594028 109757  
  1626885881 488594028 109757  
  1626885883 488594028 109757  
  1626885884 488594028 109757  
  1626885885 488594028 109757  
  1626885886 488594028 109757  
  1626885887 488594028 109757  
  1626885888 488594028 109757  
  1626885889 488594028 109757  
  1626885890 488594028 109757  
  1626885891 488594028 109757  
  1626885892 488594028 109757  
  1626885893 488594028 109757  
  1626885894 488594028 109757  
  1626885895 488594028 109757  
  1626885896 488594028 109757  
  1626885897 488594028 109757  
  1626885898 488594028 109757  
  1626885899 488594028 109757  
  1626885900 488594028 109757  
  1626885901 488594028 109757  
  1626885902 488594028 109757  
  1626885903 488594028 109757  
  1626885904 488594028 109757  
  1626885905 488594028 109757  
  1626885906 488594028 109757  
  1626885907 488594028 109757  
  1626885908 488594028 109757  
  1626885909 488594028 109757  
  1626885910 488594028 109757  
  1626885911 488594028 109757  
  1626885912 488594028 109757  
  1626885913 488594028 109757  
  1626885914 488594028 109757  
  1626885915 488594028 109757  
  1626885916 488594028 109757  
  1626885917 488594028 109757  
  1626885918 488594028 109757  
  1626885919 488594028 109757  
  1626885920 488594028 109757  
  1626885921 488594120 109757  
  1626885923 488594120 109757  
  1626885924 488594120 109757  
  1626885925 488594120 109757  
  1626885926 488594120 109757  
  1626885927 488594120 109757  
  1626885928 488594120 109757  
  1626885929 488594120 109757  
  1626885930 488594120 109757  
  1626885931 488594120 109757  
  1626885932 488594120 109757  
  1626885933 488594120 109757  
  1626885934 488594120 109757  
  1626885935 488594120 109757  
  1626885936 488594120 109757  
  1626885937 488594477 109757  
  1626885938 488594477 109757  
  1626885939 488594477 109757  
  1626885940 488594477 109757  
  1626885941 488594477 109757  
  1626885942 488594477 109757  
  1626885943 488598786 109757  
  1626885944 488599110 109757  
  1626885945 488599818 109757  
  1626885946 488599818 109757  
  1626885947 488604451 109757  
  1626885948 488604451 109757  
  1626885949 488605251 109757  
  1626885950 488605251 109757  
  1626885951 488614517 109757  
  1626885952 488614517 109757  
  1626885953 488615933 109757  
  1626885954 488615933 109757  
  1626885955 488615933 109757  
  1626885956 488615933 109757  
  1626885957 488615933 109757  
  1626885958 488615933 109757  
  1626885959 488615933 109757  
  1626885960 488615933 109757  
  1626885961 488615933 109757  
  1626885963 488615933 109757  
  1626885964 488615933 109757  
  1626885965 488615933 109757  
  1626885966 488615933 109757  
  1626885967 488615933 109757  
  1626885968 488615933 109757  
  1626885969 488616529 109757  
  1626885970 488616529 109757  
  1626885971 488616529 109757  
  1626885972 488616529 109757  
  1626885973 488616529 109757  
  1626885974 488616529 109757  
  1626885975 488616529 109757  
  1626885976 488616529 109757  
  1626885977 488616529 109757  
  1626885978 488616529 109757  
  1626885979 488616529 109757  
  1626885980 488616529 109757  
  1626885981 488616529 109757  
  1626885982 488616529 109757  
  1626885983 488616529 109757  
  1626885984 488616529 109757  
  1626885985 488616529 109757  
  1626885986 488616529 109757  
  1626885987 488616529 109757  
  1626885988 488616529 109757  
  1626885989 488616529 109757  
  1626885990 488616529 109757  
  1626885991 488616529 109757  
  1626885992 488616529 109757  
  1626885993 488616529 109757  
  1626885994 488616529 109757  
  1626885995 488616529 109757  
  1626885996 488616529 109757  
  1626885997 488616529 109757  
  1626885998 488616529 109757  
  1626885999 488616529 109757  
  1626886000 488616529 109757  
  1626886001 488616529 109757  
  1626886003 488616529 109757  
  1626886004 488616529 109757  
  1626886005 488616529 109757  
  1626886006 488616529 109757  
  1626886007 488616529 109757  
  1626886008 488616529 109757  
  1626886009 488616529 109757  
  1626886010 488616529 109757  
  1626886011 488616529 109757  
  1626886012 488616867 109757  
  1626886013 488616867 109757  
  1626886014 488616867 109757  
  1626886015 488616867 109757  
  1626886016 488616867 109757  
  1626886017 488616867 109757  
  1626886018 488616867 109757  
  1626886019 488616867 109757  
  1626886020 488616867 109757  
  1626886021 488616867 109757  
  1626886022 488616867 109757  
  1626886023 488616867 109757  
  1626886024 488616867 109757  
  1626886025 488616867 109757  
  1626886026 488616867 109757  
  1626886027 488616867 109757  
  1626886028 488616867 109757  
  1626886029 488616867 109757  
  1626886030 488616867 109757  
  1626886031 488616867 109757  
  1626886032 488616867 109757  
  1626886033 488616867 109757  
  1626886034 488616867 109757  
  1626886035 488616867 109757  
  1626886036 488616867 109757  
  1626886037 488616867 109757  
  1626886038 488616867 109757  
  1626886039 488616867 109757  
  1626886040 488616867 109757  
  1626886041 488616867 109757  
  1626886043 488616867 109757  
  1626886044 488616867 109757  
  1626886045 488616867 109757  
  1626886046 488616867 109757  
  1626886047 488616867 109757  
  1626886048 488616867 109757  
  1626886049 488616867 109757  
  1626886050 488616867 109757  
  1626886051 488616867 109757  
  1626886052 488616867 109757  
  1626886053 488616867 109757  
  1626886054 488616867 109757  
  1626886055 488616867 109757  
  1626886056 488616867 109757  
  1626886057 488616867 109757  
  1626886058 488616867 109757  
  1626886059 488616867 109757  
  1626886060 488616867 109757  
  1626886061 488616867 109757  
  1626886062 488616867 109757  
  1626886063 488616867 109757  
  1626886064 488616867 109757  
  1626886065 488616867 109757  
  1626886066 488616867 109757  
  1626886067 488616867 109757  
  1626886068 488616867 109757  
  1626886069 488616867 109757  
  1626886070 488616867 109757  
  1626886071 488616867 109757  
  1626886072 488617011 109757  
  1626886073 488621500 109757  
  1626886074 488621500 109757  
  1626886075 488622208 109757  
  1626886076 488622208 109757  
  1626886077 488622208 109757  
  1626886078 488622300 109757  
  1626886079 488622300 109757  
  1626886080 488622300 109757  
  1626886081 488622300 109757  
  1626886083 488622300 109757  
  1626886084 488622300 109757  
  1626886085 488622300 109757  
  1626886086 488622300 109757  
  1626886087 488622300 109757  
  1626886088 488622300 109757  
  1626886089 488622300 109757  
  1626886090 488622300 109757  
  1626886091 488622300 109757  
  1626886092 488622300 109757  
  1626886093 488622300 109757  
  1626886094 488622300 109757  
  1626886095 488622300 109757  
  1626886096 488622300 109757  
  1626886097 488622300 109757  
  1626886098 488622300 109757  
  1626886099 488622300 109757  
  1626886100 488622300 109757  
  1626886101 488622300 109757  
  1626886102 488622300 109757  
  1626886103 488622300 109757  
  1626886104 488622300 109757  
  1626886105 488622300 109757  
  1626886106 488622300 109757  
  1626886107 488622300 109757  
  1626886108 488622300 109757  
  1626886109 488622300 109757  
  1626886110 488622300 109757  
  1626886111 488622300 109757  
  1626886112 488622300 109757  
  1626886113 488622300 109757  
  1626886114 488622300 109757  
  1626886115 488622300 109757  
  1626886116 488622300 109757  
  1626886117 488622300 109757  
  1626886118 488622300 109757  
  1626886119 488622300 109757  
  1626886120 488622300 109757  
 