 1626881663 477808580 0  
  1626881664 477808580 0  
  1626881665 477808580 0  
  1626881666 477808672 0  
  1626881667 477808672 0  
  1626881668 477808672 0  
  1626881669 477808672 0  
  1626881670 477808672 0  
  1626881671 477808672 0  
  1626881672 477808672 0  
  1626881673 477808672 0  
  1626881674 477808672 0  
  1626881675 477808672 0  
  1626881676 477808672 0  
  1626881677 477808672 0  
  1626881678 477808672 0  
  1626881679 477808672 0  
  1626881680 477808672 0  
  1626881681 477808672 0  
  1626881682 477808672 0  
  1626881683 477808672 0  
  1626881684 477808672 0  
  1626881685 477808672 0  
  1626881686 477808672 0  
  1626881687 477808672 0  
  1626881688 477808672 0  
  1626881689 477808672 0  
  1626881690 477808672 0  
  1626881691 477808672 0  
  1626881692 477808672 0  
  1626881693 477808672 0  
  1626881694 477808672 0  
  1626881695 477808672 0  
  1626881697 477808672 0  
  1626881698 477808672 0  
  1626881699 477808764 0  
  1626881700 477808764 0  
  1626881701 477808764 0  
  1626881702 477808764 0  
  1626881703 477808764 0  
  1626881704 477808764 0  
  1626881705 477808764 0  
  1626881706 477808764 0  
  1626881707 477808764 0  
  1626881708 477808764 0  
  1626881709 477808764 0  
  1626881710 477808764 0  
  1626881711 477808764 0  
  1626881712 477808764 0  
  1626881713 477808764 0  
  1626881714 477808764 0  
  1626881715 477808764 0  
  1626881716 477808764 0  
  1626881717 477808764 0  
  1626881718 477808764 0  
  1626881719 477808764 0  
  1626881720 477808764 0  
  1626881721 477808764 0  
  1626881722 477808764 0  
  1626881723 477808764 0  
  1626881724 477808764 0  
  1626881725 477808764 0  
  1626881726 477808764 0  
  1626881727 477808764 0  
  1626881728 477808764 0  
  1626881729 477808764 0  
  1626881730 477808856 0  
  1626881731 477808856 0  
  1626881732 477808856 0  
  1626881733 477808856 0  
  1626881734 477808856 0  
  1626881736 477808856 0  
  1626881737 477808856 0  
  1626881738 477808856 0  
  1626881739 477809194 0  
  1626881740 477809194 0  
  1626881741 477809194 0  
  1626881742 477809194 0  
  1626881743 477899382 0  
  1626881744 478048851 0  
  1626881745 478053160 0  
  1626881746 478053603 0  
  1626881747 478053603 0  
  1626881748 478054311 0  
  1626881749 478058944 0  
  1626881750 478058944 0  
  1626881751 478059652 0  
  1626881752 478059652 0  
  1626881753 478064217 0  
  1626881754 478068918 0  
  1626881755 478069626 0  
  1626881756 478070334 0  
  1626881757 478070334 0  
  1626881758 478070334 0  
  1626881759 478070334 0  
  1626881760 478070334 0  
  1626881761 478070334 0  
  1626881762 478070334 0  
  1626881763 478070426 0  
  1626881764 478070426 0  
  1626881765 478070426 0  
  1626881766 478070426 0  
  1626881767 478071016 0  
  1626881768 478071016 0  
  1626881769 478071016 0  
  1626881770 478071016 0  
  1626881771 478071016 0  
  1626881772 478071016 0  
  1626881773 478071016 0  
  1626881774 478071016 0  
  1626881776 478071016 0  
  1626881777 478071016 0  
  1626881778 478071016 0  
  1626881779 478071016 0  
  1626881780 478071016 0  
  1626881781 478071016 0  
  1626881782 478071016 0  
  1626881783 478071016 0  
  1626881784 478071016 0  
  1626881785 478071016 0  
  1626881786 478071016 0  
  1626881787 478071016 0  
  1626881788 478071016 0  
  1626881789 478071016 0  
  1626881790 478071016 0  
  1626881791 478071016 0  
  1626881792 478071016 0  
  1626881793 478071016 0  
  1626881794 478071016 0  
  1626881795 478071016 0  
  1626881796 478071108 0  
  1626881797 478071108 0  
  1626881798 478071108 0  
  1626881799 478071108 0  
  1626881800 478071108 0  
  1626881801 478071108 0  
  1626881802 478071108 0  
  1626881803 478071108 0  
  1626881804 478071108 0  
  1626881805 478071108 0  
  1626881806 478071108 0  
  1626881807 478071108 0  
  1626881808 478071108 0  
  1626881809 478071108 0  
  1626881810 478071108 0  
  1626881811 478071108 0  
  1626881812 478071446 0  
  1626881813 478071446 0  
  1626881814 478071446 0  
  1626881816 478071446 0  
  1626881817 478071446 0  
  1626881818 478071446 0  
  1626881819 478071446 0  
  1626881820 478071446 0  
  1626881821 478071446 0  
  1626881822 478071446 0  
  1626881823 478071446 0  
  1626881824 478071446 0  
  1626881825 478071446 0  
  1626881826 478071446 0  
  1626881827 478071446 0  
  1626881828 478071446 0  
  1626881829 478071446 0  
  1626881830 478071446 0  
  1626881831 478071446 0  
  1626881832 478071446 0  
  1626881833 478071446 0  
  1626881834 478071446 0  
  1626881835 478071446 0  
  1626881836 478071446 0  
  1626881837 478071446 0  
  1626881838 478071446 0  
  1626881839 478071446 0  
  1626881840 478071446 0  
  1626881841 478071446 0  
  1626881842 478071446 0  
  1626881843 478071446 0  
  1626881844 478071446 0  
  1626881845 478071446 0  
  1626881846 478071538 0  
  1626881847 478071538 0  
  1626881848 478071538 0  
  1626881849 478071538 0  
  1626881850 478071538 0  
  1626881851 478071538 0  
  1626881852 478071538 0  
  1626881853 478071538 0  
  1626881854 478071538 0  
  1626881855 478071538 0  
  1626881857 478071538 0  
  1626881858 478071538 0  
  1626881859 478071538 0  
  1626881860 478071538 0  
  1626881861 478071630 0  
  1626881862 478071630 0  
  1626881863 478071630 0  
  1626881864 478071630 0  
  1626881865 478071630 0  
  1626881866 478071630 0  
  1626881867 478071630 0  
  1626881868 478071630 0  
  1626881869 478071630 0  
  1626881870 478071630 0  
  1626881871 478071630 0  
  1626881872 478075939 0  
  1626881873 478076263 0  
  1626881874 478076971 0  
  1626881875 478076971 0  
  1626881876 478076971 0  
  1626881877 478076971 0  
  1626881878 478076971 0  
  1626881879 478076971 0  
  1626881880 478076971 0  
  1626881881 478076971 0  
  1626881882 478076971 0  
  1626881883 478076971 0  
  1626881884 478076971 0  
  1626881885 478076971 0  
  1626881886 478076971 0  
  1626881887 478076971 0  
  1626881888 478076971 0  
  1626881889 478076971 0  
  1626881890 478076971 0  
  1626881891 478076971 0  
  1626881892 478076971 0  
  1626881893 478076971 0  
  1626881894 478076971 0  
  1626881895 478076971 0  
  1626881897 478076971 0  
  1626881898 478076971 0  
  1626881899 478076971 0  
  1626881900 478076971 0  
  1626881901 478076971 0  
  1626881902 478076971 0  
  1626881903 478076971 0  
  1626881904 478076971 0  
  1626881905 478076971 0  
  1626881906 478076971 0  
  1626881907 478076971 0  
  1626881908 478076971 0  
  1626881909 478076971 0  
  1626881910 478076971 0  
  1626881911 478076971 0  
  1626881912 478076971 0  
  1626881913 478076971 0  
  1626881914 478076971 0  
  1626881915 478076971 0  
  1626881916 478076971 0  
  1626881917 478076971 0  
  1626881918 478076971 0  
  1626881919 478076971 0  
  1626881920 478076971 0  
  1626881921 478076971 0  
  1626881922 478076971 0  
  1626881923 478076971 0  
  1626881924 478077063 0  
  1626881925 478077063 0  
  1626881926 478077063 0  
  1626881927 478077063 0  
  1626881928 478077063 0  
  1626881929 478077063 0  
  1626881930 478077063 0  
  1626881931 478077063 0  
  1626881932 478077063 0  
  1626881933 478077063 0  
  1626881934 478077063 0  
  1626881935 478077063 0  
  1626881937 478077063 0  
  1626881938 478077063 0  
  1626881939 478077063 0  
  1626881940 478077063 0  
  1626881941 478077063 0  
  1626881942 478077063 0  
  1626881943 478077063 0  
  1626881944 478077063 0  
  1626881945 478077063 0  
  1626881946 478077063 0  
  1626881947 478077063 0  
  1626881948 478077063 0  
  1626881949 478077063 0  
  1626881950 478077063 0  
  1626881951 478077063 0  
  1626881952 478077063 0  
  1626881953 478077063 0  
  1626881954 478077063 0  
  1626881955 478077063 0  
  1626881956 478077063 0  
  1626881957 478077063 0  
  1626881958 478077063 0  
  1626881959 478077063 0  
  1626881960 478077063 0  
  1626881961 478077063 0  
  1626881962 478077063 0  
  1626881963 478077401 0  
  1626881964 478077401 0  
  1626881965 478077401 0  
  1626881966 478077401 0  
  1626881967 478077401 0  
  1626881968 478078059 0  
  1626881969 478078059 0  
  1626881970 478078059 0  
  1626881971 478078059 0  
  1626881972 478078059 0  
  1626881973 478078059 0  
  1626881974 478078059 0  
  1626881975 478078059 0  
  1626881977 478078059 0  
  1626881978 478078059 0  
  1626881979 478078059 0  
  1626881980 478078059 0  
  1626881981 478078059 0  
  1626881982 478078059 0  
  1626881983 478078059 0  
  1626881984 478078059 0  
  1626881985 478078059 0  
  1626881986 478078059 0  
  1626881987 478078059 0  
  1626881988 478078059 0  
  1626881989 478078059 0  
  1626881990 478078151 0  
  1626881991 478078151 0  
  1626881992 478078151 0  
  1626881993 478078151 0  
  1626881994 478078151 0  
  1626881995 478078151 0  
  1626881996 478078151 0  
  1626881997 478078151 0  
  1626881998 478078151 0  
  1626881999 478078151 0  
  1626882000 478078151 0  
  1626882001 478078151 0  
  1626882002 478078151 0  
  1626882003 478078151 0  
  1626882004 478078151 0  
  1626882005 478078151 0  
  1626882006 478078151 0  
  1626882007 478078151 0  
  1626882008 478078151 0  
  1626882009 478078151 0  
  1626882010 478078151 0  
  1626882011 478078151 0  
  1626882012 478078151 0  
  1626882013 478078151 0  
  1626882014 478078151 0  
  1626882015 478078151 0  
  1626882017 478078151 0  
  1626882018 478078151 0  
  1626882019 478078151 0  
  1626882020 478078151 0  
  1626882021 478078151 0  
  1626882022 478078151 0  
  1626882023 478078151 0  
  1626882024 478078151 0  
  1626882025 478078151 0  
  1626882026 478078151 0  
  1626882027 478078151 0  
  1626882028 478078151 0  
  1626882029 478078151 0  
  1626882030 478078151 0  
  1626882031 478078151 0  
  1626882032 478078151 0  
  1626882033 478078151 0  
  1626882034 478078151 0  
  1626882035 478078151 0  
  1626882036 478078151 0  
  1626882037 478078219 0  
  1626882038 478078219 0  
  1626882039 478078219 0  
  1626882040 478078219 0  
  1626882041 478078219 0  
  1626882042 478078219 0  
  1626882043 478079800 0  
  1626882044 478084109 0  
  1626882045 478084433 0  
  1626882046 478084433 0  
  1626882047 478085141 0  
 