 1627425813 565123505 0  
  1627425814 565123505 0  
  1627425815 565123505 0  
  1627425816 565123505 0  
  1627425817 565123505 0  
  1627425818 565123505 0  
  1627425819 565123505 0  
  1627425820 565123505 0  
  1627425821 565123505 0  
  1627425822 565123505 0  
  1627425823 565123505 0  
  1627425824 565123505 0  
  1627425825 565123505 0  
  1627425826 565123505 0  
  1627425827 565123505 0  
  1627425828 565123505 0  
  1627425829 565123505 0  
  1627425830 565123505 0  
  1627425831 565123505 0  
  1627425832 565123505 0  
  1627425833 565123505 0  
  1627425834 565123505 0  
  1627425835 565123505 0  
  1627425836 565123505 0  
  1627425837 565123505 0  
  1627425838 565127814 0  
  1627425839 565128138 0  
  1627425840 565128138 0  
  1627425841 565128846 0  
  1627425842 565128846 0  
  1627425843 565128846 0  
  1627425844 565128846 0  
  1627425845 565128846 0  
  1627425846 565128846 0  
  1627425847 565128846 0  
  1627425848 565128846 0  
  1627425850 565128846 0  
  1627425851 565128846 0  
  1627425852 565128846 0  
  1627425853 565128846 0  
  1627425854 565128846 0  
  1627425855 565128846 0  
  1627425856 565128846 0  
  1627425857 565128846 0  
  1627425858 565128846 0  
  1627425859 565128846 0  
  1627425860 565128846 0  
  1627425861 565128846 0  
  1627425862 565128846 0  
  1627425863 565128846 0  
  1627425864 565128846 0  
  1627425865 565128846 0  
  1627425866 565128846 0  
  1627425867 565128846 0  
  1627425868 565128846 0  
  1627425869 565128846 0  
  1627425870 565128938 0  
  1627425871 565128938 0  
  1627425872 565128938 0  
  1627425873 565128938 0  
  1627425874 565128938 0  
  1627425875 565128938 0  
  1627425876 565128938 0  
  1627425877 565128938 0  
  1627425878 565128938 0  
  1627425879 565128938 0  
  1627425880 565128938 0  
  1627425881 565128938 0  
  1627425882 565128938 0  
  1627425883 565128938 0  
  1627425884 565128938 0  
  1627425885 565128938 0  
  1627425886 565128938 0  
  1627425887 565128938 0  
  1627425888 565128938 0  
  1627425890 565128938 0  
  1627425891 565128938 0  
  1627425892 565128938 0  
  1627425893 565128938 0  
  1627425894 565128938 0  
  1627425895 565128938 0  
  1627425896 565128938 0  
  1627425897 565128938 0  
  1627425898 565128938 0  
  1627425899 565128938 0  
  1627425900 565128938 0  
  1627425901 565128938 0  
  1627425902 565128938 0  
  1627425903 565128938 0  
  1627425904 565128938 0  
  1627425905 565128938 0  
  1627425906 565128938 0  
  1627425907 565128938 0  
  1627425908 565128938 0  
  1627425909 565128938 0  
  1627425910 565128938 0  
  1627425911 565128938 0  
  1627425912 565128938 0  
  1627425913 565129030 0  
  1627425914 565129030 0  
  1627425915 565129368 0  
  1627425916 565129368 0  
  1627425917 565129368 0  
  1627425918 565129368 0  
  1627425919 565129368 0  
  1627425920 565129368 0  
  1627425921 565129368 0  
  1627425922 565129368 0  
  1627425923 565129368 0  
  1627425924 565129368 0  
  1627425925 565129368 0  
  1627425926 565129368 0  
  1627425927 565129368 0  
  1627425928 565129368 0  
  1627425930 565129368 0  
  1627425931 565129368 0  
  1627425932 565129368 0  
  1627425933 565129368 0  
  1627425934 565129368 0  
  1627425935 565129368 0  
  1627425936 565129368 0  
  1627425937 565129368 0  
  1627425938 565129368 0  
  1627425939 565129368 0  
  1627425940 565129725 0  
  1627425941 565129725 0  
  1627425942 565129725 0  
  1627425943 565129725 0  
  1627425944 565129725 0  
  1627425945 565129725 0  
  1627425946 565129725 0  
  1627425947 565129725 0  
  1627425948 565129725 0  
  1627425949 565129725 0  
  1627425950 565129725 0  
  1627425951 565129725 0  
  1627425952 565129725 0  
  1627425953 565129725 0  
  1627425954 565129725 0  
  1627425955 565129725 0  
  1627425956 565129725 0  
  1627425957 565129725 0  
  1627425958 565129725 0  
  1627425959 565129725 0  
  1627425960 565129725 0  
  1627425961 565129725 0  
  1627425962 565129725 0  
  1627425963 565129725 0  
  1627425964 565129725 0  
  1627425965 565129725 0  
  1627425966 565129725 0  
  1627425967 565129725 0  
  1627425968 565129725 0  
  1627425970 565129725 0  
  1627425971 565129725 0  
  1627425972 565129725 0  
  1627425973 565129725 0  
  1627425974 565129725 0  
  1627425975 565129725 0  
  1627425976 565129725 0  
  1627425977 565129725 0  
  1627425978 565129725 0  
  1627425979 565129725 0  
  1627425980 565130321 0  
  1627425981 565130321 0  
  1627425982 565130321 0  
  1627425983 565130321 0  
  1627425984 565130321 0  
  1627425985 565130321 0  
  1627425986 565130321 0  
  1627425987 565130321 0  
  1627425988 565130321 0  
  1627425989 565130321 0  
  1627425990 565130321 0  
  1627425991 565130321 0  
  1627425992 565130321 0  
  1627425993 565130321 0  
  1627425994 565130321 0  
  1627425995 565130321 0  
  1627425996 565130321 0  
  1627425997 565130321 0  
  1627425998 565130321 0  
  1627425999 565130321 0  
  1627426000 565130321 0  
  1627426001 565130321 0  
  1627426002 565130321 0  
  1627426003 565130321 0  
  1627426004 565130321 0  
  1627426005 565130321 0  
  1627426006 565130321 0  
  1627426007 565130321 0  
  1627426008 565130321 0  
  1627426010 565130321 0  
  1627426011 565130321 0  
  1627426012 565130321 0  
  1627426013 565130321 0  
  1627426014 565130321 0  
  1627426015 565130321 0  
  1627426016 565130321 0  
  1627426017 565130321 0  
  1627426018 565130321 0  
  1627426019 565130321 0  
  1627426020 565130321 0  
  1627426021 565130321 0  
  1627426022 565130321 0  
  1627426023 565130321 0  
  1627426024 565130321 0  
  1627426025 565130321 0  
  1627426026 565130321 0  
  1627426027 565130321 0  
  1627426028 565134630 0  
  1627426029 565134954 0  
  1627426030 565134954 0  
  1627426031 565135662 0  
  1627426032 565135662 0  
  1627426033 565135662 0  
  1627426034 565135662 0  
  1627426035 565135662 0  
  1627426036 565135662 0  
  1627426037 565135662 0  
  1627426038 565135662 0  
  1627426039 565135662 0  
  1627426040 565135662 0  
  1627426041 565135662 0  
  1627426042 565135662 0  
  1627426043 565135662 0  
  1627426044 565135662 0  
  1627426045 565135662 0  
  1627426046 565135662 0  
  1627426047 565135662 0  
  1627426048 565135662 0  
  1627426050 565135662 0  
  1627426051 565135662 0  
  1627426052 565135662 0  
  1627426053 565135662 0  
  1627426054 565135662 0  
  1627426055 565135662 0  
  1627426056 565139791 0  
  1627426057 565140295 0  
  1627426058 565140295 0  
  1627426059 565141003 0  
  1627426060 565141003 0  
  1627426061 565141003 0  
  1627426062 565141003 0  
  1627426063 565141003 0  
  1627426064 565141003 0  
  1627426065 565141003 0  
  1627426066 565141341 0  
  1627426067 565141341 0  
  1627426068 565141341 0  
  1627426069 565141341 0  
  1627426070 565141341 0  
  1627426071 565141341 0  
  1627426072 565141341 0  
  1627426073 565141341 0  
  1627426074 565141341 0  
  1627426075 565141341 0  
  1627426076 565141341 0  
  1627426077 565141341 0  
  1627426078 565141341 0  
  1627426079 565141341 0  
  1627426080 565141341 0  
  1627426081 565141341 0  
  1627426082 565141341 0  
  1627426083 565141341 0  
  1627426084 565141341 0  
  1627426085 565141341 0  
  1627426086 565141341 0  
  1627426087 565141341 0  
  1627426089 565141341 0  
  1627426090 565141341 0  
  1627426091 565141341 0  
  1627426092 565141341 0  
  1627426093 565141341 0  
  1627426094 565141341 0  
  1627426095 565141341 0  
  1627426096 565141341 0  
  1627426097 565141341 0  
  1627426098 565141341 0  
  1627426099 565143542 0  
  1627426100 565150607 0  
  1627426101 565150607 0  
  1627426102 565152023 0  
  1627426103 565152023 0  
  1627426104 565152023 0  
  1627426105 565152023 0  
  1627426106 565152023 0  
  1627426107 565152023 0  
  1627426108 565152023 0  
  1627426109 565152023 0  
  1627426110 565152023 0  
  1627426111 565152023 0  
  1627426112 565152023 0  
  1627426113 565152023 0  
  1627426114 565152023 0  
  1627426115 565152023 0  
  1627426116 565152023 0  
  1627426117 565152023 0  
  1627426118 565152023 0  
  1627426119 565152023 0  
  1627426120 565152023 0  
  1627426121 565152023 0  
  1627426122 565152023 0  
  1627426123 565152023 0  
  1627426124 565152023 0  
  1627426125 565152023 0  
  1627426126 565152023 0  
  1627426127 565152023 0  
  1627426129 565152023 0  
  1627426130 565152023 0  
  1627426131 565152023 0  
  1627426132 565152023 0  
  1627426133 565152023 0  
  1627426134 565152023 0  
  1627426135 565152023 0  
 