 1626888116 473948591 0  
  1626888117 473948591 0  
  1626888118 473948591 0  
  1626888119 473948591 0  
  1626888120 473948591 0  
  1626888121 473948591 0  
  1626888122 473948591 0  
  1626888123 473948591 0  
  1626888124 473948591 0  
  1626888125 473948591 0  
  1626888126 473948591 0  
  1626888127 473948591 0  
  1626888128 473948591 0  
  1626888129 473948591 0  
  1626888130 473948591 0  
  1626888131 473948591 0  
  1626888132 473948591 0  
  1626888133 473948591 0  
  1626888134 473948591 0  
  1626888135 473948591 0  
  1626888136 473948591 0  
  1626888137 473948591 0  
  1626888138 473948591 0  
  1626888139 473948591 0  
  1626888140 473948591 0  
  1626888141 473948591 0  
  1626888142 473948591 0  
  1626888143 473948591 0  
  1626888144 473948591 0  
  1626888145 473948591 0  
  1626888146 473948591 0  
  1626888147 473948591 0  
  1626888148 473948591 0  
  1626888150 473948591 0  
  1626888151 473948591 0  
  1626888152 473948591 0  
  1626888153 473948591 0  
  1626888154 473948591 0  
  1626888155 473948591 0  
  1626888156 473948591 0  
  1626888157 473948591 0  
  1626888158 473948591 0  
  1626888159 473948591 0  
  1626888160 473948591 0  
  1626888161 473948591 0  
  1626888162 473948591 0  
  1626888163 473948591 0  
  1626888164 473948591 0  
  1626888165 473948591 0  
  1626888166 473948591 0  
  1626888167 473948591 0  
  1626888168 473948591 0  
  1626888169 473948591 0  
  1626888170 473948591 0  
  1626888171 473952900 0  
  1626888172 473953224 0  
  1626888173 473953224 0  
  1626888174 473953932 0  
  1626888175 473953932 0  
  1626888176 473953932 0  
  1626888177 473953932 0  
  1626888178 473953932 0  
  1626888179 473953932 0  
  1626888180 473953932 0  
  1626888181 473953932 0  
  1626888182 473953932 0  
  1626888183 473953932 0  
  1626888184 473953932 0  
  1626888185 473953932 0  
  1626888186 473953932 0  
  1626888187 473953932 0  
  1626888188 473953932 0  
  1626888190 473953932 0  
  1626888191 473953932 0  
  1626888192 473953932 0  
  1626888193 473953932 0  
  1626888194 473953932 0  
  1626888195 473953932 0  
  1626888196 473953932 0  
  1626888197 473953932 0  
  1626888198 473953932 0  
  1626888199 473953932 0  
  1626888200 473953932 0  
  1626888201 473953932 0  
  1626888202 473953932 0  
  1626888203 473953932 0  
  1626888204 473953932 0  
  1626888205 473954024 0  
  1626888206 473954024 0  
  1626888207 473954024 0  
  1626888208 473954024 0  
  1626888209 473954024 0  
  1626888210 473954024 0  
  1626888211 473954024 0  
  1626888212 473954024 0  
  1626888213 473954024 0  
  1626888214 473954024 0  
  1626888215 473954024 0  
  1626888216 473954024 0  
  1626888217 473954024 0  
  1626888218 473954024 0  
  1626888219 473954024 0  
  1626888220 473954024 0  
  1626888221 473954024 0  
  1626888222 473954024 0  
  1626888223 473954024 0  
  1626888224 473954024 0  
  1626888225 473954024 0  
  1626888226 473954024 0  
  1626888227 473954024 0  
  1626888228 473954024 0  
  1626888230 473954024 0  
  1626888231 473954024 0  
  1626888232 473954024 0  
  1626888233 473954024 0  
  1626888234 473954024 0  
  1626888235 473954024 0  
  1626888236 473954024 0  
  1626888237 473954024 0  
  1626888238 473954024 0  
  1626888239 473954024 0  
  1626888240 473954024 0  
  1626888241 473954024 0  
  1626888242 473954024 0  
  1626888243 473954024 0  
  1626888244 473954024 0  
  1626888245 473954024 0  
  1626888246 473954024 0  
  1626888247 473954024 0  
  1626888248 473954024 0  
  1626888249 473954024 0  
  1626888250 473954024 0  
  1626888251 473954024 0  
  1626888252 473954024 0  
  1626888253 473954362 0  
  1626888254 473954362 0  
  1626888255 473954362 0  
  1626888256 473954362 0  
  1626888257 473954362 0  
  1626888258 473954362 0  
  1626888259 473954362 0  
  1626888260 473954362 0  
  1626888261 473954362 0  
  1626888262 473954362 0  
  1626888263 473954362 0  
  1626888264 473954362 0  
  1626888265 473954362 0  
  1626888266 473954362 0  
  1626888267 473954362 0  
  1626888268 473954958 0  
  1626888270 473954958 0  
  1626888271 473954958 0  
  1626888272 473954958 0  
  1626888273 473954958 0  
  1626888274 473954958 0  
  1626888275 473954958 0  
  1626888276 473954958 0  
  1626888277 473954958 0  
  1626888278 473954958 0  
  1626888279 473954958 0  
  1626888280 473954958 0  
  1626888281 473954958 0  
  1626888282 473954958 0  
  1626888283 473954958 0  
  1626888284 473954958 0  
  1626888285 473954958 0  
  1626888286 473954958 0  
  1626888287 473954958 0  
  1626888288 473954958 0  
  1626888289 473954958 0  
  1626888290 473954958 0  
  1626888291 473954958 0  
  1626888292 473954958 0  
  1626888293 473954958 0  
  1626888294 473954958 0  
  1626888295 473954958 0  
  1626888296 473954958 0  
  1626888297 473954958 0  
  1626888298 473954958 0  
  1626888299 473954958 0  
  1626888300 473954958 0  
  1626888301 473954958 0  
  1626888302 473954958 0  
  1626888303 473954958 0  
  1626888304 473954958 0  
  1626888305 473954958 0  
  1626888306 473954958 0  
  1626888307 473954958 0  
  1626888308 473954958 0  
  1626888310 473954958 0  
  1626888311 473954958 0  
  1626888312 473954958 0  
  1626888313 473954958 0  
  1626888314 473954958 0  
  1626888315 473954958 0  
  1626888316 473954958 0  
  1626888317 473954958 0  
  1626888318 473954958 0  
  1626888319 473954958 0  
  1626888320 473954958 0  
  1626888321 473954958 0  
  1626888322 473954958 0  
  1626888323 473954958 0  
  1626888324 473954958 0  
  1626888325 473954958 0  
  1626888326 473954958 0  
  1626888327 473954958 0  
  1626888328 473955026 0  
  1626888329 473955026 0  
  1626888330 473955026 0  
  1626888331 473955026 0  
  1626888332 473955026 0  
  1626888333 473955118 0  
  1626888334 473956631 0  
  1626888335 473956631 0  
  1626888336 473956631 0  
  1626888337 473956631 0  
  1626888338 473956631 0  
  1626888339 473956631 0  
  1626888340 473960940 0  
  1626888341 473961356 0  
  1626888342 473961356 0  
  1626888343 473962064 0  
  1626888344 473966697 0  
  1626888345 473966697 0  
  1626888346 473967405 0  
  1626888347 473967405 0  
  1626888349 473967405 0  
  1626888350 473976671 0  
  1626888351 473976671 0  
  1626888352 473978087 0  
  1626888353 473978087 0  
  1626888354 473978087 0  
  1626888355 473978087 0  
  1626888356 473978087 0  
  1626888357 473978087 0  
  1626888358 473978087 0  
  1626888359 473978087 0  
  1626888360 473978087 0  
  1626888361 473978087 0  
  1626888362 473978087 0  
  1626888363 473978087 0  
  1626888364 473978087 0  
  1626888365 473978087 0  
  1626888366 473978087 0  
  1626888367 473978087 0  
  1626888368 473978087 0  
  1626888369 473978087 0  
  1626888370 473978087 0  
  1626888371 473978087 0  
  1626888372 473978087 0  
  1626888373 473978087 0  
  1626888374 473978087 0  
  1626888375 473978087 0  
  1626888376 473978087 0  
  1626888377 473978087 0  
  1626888378 473978087 0  
  1626888379 473978087 0  
  1626888380 473978087 0  
  1626888381 473978087 0  
  1626888382 473978087 0  
  1626888383 473978087 0  
  1626888384 473978087 0  
  1626888385 473978087 0  
  1626888386 473978087 0  
  1626888387 473978087 0  
  1626888389 473978087 0  
  1626888390 473978087 0  
  1626888391 473978087 0  
  1626888392 473978087 0  
  1626888393 473978087 0  
  1626888394 473978087 0  
  1626888395 473978087 0  
  1626888396 473978087 0  
  1626888397 473978087 0  
  1626888398 473978087 0  
  1626888399 473978425 0  
  1626888400 473978425 0  
  1626888401 473978425 0  
  1626888402 473978425 0  
  1626888403 473978425 0  
  1626888404 473978425 0  
  1626888405 473978425 0  
  1626888406 473978425 0  
  1626888407 473978425 0  
  1626888408 473978425 0  
  1626888409 473978425 0  
  1626888410 473978425 0  
  1626888411 473978425 0  
  1626888412 473978425 0  
  1626888413 473978425 0  
  1626888414 473978425 0  
  1626888415 473978425 0  
  1626888416 473978425 0  
  1626888417 473978425 0  
  1626888418 473978425 0  
  1626888419 473978425 0  
  1626888420 473978425 0  
  1626888421 473978425 0  
  1626888422 473978425 0  
  1626888423 473978425 0  
  1626888424 473978425 0  
  1626888425 473978425 0  
  1626888426 473978425 0  
  1626888428 473978425 0  
  1626888429 473978425 0  
  1626888430 473978425 0  
  1626888431 473978425 0  
  1626888432 473978425 0  
  1626888433 473978425 0  
  1626888434 473978425 0  
  1626888435 473978425 0  
  1626888436 473978425 0  
  1626888437 473978425 0  
  1626888438 473978425 0  
 