 1627431993 567099394 167998  
  1627431994 567099394 167998  
  1627431995 567099394 167998  
  1627431996 567099394 167998  
  1627431997 567099394 167998  
  1627431998 567099394 167998  
  1627431999 567099394 167998  
  1627432000 567099394 167998  
  1627432001 567099394 167998  
  1627432002 567099394 167998  
  1627432003 567099394 167998  
  1627432004 567099394 167998  
  1627432005 567099394 167998  
  1627432006 567099394 167998  
  1627432007 567099394 167998  
  1627432008 567099394 167998  
  1627432009 567099394 167998  
  1627432010 567099394 167998  
  1627432011 567099394 167998  
  1627432012 567099394 167998  
  1627432013 567099394 167998  
  1627432014 567099394 167998  
  1627432015 567099394 167998  
  1627432016 567099394 167998  
  1627432017 567099394 167998  
  1627432018 567099394 167998  
  1627432019 567099394 167998  
  1627432020 567099394 167998  
  1627432021 567099394 167998  
  1627432022 567099394 167998  
  1627432023 567099394 167998  
  1627432024 567099394 167998  
  1627432026 567099394 167998  
  1627432027 567099394 167998  
  1627432028 567099394 167998  
  1627432029 567103703 167998  
  1627432030 567104027 167998  
  1627432031 567104027 167998  
  1627432032 567104667 167998  
  1627432033 567104667 167998  
  1627432034 567104667 167998  
  1627432035 567104667 167998  
  1627432036 567104667 167998  
  1627432037 567104667 167998  
  1627432038 567104667 167998  
  1627432039 567104667 167998  
  1627432040 567104667 167998  
  1627432041 567104667 167998  
  1627432042 567104667 167998  
  1627432043 567104667 167998  
  1627432044 567104667 167998  
  1627432045 567104667 167998  
  1627432046 567104667 167998  
  1627432047 567104667 167998  
  1627432048 567104667 167998  
  1627432049 567104667 167998  
  1627432050 567104667 167998  
  1627432051 567104667 167998  
  1627432052 567104667 167998  
  1627432053 567104667 167998  
  1627432054 567104667 167998  
  1627432055 567106696 167998  
  1627432056 567109368 167998  
  1627432057 567109368 167998  
  1627432058 567110076 167998  
  1627432059 567110076 167998  
  1627432060 567110076 167998  
  1627432061 567111232 167998  
  1627432062 567111232 167998  
  1627432063 567111232 167998  
  1627432064 567111232 167998  
  1627432066 567111232 167998  
  1627432067 567111232 167998  
  1627432068 567111232 167998  
  1627432069 567111232 167998  
  1627432070 567111232 167998  
  1627432071 567111232 167998  
  1627432072 567111232 167998  
  1627432073 567111232 167998  
  1627432074 567111232 167998  
  1627432075 567111232 167998  
  1627432076 567111232 167998  
  1627432077 567111232 167998  
  1627432078 567111232 167998  
  1627432079 567111232 167998  
  1627432080 567111232 167998  
  1627432081 567111232 167998  
  1627432082 567111232 167998  
  1627432083 567111232 167998  
  1627432084 567111232 167998  
  1627432085 567111232 167998  
  1627432086 567111232 167998  
  1627432087 567111232 167998  
  1627432088 567111232 167998  
  1627432089 567111232 167998  
  1627432090 567111232 167998  
  1627432091 567111232 167998  
  1627432092 567111232 167998  
  1627432093 567111232 167998  
  1627432094 567111232 167998  
  1627432095 567111232 167998  
  1627432096 567111232 167998  
  1627432097 567111232 167998  
  1627432098 567111232 167998  
  1627432099 567120362 167998  
  1627432100 567120498 167998  
  1627432101 567121914 167998  
  1627432102 567121914 167998  
  1627432103 567121914 167998  
  1627432105 567121914 167998  
  1627432106 567121914 167998  
  1627432107 567121914 167998  
  1627432108 567121914 167998  
  1627432109 567121914 167998  
  1627432110 567121914 167998  
  1627432111 567121914 167998  
  1627432112 567121914 167998  
  1627432113 567121914 167998  
  1627432114 567121914 167998  
  1627432115 567121914 167998  
  1627432116 567121914 167998  
  1627432117 567121914 167998  
  1627432118 567121914 167998  
  1627432119 567121914 167998  
  1627432120 567121914 167998  
  1627432121 567121914 167998  
  1627432122 567121914 167998  
  1627432123 567121914 167998  
  1627432124 567121914 167998  
  1627432125 567121914 167998  
  1627432126 567121914 167998  
  1627432127 567121914 167998  
  1627432128 567121914 167998  
  1627432129 567121914 167998  
  1627432130 567121914 167998  
  1627432131 567121914 167998  
  1627432132 567121914 167998  
  1627432133 567121914 167998  
  1627432134 567121914 167998  
  1627432135 567121914 167998  
  1627432136 567121914 167998  
  1627432137 567121914 167998  
  1627432138 567126547 167998  
  1627432139 567126547 167998  
  1627432140 567127255 167998  
  1627432141 567127255 167998  
  1627432142 567127255 167998  
  1627432144 567127255 167998  
  1627432145 567127255 167998  
  1627432146 567127255 167998  
  1627432147 567127255 167998  
  1627432148 567127255 167998  
  1627432149 567127255 167998  
  1627432150 567127255 167998  
  1627432151 567127255 167998  
  1627432152 567127255 167998  
  1627432153 567127255 167998  
  1627432154 567127255 167998  
  1627432155 567127255 167998  
  1627432156 567127255 167998  
  1627432157 567127255 167998  
  1627432158 567127255 167998  
  1627432159 567127255 167998  
  1627432160 567127255 167998  
  1627432161 567127255 167998  
  1627432162 567127255 167998  
  1627432163 567127255 167998  
  1627432164 567127255 167998  
  1627432165 567127255 167998  
  1627432166 567127255 167998  
  1627432167 567127255 167998  
  1627432168 567127255 167998  
  1627432169 567127255 167998  
  1627432170 567127255 167998  
  1627432171 567127255 167998  
  1627432172 567127255 167998  
  1627432173 567127255 167998  
  1627432174 567127255 167998  
  1627432175 567127255 167998  
  1627432176 567127255 167998  
  1627432177 567127255 167998  
  1627432178 567127255 167998  
  1627432179 567127913 167998  
  1627432180 567127913 167998  
  1627432181 567127913 167998  
  1627432183 567127913 167998  
  1627432184 567127913 167998  
  1627432185 567127913 167998  
  1627432186 567127913 167998  
  1627432187 567127913 167998  
  1627432188 567127913 167998  
  1627432189 567127913 167998  
  1627432190 567127913 167998  
  1627432191 567127913 167998  
  1627432192 567127913 167998  
  1627432193 567127913 167998  
  1627432194 567127913 167998  
  1627432195 567127913 167998  
  1627432196 567127913 167998  
  1627432197 567127913 167998  
  1627432198 567127913 167998  
  1627432199 567127913 167998  
  1627432200 567127913 167998  
  1627432201 567127913 167998  
  1627432202 567127913 167998  
  1627432203 567127913 167998  
  1627432204 567128005 167998  
  1627432205 567128005 167998  
  1627432206 567128005 167998  
  1627432207 567128005 167998  
  1627432208 567128005 167998  
  1627432209 567128005 167998  
  1627432210 567128005 167998  
  1627432211 567128005 167998  
  1627432212 567128005 167998  
  1627432213 567128005 167998  
  1627432214 567128005 167998  
  1627432215 567128005 167998  
  1627432216 567128005 167998  
  1627432217 567128005 167998  
  1627432218 567128005 167998  
  1627432219 567128005 167998  
  1627432220 567128005 167998  
  1627432222 567128005 167998  
  1627432223 567128005 167998  
  1627432224 567128005 167998  
  1627432225 567128005 167998  
  1627432226 567128005 167998  
  1627432227 567128005 167998  
  1627432228 567128005 167998  
  1627432229 567128005 167998  
  1627432230 567128005 167998  
  1627432231 567128005 167998  
  1627432232 567128005 167998  
  1627432233 567128005 167998  
  1627432234 567128005 167998  
  1627432235 567128005 167998  
  1627432236 567128005 167998  
  1627432237 567128005 167998  
  1627432238 567128005 167998  
  1627432239 567128005 167998  
  1627432240 567128005 167998  
  1627432241 567128362 167998  
  1627432242 567128362 167998  
  1627432243 567128362 167998  
  1627432244 567128362 167998  
  1627432245 567128362 167998  
  1627432246 567128362 167998  
  1627432247 567128362 167998  
  1627432248 567128362 167998  
  1627432249 567128362 167998  
  1627432250 567128362 167998  
  1627432251 567128362 167998  
  1627432252 567128362 167998  
  1627432253 567128362 167998  
  1627432254 567128362 167998  
  1627432255 567128362 167998  
  1627432256 567128362 167998  
  1627432257 567128362 167998  
  1627432258 567128362 167998  
  1627432260 567128362 167998  
  1627432261 567128362 167998  
  1627432262 567128362 167998  
  1627432263 567128362 167998  
  1627432264 567128362 167998  
  1627432265 567128362 167998  
  1627432266 567128362 167998  
  1627432267 567128362 167998  
  1627432268 567128362 167998  
  1627432269 567128362 167998  
  1627432270 567128362 167998  
  1627432271 567128362 167998  
  1627432272 567128362 167998  
  1627432273 567128362 167998  
  1627432274 567128362 167998  
  1627432275 567128362 167998  
  1627432276 567128362 167998  
  1627432277 567128362 167998  
  1627432278 567128362 167998  
  1627432279 567128362 167998  
  1627432280 567128362 167998  
  1627432281 567128362 167998  
  1627432282 567128362 167998  
  1627432283 567128362 167998  
  1627432284 567128362 167998  
  1627432285 567128362 167998  
  1627432286 567128362 167998  
  1627432287 567128362 167998  
  1627432288 567128362 167998  
  1627432289 567128362 167998  
  1627432290 567128362 167998  
  1627432291 567128362 167998  
  1627432292 567128362 167998  
  1627432293 567128362 167998  
  1627432294 567128362 167998  
  1627432295 567128362 167998  
  1627432296 567128362 167998  
  1627432297 567128362 167998  
  1627432299 567128362 167998  
  1627432300 567128362 167998  
  1627432301 567128362 167998  
  1627432302 567128362 167998  
  1627432303 567128362 167998  
  1627432304 567128362 167998  
  1627432305 567128362 167998  
  1627432306 567128362 167998  
  1627432307 567128362 167998  
  1627432308 567128362 167998  
  1627432309 567128362 167998  
  1627432310 567128362 167998  
  1627432311 567128362 167998  
  1627432312 567128362 167998  
  1627432313 567128362 167998  
  1627432314 567128362 167998  
  1627432315 567128362 167998  
  1627432316 567128362 167998  
  1627432317 567128362 167998  
  1627432318 567128362 167998  
  1627432319 567128362 167998  
  1627432320 567128362 167998  
  1627432321 567128362 167998  
  1627432322 567128362 167998  
  1627432323 567128362 167998  
  1627432324 567128362 167998  
  1627432325 567128362 167998  
  1627432326 567128362 167998  
  1627432327 567128362 167998  
  1627432328 567132671 167998  
  1627432329 567132995 167998  
  1627432330 567133703 167998  
  1627432331 567133703 167998  
  1627432332 567133703 167998  
  1627432333 567133703 167998  
  1627432334 567133703 167998  
  1627432335 567133703 167998  
  1627432337 567133795 167998  
  1627432338 567133795 167998  
  1627432339 567133795 167998  
  1627432340 567133795 167998  
  1627432341 567133795 167998  
  1627432342 567133795 167998  
  1627432343 567133795 167998  
  1627432344 567133795 167998  
  1627432345 567133795 167998  
  1627432346 567138104 167998  
  1627432347 567138512 167998  
  1627432348 567138512 167998  
  1627432349 567139016 167998  
  1627432350 567139016 167998  
  1627432351 567139016 167998  
  1627432352 567139016 167998  
  1627432353 567139016 167998  
  1627432354 567139016 167998  
  1627432355 567143649 167998  
  1627432356 567143649 167998  
  1627432357 567144357 167998  
  1627432358 567144357 167998  
  1627432359 567144357 167998  
  1627432360 567144357 167998  
  1627432361 567144357 167998  
  1627432362 567144357 167998  
  1627432363 567144357 167998  
  1627432364 567144357 167998  
  1627432365 567144357 167998  
  1627432366 567144357 167998  
  1627432367 567144357 167998  
  1627432368 567144357 167998  
  1627432369 567144357 167998  
  1627432370 567144357 167998  
  1627432371 567144357 167998  
  1627432372 567144357 167998  
  1627432373 567144357 167998  
  1627432374 567144357 167998  
  1627432375 567144357 167998  
  1627432377 567144357 167998  
  1627432378 567144357 167998  
  1627432379 567144357 167998  
  1627432380 567145015 167998  
  1627432381 567145015 167998  
  1627432382 567145015 167998  
  1627432383 567145015 167998  
  1627432384 567145015 167998  
  1627432385 567145015 167998  
  1627432386 567145015 167998  
  1627432387 567145015 167998  
  1627432388 567145015 167998  
  1627432389 567145015 167998  
  1627432390 567145015 167998  
  1627432391 567145015 167998  
  1627432392 567145015 167998  
  1627432393 567145015 167998  
  1627432394 567145015 167998  
  1627432395 567145015 167998  
  1627432396 567145015 167998  
  1627432397 567145015 167998  
  1627432398 567145015 167998  
  1627432399 567151285 167998  
  1627432400 567154281 167998  
  1627432401 567154281 167998  
  1627432402 567155697 167998  
  1627432403 567155697 167998  
  1627432404 567155697 167998  
  1627432405 567155697 167998  
  1627432406 567155697 167998  
  1627432407 567155697 167998  
  1627432408 567155697 167998  
  1627432409 567155697 167998  
  1627432410 567155697 167998  
  1627432411 567155697 167998  
  1627432412 567155697 167998  
  1627432413 567155697 167998  
  1627432414 567155697 167998  
  1627432416 567155697 167998  
  1627432417 567155697 167998  
  1627432418 567155697 167998  
  1627432419 567155697 167998  
  1627432420 567155697 167998  
  1627432421 567155697 167998  
  1627432422 567155697 167998  
  1627432423 567155697 167998  
  1627432424 567155697 167998  
  1627432425 567155697 167998  
  1627432426 567155697 167998  
  1627432427 567155697 167998  
  1627432428 567155697 167998  
  1627432429 567155697 167998  
  1627432430 567155697 167998  
  1627432431 567155697 167998  
  1627432432 567155697 167998  
  1627432433 567155697 167998  
  1627432434 567155697 167998  
  1627432435 567155697 167998  
  1627432436 567155697 167998  
  1627432437 567155697 167998  
  1627432438 567160006 167998  
  1627432439 567160330 167998  
  1627432440 567160970 167998  
  1627432441 567160970 167998  
  1627432442 567160970 167998  
  1627432443 567160970 167998  
  1627432444 567160970 167998  
  1627432445 567160970 167998  
  1627432446 567160970 167998  
  1627432447 567160970 167998  
  1627432448 567160970 167998  
  1627432449 567160970 167998  
  1627432450 567160970 167998  
  1627432451 567160970 167998  
  1627432452 567160970 167998  
  1627432453 567160970 167998  
  1627432455 567160970 167998  
  1627432456 567160970 167998  
  1627432457 567160970 167998  
  1627432458 567160970 167998  
  1627432459 567160970 167998  
  1627432460 567160970 167998  
  1627432461 567160970 167998  
  1627432462 567160970 167998  
  1627432463 567160970 167998  
  1627432464 567160970 167998  
  1627432465 567160970 167998  
  1627432466 567160970 167998  
  1627432467 567160970 167998  
  1627432468 567160970 167998  
  1627432469 567160970 167998  
  1627432470 567160970 167998  
  1627432471 567160970 167998  
  1627432472 567160970 167998  
  1627432473 567160970 167998  
  1627432474 567160970 167998  
  1627432475 567160970 167998  
  1627432476 567160970 167998  
  1627432477 567160970 167998  
  1627432478 567160970 167998  
  1627432479 567160970 167998  
  1627432480 567160970 167998  
  1627432481 567160970 167998  
  1627432482 567160970 167998  
  1627432483 567160970 167998  
  1627432484 567160970 167998  
  1627432485 567160970 167998  
  1627432486 567160970 167998  
  1627432487 567160970 167998  
  1627432488 567160970 167998  
  1627432489 567160970 167998  
  1627432490 567160970 167998  
  1627432491 567160970 167998  
  1627432492 567160970 167998  
  1627432493 567160970 167998  
  1627432495 567160970 167998  
  1627432496 567160970 167998  
  1627432497 567160970 167998  
  1627432498 567160970 167998  
  1627432499 567160970 167998  
  1627432500 567160970 167998  
  1627432501 567160970 167998  
  1627432502 567160970 167998  
  1627432503 567160970 167998  
  1627432504 567160970 167998  
  1627432505 567160970 167998  
  1627432506 567160970 167998  
  1627432507 567160970 167998  
  1627432508 567160970 167998  
  1627432509 567160970 167998  
  1627432510 567160970 167998  
  1627432511 567160970 167998  
  1627432512 567160970 167998  
  1627432513 567160970 167998  
  1627432514 567160970 167998  
  1627432515 567160970 167998  
  1627432516 567160970 167998  
  1627432517 567160970 167998  
  1627432518 567160970 167998  
  1627432519 567160970 167998  
  1627432520 567160970 167998  
  1627432521 567160970 167998  
  1627432522 567160970 167998  
  1627432523 567160970 167998  
  1627432524 567160970 167998  
  1627432525 567160970 167998  
  1627432526 567160970 167998  
  1627432527 567160970 167998  
  1627432528 567160970 167998  
  1627432529 567160970 167998  
  1627432530 567160970 167998  
  1627432531 567160970 167998  
  1627432532 567160970 167998  
  1627432533 567160970 167998  
  1627432535 567160970 167998  
  1627432536 567160970 167998  
  1627432537 567160970 167998  
  1627432538 567160970 167998  
  1627432539 567160970 167998  
  1627432540 567160970 167998  
  1627432541 567161327 167998  
  1627432542 567161327 167998  
  1627432543 567161327 167998  
  1627432544 567161327 167998  
  1627432545 567161327 167998  
  1627432546 567161327 167998  
  1627432547 567161327 167998  
  1627432548 567161327 167998  
  1627432549 567161327 167998  
  1627432550 567161327 167998  
  1627432551 567161327 167998  
  1627432552 567161327 167998  
  1627432553 567161327 167998  
  1627432554 567161327 167998  
  1627432555 567161327 167998  
  1627432556 567161327 167998  
  1627432557 567161327 167998  
  1627432558 567161327 167998  
  1627432559 567161327 167998  
  1627432560 567161327 167998  
  1627432561 567161327 167998  
  1627432562 567161327 167998  
  1627432563 567161327 167998  
  1627432564 567161327 167998  
  1627432565 567161327 167998  
  1627432566 567161327 167998  
  1627432567 567161327 167998  
  1627432568 567161327 167998  
  1627432569 567161327 167998  
  1627432570 567161327 167998  
  1627432571 567161327 167998  
  1627432572 567161327 167998  
  1627432574 567161327 167998  
  1627432575 567161327 167998  
  1627432576 567161327 167998  
  1627432577 567161327 167998  
  1627432578 567161327 167998  
  1627432579 567161327 167998  
  1627432580 567161917 167998  
  1627432581 567161917 167998  
  1627432582 567161917 167998  
  1627432583 567161917 167998  
  1627432584 567161917 167998  
  1627432585 567161917 167998  
  1627432586 567161917 167998  
  1627432587 567161917 167998  
  1627432588 567161917 167998  
  1627432589 567161917 167998  
  1627432590 567161917 167998  
  1627432591 567161917 167998  
  1627432592 567161917 167998  
  1627432593 567161917 167998  
  1627432594 567161917 167998  
  1627432595 567161917 167998  
  1627432596 567161917 167998  
  1627432597 567161917 167998  
  1627432598 567161917 167998  
  1627432599 567161917 167998  
  1627432600 567161917 167998  
  1627432601 567161917 167998  
  1627432602 567161917 167998  
  1627432603 567161917 167998  
  1627432604 567161917 167998  
  1627432605 567161917 167998  
  1627432606 567161917 167998  
  1627432607 567161917 167998  
  1627432608 567161917 167998  
  1627432609 567161917 167998  
  1627432610 567161917 167998  
  1627432611 567161917 167998  
  1627432613 567161917 167998  
  1627432614 567161917 167998  
  1627432615 567161917 167998  
  1627432616 567161917 167998  
  1627432617 567161917 167998  
  1627432618 567161917 167998  
  1627432619 567161917 167998  
  1627432620 567161917 167998  
  1627432621 567161917 167998  
  1627432622 567161917 167998  
  1627432623 567161917 167998  
  1627432624 567161917 167998  
  1627432625 567161917 167998  
  1627432626 567161917 167998  
  1627432627 567161917 167998  
  1627432628 567166226 167998  
  1627432629 567166550 167998  
  1627432630 567167122 167998  
  1627432631 567167190 167998  
  1627432632 567167190 167998  
  1627432633 567167190 167998  
  1627432634 567167190 167998  
  1627432635 567167190 167998  
  1627432636 567167190 167998  
  1627432637 567167190 167998  
  1627432638 567167190 167998  
  1627432639 567167190 167998  
  1627432640 567167190 167998  
  1627432641 567167190 167998  
  1627432642 567167190 167998  
  1627432643 567167190 167998  
  1627432644 567167190 167998  
  1627432645 567167190 167998  
  1627432646 567167190 167998  
  1627432647 567167250 167998  
  1627432648 567167250 167998  
  1627432649 567167250 167998  
  1627432650 567167250 167998  
  1627432652 567167250 167998  
  1627432653 567167250 167998  
  1627432654 567167250 167998  
  1627432655 567167250 167998  
  1627432656 567167250 167998  
  1627432657 567171559 167998  
  1627432658 567171883 167998  
  1627432659 567172591 167998  
  1627432660 567172591 167998  
  1627432661 567172591 167998  
  1627432662 567172591 167998  
  1627432663 567172591 167998  
  1627432664 567172591 167998  
  1627432665 567172591 167998  
  1627432666 567172591 167998  
  1627432667 567172591 167998  
  1627432668 567172591 167998  
  1627432669 567172591 167998  
  1627432670 567172591 167998  
  1627432671 567172591 167998  
  1627432672 567172591 167998  
  1627432673 567172591 167998  
  1627432674 567172591 167998  
  1627432675 567172591 167998  
  1627432676 567172591 167998  
  1627432677 567172591 167998  
  1627432678 567172591 167998  
  1627432679 567172591 167998  
  1627432680 567172591 167998  
  1627432681 567172591 167998  
  1627432682 567172591 167998  
  1627432683 567172591 167998  
  1627432684 567172591 167998  
  1627432685 567172591 167998  
  1627432686 567172591 167998  
  1627432687 567172591 167998  
  1627432688 567172591 167998  
  1627432690 567172591 167998  
  1627432691 567172591 167998  
  1627432692 567172591 167998  
  1627432693 567172591 167998  
  1627432694 567172591 167998  
  1627432695 567172591 167998  
  1627432696 567172591 167998  
  1627432697 567172591 167998  
  1627432698 567172591 167998  
  1627432699 567172591 167998  
  1627432700 567181209 167998  
  1627432701 567181857 167998  
  1627432702 567181857 167998  
  1627432703 567183273 167998  
  1627432704 567183273 167998  
  1627432705 567183273 167998  
  1627432706 567183273 167998  
  1627432707 567183273 167998  
  1627432708 567183273 167998  
  1627432709 567183273 167998  
  1627432710 567183273 167998  
  1627432711 567183273 167998  
  1627432712 567183273 167998  
  1627432713 567183273 167998  
  1627432714 567183273 167998  
  1627432715 567183273 167998  
  1627432716 567183273 167998  
  1627432717 567183273 167998  
  1627432718 567183273 167998  
  1627432719 567183365 167998  
  1627432720 567183365 167998  
  1627432721 567183365 167998  
  1627432722 567183365 167998  
  1627432723 567183365 167998  
  1627432724 567183365 167998  
  1627432725 567183365 167998  
  1627432726 567183365 167998  
  1627432728 567183365 167998  
  1627432729 567183365 167998  
  1627432730 567183365 167998  
  1627432731 567183365 167998  
  1627432732 567183365 167998  
  1627432733 567183365 167998  
  1627432734 567183365 167998  
  1627432735 567183365 167998  
  1627432736 567183365 167998  
  1627432737 567183365 167998  
  1627432738 567183365 167998  
  1627432739 567187674 167998  
  1627432740 567187998 167998  
  1627432741 567187998 167998  
  1627432742 567188706 167998  
  1627432743 567188706 167998  
  1627432744 567188706 167998  
  1627432745 567188706 167998  
  1627432746 567188706 167998  
  1627432747 567188706 167998  
  1627432748 567188706 167998  
  1627432749 567188706 167998  
  1627432750 567188706 167998  
  1627432751 567188706 167998  
  1627432752 567188706 167998  
  1627432753 567188706 167998  
  1627432754 567188706 167998  
  1627432755 567188706 167998  
  1627432756 567188706 167998  
  1627432757 567188706 167998  
  1627432758 567188706 167998  
  1627432759 567188706 167998  
  1627432760 567188706 167998  
  1627432761 567188706 167998  
  1627432762 567188706 167998  
  1627432763 567188706 167998  
  1627432764 567188706 167998  
  1627432766 567188706 167998  
  1627432767 567188706 167998  
  1627432768 567188706 167998  
  1627432769 567188706 167998  
  1627432770 567188706 167998  
  1627432771 567188706 167998  
  1627432772 567188706 167998  
  1627432773 567188706 167998  
  1627432774 567188706 167998  
  1627432775 567188706 167998  
  1627432776 567188706 167998  
  1627432777 567188706 167998  
  1627432778 567188706 167998  
  1627432779 567188706 167998  
  1627432780 567190301 167998  
  1627432781 567190301 167998  
  1627432782 567190301 167998  
  1627432783 567190301 167998  
  1627432784 567190301 167998  
  1627432785 567190301 167998  
  1627432786 567190301 167998  
  1627432787 567190361 167998  
  1627432788 567190361 167998  
  1627432789 567190361 167998  
  1627432790 567190361 167998  
  1627432791 567190361 167998  
  1627432792 567190361 167998  
  1627432793 567190361 167998  
  1627432794 567190361 167998  
  1627432795 567190361 167998  
  1627432796 567190361 167998  
  1627432797 567190361 167998  
  1627432798 567190361 167998  
  1627432799 567190361 167998  
  1627432800 567190361 167998  
  1627432801 567190361 167998  
  1627432802 567190361 167998  
  1627432804 567190361 167998  
  1627432805 567190361 167998  
  1627432806 567190361 167998  
  1627432807 567190361 167998  
  1627432808 567190361 167998  
  1627432809 567190361 167998  
  1627432810 567190361 167998  
  1627432811 567190361 167998  
  1627432812 567190361 167998  
  1627432813 567190361 167998  
  1627432814 567190361 167998  
  1627432815 567190361 167998  
  1627432816 567190361 167998  
  1627432817 567190361 167998  
  1627432818 567190361 167998  
  1627432819 567190361 167998  
  1627432820 567190361 167998  
  1627432821 567190361 167998  
  1627432822 567190361 167998  
  1627432823 567190361 167998  
  1627432824 567190361 167998  
  1627432825 567190361 167998  
  1627432826 567190361 167998  
  1627432827 567190361 167998  
  1627432828 567190361 167998  
  1627432829 567190361 167998  
  1627432830 567190361 167998  
  1627432831 567190361 167998  
  1627432832 567190361 167998  
  1627432833 567190361 167998  
  1627432834 567190361 167998  
  1627432835 567190361 167998  
  1627432836 567190361 167998  
  1627432837 567190361 167998  
  1627432838 567190361 167998  
  1627432839 567190361 167998  
  1627432840 567190361 167998  
  1627432842 567190718 167998  
  1627432843 567190718 167998  
  1627432844 567190718 167998  
  1627432845 567190718 167998  
  1627432846 567190718 167998  
  1627432847 567190718 167998  
  1627432848 567190718 167998  
  1627432849 567190718 167998  
  1627432850 567190810 167998  
  1627432851 567190810 167998  
  1627432852 567190810 167998  
  1627432853 567190810 167998  
  1627432854 567190810 167998  
  1627432855 567190810 167998  
  1627432856 567190810 167998  
  1627432857 567190810 167998  
  1627432858 567190810 167998  
  1627432859 567190810 167998  
  1627432860 567190810 167998  
  1627432861 567190810 167998  
  1627432862 567190810 167998  
  1627432863 567190810 167998  
  1627432864 567190810 167998  
  1627432865 567190810 167998  
  1627432866 567190810 167998  
  1627432867 567190810 167998  
  1627432868 567190810 167998  
  1627432869 567190810 167998  
  1627432870 567190810 167998  
  1627432871 567190810 167998  
  1627432872 567190810 167998  
  1627432873 567190810 167998  
  1627432874 567190810 167998  
  1627432875 567190810 167998  
  1627432876 567190810 167998  
  1627432877 567190810 167998  
  1627432878 567190810 167998  
  1627432879 567190810 167998  
  1627432881 567190810 167998  
  1627432882 567190810 167998  
  1627432883 567190810 167998  
  1627432884 567190810 167998  
  1627432885 567190810 167998  
  1627432886 567190810 167998  
  1627432887 567190810 167998  
  1627432888 567190810 167998  
  1627432889 567190810 167998  
  1627432890 567190810 167998  
  1627432891 567190810 167998  
  1627432892 567190810 167998  
  1627432893 567190810 167998  
  1627432894 567190810 167998  
  1627432895 567190810 167998  
  1627432896 567190810 167998  
  1627432897 567190810 167998  
  1627432898 567190810 167998  
  1627432899 567190810 167998  
  1627432900 567190810 167998  
  1627432901 567190810 167998  
  1627432902 567190810 167998  
  1627432903 567190810 167998  
  1627432904 567190810 167998  
  1627432905 567190810 167998  
  1627432906 567190810 167998  
  1627432907 567190810 167998  
  1627432908 567190810 167998  
  1627432909 567190810 167998  
  1627432910 567190810 167998  
  1627432911 567190810 167998  
  1627432912 567190810 167998  
  1627432913 567190810 167998  
  1627432914 567190810 167998  
  1627432915 567190810 167998  
  1627432916 567190810 167998  
  1627432917 567190810 167998  
  1627432919 567190810 167998  
  1627432920 567190810 167998  
  1627432921 567190810 167998  
  1627432922 567190810 167998  
  1627432923 567190810 167998  
  1627432924 567190810 167998  
  1627432925 567190810 167998  
  1627432926 567190810 167998  
  1627432927 567190810 167998  
  1627432928 567195119 167998  
  1627432929 567195443 167998  
  1627432930 567195443 167998  
  1627432931 567196151 167998  
  1627432932 567196151 167998  
  1627432933 567196151 167998  
  1627432934 567196151 167998  
  1627432935 567196151 167998  
  1627432936 567196151 167998  
  1627432937 567196151 167998  
  1627432938 567196151 167998  
  1627432939 567196151 167998  
  1627432940 567196151 167998  
  1627432941 567196151 167998  
  1627432942 567196151 167998  
  1627432943 567196151 167998  
  1627432944 567196151 167998  
  1627432945 567196151 167998  
  1627432946 567196151 167998  
  1627432947 567196151 167998  
  1627432948 567196151 167998  
  1627432949 567196151 167998  
  1627432950 567196151 167998  
  1627432951 567196151 167998  
  1627432952 567196151 167998  
  1627432953 567196151 167998  
  1627432954 567196151 167998  
  1627432955 567196219 167998  
  1627432956 567200528 167998  
  1627432958 567200852 167998  
  1627432959 567201492 167998  
  1627432960 567201560 167998  
  1627432961 567202716 167998  
 