 1626884874 476832682 0  
  1626884875 476832760 0  
  1626884876 476832760 0  
  1626884877 476832760 0  
  1626884878 476832760 0  
  1626884879 476835657 0  
  1626884880 476837393 0  
  1626884881 476837393 0  
  1626884883 476838193 0  
  1626884884 476838193 0  
  1626884885 476838193 0  
  1626884886 476838193 0  
  1626884887 476838193 0  
  1626884888 476838193 0  
  1626884889 476838193 0  
  1626884890 476838193 0  
  1626884891 476838193 0  
  1626884892 476838193 0  
  1626884893 476838193 0  
  1626884894 476838193 0  
  1626884895 476838193 0  
  1626884896 476838193 0  
  1626884897 476838193 0  
  1626884898 476838193 0  
  1626884899 476838193 0  
  1626884900 476838193 0  
  1626884901 476838193 0  
  1626884902 476838193 0  
  1626884903 476838193 0  
  1626884904 476838193 0  
  1626884905 476838193 0  
  1626884906 476838193 0  
  1626884907 476838193 0  
  1626884908 476838193 0  
  1626884909 476838193 0  
  1626884910 476838193 0  
  1626884911 476838193 0  
  1626884912 476838193 0  
  1626884913 476838193 0  
  1626884914 476838193 0  
  1626884915 476838193 0  
  1626884916 476838193 0  
  1626884917 476838193 0  
  1626884918 476838193 0  
  1626884919 476838193 0  
  1626884920 476838193 0  
  1626884921 476838193 0  
  1626884923 476838193 0  
  1626884924 476838193 0  
  1626884925 476838193 0  
  1626884926 476838193 0  
  1626884927 476838193 0  
  1626884928 476838193 0  
  1626884929 476838193 0  
  1626884930 476838193 0  
  1626884931 476838193 0  
  1626884932 476838193 0  
  1626884933 476838193 0  
  1626884934 476838193 0  
  1626884935 476838193 0  
  1626884936 476838193 0  
  1626884937 476838193 0  
  1626884938 476838193 0  
  1626884939 476838193 0  
  1626884940 476838193 0  
  1626884941 476838193 0  
  1626884942 476838193 0  
  1626884943 476838193 0  
  1626884944 476838193 0  
  1626884945 476838193 0  
  1626884946 476838193 0  
  1626884947 476838193 0  
  1626884948 476838193 0  
  1626884949 476838193 0  
  1626884950 476838193 0  
  1626884951 476838193 0  
  1626884952 476838193 0  
  1626884953 476838193 0  
  1626884954 476838193 0  
  1626884955 476838193 0  
  1626884956 476838193 0  
  1626884957 476838193 0  
  1626884958 476838193 0  
  1626884959 476838193 0  
  1626884960 476838193 0  
  1626884962 476838193 0  
  1626884963 476838193 0  
  1626884964 476838193 0  
  1626884965 476838193 0  
  1626884966 476838193 0  
  1626884967 476838193 0  
  1626884968 476838193 0  
  1626884969 476838193 0  
  1626884970 476838193 0  
  1626884971 476838193 0  
  1626884972 476838193 0  
  1626884973 476838193 0  
  1626884974 476838193 0  
  1626884975 476838193 0  
  1626884976 476838193 0  
  1626884977 476838193 0  
  1626884978 476838193 0  
  1626884979 476838193 0  
  1626884980 476838193 0  
  1626884981 476838193 0  
  1626884982 476838193 0  
  1626884983 476838193 0  
  1626884984 476838193 0  
  1626884985 476838193 0  
  1626884986 476838193 0  
  1626884987 476838193 0  
  1626884988 476838193 0  
  1626884989 476838193 0  
  1626884990 476838193 0  
  1626884991 476838193 0  
  1626884992 476838193 0  
  1626884993 476838193 0  
  1626884994 476838193 0  
  1626884995 476838193 0  
  1626884996 476838193 0  
  1626884997 476838193 0  
  1626884998 476838193 0  
  1626884999 476838193 0  
  1626885001 476838193 0  
  1626885002 476838193 0  
  1626885003 476838193 0  
  1626885004 476838193 0  
  1626885005 476838193 0  
  1626885006 476838193 0  
  1626885007 476838193 0  
  1626885008 476838193 0  
  1626885009 476838193 0  
  1626885010 476838193 0  
  1626885011 476838193 0  
  1626885012 476838193 0  
  1626885013 476838193 0  
  1626885014 476838193 0  
  1626885015 476838193 0  
  1626885016 476838193 0  
  1626885017 476838193 0  
  1626885018 476838193 0  
  1626885019 476838193 0  
  1626885020 476838193 0  
  1626885021 476838193 0  
  1626885022 476838285 0  
  1626885023 476838285 0  
  1626885024 476838285 0  
  1626885025 476838285 0  
  1626885026 476838285 0  
  1626885027 476838285 0  
  1626885028 476838285 0  
  1626885029 476838285 0  
  1626885030 476838285 0  
  1626885031 476838285 0  
  1626885032 476838285 0  
  1626885033 476838285 0  
  1626885034 476838285 0  
  1626885035 476838285 0  
  1626885036 476838285 0  
  1626885037 476838285 0  
  1626885038 476838285 0  
  1626885039 476838285 0  
  1626885041 476838285 0  
  1626885042 476838285 0  
  1626885043 476838285 0  
  1626885044 476838285 0  
  1626885045 476838285 0  
  1626885046 476838642 0  
  1626885047 476838642 0  
  1626885048 476840519 0  
  1626885049 476843275 0  
  1626885050 476843275 0  
  1626885051 476848616 0  
  1626885052 476848616 0  
  1626885053 476849256 0  
  1626885054 476849256 0  
  1626885055 476849256 0  
  1626885056 476858522 0  
  1626885057 476858522 0  
  1626885058 476859938 0  
  1626885059 476859938 0  
  1626885060 476859938 0  
  1626885061 476859938 0  
  1626885062 476859938 0  
  1626885063 476859938 0  
  1626885064 476861815 0  
  1626885065 476864655 0  
  1626885066 476864723 0  
  1626885067 476865159 0  
  1626885068 476865749 0  
  1626885069 476865749 0  
  1626885070 476865749 0  
  1626885071 476865749 0  
  1626885072 476865749 0  
  1626885073 476865749 0  
  1626885074 476865749 0  
  1626885075 476865749 0  
  1626885076 476865749 0  
  1626885077 476865749 0  
  1626885078 476865749 0  
  1626885080 476865749 0  
  1626885081 476865749 0  
  1626885082 476865749 0  
  1626885083 476865749 0  
  1626885084 476865749 0  
  1626885085 476865749 0  
  1626885086 476865749 0  
  1626885087 476865749 0  
  1626885088 476865749 0  
  1626885089 476865749 0  
  1626885090 476865749 0  
  1626885091 476865749 0  
  1626885092 476865749 0  
  1626885093 476865749 0  
  1626885094 476865749 0  
  1626885095 476865749 0  
  1626885096 476865749 0  
  1626885097 476865749 0  
  1626885098 476865749 0  
  1626885099 476865749 0  
  1626885100 476865749 0  
  1626885101 476865749 0  
  1626885102 476865749 0  
  1626885103 476865749 0  
  1626885104 476865749 0  
  1626885105 476865749 0  
  1626885106 476865749 0  
  1626885107 476865749 0  
  1626885108 476865749 0  
  1626885109 476865749 0  
  1626885110 476865749 0  
  1626885111 476865749 0  
  1626885112 476865749 0  
  1626885113 476865749 0  
  1626885114 476865749 0  
  1626885115 476865749 0  
  1626885116 476865749 0  
  1626885117 476865749 0  
  1626885118 476865749 0  
  1626885120 476865749 0  
  1626885121 476865749 0  
  1626885122 476865749 0  
  1626885123 476865749 0  
  1626885124 476865749 0  
  1626885125 476865749 0  
  1626885126 476865749 0  
  1626885127 476865749 0  
  1626885128 476865749 0  
  1626885129 476865749 0  
  1626885130 476865749 0  
  1626885131 476865749 0  
  1626885132 476865749 0  
  1626885133 476865749 0  
  1626885134 476865749 0  
  1626885135 476865749 0  
  1626885136 476865749 0  
  1626885137 476865749 0  
  1626885138 476865749 0  
  1626885139 476865749 0  
  1626885140 476865841 0  
  1626885141 476865841 0  
  1626885142 476865841 0  
  1626885143 476865841 0  
  1626885144 476865841 0  
  1626885145 476865841 0  
  1626885146 476865841 0  
  1626885147 476865841 0  
  1626885148 476865841 0  
  1626885149 476865841 0  
  1626885150 476865841 0  
  1626885151 476865841 0  
  1626885152 476865841 0  
  1626885153 476865841 0  
  1626885154 476865841 0  
  1626885155 476865841 0  
  1626885156 476865841 0  
  1626885157 476865841 0  
  1626885158 476865841 0  
  1626885160 476865841 0  
  1626885161 476865841 0  
  1626885162 476865841 0  
  1626885163 476865841 0  
  1626885164 476865841 0  
  1626885165 476865841 0  
  1626885166 476865841 0  
  1626885167 476865841 0  
  1626885168 476865841 0  
  1626885169 476865841 0  
  1626885170 476865841 0  
  1626885171 476865841 0  
  1626885172 476865841 0  
  1626885173 476865841 0  
  1626885174 476865841 0  
  1626885175 476865841 0  
  1626885176 476865841 0  
  1626885177 476865841 0  
  1626885178 476870150 0  
  1626885179 476870474 0  
  1626885180 476870474 0  
  1626885181 476871114 0  
  1626885182 476871114 0  
  1626885183 476871114 0  
  1626885184 476871114 0  
  1626885185 476871114 0  
  1626885186 476871114 0  
  1626885187 476871114 0  
  1626885188 476871114 0  
  1626885189 476871114 0  
  1626885190 476871114 0  
  1626885191 476871114 0  
  1626885192 476871114 0  
  1626885193 476871114 0  
  1626885194 476871114 0  
  1626885195 476871114 0  
  1626885196 476871114 0  
  1626885197 476871114 0  
  1626885199 476871114 0  
  1626885200 476871114 0  
  1626885201 476871114 0  
  1626885202 476871114 0  
  1626885203 476871114 0  
  1626885204 476871114 0  
  1626885205 476871114 0  
  1626885206 476871114 0  
  1626885207 476871114 0  
  1626885208 476871114 0  
  1626885209 476871114 0  
  1626885210 476871114 0  
  1626885211 476871114 0  
  1626885212 476871114 0  
  1626885213 476871114 0  
  1626885214 476871114 0  
  1626885215 476871114 0  
  1626885216 476871114 0  
  1626885217 476871114 0  
 