 1626785805 464054714 167998  
  1626785806 464054714 167998  
  1626785807 464054714 167998  
  1626785808 464054714 167998  
  1626785809 464054714 167998  
  1626785810 464054714 167998  
  1626785811 464054714 167998  
  1626785812 464054714 167998  
  1626785813 464054714 167998  
  1626785814 464054714 167998  
  1626785815 464054714 167998  
  1626785816 464054714 167998  
  1626785817 464054714 167998  
  1626785818 464054714 167998  
  1626785819 464054714 167998  
  1626785820 464054714 167998  
  1626785821 464054714 167998  
  1626785822 464054714 167998  
  1626785823 464054714 167998  
  1626785824 464054714 167998  
  1626785825 464054714 167998  
  1626785826 464054714 167998  
  1626785827 464054714 167998  
  1626785828 464054714 167998  
  1626785829 464054714 167998  
  1626785830 464054714 167998  
  1626785831 464054714 167998  
  1626785832 464054714 167998  
  1626785833 464054714 167998  
  1626785835 464054806 167998  
  1626785836 464054806 167998  
  1626785837 464054806 167998  
  1626785838 464054806 167998  
  1626785839 464054806 167998  
  1626785840 464054806 167998  
  1626785841 464054806 167998  
  1626785842 464054806 167998  
  1626785843 464054806 167998  
  1626785844 464054806 167998  
  1626785845 464054806 167998  
  1626785846 464054806 167998  
  1626785847 464054806 167998  
  1626785848 464054806 167998  
  1626785849 464054806 167998  
  1626785850 464054806 167998  
  1626785851 464054806 167998  
  1626785852 464054806 167998  
  1626785853 464054806 167998  
  1626785854 464054806 167998  
  1626785855 464054874 167998  
  1626785856 464054874 167998  
  1626785857 464054874 167998  
  1626785858 464054874 167998  
  1626785859 464054874 167998  
  1626785860 464054874 167998  
  1626785861 464056030 167998  
  1626785862 464056030 167998  
  1626785863 464056030 167998  
  1626785864 464056030 167998  
  1626785865 464056030 167998  
  1626785866 464056030 167998  
  1626785867 464056030 167998  
  1626785868 464056030 167998  
  1626785869 464057999 167998  
  1626785870 464060755 167998  
  1626785871 464060755 167998  
  1626785872 464061463 167998  
  1626785873 464061463 167998  
  1626785875 464061463 167998  
  1626785876 464061463 167998  
  1626785877 464061463 167998  
  1626785878 464061463 167998  
  1626785879 464061463 167998  
  1626785880 464061463 167998  
  1626785881 464061463 167998  
  1626785882 464061463 167998  
  1626785883 464061463 167998  
  1626785884 464061463 167998  
  1626785885 464061463 167998  
  1626785886 464061463 167998  
  1626785887 464061463 167998  
  1626785888 464061463 167998  
  1626785889 464061463 167998  
  1626785890 464061463 167998  
  1626785891 464061463 167998  
  1626785892 464061463 167998  
  1626785893 464061463 167998  
  1626785894 464061463 167998  
  1626785895 464061463 167998  
  1626785896 464061463 167998  
  1626785897 464061463 167998  
  1626785898 464061463 167998  
  1626785899 464061463 167998  
  1626785900 464061555 167998  
  1626785901 464061555 167998  
  1626785902 464061555 167998  
  1626785903 464061555 167998  
  1626785904 464061555 167998  
  1626785905 464061555 167998  
  1626785906 464061555 167998  
  1626785907 464061555 167998  
  1626785908 464061555 167998  
  1626785909 464061555 167998  
  1626785910 464061555 167998  
  1626785911 464061555 167998  
  1626785912 464061555 167998  
  1626785914 464061555 167998  
  1626785915 464061555 167998  
  1626785916 464061555 167998  
  1626785917 464061555 167998  
  1626785918 464061555 167998  
  1626785919 464061555 167998  
  1626785920 464061555 167998  
  1626785921 464061555 167998  
  1626785922 464061555 167998  
  1626785923 464061555 167998  
  1626785924 464061555 167998  
  1626785925 464061555 167998  
  1626785926 464061555 167998  
  1626785927 464061555 167998  
  1626785928 464061555 167998  
  1626785929 464061555 167998  
  1626785930 464061555 167998  
  1626785931 464061555 167998  
  1626785932 464061555 167998  
  1626785933 464061555 167998  
  1626785934 464061555 167998  
  1626785935 464061555 167998  
  1626785936 464061555 167998  
  1626785937 464061555 167998  
  1626785938 464061555 167998  
  1626785939 464061555 167998  
  1626785940 464061555 167998  
  1626785941 464061555 167998  
  1626785942 464061555 167998  
  1626785943 464061555 167998  
  1626785944 464061555 167998  
  1626785945 464061555 167998  
  1626785946 464061555 167998  
  1626785947 464061555 167998  
  1626785948 464061555 167998  
  1626785949 464061555 167998  
  1626785950 464061555 167998  
  1626785951 464061555 167998  
  1626785953 464061555 167998  
  1626785954 464061555 167998  
  1626785955 464061555 167998  
  1626785956 464061555 167998  
  1626785957 464061555 167998  
  1626785958 464061555 167998  
  1626785959 464061555 167998  
  1626785960 464061555 167998  
  1626785961 464061555 167998  
  1626785962 464061555 167998  
  1626785963 464061555 167998  
  1626785964 464061555 167998  
  1626785965 464062243 167998  
  1626785966 464062243 167998  
  1626785967 464062243 167998  
  1626785968 464062243 167998  
  1626785969 464062243 167998  
  1626785970 464062243 167998  
  1626785971 464062243 167998  
  1626785972 464062243 167998  
  1626785973 464062243 167998  
  1626785974 464062243 167998  
  1626785975 464062243 167998  
  1626785976 464062243 167998  
  1626785977 464062243 167998  
  1626785978 464062243 167998  
  1626785979 464062243 167998  
  1626785980 464062243 167998  
  1626785981 464062243 167998  
  1626785982 464062243 167998  
  1626785983 464062243 167998  
  1626785984 464062243 167998  
  1626785985 464062243 167998  
  1626785986 464062243 167998  
  1626785987 464062243 167998  
  1626785988 464062243 167998  
  1626785989 464062243 167998  
  1626785990 464062243 167998  
  1626785992 464062243 167998  
  1626785993 464062243 167998  
  1626785994 464062243 167998  
  1626785995 464062243 167998  
  1626785996 464062243 167998  
  1626785997 464062243 167998  
  1626785998 464062243 167998  
  1626785999 464062243 167998  
  1626786000 464062335 167998  
  1626786001 464062335 167998  
  1626786002 464062335 167998  
  1626786003 464062335 167998  
  1626786004 464062335 167998  
  1626786005 464062335 167998  
  1626786006 464066644 167998  
  1626786007 464066968 167998  
  1626786008 464067540 167998  
  1626786009 464067540 167998  
  1626786010 464067540 167998  
  1626786011 464067540 167998  
  1626786012 464067540 167998  
  1626786013 464067540 167998  
  1626786014 464067540 167998  
  1626786015 464067540 167998  
  1626786016 464067540 167998  
  1626786017 464067540 167998  
  1626786018 464067540 167998  
  1626786019 464067540 167998  
  1626786020 464071849 167998  
  1626786021 464072173 167998  
  1626786022 464081823 167998  
  1626786023 464082855 167998  
  1626786024 464083563 167998  
  1626786025 464083563 167998  
  1626786026 464083563 167998  
  1626786027 464083563 167998  
  1626786028 464083563 167998  
  1626786029 464083655 167998  
  1626786031 464083655 167998  
  1626786032 464083655 167998  
  1626786033 464083655 167998  
  1626786034 464083655 167998  
  1626786035 464083655 167998  
  1626786036 464083655 167998  
  1626786037 464083655 167998  
  1626786038 464083655 167998  
  1626786039 464083655 167998  
  1626786040 464083655 167998  
  1626786041 464084012 167998  
  1626786042 464084012 167998  
  1626786043 464084012 167998  
  1626786044 464084012 167998  
  1626786045 464084012 167998  
  1626786046 464084012 167998  
  1626786047 464084012 167998  
  1626786048 464084012 167998  
  1626786049 464084012 167998  
  1626786050 464084012 167998  
  1626786051 464084012 167998  
  1626786052 464084012 167998  
  1626786053 464084012 167998  
  1626786054 464084012 167998  
  1626786055 464084012 167998  
  1626786056 464084012 167998  
  1626786057 464084012 167998  
  1626786058 464084012 167998  
  1626786059 464084012 167998  
  1626786060 464084012 167998  
  1626786061 464084104 167998  
  1626786062 464084104 167998  
  1626786063 464084104 167998  
  1626786064 464084104 167998  
  1626786065 464088549 167998  
  1626786066 464088957 167998  
  1626786067 464089461 167998  
  1626786068 464089461 167998  
  1626786070 464089461 167998  
  1626786071 464089461 167998  
  1626786072 464089461 167998  
  1626786073 464089461 167998  
  1626786074 464089461 167998  
  1626786075 464089461 167998  
  1626786076 464089461 167998  
  1626786077 464089461 167998  
  1626786078 464089461 167998  
  1626786079 464089461 167998  
  1626786080 464089461 167998  
  1626786081 464089461 167998  
  1626786082 464089461 167998  
  1626786083 464089461 167998  
  1626786084 464089461 167998  
  1626786085 464089461 167998  
  1626786086 464089461 167998  
  1626786087 464089461 167998  
  1626786088 464089461 167998  
  1626786089 464089461 167998  
  1626786090 464089461 167998  
  1626786091 464089461 167998  
  1626786092 464089461 167998  
  1626786093 464089461 167998  
  1626786094 464089553 167998  
  1626786095 464089553 167998  
  1626786096 464089553 167998  
  1626786097 464089553 167998  
  1626786098 464089553 167998  
  1626786099 464089553 167998  
  1626786100 464089553 167998  
  1626786101 464089553 167998  
  1626786102 464089553 167998  
  1626786103 464089553 167998  
  1626786104 464089553 167998  
  1626786105 464089553 167998  
  1626786106 464089553 167998  
  1626786107 464089553 167998  
  1626786109 464089553 167998  
  1626786110 464089553 167998  
  1626786111 464089553 167998  
  1626786112 464089553 167998  
  1626786113 464089553 167998  
  1626786114 464089553 167998  
  1626786115 464089553 167998  
  1626786116 464089553 167998  
  1626786117 464089553 167998  
  1626786118 464089553 167998  
  1626786119 464089553 167998  
  1626786120 464089553 167998  
  1626786121 464089553 167998  
  1626786122 464089553 167998  
  1626786123 464089553 167998  
  1626786124 464089553 167998  
  1626786125 464089553 167998  
  1626786126 464089645 167998  
  1626786127 464089645 167998  
  1626786128 464089645 167998  
  1626786129 464089645 167998  
  1626786130 464089645 167998  
  1626786131 464089645 167998  
  1626786132 464089645 167998  
  1626786133 464089645 167998  
  1626786134 464089645 167998  
  1626786135 464089645 167998  
  1626786136 464089645 167998  
  1626786137 464089645 167998  
  1626786138 464089645 167998  
  1626786139 464089645 167998  
  1626786140 464089645 167998  
  1626786141 464089645 167998  
  1626786142 464089645 167998  
  1626786143 464089645 167998  
  1626786144 464089645 167998  
  1626786145 464089645 167998  
  1626786146 464089645 167998  
  1626786148 464089645 167998  
  1626786149 464089645 167998  
  1626786150 464089645 167998  
  1626786151 464089645 167998  
  1626786152 464089645 167998  
  1626786153 464089645 167998  
  1626786154 464089645 167998  
  1626786155 464089645 167998  
  1626786156 464089645 167998  
  1626786157 464089645 167998  
  1626786158 464089645 167998  
  1626786159 464089737 167998  
  1626786160 464089737 167998  
  1626786161 464089737 167998  
  1626786162 464089737 167998  
  1626786163 464089737 167998  
  1626786164 464089737 167998  
  1626786165 464089737 167998  
  1626786166 464090333 167998  
  1626786167 464090333 167998  
  1626786168 464090333 167998  
  1626786169 464090333 167998  
  1626786170 464094898 167998  
  1626786171 464094966 167998  
  1626786172 464095674 167998  
  1626786173 464095674 167998  
  1626786174 464095674 167998  
  1626786175 464095674 167998  
  1626786176 464095674 167998  
  1626786177 464095674 167998  
  1626786178 464095674 167998  
  1626786179 464095674 167998  
  1626786180 464095674 167998  
  1626786181 464095674 167998  
  1626786182 464095674 167998  
  1626786183 464095674 167998  
  1626786184 464095674 167998  
  1626786185 464095674 167998  
  1626786186 464095674 167998  
  1626786188 464095674 167998  
  1626786189 464095674 167998  
  1626786190 464095674 167998  
  1626786191 464095674 167998  
  1626786192 464095766 167998  
  1626786193 464095766 167998  
  1626786194 464095766 167998  
  1626786195 464095766 167998  
  1626786196 464095766 167998  
  1626786197 464095766 167998  
  1626786198 464095766 167998  
  1626786199 464095766 167998  
  1626786200 464095766 167998  
  1626786201 464095766 167998  
  1626786202 464095766 167998  
  1626786203 464095766 167998  
  1626786204 464095766 167998  
  1626786205 464095766 167998  
  1626786206 464095766 167998  
  1626786207 464095766 167998  
  1626786208 464095766 167998  
  1626786209 464095766 167998  
  1626786210 464095766 167998  
  1626786211 464095766 167998  
  1626786212 464095766 167998  
  1626786213 464095766 167998  
  1626786214 464095766 167998  
  1626786215 464095766 167998  
  1626786216 464095766 167998  
  1626786217 464095766 167998  
  1626786218 464095766 167998  
  1626786219 464095766 167998  
  1626786220 464095766 167998  
  1626786221 464095766 167998  
  1626786222 464095766 167998  
  1626786223 464095858 167998  
  1626786224 464095858 167998  
  1626786225 464095858 167998  
  1626786227 464095858 167998  
  1626786228 464095858 167998  
  1626786229 464095858 167998  
  1626786230 464095858 167998  
  1626786231 464095858 167998  
  1626786232 464095858 167998  
  1626786233 464095858 167998  
  1626786234 464095858 167998  
  1626786235 464095858 167998  
  1626786236 464095858 167998  
  1626786237 464095858 167998  
  1626786238 464095858 167998  
  1626786239 464095858 167998  
  1626786240 464095858 167998  
  1626786241 464095858 167998  
  1626786242 464095858 167998  
  1626786243 464095858 167998  
  1626786244 464095858 167998  
  1626786245 464095858 167998  
  1626786246 464095858 167998  
  1626786247 464095858 167998  
  1626786248 464095858 167998  
  1626786249 464095858 167998  
  1626786250 464095858 167998  
  1626786251 464095858 167998  
  1626786252 464095858 167998  
  1626786253 464095858 167998  
  1626786254 464095858 167998  
  1626786255 464095858 167998  
  1626786256 464095950 167998  
  1626786257 464096042 167998  
  1626786258 464096042 167998  
  1626786259 464096042 167998  
  1626786260 464096042 167998  
  1626786261 464096042 167998  
  1626786262 464096042 167998  
  1626786263 464096042 167998  
  1626786264 464096042 167998  
  1626786266 464096042 167998  
  1626786267 464096042 167998  
  1626786268 464096042 167998  
  1626786269 464096042 167998  
  1626786270 464096042 167998  
  1626786271 464096042 167998  
  1626786272 464096042 167998  
  1626786273 464096042 167998  
  1626786274 464096042 167998  
  1626786275 464096042 167998  
  1626786276 464096042 167998  
  1626786277 464096042 167998  
  1626786278 464096042 167998  
  1626786279 464096042 167998  
  1626786280 464096042 167998  
  1626786281 464096042 167998  
  1626786282 464096042 167998  
  1626786283 464096042 167998  
  1626786284 464096042 167998  
  1626786285 464096042 167998  
  1626786286 464096042 167998  
  1626786287 464096042 167998  
  1626786288 464096134 167998  
  1626786289 464096134 167998  
  1626786290 464096134 167998  
  1626786291 464096134 167998  
  1626786292 464096134 167998  
  1626786293 464096134 167998  
  1626786294 464096134 167998  
  1626786295 464096134 167998  
  1626786296 464096134 167998  
  1626786297 464096134 167998  
  1626786298 464096134 167998  
  1626786299 464096134 167998  
  1626786300 464096134 167998  
  1626786301 464096134 167998  
  1626786302 464096134 167998  
  1626786303 464096134 167998  
  1626786305 464096134 167998  
  1626786306 464100443 167998  
  1626786307 464100767 167998  
  1626786308 464100767 167998  
  1626786309 464101475 167998  
  1626786310 464101475 167998  
  1626786311 464101475 167998  
  1626786312 464101475 167998  
  1626786313 464101475 167998  
  1626786314 464101475 167998  
  1626786315 464101475 167998  
  1626786316 464101475 167998  
  1626786317 464101475 167998  
  1626786318 464101475 167998  
  1626786319 464101475 167998  
  1626786320 464105784 167998  
  1626786321 464106200 167998  
  1626786322 464111405 167998  
  1626786323 464116038 167998  
  1626786324 464116746 167998  
  1626786325 464117454 167998  
  1626786326 464117454 167998  
  1626786327 464117454 167998  
  1626786328 464117454 167998  
  1626786329 464117454 167998  
  1626786330 464117454 167998  
  1626786331 464117454 167998  
  1626786332 464117454 167998  
  1626786333 464117454 167998  
  1626786334 464117454 167998  
  1626786335 464117454 167998  
  1626786336 464117454 167998  
  1626786337 464117454 167998  
  1626786338 464117454 167998  
  1626786339 464117454 167998  
  1626786340 464117454 167998  
  1626786341 464117811 167998  
  1626786342 464117811 167998  
  1626786344 464117811 167998  
  1626786345 464117811 167998  
  1626786346 464117811 167998  
  1626786347 464117811 167998  
  1626786348 464117811 167998  
  1626786349 464117811 167998  
  1626786350 464117811 167998  
  1626786351 464117811 167998  
  1626786352 464117811 167998  
  1626786353 464117811 167998  
  1626786354 464117903 167998  
  1626786355 464117903 167998  
  1626786356 464117903 167998  
  1626786357 464117903 167998  
  1626786358 464117903 167998  
  1626786359 464117903 167998  
  1626786360 464117903 167998  
  1626786361 464117903 167998  
  1626786362 464117903 167998  
  1626786363 464117903 167998  
  1626786364 464117903 167998  
  1626786365 464118499 167998  
  1626786366 464118499 167998  
  1626786367 464118499 167998  
  1626786368 464118499 167998  
  1626786369 464118499 167998  
  1626786370 464118499 167998  
  1626786371 464118499 167998  
  1626786372 464118499 167998  
  1626786373 464118499 167998  
  1626786374 464118499 167998  
  1626786375 464118499 167998  
  1626786376 464118499 167998  
  1626786377 464118499 167998  
  1626786378 464118499 167998  
  1626786379 464118499 167998  
  1626786380 464118499 167998  
  1626786381 464118499 167998  
  1626786383 464118499 167998  
  1626786384 464118499 167998  
  1626786385 464118499 167998  
  1626786386 464118591 167998  
  1626786387 464118591 167998  
  1626786388 464118591 167998  
  1626786389 464118591 167998  
  1626786390 464118591 167998  
  1626786391 464118591 167998  
  1626786392 464118591 167998  
  1626786393 464118591 167998  
  1626786394 464118591 167998  
  1626786395 464118591 167998  
  1626786396 464118591 167998  
  1626786397 464118591 167998  
  1626786398 464118591 167998  
  1626786399 464118591 167998  
  1626786400 464118591 167998  
  1626786401 464118591 167998  
  1626786402 464118591 167998  
  1626786403 464118591 167998  
  1626786404 464118591 167998  
  1626786405 464118591 167998  
  1626786406 464118591 167998  
  1626786407 464118591 167998  
  1626786408 464118591 167998  
  1626786409 464118591 167998  
  1626786410 464118591 167998  
  1626786411 464118591 167998  
  1626786412 464118591 167998  
  1626786413 464118591 167998  
  1626786414 464118591 167998  
  1626786415 464118591 167998  
  1626786416 464118591 167998  
  1626786417 464118591 167998  
  1626786418 464118683 167998  
  1626786419 464118683 167998  
  1626786420 464118683 167998  
  1626786422 464118683 167998  
  1626786423 464118683 167998  
  1626786424 464118683 167998  
  1626786425 464118683 167998  
  1626786426 464118683 167998  
  1626786427 464118683 167998  
  1626786428 464118683 167998  
  1626786429 464118683 167998  
  1626786430 464118683 167998  
  1626786431 464118683 167998  
  1626786432 464118683 167998  
  1626786433 464118683 167998  
  1626786434 464118683 167998  
  1626786435 464118683 167998  
  1626786436 464118683 167998  
  1626786437 464118683 167998  
  1626786438 464118683 167998  
  1626786439 464118683 167998  
  1626786440 464118683 167998  
  1626786441 464118683 167998  
  1626786442 464118683 167998  
  1626786443 464118683 167998  
  1626786444 464118683 167998  
  1626786445 464118683 167998  
  1626786446 464118683 167998  
  1626786447 464118683 167998  
  1626786448 464118683 167998  
  1626786449 464118683 167998  
  1626786450 464118683 167998  
  1626786451 464118775 167998  
  1626786452 464118775 167998  
  1626786453 464118775 167998  
  1626786454 464118775 167998  
  1626786455 464118775 167998  
  1626786456 464118775 167998  
  1626786457 464118775 167998  
  1626786458 464118775 167998  
  1626786459 464118775 167998  
  1626786461 464118775 167998  
  1626786462 464118775 167998  
  1626786463 464118775 167998  
  1626786464 464118775 167998  
  1626786465 464118775 167998  
  1626786466 464118775 167998  
  1626786467 464118775 167998  
  1626786468 464118775 167998  
  1626786469 464118775 167998  
  1626786470 464123084 167998  
  1626786471 464123408 167998  
  1626786472 464124116 167998  
  1626786473 464124116 167998  
  1626786474 464124116 167998  
  1626786475 464124116 167998  
  1626786476 464124116 167998  
  1626786477 464124116 167998  
  1626786478 464124116 167998  
  1626786479 464124116 167998  
  1626786480 464124116 167998  
  1626786481 464124116 167998  
  1626786482 464124116 167998  
  1626786483 464124208 167998  
  1626786484 464124208 167998  
  1626786485 464124208 167998  
  1626786486 464124208 167998  
  1626786487 464124208 167998  
  1626786488 464124208 167998  
  1626786489 464124208 167998  
  1626786490 464124208 167998  
  1626786491 464124208 167998  
  1626786492 464124208 167998  
  1626786493 464124208 167998  
  1626786494 464124208 167998  
  1626786495 464124208 167998  
  1626786496 464124208 167998  
  1626786497 464124208 167998  
  1626786498 464124208 167998  
  1626786500 464124208 167998  
  1626786501 464124208 167998  
  1626786502 464124208 167998  
  1626786503 464124208 167998  
  1626786504 464124208 167998  
  1626786505 464124208 167998  
  1626786506 464124208 167998  
  1626786507 464124208 167998  
  1626786508 464124208 167998  
  1626786509 464124208 167998  
  1626786510 464124208 167998  
  1626786511 464124208 167998  
  1626786512 464124208 167998  
  1626786513 464124300 167998  
  1626786514 464124300 167998  
  1626786515 464124300 167998  
  1626786516 464124392 167998  
  1626786517 464124392 167998  
  1626786518 464124392 167998  
  1626786519 464124392 167998  
  1626786520 464124392 167998  
  1626786521 464124392 167998  
  1626786522 464124392 167998  
  1626786523 464124392 167998  
  1626786524 464124392 167998  
  1626786525 464124392 167998  
  1626786526 464124392 167998  
  1626786527 464124392 167998  
  1626786528 464124392 167998  
  1626786529 464124392 167998  
  1626786530 464124392 167998  
  1626786531 464124392 167998  
  1626786532 464124392 167998  
  1626786533 464124392 167998  
  1626786534 464124392 167998  
  1626786535 464124392 167998  
  1626786536 464124392 167998  
  1626786537 464124392 167998  
  1626786539 464124392 167998  
  1626786540 464124392 167998  
  1626786541 464124392 167998  
  1626786542 464124392 167998  
  1626786543 464124392 167998  
  1626786544 464124392 167998  
  1626786545 464124392 167998  
  1626786546 464124392 167998  
  1626786547 464124392 167998  
  1626786548 464124484 167998  
  1626786549 464124484 167998  
  1626786550 464124484 167998  
  1626786551 464124484 167998  
  1626786552 464124484 167998  
  1626786553 464124484 167998  
  1626786554 464124484 167998  
  1626786555 464124484 167998  
  1626786556 464124484 167998  
  1626786557 464124484 167998  
  1626786558 464124484 167998  
  1626786559 464124484 167998  
  1626786560 464124484 167998  
  1626786561 464124484 167998  
  1626786562 464124484 167998  
  1626786563 464124484 167998  
  1626786564 464124484 167998  
  1626786565 464125080 167998  
  1626786566 464125080 167998  
  1626786567 464125080 167998  
  1626786568 464125080 167998  
  1626786569 464125080 167998  
  1626786570 464125080 167998  
  1626786571 464125080 167998  
  1626786572 464125080 167998  
  1626786573 464125080 167998  
  1626786574 464125080 167998  
  1626786575 464125080 167998  
  1626786576 464125080 167998  
  1626786577 464125080 167998  
  1626786579 464125080 167998  
  1626786580 464125080 167998  
  1626786581 464125172 167998  
  1626786582 464125172 167998  
  1626786583 464125172 167998  
  1626786584 464125172 167998  
  1626786585 464125172 167998  
  1626786586 464125172 167998  
  1626786587 464125172 167998  
  1626786588 464125172 167998  
  1626786589 464125172 167998  
  1626786590 464125172 167998  
  1626786591 464125172 167998  
  1626786592 464125172 167998  
  1626786593 464125172 167998  
  1626786594 464125172 167998  
  1626786595 464125172 167998  
  1626786596 464125172 167998  
  1626786597 464125172 167998  
  1626786598 464125172 167998  
  1626786599 464125172 167998  
  1626786600 464125172 167998  
  1626786601 464125172 167998  
  1626786602 464125172 167998  
  1626786603 464125172 167998  
  1626786604 464125172 167998  
  1626786605 464125172 167998  
  1626786606 464127049 167998  
  1626786607 464129805 167998  
  1626786608 464129805 167998  
  1626786609 464130513 167998  
  1626786610 464130513 167998  
  1626786611 464130513 167998  
  1626786612 464130513 167998  
  1626786613 464130605 167998  
  1626786614 464130605 167998  
  1626786615 464130605 167998  
  1626786616 464130605 167998  
  1626786618 464130605 167998  
  1626786619 464130605 167998  
  1626786620 464134734 167998  
  1626786621 464135238 167998  
  1626786622 464139871 167998  
  1626786623 464145716 167998  
  1626786624 464145784 167998  
  1626786625 464146492 167998  
  1626786626 464146492 167998  
  1626786627 464146492 167998  
  1626786628 464146492 167998  
  1626786629 464146492 167998  
  1626786630 464146492 167998  
  1626786631 464146492 167998  
  1626786632 464146492 167998  
  1626786633 464146492 167998  
  1626786634 464146492 167998  
  1626786635 464146492 167998  
  1626786636 464146492 167998  
  1626786637 464146492 167998  
  1626786638 464146492 167998  
  1626786639 464146492 167998  
  1626786640 464146492 167998  
  1626786641 464146849 167998  
  1626786642 464146849 167998  
  1626786643 464146849 167998  
  1626786644 464146849 167998  
  1626786645 464146941 167998  
  1626786646 464146941 167998  
  1626786647 464146941 167998  
  1626786648 464146941 167998  
  1626786649 464146941 167998  
  1626786650 464146941 167998  
  1626786651 464146941 167998  
  1626786652 464146941 167998  
  1626786653 464146941 167998  
  1626786654 464146941 167998  
  1626786655 464146941 167998  
  1626786656 464146941 167998  
  1626786658 464146941 167998  
  1626786659 464146941 167998  
  1626786660 464146941 167998  
  1626786661 464146941 167998  
  1626786662 464146941 167998  
  1626786663 464146941 167998  
  1626786664 464146941 167998  
  1626786665 464146941 167998  
  1626786666 464146941 167998  
  1626786667 464146941 167998  
  1626786668 464146941 167998  
  1626786669 464146941 167998  
  1626786670 464146941 167998  
  1626786671 464146941 167998  
  1626786672 464146941 167998  
  1626786673 464146941 167998  
  1626786674 464146941 167998  
  1626786675 464146941 167998  
  1626786676 464146941 167998  
  1626786677 464146941 167998  
  1626786678 464147033 167998  
  1626786679 464147033 167998  
  1626786680 464147033 167998  
  1626786681 464147033 167998  
  1626786682 464147033 167998  
  1626786683 464147033 167998  
  1626786684 464147033 167998  
  1626786685 464147033 167998  
  1626786686 464147033 167998  
  1626786687 464147033 167998  
  1626786688 464147033 167998  
  1626786689 464147033 167998  
  1626786690 464147033 167998  
  1626786691 464147033 167998  
  1626786692 464147033 167998  
  1626786693 464147033 167998  
  1626786694 464147033 167998  
  1626786695 464147033 167998  
  1626786697 464147033 167998  
  1626786698 464147033 167998  
  1626786699 464147033 167998  
  1626786700 464147033 167998  
  1626786701 464147033 167998  
  1626786702 464147033 167998  
  1626786703 464147033 167998  
  1626786704 464147033 167998  
  1626786705 464147033 167998  
  1626786706 464147033 167998  
  1626786707 464147033 167998  
  1626786708 464147033 167998  
  1626786709 464147033 167998  
  1626786710 464147125 167998  
  1626786711 464147125 167998  
  1626786712 464147125 167998  
  1626786713 464147125 167998  
  1626786714 464147125 167998  
  1626786715 464147125 167998  
  1626786716 464147125 167998  
  1626786717 464147125 167998  
  1626786718 464147125 167998  
  1626786719 464147125 167998  
  1626786720 464147125 167998  
  1626786721 464147125 167998  
  1626786722 464147125 167998  
  1626786723 464147125 167998  
  1626786724 464147125 167998  
  1626786725 464147125 167998  
  1626786726 464147125 167998  
  1626786727 464147125 167998  
  1626786728 464147125 167998  
  1626786729 464147125 167998  
  1626786730 464147125 167998  
  1626786731 464147125 167998  
  1626786732 464147125 167998  
  1626786733 464147125 167998  
  1626786734 464147125 167998  
  1626786735 464147125 167998  
  1626786737 464147125 167998  
  1626786738 464147125 167998  
  1626786739 464147125 167998  
  1626786740 464147125 167998  
  1626786741 464147125 167998  
  1626786742 464147125 167998  
  1626786743 464147217 167998  
  1626786744 464147217 167998  
  1626786745 464147217 167998  
  1626786746 464147217 167998  
  1626786747 464147217 167998  
  1626786748 464147217 167998  
  1626786749 464147217 167998  
  1626786750 464147217 167998  
  1626786751 464147217 167998  
  1626786752 464147217 167998  
  1626786753 464147217 167998  
  1626786754 464147217 167998  
  1626786755 464147285 167998  
  1626786756 464147285 167998  
  1626786757 464147285 167998  
  1626786758 464147285 167998  
  1626786759 464147285 167998  
  1626786760 464147285 167998  
  1626786761 464148679 167998  
  1626786762 464148679 167998  
  1626786763 464148679 167998  
  1626786764 464148679 167998  
  1626786765 464148679 167998  
  1626786766 464150274 167998  
  1626786767 464150274 167998  
  1626786768 464150274 167998  
  1626786769 464152327 167998  
  1626786770 464154999 167998  
 