 1626715336 448126992 81416  
  1626715337 448126992 81416  
  1626715338 448126992 81416  
  1626715339 448126992 81416  
  1626715340 448126992 81416  
  1626715341 448126992 81416  
  1626715342 448126992 81416  
  1626715343 448126992 81416  
  1626715344 448126992 81416  
  1626715345 448126992 81416  
  1626715346 448126992 81416  
  1626715347 448126992 81416  
  1626715348 448126992 81416  
  1626715349 448126992 81416  
  1626715350 448126992 81416  
  1626715351 448126992 81416  
  1626715352 448126992 81416  
  1626715353 448126992 81416  
  1626715354 448126992 81416  
  1626715355 448126992 81416  
  1626715356 448126992 81416  
  1626715357 448126992 81416  
  1626715358 448126992 81416  
  1626715359 448126992 81416  
  1626715360 448126992 81416  
  1626715361 448126992 81416  
  1626715362 448126992 81416  
  1626715363 448126992 81416  
  1626715364 448126992 81416  
  1626715365 448126992 81416  
  1626715366 448126992 81416  
  1626715367 448126992 81416  
  1626715368 448126992 81416  
  1626715369 448126992 81416  
  1626715370 448126992 81416  
  1626715371 448126992 81416  
  1626715372 448131301 81416  
  1626715374 448131625 81416  
  1626715375 448131625 81416  
  1626715376 448132333 81416  
  1626715377 448132333 81416  
  1626715378 448132333 81416  
  1626715379 448132333 81416  
  1626715380 448132333 81416  
  1626715381 448132333 81416  
  1626715382 448132333 81416  
  1626715383 448132333 81416  
  1626715384 448132333 81416  
  1626715385 448132333 81416  
  1626715386 448132333 81416  
  1626715387 448132333 81416  
  1626715388 448132333 81416  
  1626715389 448132333 81416  
  1626715390 448132333 81416  
  1626715391 448132333 81416  
  1626715392 448132333 81416  
  1626715393 448132333 81416  
  1626715394 448132333 81416  
  1626715395 448132333 81416  
  1626715396 448132333 81416  
  1626715397 448132333 81416  
  1626715398 448132671 81416  
  1626715399 448132671 81416  
  1626715400 448132671 81416  
  1626715401 448132671 81416  
  1626715402 448132671 81416  
  1626715403 448132671 81416  
  1626715404 448132671 81416  
  1626715405 448132671 81416  
  1626715406 448132671 81416  
  1626715407 448132671 81416  
  1626715408 448132671 81416  
  1626715409 448132671 81416  
  1626715410 448132671 81416  
  1626715411 448132671 81416  
  1626715412 448132671 81416  
  1626715414 448132671 81416  
  1626715415 448132671 81416  
  1626715416 448132671 81416  
  1626715417 448132671 81416  
  1626715418 448132671 81416  
  1626715419 448132671 81416  
  1626715420 448132671 81416  
  1626715421 448132671 81416  
  1626715422 448132671 81416  
  1626715423 448132671 81416  
  1626715424 448132671 81416  
  1626715425 448132671 81416  
  1626715426 448132671 81416  
  1626715427 448132671 81416  
  1626715428 448132671 81416  
  1626715429 448132671 81416  
  1626715430 448132671 81416  
  1626715431 448132671 81416  
  1626715432 448132671 81416  
  1626715433 448132671 81416  
  1626715434 448132671 81416  
  1626715435 448132671 81416  
  1626715436 448132671 81416  
  1626715437 448132671 81416  
  1626715438 448132671 81416  
  1626715439 448132671 81416  
  1626715440 448132671 81416  
  1626715441 448132671 81416  
  1626715442 448132671 81416  
  1626715443 448132671 81416  
  1626715444 448132671 81416  
  1626715445 448132671 81416  
  1626715446 448132671 81416  
  1626715447 448132671 81416  
  1626715448 448132671 81416  
  1626715449 448132671 81416  
  1626715450 448132671 81416  
  1626715451 448132671 81416  
  1626715452 448132671 81416  
  1626715454 448132671 81416  
  1626715455 448132671 81416  
  1626715456 448132671 81416  
  1626715457 448132671 81416  
  1626715458 448132671 81416  
  1626715459 448132671 81416  
  1626715460 448132671 81416  
  1626715461 448132671 81416  
  1626715462 448132671 81416  
  1626715463 448132671 81416  
  1626715464 448133335 81416  
  1626715465 448133335 81416  
  1626715466 448133335 81416  
  1626715467 448133335 81416  
  1626715468 448133335 81416  
  1626715469 448133335 81416  
  1626715470 448133335 81416  
  1626715471 448133335 81416  
  1626715472 448133335 81416  
  1626715473 448133335 81416  
  1626715474 448133335 81416  
  1626715475 448133335 81416  
  1626715476 448133335 81416  
  1626715477 448133335 81416  
  1626715478 448133335 81416  
  1626715479 448133335 81416  
  1626715480 448133335 81416  
  1626715481 448133335 81416  
  1626715482 448133335 81416  
  1626715483 448133335 81416  
  1626715484 448133335 81416  
  1626715485 448133427 81416  
  1626715486 448133427 81416  
  1626715487 448133427 81416  
  1626715488 448133427 81416  
  1626715489 448133427 81416  
  1626715490 448133427 81416  
  1626715491 448133427 81416  
  1626715493 448133427 81416  
  1626715494 448133427 81416  
  1626715495 448133427 81416  
  1626715496 448133427 81416  
  1626715497 448133427 81416  
  1626715498 448133765 81416  
  1626715499 448133765 81416  
  1626715500 448133765 81416  
  1626715501 448133765 81416  
  1626715502 448133765 81416  
  1626715503 448133765 81416  
  1626715504 448133765 81416  
  1626715505 448133765 81416  
  1626715506 448133765 81416  
  1626715507 448133765 81416  
  1626715508 448133765 81416  
  1626715509 448138074 81416  
  1626715510 448138398 81416  
  1626715511 448139106 81416  
  1626715512 448139106 81416  
  1626715513 448139106 81416  
  1626715514 448139106 81416  
  1626715515 448139106 81416  
  1626715516 448139106 81416  
  1626715517 448139106 81416  
  1626715518 448139106 81416  
  1626715519 448139106 81416  
  1626715520 448139106 81416  
  1626715521 448139106 81416  
  1626715522 448146636 81416  
  1626715523 448148372 81416  
  1626715524 448154421 81416  
  1626715525 448154421 81416  
  1626715526 448155129 81416  
  1626715527 448155129 81416  
  1626715528 448155129 81416  
  1626715529 448155129 81416  
  1626715530 448155129 81416  
  1626715532 448155129 81416  
  1626715533 448155129 81416  
  1626715534 448155129 81416  
  1626715535 448155129 81416  
  1626715536 448155129 81416  
  1626715537 448155129 81416  
  1626715538 448155129 81416  
  1626715539 448155129 81416  
  1626715540 448155129 81416  
  1626715541 448155129 81416  
  1626715542 448155129 81416  
  1626715543 448155486 81416  
  1626715544 448155486 81416  
  1626715545 448155486 81416  
  1626715546 448155486 81416  
  1626715547 448155486 81416  
  1626715548 448155486 81416  
  1626715549 448155486 81416  
  1626715550 448155486 81416  
  1626715551 448155486 81416  
  1626715552 448155486 81416  
  1626715553 448155486 81416  
  1626715554 448155486 81416  
  1626715555 448155486 81416  
  1626715556 448155486 81416  
  1626715557 448155486 81416  
  1626715558 448155486 81416  
  1626715559 448155486 81416  
  1626715560 448155486 81416  
  1626715561 448155486 81416  
  1626715562 448155486 81416  
  1626715563 448155486 81416  
  1626715564 448155486 81416  
  1626715565 448155486 81416  
  1626715566 448155486 81416  
  1626715567 448155486 81416  
  1626715568 448155486 81416  
  1626715569 448155486 81416  
  1626715570 448155486 81416  
  1626715572 448155486 81416  
  1626715573 448155486 81416  
  1626715574 448155486 81416  
  1626715575 448155486 81416  
  1626715576 448155486 81416  
  1626715577 448155486 81416  
  1626715578 448155486 81416  
  1626715579 448155486 81416  
  1626715580 448155486 81416  
  1626715581 448155486 81416  
  1626715582 448155486 81416  
  1626715583 448155486 81416  
  1626715584 448155486 81416  
  1626715585 448155486 81416  
  1626715586 448155486 81416  
  1626715587 448155486 81416  
  1626715588 448155486 81416  
  1626715589 448155578 81416  
  1626715590 448155578 81416  
  1626715591 448155578 81416  
  1626715592 448155578 81416  
  1626715593 448155578 81416  
  1626715594 448155578 81416  
  1626715595 448155578 81416  
  1626715596 448155578 81416  
  1626715597 448155578 81416  
  1626715598 448155578 81416  
  1626715599 448155578 81416  
  1626715600 448155578 81416  
  1626715601 448155578 81416  
  1626715602 448155578 81416  
  1626715603 448155578 81416  
  1626715604 448155578 81416  
  1626715605 448155578 81416  
  1626715606 448155578 81416  
  1626715607 448155578 81416  
  1626715608 448155578 81416  
  1626715609 448155578 81416  
  1626715610 448155578 81416  
  1626715612 448155578 81416  
  1626715613 448155578 81416  
  1626715614 448155578 81416  
  1626715615 448155578 81416  
  1626715616 448155578 81416  
  1626715617 448155578 81416  
  1626715618 448155578 81416  
  1626715619 448155578 81416  
  1626715620 448155578 81416  
  1626715621 448155578 81416  
  1626715622 448155578 81416  
  1626715623 448155578 81416  
  1626715624 448155578 81416  
  1626715625 448155578 81416  
  1626715626 448155578 81416  
  1626715627 448155578 81416  
  1626715628 448155578 81416  
  1626715629 448155578 81416  
  1626715630 448155578 81416  
  1626715631 448155578 81416  
  1626715632 448155578 81416  
  1626715633 448155578 81416  
  1626715634 448155578 81416  
  1626715635 448155578 81416  
  1626715636 448155578 81416  
  1626715637 448155578 81416  
  1626715638 448155578 81416  
  1626715639 448155578 81416  
  1626715640 448155578 81416  
  1626715641 448155578 81416  
  1626715642 448155578 81416  
  1626715643 448155578 81416  
  1626715644 448155578 81416  
  1626715645 448155578 81416  
  1626715646 448155578 81416  
  1626715647 448155578 81416  
  1626715648 448155916 81416  
  1626715649 448155916 81416  
  1626715651 448155916 81416  
  1626715652 448155916 81416  
  1626715653 448155916 81416  
  1626715654 448155916 81416  
  1626715655 448155984 81416  
  1626715656 448155984 81416  
  1626715657 448155984 81416  
  1626715658 448155984 81416  
 