 1627029105 495272940 153834  
  1627029106 495272940 153834  
  1627029107 495272940 153834  
  1627029108 495272940 153834  
  1627029109 495272940 153834  
  1627029110 495272940 153834  
  1627029111 495272940 153834  
  1627029113 495272940 153834  
  1627029114 495272940 153834  
  1627029115 495272940 153834  
  1627029116 495272940 153834  
  1627029117 495272940 153834  
  1627029118 495272940 153834  
  1627029119 495272940 153834  
  1627029120 495272940 153834  
  1627029121 495272940 153834  
  1627029122 495272940 153834  
  1627029123 495272940 153834  
  1627029124 495272940 153834  
  1627029125 495272940 153834  
  1627029126 495272940 153834  
  1627029127 495272940 153834  
  1627029128 495272940 153834  
  1627029129 495272940 153834  
  1627029130 495272940 153834  
  1627029131 495272940 153834  
  1627029132 495272940 153834  
  1627029133 495272940 153834  
  1627029134 495272940 153834  
  1627029135 495272940 153834  
  1627029136 495272940 153834  
  1627029137 495272940 153834  
  1627029138 495272940 153834  
  1627029139 495272940 153834  
  1627029140 495272940 153834  
  1627029141 495272940 153834  
  1627029142 495272940 153834  
  1627029143 495272940 153834  
  1627029144 495272940 153834  
  1627029145 495272940 153834  
  1627029146 495272940 153834  
  1627029147 495272940 153834  
  1627029148 495272940 153834  
  1627029149 495272940 153834  
  1627029150 495272940 153834  
  1627029152 495272940 153834  
  1627029153 495272940 153834  
  1627029154 495272940 153834  
  1627029155 495272940 153834  
  1627029156 495272940 153834  
  1627029157 495272940 153834  
  1627029158 495272940 153834  
  1627029159 495272940 153834  
  1627029160 495272940 153834  
  1627029161 495272940 153834  
  1627029162 495272940 153834  
  1627029163 495272940 153834  
  1627029164 495272940 153834  
  1627029165 495272940 153834  
  1627029166 495272940 153834  
  1627029167 495272940 153834  
  1627029168 495272940 153834  
  1627029169 495272940 153834  
  1627029170 495272940 153834  
  1627029171 495272940 153834  
  1627029172 495272940 153834  
  1627029173 495272940 153834  
  1627029174 495272940 153834  
  1627029175 495272940 153834  
  1627029176 495272940 153834  
  1627029177 495272940 153834  
  1627029178 495272940 153834  
  1627029179 495272940 153834  
  1627029180 495272940 153834  
  1627029181 495272940 153834  
  1627029182 495272940 153834  
  1627029183 495272940 153834  
  1627029184 495272940 153834  
  1627029185 495272940 153834  
  1627029186 495272940 153834  
  1627029187 495272940 153834  
  1627029188 495272940 153834  
  1627029189 495272940 153834  
  1627029191 495272940 153834  
  1627029192 495272940 153834  
  1627029193 495272940 153834  
  1627029194 495272940 153834  
  1627029195 495272940 153834  
  1627029196 495272940 153834  
  1627029197 495272940 153834  
  1627029198 495272940 153834  
  1627029199 495272940 153834  
  1627029200 495272940 153834  
  1627029201 495272940 153834  
  1627029202 495272940 153834  
  1627029203 495272940 153834  
  1627029204 495272940 153834  
  1627029205 495272940 153834  
  1627029206 495272940 153834  
  1627029207 495272940 153834  
  1627029208 495272940 153834  
  1627029209 495272940 153834  
  1627029210 495272940 153834  
  1627029211 495272940 153834  
  1627029212 495272940 153834  
  1627029213 495272940 153834  
  1627029214 495272940 153834  
  1627029215 495272940 153834  
  1627029216 495272940 153834  
  1627029217 495272940 153834  
  1627029218 495272940 153834  
  1627029219 495272940 153834  
  1627029220 495272940 153834  
  1627029221 495272940 153834  
  1627029222 495272940 153834  
  1627029223 495272940 153834  
  1627029224 495272940 153834  
  1627029225 495272940 153834  
  1627029226 495272940 153834  
  1627029227 495272940 153834  
  1627029228 495272940 153834  
  1627029229 495272940 153834  
  1627029231 495273032 153834  
  1627029232 495273032 153834  
  1627029233 495273032 153834  
  1627029234 495275929 153834  
  1627029235 495277665 153834  
  1627029236 495277665 153834  
  1627029237 495278373 153834  
  1627029238 495278373 153834  
  1627029239 495278373 153834  
  1627029240 495278373 153834  
  1627029241 495278373 153834  
  1627029242 495278373 153834  
  1627029243 495278373 153834  
  1627029244 495278373 153834  
  1627029245 495278373 153834  
  1627029246 495278373 153834  
  1627029247 495278373 153834  
  1627029248 495278373 153834  
  1627029249 495278373 153834  
  1627029250 495278373 153834  
  1627029251 495278373 153834  
  1627029252 495278373 153834  
  1627029253 495278373 153834  
  1627029254 495278373 153834  
  1627029255 495278373 153834  
  1627029256 495278373 153834  
  1627029257 495278373 153834  
  1627029258 495278373 153834  
  1627029259 495278373 153834  
  1627029260 495278373 153834  
  1627029261 495278373 153834  
  1627029262 495278373 153834  
  1627029263 495278373 153834  
  1627029264 495278373 153834  
  1627029265 495278373 153834  
  1627029266 495278373 153834  
  1627029267 495278373 153834  
  1627029268 495278373 153834  
  1627029269 495278373 153834  
  1627029271 495278969 153834  
  1627029272 495278969 153834  
  1627029273 495278969 153834  
  1627029274 495278969 153834  
  1627029275 495278969 153834  
  1627029276 495278969 153834  
  1627029277 495278969 153834  
  1627029278 495278969 153834  
  1627029279 495278969 153834  
  1627029280 495278969 153834  
  1627029281 495278969 153834  
  1627029282 495278969 153834  
  1627029283 495278969 153834  
  1627029284 495278969 153834  
  1627029285 495278969 153834  
  1627029286 495278969 153834  
  1627029287 495278969 153834  
  1627029288 495278969 153834  
  1627029289 495278969 153834  
  1627029290 495278969 153834  
  1627029291 495278969 153834  
  1627029292 495278969 153834  
  1627029293 495278969 153834  
  1627029294 495278969 153834  
  1627029295 495278969 153834  
  1627029296 495278969 153834  
  1627029297 495278969 153834  
  1627029298 495278969 153834  
  1627029299 495278969 153834  
  1627029300 495278969 153834  
  1627029301 495278969 153834  
  1627029302 495278969 153834  
  1627029303 495278969 153834  
  1627029304 495278969 153834  
  1627029305 495278969 153834  
  1627029306 495278969 153834  
  1627029307 495278969 153834  
  1627029308 495278969 153834  
  1627029309 495278969 153834  
  1627029311 495278969 153834  
  1627029312 495278969 153834  
  1627029313 495278969 153834  
  1627029314 495278969 153834  
  1627029315 495278969 153834  
  1627029316 495278969 153834  
  1627029317 495278969 153834  
  1627029318 495278969 153834  
  1627029319 495278969 153834  
  1627029320 495278969 153834  
  1627029321 495278969 153834  
  1627029322 495278969 153834  
  1627029323 495278969 153834  
  1627029324 495278969 153834  
  1627029325 495278969 153834  
  1627029326 495278969 153834  
  1627029327 495278969 153834  
  1627029328 495278969 153834  
  1627029329 495278969 153834  
  1627029330 495278969 153834  
  1627029331 495278969 153834  
  1627029332 495278969 153834  
  1627029333 495278969 153834  
  1627029334 495279326 153834  
  1627029335 495279326 153834  
  1627029336 495279418 153834  
  1627029337 495279418 153834  
  1627029338 495279418 153834  
  1627029339 495279418 153834  
  1627029340 495283727 153834  
  1627029341 495284051 153834  
  1627029342 495284759 153834  
  1627029343 495289324 153834  
  1627029344 495289392 153834  
  1627029345 495290100 153834  
  1627029346 495290100 153834  
  1627029347 495290100 153834  
  1627029348 495290100 153834  
  1627029349 495294733 153834  
  1627029351 495295373 153834  
  1627029352 495300006 153834  
  1627029353 495300006 153834  
  1627029354 495300714 153834  
  1627029355 495300714 153834  
  1627029356 495300714 153834  
  1627029357 495300714 153834  
  1627029358 495300714 153834  
  1627029359 495300714 153834  
  1627029360 495300714 153834  
  1627029361 495300714 153834  
  1627029362 495300714 153834  
  1627029363 495300714 153834  
  1627029364 495300714 153834  
  1627029365 495300714 153834  
  1627029366 495300714 153834  
  1627029367 495300714 153834  
  1627029368 495300714 153834  
  1627029369 495300714 153834  
  1627029370 495300714 153834  
  1627029371 495300714 153834  
  1627029372 495300714 153834  
  1627029373 495300714 153834  
  1627029374 495300714 153834  
  1627029375 495300714 153834  
  1627029376 495300714 153834  
  1627029377 495300714 153834  
  1627029378 495300714 153834  
  1627029379 495300714 153834  
  1627029380 495300714 153834  
  1627029381 495300714 153834  
  1627029382 495300714 153834  
  1627029383 495300714 153834  
  1627029384 495300714 153834  
  1627029385 495300714 153834  
  1627029386 495300714 153834  
  1627029387 495300714 153834  
  1627029388 495300714 153834  
  1627029390 495300714 153834  
  1627029391 495300714 153834  
  1627029392 495300714 153834  
  1627029393 495300714 153834  
  1627029394 495300714 153834  
  1627029395 495300714 153834  
  1627029396 495300714 153834  
  1627029397 495300714 153834  
  1627029398 495300714 153834  
  1627029399 495300714 153834  
  1627029400 495300714 153834  
  1627029401 495300714 153834  
  1627029402 495300714 153834  
  1627029403 495300714 153834  
  1627029404 495300714 153834  
  1627029405 495300714 153834  
  1627029406 495300714 153834  
  1627029407 495300714 153834  
  1627029408 495300714 153834  
  1627029409 495300714 153834  
  1627029410 495300714 153834  
  1627029411 495300714 153834  
  1627029412 495300714 153834  
  1627029413 495300714 153834  
  1627029414 495300714 153834  
  1627029415 495300714 153834  
  1627029416 495300714 153834  
  1627029417 495300714 153834  
  1627029418 495300714 153834  
  1627029419 495300714 153834  
  1627029420 495300714 153834  
  1627029421 495300714 153834  
  1627029422 495300714 153834  
  1627029423 495300714 153834  
  1627029424 495300714 153834  
  1627029425 495300714 153834  
  1627029426 495300714 153834  
  1627029427 495300714 153834  
  1627029428 495300714 153834  
  1627029430 495300714 153834  
  1627029431 495300714 153834  
  1627029432 495300714 153834  
  1627029433 495300714 153834  
  1627029434 495300714 153834  
  1627029435 495300714 153834  
  1627029436 495300714 153834  
  1627029437 495300714 153834  
  1627029438 495300714 153834  
  1627029439 495300714 153834  
  1627029440 495300714 153834  
  1627029441 495300714 153834  
  1627029442 495300714 153834  
  1627029443 495300714 153834  
  1627029444 495300714 153834  
  1627029445 495300714 153834  
  1627029446 495300714 153834  
  1627029447 495300714 153834  
  1627029448 495300714 153834  
 