 1627435623 565056999 0  
  1627435624 565056999 0  
  1627435625 565056999 0  
  1627435626 565056999 0  
  1627435627 565056999 0  
  1627435628 565056999 0  
  1627435629 565056999 0  
  1627435630 565061564 0  
  1627435631 565061632 0  
  1627435632 565062272 0  
  1627435633 565062340 0  
  1627435634 565062340 0  
  1627435635 565062340 0  
  1627435636 565062340 0  
  1627435637 565062340 0  
  1627435638 565062340 0  
  1627435639 565062340 0  
  1627435640 565062340 0  
  1627435641 565062340 0  
  1627435642 565062340 0  
  1627435643 565062340 0  
  1627435644 565062340 0  
  1627435645 565062340 0  
  1627435646 565062340 0  
  1627435647 565062340 0  
  1627435648 565062340 0  
  1627435649 565062340 0  
  1627435650 565062340 0  
  1627435652 565062340 0  
  1627435653 565062340 0  
  1627435654 565062340 0  
  1627435655 565062340 0  
  1627435656 565066649 0  
  1627435657 565066973 0  
  1627435658 565066973 0  
  1627435659 565067681 0  
  1627435660 565067681 0  
  1627435661 565067681 0  
  1627435662 565067681 0  
  1627435663 565068019 0  
  1627435664 565068019 0  
  1627435665 565068019 0  
  1627435666 565068019 0  
  1627435667 565068019 0  
  1627435668 565068019 0  
  1627435669 565068019 0  
  1627435670 565068019 0  
  1627435671 565068019 0  
  1627435672 565068019 0  
  1627435673 565068019 0  
  1627435674 565068019 0  
  1627435675 565068019 0  
  1627435676 565068019 0  
  1627435677 565068019 0  
  1627435678 565068019 0  
  1627435679 565068019 0  
  1627435680 565068019 0  
  1627435681 565068019 0  
  1627435682 565068019 0  
  1627435683 565068019 0  
  1627435684 565068019 0  
  1627435685 565068019 0  
  1627435686 565068019 0  
  1627435687 565068019 0  
  1627435688 565068019 0  
  1627435689 565068019 0  
  1627435691 565068019 0  
  1627435692 565068019 0  
  1627435693 565068019 0  
  1627435694 565068019 0  
  1627435695 565068019 0  
  1627435696 565068019 0  
  1627435697 565068019 0  
  1627435698 565068019 0  
  1627435699 565072148 0  
  1627435700 565077285 0  
  1627435701 565077285 0  
  1627435702 565078701 0  
  1627435703 565078701 0  
  1627435704 565078701 0  
  1627435705 565078701 0  
  1627435706 565078701 0  
  1627435707 565078793 0  
  1627435708 565078793 0  
  1627435709 565078793 0  
  1627435710 565078793 0  
  1627435711 565078793 0  
  1627435712 565078793 0  
  1627435713 565078793 0  
  1627435714 565078793 0  
  1627435715 565078793 0  
  1627435716 565078793 0  
  1627435717 565078793 0  
  1627435718 565078793 0  
  1627435719 565078793 0  
  1627435720 565078793 0  
  1627435721 565078793 0  
  1627435722 565078793 0  
  1627435723 565078793 0  
  1627435724 565078793 0  
  1627435725 565078793 0  
  1627435726 565078793 0  
  1627435727 565078793 0  
  1627435728 565078793 0  
  1627435729 565078793 0  
  1627435731 565078793 0  
  1627435732 565078849 0  
  1627435733 565078849 0  
  1627435734 565078849 0  
  1627435735 565078849 0  
  1627435736 565078849 0  
  1627435737 565078849 0  
  1627435738 565078849 0  
  1627435739 565083158 0  
  1627435740 565083482 0  
  1627435741 565084190 0  
  1627435742 565084190 0  
  1627435743 565084190 0  
  1627435744 565084190 0  
  1627435745 565084190 0  
  1627435746 565084190 0  
  1627435747 565084190 0  
  1627435748 565084190 0  
  1627435749 565084190 0  
  1627435750 565084190 0  
  1627435751 565084190 0  
  1627435752 565084190 0  
  1627435753 565084190 0  
  1627435754 565084190 0  
  1627435755 565084190 0  
  1627435756 565084190 0  
  1627435757 565084190 0  
  1627435758 565084190 0  
  1627435759 565084190 0  
  1627435760 565084190 0  
  1627435761 565084190 0  
  1627435762 565084190 0  
  1627435763 565084190 0  
  1627435764 565084190 0  
  1627435765 565084190 0  
  1627435766 565084190 0  
  1627435767 565084190 0  
  1627435768 565084190 0  
  1627435770 565084190 0  
  1627435771 565084190 0  
  1627435772 565084190 0  
  1627435773 565084190 0  
  1627435774 565084190 0  
  1627435775 565084190 0  
  1627435776 565084190 0  
  1627435777 565084190 0  
  1627435778 565084190 0  
  1627435779 565084190 0  
  1627435780 565084786 0  
  1627435781 565084786 0  
  1627435782 565084786 0  
  1627435783 565084786 0  
  1627435784 565084786 0  
  1627435785 565084786 0  
  1627435786 565084786 0  
  1627435787 565084786 0  
  1627435788 565084786 0  
  1627435789 565084786 0  
  1627435790 565084786 0  
  1627435791 565084786 0  
  1627435792 565084786 0  
  1627435793 565084786 0  
  1627435794 565084786 0  
  1627435795 565084786 0  
  1627435796 565084786 0  
  1627435797 565084786 0  
  1627435798 565084786 0  
  1627435799 565084786 0  
  1627435800 565084786 0  
  1627435801 565084786 0  
  1627435802 565084786 0  
  1627435803 565084786 0  
  1627435804 565084786 0  
  1627435805 565084786 0  
  1627435806 565084786 0  
  1627435807 565084786 0  
  1627435809 565084786 0  
  1627435810 565084786 0  
  1627435811 565084786 0  
  1627435812 565084786 0  
  1627435813 565084786 0  
  1627435814 565084786 0  
  1627435815 565084786 0  
  1627435816 565084786 0  
  1627435817 565084786 0  
  1627435818 565085124 0  
  1627435819 565085124 0  
  1627435820 565085216 0  
  1627435821 565085216 0  
  1627435822 565085216 0  
  1627435823 565085216 0  
  1627435824 565085216 0  
  1627435825 565085216 0  
  1627435826 565085216 0  
  1627435827 565085216 0  
  1627435828 565085216 0  
  1627435829 565085216 0  
  1627435830 565085216 0  
  1627435831 565085216 0  
  1627435832 565085216 0  
  1627435833 565085216 0  
  1627435834 565085216 0  
  1627435835 565085216 0  
  1627435836 565085216 0  
  1627435837 565085216 0  
  1627435838 565085216 0  
  1627435839 565085216 0  
  1627435840 565085573 0  
  1627435841 565085573 0  
  1627435842 565085573 0  
  1627435843 565085573 0  
  1627435844 565085573 0  
  1627435845 565085573 0  
  1627435846 565085573 0  
  1627435848 565085573 0  
  1627435849 565085573 0  
  1627435850 565085573 0  
  1627435851 565085573 0  
  1627435852 565085573 0  
  1627435853 565085573 0  
  1627435854 565085573 0  
  1627435855 565085573 0  
  1627435856 565085573 0  
  1627435857 565085573 0  
  1627435858 565085573 0  
  1627435859 565085573 0  
  1627435860 565085573 0  
  1627435861 565085573 0  
  1627435862 565085573 0  
  1627435863 565085573 0  
  1627435864 565085573 0  
  1627435865 565085573 0  
  1627435866 565085573 0  
  1627435867 565085573 0  
  1627435868 565085573 0  
  1627435869 565085573 0  
  1627435870 565085573 0  
  1627435871 565085573 0  
  1627435872 565085573 0  
  1627435873 565085573 0  
  1627435874 565085573 0  
  1627435875 565085573 0  
  1627435876 565085573 0  
  1627435877 565085573 0  
  1627435878 565085573 0  
  1627435879 565085573 0  
  1627435880 565085573 0  
  1627435881 565085573 0  
  1627435882 565085573 0  
  1627435883 565085573 0  
  1627435884 565085573 0  
  1627435885 565085573 0  
  1627435886 565085573 0  
  1627435888 565085573 0  
  1627435889 565085573 0  
  1627435890 565085573 0  
  1627435891 565085573 0  
  1627435892 565085573 0  
  1627435893 565085573 0  
  1627435894 565085573 0  
  1627435895 565085573 0  
  1627435896 565085573 0  
  1627435897 565085573 0  
  1627435898 565085573 0  
  1627435899 565085573 0  
  1627435900 565085573 0  
  1627435901 565085573 0  
  1627435902 565085573 0  
  1627435903 565085573 0  
  1627435904 565085573 0  
  1627435905 565085573 0  
  1627435906 565085573 0  
  1627435907 565085573 0  
  1627435908 565085573 0  
  1627435909 565085573 0  
  1627435910 565085573 0  
  1627435911 565085573 0  
  1627435912 565085573 0  
  1627435913 565085573 0  
  1627435914 565085573 0  
  1627435915 565085573 0  
  1627435916 565085573 0  
  1627435917 565085573 0  
  1627435918 565085573 0  
  1627435919 565085573 0  
  1627435920 565085573 0  
  1627435921 565085573 0  
  1627435922 565085573 0  
  1627435923 565085573 0  
  1627435924 565085573 0  
  1627435925 565085573 0  
  1627435927 565085573 0  
  1627435928 565085573 0  
  1627435929 565089882 0  
  1627435930 565090206 0  
  1627435931 565090914 0  
  1627435932 565090914 0  
  1627435933 565090914 0  
  1627435934 565090914 0  
  1627435935 565090914 0  
  1627435936 565090914 0  
  1627435937 565090914 0  
  1627435938 565090914 0  
  1627435939 565090914 0  
  1627435940 565090914 0  
  1627435941 565090914 0  
  1627435942 565090914 0  
  1627435943 565090914 0  
  1627435944 565090914 0  
  1627435945 565090914 0  
  1627435946 565095359 0  
  1627435947 565095767 0  
  1627435948 565095767 0  
  1627435949 565096271 0  
  1627435950 565096271 0  
  1627435951 565096271 0  
  1627435952 565096271 0  
  1627435953 565096271 0  
  1627435954 565096271 0  
  1627435955 565100904 0  
  1627435956 565101612 0  
  1627435957 565101612 0  
  1627435958 565101612 0  
  1627435959 565101612 0  
  1627435960 565101612 0  
  1627435961 565101612 0  
  1627435962 565101612 0  
  1627435963 565101612 0  
  1627435964 565101612 0  
  1627435966 565101704 0  
  1627435967 565101704 0  
  1627435968 565101704 0  
  1627435969 565101704 0  
  1627435970 565101704 0  
  1627435971 565101704 0  
  1627435972 565101704 0  
  1627435973 565101704 0  
  1627435974 565101704 0  
  1627435975 565101704 0  
  1627435976 565101704 0  
  1627435977 565101704 0  
  1627435978 565101704 0  
  1627435979 565102300 0  
  1627435980 565102300 0  
  1627435981 565102300 0  
  1627435982 565102300 0  
  1627435983 565102300 0  
  1627435984 565102300 0  
  1627435985 565102300 0  
  1627435986 565102300 0  
  1627435987 565102300 0  
  1627435988 565102300 0  
  1627435989 565102300 0  
  1627435990 565102300 0  
  1627435991 565102300 0  
  1627435992 565102300 0  
  1627435993 565102300 0  
  1627435994 565102300 0  
  1627435995 565102300 0  
  1627435996 565102300 0  
  1627435997 565102300 0  
  1627435998 565102300 0  
  1627435999 565110918 0  
  1627436000 565111566 0  
  1627436001 565112710 0  
  1627436002 565112846 0  
  1627436003 565112846 0  
  1627436005 565112846 0  
  1627436006 565112846 0  
  1627436007 565112846 0  
  1627436008 565112846 0  
  1627436009 565112846 0  
  1627436010 565112846 0  
  1627436011 565112846 0  
  1627436012 565112846 0  
  1627436013 565112846 0  
  1627436014 565112846 0  
  1627436015 565112846 0  
  1627436016 565112846 0  
  1627436017 565112846 0  
  1627436018 565112846 0  
  1627436019 565112846 0  
  1627436020 565112846 0  
  1627436021 565112846 0  
  1627436022 565112846 0  
  1627436023 565112846 0  
  1627436024 565112846 0  
  1627436025 565112846 0  
  1627436026 565112846 0  
  1627436027 565112846 0  
  1627436028 565112846 0  
  1627436029 565112846 0  
  1627436030 565112846 0  
  1627436031 565112846 0  
  1627436032 565112846 0  
  1627436033 565112846 0  
  1627436034 565112846 0  
  1627436035 565112846 0  
  1627436036 565112846 0  
  1627436037 565112846 0  
  1627436038 565117155 0  
  1627436039 565117479 0  
  1627436040 565118119 0  
  1627436041 565118119 0  
  1627436043 565118119 0  
  1627436044 565118119 0  
  1627436045 565118119 0  
  1627436046 565118119 0  
  1627436047 565118119 0  
  1627436048 565118119 0  
  1627436049 565118119 0  
  1627436050 565118119 0  
  1627436051 565118119 0  
  1627436052 565118119 0  
  1627436053 565118119 0  
  1627436054 565118119 0  
  1627436055 565118119 0  
  1627436056 565118119 0  
  1627436057 565118119 0  
  1627436058 565118119 0  
  1627436059 565118119 0  
  1627436060 565118119 0  
  1627436061 565118119 0  
  1627436062 565118119 0  
  1627436063 565118119 0  
  1627436064 565118119 0  
  1627436065 565118119 0  
  1627436066 565118119 0  
  1627436067 565118119 0  
  1627436068 565118119 0  
  1627436069 565118119 0  
  1627436070 565118119 0  
  1627436071 565118119 0  
  1627436072 565118119 0  
  1627436073 565118119 0  
  1627436074 565118119 0  
  1627436075 565118119 0  
  1627436076 565118119 0  
  1627436077 565118119 0  
  1627436078 565118211 0  
  1627436079 565118211 0  
  1627436080 565118211 0  
  1627436082 565118211 0  
  1627436083 565118211 0  
  1627436084 565118211 0  
  1627436085 565118211 0  
  1627436086 565118211 0  
  1627436087 565118211 0  
  1627436088 565118211 0  
  1627436089 565118211 0  
  1627436090 565118211 0  
  1627436091 565118211 0  
  1627436092 565118211 0  
  1627436093 565118211 0  
  1627436094 565118211 0  
  1627436095 565118211 0  
  1627436096 565118211 0  
  1627436097 565118211 0  
  1627436098 565118211 0  
  1627436099 565118211 0  
  1627436100 565118211 0  
  1627436101 565118211 0  
  1627436102 565118211 0  
  1627436103 565118211 0  
  1627436104 565118211 0  
  1627436105 565118211 0  
  1627436106 565118211 0  
  1627436107 565118211 0  
  1627436108 565118211 0  
  1627436109 565118211 0  
  1627436110 565118211 0  
  1627436111 565118211 0  
  1627436112 565118211 0  
  1627436113 565118211 0  
  1627436114 565118211 0  
  1627436115 565118211 0  
  1627436116 565118211 0  
  1627436117 565118211 0  
  1627436118 565118211 0  
  1627436119 565118211 0  
  1627436121 565118211 0  
  1627436122 565118211 0  
  1627436123 565118211 0  
  1627436124 565118211 0  
  1627436125 565118211 0  
  1627436126 565118211 0  
  1627436127 565118211 0  
  1627436128 565118211 0  
  1627436129 565118211 0  
  1627436130 565118211 0  
  1627436131 565118211 0  
  1627436132 565118211 0  
  1627436133 565118211 0  
  1627436134 565118211 0  
  1627436135 565118211 0  
  1627436136 565118211 0  
  1627436137 565118211 0  
  1627436138 565118211 0  
  1627436139 565118211 0  
  1627436140 565118568 0  
  1627436141 565118568 0  
  1627436142 565118568 0  
  1627436143 565118568 0  
  1627436144 565118568 0  
  1627436145 565118568 0  
  1627436146 565118568 0  
  1627436147 565118568 0  
  1627436148 565118568 0  
  1627436149 565118568 0  
  1627436150 565118568 0  
  1627436151 565118568 0  
  1627436152 565118568 0  
  1627436153 565118568 0  
  1627436154 565118568 0  
  1627436155 565118568 0  
  1627436156 565118568 0  
  1627436157 565118568 0  
  1627436159 565118568 0  
  1627436160 565118568 0  
  1627436161 565118568 0  
  1627436162 565118568 0  
  1627436163 565118568 0  
  1627436164 565118568 0  
  1627436165 565118568 0  
  1627436166 565118568 0  
  1627436167 565118568 0  
  1627436168 565118568 0  
  1627436169 565118568 0  
  1627436170 565118568 0  
  1627436171 565118568 0  
  1627436172 565118568 0  
  1627436173 565118568 0  
  1627436174 565118568 0  
  1627436175 565118568 0  
  1627436176 565118568 0  
  1627436177 565118568 0  
  1627436178 565118568 0  
  1627436179 565118568 0  
  1627436180 565119164 0  
  1627436181 565119164 0  
  1627436182 565119164 0  
  1627436183 565119164 0  
  1627436184 565119164 0  
  1627436185 565119164 0  
  1627436186 565119164 0  
  1627436187 565119164 0  
  1627436188 565119164 0  
  1627436189 565119164 0  
  1627436190 565119164 0  
  1627436191 565119164 0  
  1627436192 565119164 0  
  1627436193 565119164 0  
  1627436194 565119164 0  
  1627436195 565119164 0  
  1627436196 565119164 0  
  1627436198 565119164 0  
  1627436199 565119164 0  
  1627436200 565119164 0  
  1627436201 565119164 0  
  1627436202 565119164 0  
  1627436203 565119164 0  
  1627436204 565119164 0  
  1627436205 565119164 0  
  1627436206 565119164 0  
  1627436207 565119164 0  
  1627436208 565119164 0  
  1627436209 565119164 0  
  1627436210 565119164 0  
  1627436211 565119164 0  
  1627436212 565119164 0  
  1627436213 565119164 0  
  1627436214 565119164 0  
  1627436215 565119164 0  
  1627436216 565119164 0  
  1627436217 565119164 0  
  1627436218 565119164 0  
  1627436219 565119164 0  
  1627436220 565119164 0  
  1627436221 565119164 0  
  1627436222 565119256 0  
  1627436223 565119256 0  
  1627436224 565119256 0  
  1627436225 565119256 0  
  1627436226 565119256 0  
  1627436227 565119256 0  
  1627436228 565123565 0  
  1627436229 565123889 0  
  1627436230 565124597 0  
  1627436231 565124597 0  
  1627436232 565124597 0  
  1627436233 565124597 0  
  1627436234 565124597 0  
  1627436235 565124597 0  
  1627436237 565124597 0  
  1627436238 565124597 0  
  1627436239 565124597 0  
  1627436240 565124597 0  
  1627436241 565124597 0  
  1627436242 565124597 0  
  1627436243 565124597 0  
  1627436244 565124597 0  
  1627436245 565124597 0  
  1627436246 565124597 0  
  1627436247 565124597 0  
  1627436248 565124597 0  
  1627436249 565124597 0  
  1627436250 565124597 0  
  1627436251 565124597 0  
  1627436252 565124597 0  
  1627436253 565124597 0  
  1627436254 565124597 0  
  1627436255 565124597 0  
  1627436256 565124597 0  
  1627436257 565129230 0  
  1627436258 565129230 0  
  1627436259 565129938 0  
  1627436260 565129938 0  
  1627436261 565129938 0  
  1627436262 565129938 0  
  1627436263 565129938 0  
  1627436264 565129938 0  
  1627436265 565129938 0  
  1627436266 565129938 0  
  1627436267 565129938 0  
  1627436268 565129938 0  
  1627436269 565129938 0  
  1627436270 565129938 0  
  1627436271 565129938 0  
  1627436272 565129938 0  
  1627436273 565129938 0  
  1627436274 565129938 0  
  1627436276 565129938 0  
  1627436277 565129938 0  
  1627436278 565129938 0  
  1627436279 565129938 0  
  1627436280 565129938 0  
  1627436281 565129938 0  
  1627436282 565129938 0  
  1627436283 565129938 0  
  1627436284 565129938 0  
  1627436285 565129938 0  
  1627436286 565129938 0  
  1627436287 565129938 0  
  1627436288 565129938 0  
  1627436289 565129938 0  
  1627436290 565129938 0  
  1627436291 565129938 0  
  1627436292 565129938 0  
  1627436293 565129938 0  
  1627436294 565129938 0  
  1627436295 565129938 0  
  1627436296 565129938 0  
  1627436297 565129938 0  
  1627436298 565129938 0  
  1627436299 565129938 0  
  1627436300 565139068 0  
  1627436301 565139204 0  
  1627436302 565140620 0  
  1627436303 565140620 0  
  1627436304 565140620 0  
  1627436305 565140620 0  
  1627436306 565140620 0  
  1627436307 565140620 0  
  1627436308 565140620 0  
  1627436309 565140620 0  
  1627436310 565140620 0  
  1627436311 565140620 0  
  1627436312 565140620 0  
  1627436314 565140620 0  
  1627436315 565140620 0  
  1627436316 565140620 0  
  1627436317 565140620 0  
  1627436318 565140620 0  
  1627436319 565140620 0  
  1627436320 565140620 0  
  1627436321 565140620 0  
  1627436322 565140620 0  
  1627436323 565140620 0  
  1627436324 565140620 0  
  1627436325 565140620 0  
  1627436326 565140620 0  
  1627436327 565140620 0  
  1627436328 565140620 0  
  1627436329 565140620 0  
  1627436330 565140620 0  
  1627436331 565140620 0  
  1627436332 565140620 0  
  1627436333 565140620 0  
  1627436334 565140620 0  
  1627436335 565140620 0  
  1627436336 565140620 0  
  1627436337 565140620 0  
  1627436338 565144929 0  
  1627436339 565145345 0  
  1627436340 565145345 0  
  1627436341 565146053 0  
  1627436342 565146053 0  
  1627436343 565146053 0  
  1627436344 565146053 0  
  1627436345 565146053 0  
  1627436346 565146053 0  
  1627436347 565146053 0  
  1627436348 565146053 0  
  1627436349 565146053 0  
  1627436350 565146053 0  
  1627436351 565146053 0  
  1627436353 565146053 0  
  1627436354 565146053 0  
  1627436355 565146053 0  
  1627436356 565146053 0  
  1627436357 565146053 0  
  1627436358 565146053 0  
  1627436359 565146053 0  
  1627436360 565146053 0  
  1627436361 565146053 0  
  1627436362 565146053 0  
  1627436363 565146053 0  
  1627436364 565146053 0  
  1627436365 565146053 0  
  1627436366 565146053 0  
  1627436367 565146053 0  
  1627436368 565146053 0  
  1627436369 565146053 0  
  1627436370 565146053 0  
  1627436371 565146053 0  
  1627436372 565146053 0  
  1627436373 565146053 0  
  1627436374 565146053 0  
  1627436375 565146053 0  
  1627436376 565146053 0  
  1627436377 565146053 0  
  1627436378 565146053 0  
  1627436379 565146053 0  
  1627436380 565146649 0  
  1627436381 565146649 0  
  1627436382 565146649 0  
  1627436383 565146649 0  
  1627436384 565146649 0  
  1627436385 565146649 0  
  1627436386 565146649 0  
  1627436387 565146649 0  
  1627436388 565146649 0  
  1627436389 565146649 0  
  1627436390 565146649 0  
  1627436391 565146649 0  
  1627436393 565146649 0  
  1627436394 565146649 0  
  1627436395 565146649 0  
  1627436396 565146649 0  
  1627436397 565146649 0  
  1627436398 565146649 0  
  1627436399 565146649 0  
  1627436400 565146649 0  
  1627436401 565146649 0  
  1627436402 565146649 0  
  1627436403 565146649 0  
  1627436404 565146649 0  
  1627436405 565146649 0  
  1627436406 565146649 0  
  1627436407 565146649 0  
  1627436408 565146649 0  
  1627436409 565146649 0  
  1627436410 565146649 0  
  1627436411 565146649 0  
  1627436412 565146649 0  
  1627436413 565146649 0  
  1627436414 565146649 0  
  1627436415 565146649 0  
  1627436416 565146649 0  
  1627436417 565146649 0  
  1627436418 565146649 0  
  1627436419 565146649 0  
  1627436420 565146649 0  
  1627436421 565146649 0  
  1627436422 565146649 0  
  1627436423 565146649 0  
  1627436424 565146649 0  
  1627436425 565146649 0  
  1627436426 565146649 0  
  1627436427 565146649 0  
  1627436428 565146649 0  
  1627436429 565146649 0  
  1627436430 565146649 0  
  1627436432 565146649 0  
  1627436433 565146649 0  
  1627436434 565146717 0  
  1627436435 565146717 0  
  1627436436 565146717 0  
  1627436437 565146717 0  
  1627436438 565146717 0  
  1627436439 565146717 0  
  1627436440 565148298 0  
  1627436441 565148298 0  
  1627436442 565148298 0  
  1627436443 565148298 0  
  1627436444 565148298 0  
  1627436445 565148298 0  
  1627436446 565148298 0  
  1627436447 565148298 0  
  1627436448 565148298 0  
  1627436449 565148298 0  
  1627436450 565148298 0  
  1627436451 565148298 0  
  1627436452 565148298 0  
  1627436453 565148298 0  
  1627436454 565148298 0  
  1627436455 565148298 0  
  1627436456 565148298 0  
  1627436457 565148298 0  
  1627436458 565148298 0  
  1627436459 565148298 0  
  1627436460 565148298 0  
  1627436461 565148298 0  
  1627436462 565148298 0  
  1627436463 565148298 0  
  1627436464 565148298 0  
  1627436465 565148298 0  
  1627436466 565148298 0  
  1627436467 565148298 0  
  1627436468 565148298 0  
  1627436469 565148298 0  
  1627436471 565148298 0  
  1627436472 565148298 0  
  1627436473 565148298 0  
  1627436474 565148298 0  
  1627436475 565148298 0  
  1627436476 565148298 0  
  1627436477 565148298 0  
  1627436478 565148298 0  
  1627436479 565148298 0  
  1627436480 565148298 0  
  1627436481 565148390 0  
  1627436482 565148390 0  
  1627436483 565148390 0  
  1627436484 565148390 0  
  1627436485 565148390 0  
  1627436486 565148390 0  
  1627436487 565148390 0  
  1627436488 565148390 0  
  1627436489 565148390 0  
  1627436490 565148390 0  
  1627436491 565148390 0  
  1627436492 565148390 0  
  1627436493 565148390 0  
  1627436494 565148390 0  
  1627436495 565148390 0  
  1627436496 565148390 0  
  1627436497 565148390 0  
  1627436498 565148390 0  
  1627436499 565148390 0  
  1627436500 565148390 0  
  1627436501 565148390 0  
  1627436502 565148390 0  
  1627436503 565148390 0  
  1627436504 565148390 0  
  1627436505 565148390 0  
  1627436506 565148390 0  
  1627436507 565148390 0  
  1627436508 565148390 0  
  1627436510 565148390 0  
  1627436511 565148390 0  
  1627436512 565148390 0  
  1627436513 565148390 0  
  1627436514 565148390 0  
  1627436515 565148390 0  
  1627436516 565148390 0  
  1627436517 565148390 0  
  1627436518 565148390 0  
  1627436519 565148390 0  
  1627436520 565148390 0  
  1627436521 565148390 0  
  1627436522 565148390 0  
  1627436523 565148390 0  
  1627436524 565148390 0  
  1627436525 565148390 0  
  1627436526 565148390 0  
  1627436527 565148390 0  
  1627436528 565152699 0  
  1627436529 565153023 0  
  1627436530 565153023 0  
  1627436531 565153663 0  
  1627436532 565153663 0  
  1627436533 565153663 0  
  1627436534 565153663 0  
  1627436535 565153663 0  
  1627436536 565153663 0  
  1627436537 565153663 0  
  1627436538 565153663 0  
  1627436539 565153663 0  
  1627436540 565153663 0  
  1627436541 565153663 0  
  1627436542 565153663 0  
  1627436543 565153663 0  
  1627436544 565153663 0  
  1627436545 565153663 0  
  1627436546 565153663 0  
  1627436547 565153663 0  
  1627436549 565153663 0  
  1627436550 565153663 0  
  1627436551 565153663 0  
  1627436552 565153663 0  
  1627436553 565153663 0  
  1627436554 565153663 0  
  1627436555 565153663 0  
  1627436556 565153663 0  
  1627436557 565157972 0  
  1627436558 565158296 0  
  1627436559 565158296 0  
  1627436560 565159004 0  
  1627436561 565159004 0  
  1627436562 565159004 0  
  1627436563 565159004 0  
  1627436564 565159004 0  
  1627436565 565159004 0  
  1627436566 565159004 0  
  1627436567 565159004 0  
  1627436568 565159004 0  
  1627436569 565159004 0  
  1627436570 565159004 0  
  1627436571 565159004 0  
  1627436572 565159004 0  
  1627436573 565159004 0  
  1627436574 565159004 0  
  1627436575 565159004 0  
  1627436576 565159004 0  
  1627436577 565159004 0  
  1627436578 565159004 0  
  1627436579 565159600 0  
  1627436580 565159600 0  
  1627436581 565159600 0  
  1627436582 565159600 0  
  1627436583 565159600 0  
  1627436584 565159600 0  
  1627436585 565159600 0  
  1627436586 565159600 0  
  1627436587 565159600 0  
  1627436589 565159600 0  
  1627436590 565159600 0  
 