 1626888116 483624465 0  
  1626888117 483624465 0  
  1626888118 483624465 0  
  1626888119 483624465 0  
  1626888120 483624465 0  
  1626888121 483624465 0  
  1626888122 483624465 0  
  1626888123 483624465 0  
  1626888124 483624465 0  
  1626888125 483624465 0  
  1626888126 483624465 0  
  1626888127 483624465 0  
  1626888128 483624465 0  
  1626888129 483624465 0  
  1626888130 483624465 0  
  1626888131 483624465 0  
  1626888132 483624465 0  
  1626888133 483624465 0  
  1626888134 483624465 0  
  1626888135 483624465 0  
  1626888136 483624465 0  
  1626888137 483624465 0  
  1626888138 483624465 0  
  1626888139 483624465 0  
  1626888140 483624465 0  
  1626888141 483624465 0  
  1626888142 483624465 0  
  1626888143 483624465 0  
  1626888144 483624465 0  
  1626888145 483624465 0  
  1626888146 483624465 0  
  1626888147 483624465 0  
  1626888149 483624465 0  
  1626888150 483624465 0  
  1626888151 483624465 0  
  1626888152 483624465 0  
  1626888153 483624465 0  
  1626888154 483624465 0  
  1626888155 483624465 0  
  1626888156 483624465 0  
  1626888157 483624465 0  
  1626888158 483624465 0  
  1626888159 483624465 0  
  1626888160 483624465 0  
  1626888161 483624465 0  
  1626888162 483624465 0  
  1626888163 483624465 0  
  1626888164 483624465 0  
  1626888165 483624557 0  
  1626888166 483624557 0  
  1626888167 483624557 0  
  1626888168 483624557 0  
  1626888169 483624557 0  
  1626888170 483624557 0  
  1626888171 483624557 0  
  1626888172 483624557 0  
  1626888173 483624557 0  
  1626888174 483624557 0  
  1626888175 483624557 0  
  1626888176 483628866 0  
  1626888177 483629190 0  
  1626888178 483629190 0  
  1626888179 483629898 0  
  1626888180 483629898 0  
  1626888181 483629898 0  
  1626888182 483629898 0  
  1626888183 483629898 0  
  1626888184 483629898 0  
  1626888185 483629898 0  
  1626888186 483629898 0  
  1626888187 483629898 0  
  1626888189 483629898 0  
  1626888190 483629898 0  
  1626888191 483629898 0  
  1626888192 483629898 0  
  1626888193 483629898 0  
  1626888194 483629898 0  
  1626888195 483629898 0  
  1626888196 483629898 0  
  1626888197 483629898 0  
  1626888198 483629898 0  
  1626888199 483629898 0  
  1626888200 483629898 0  
  1626888201 483629898 0  
  1626888202 483629898 0  
  1626888203 483629898 0  
  1626888204 483629898 0  
  1626888205 483629898 0  
  1626888206 483629898 0  
  1626888207 483629898 0  
  1626888208 483629898 0  
  1626888209 483629898 0  
  1626888210 483629898 0  
  1626888211 483629898 0  
  1626888212 483629898 0  
  1626888213 483629898 0  
  1626888214 483629898 0  
  1626888215 483629898 0  
  1626888216 483629898 0  
  1626888217 483629898 0  
  1626888218 483629898 0  
  1626888219 483629898 0  
  1626888220 483629898 0  
  1626888221 483629898 0  
  1626888222 483629898 0  
  1626888223 483629898 0  
  1626888224 483629898 0  
  1626888225 483629898 0  
  1626888226 483629898 0  
  1626888227 483629898 0  
  1626888229 483629898 0  
  1626888230 483629898 0  
  1626888231 483629898 0  
  1626888232 483629898 0  
  1626888233 483629898 0  
  1626888234 483629898 0  
  1626888235 483629898 0  
  1626888236 483629898 0  
  1626888237 483629898 0  
  1626888238 483629898 0  
  1626888239 483629898 0  
  1626888240 483629898 0  
  1626888241 483629898 0  
  1626888242 483629898 0  
  1626888243 483629898 0  
  1626888244 483629898 0  
  1626888245 483629898 0  
  1626888246 483629898 0  
  1626888247 483629898 0  
  1626888248 483629898 0  
  1626888249 483629898 0  
  1626888250 483629898 0  
  1626888251 483629898 0  
  1626888252 483629898 0  
  1626888253 483629898 0  
  1626888254 483629898 0  
  1626888255 483629898 0  
  1626888256 483629898 0  
  1626888257 483629898 0  
  1626888258 483629898 0  
  1626888259 483629898 0  
  1626888260 483629898 0  
  1626888261 483629898 0  
  1626888262 483629898 0  
  1626888263 483629898 0  
  1626888264 483629898 0  
  1626888265 483629898 0  
  1626888266 483629898 0  
  1626888268 483629898 0  
  1626888269 483630494 0  
  1626888270 483630494 0  
  1626888271 483630494 0  
  1626888272 483630494 0  
  1626888273 483630494 0  
  1626888274 483630494 0  
  1626888275 483630494 0  
  1626888276 483630494 0  
  1626888277 483630494 0  
  1626888278 483630494 0  
  1626888279 483630494 0  
  1626888280 483630494 0  
  1626888281 483630494 0  
  1626888282 483630494 0  
  1626888283 483630494 0  
  1626888284 483630494 0  
  1626888285 483630494 0  
  1626888286 483630494 0  
  1626888287 483630494 0  
  1626888288 483630494 0  
  1626888289 483630494 0  
  1626888290 483630494 0  
  1626888291 483630494 0  
  1626888292 483630494 0  
  1626888293 483630494 0  
  1626888294 483630586 0  
  1626888295 483630586 0  
  1626888296 483630586 0  
  1626888297 483630586 0  
  1626888298 483630586 0  
  1626888299 483630586 0  
  1626888300 483630586 0  
  1626888301 483630586 0  
  1626888302 483630586 0  
  1626888303 483630586 0  
  1626888304 483630586 0  
  1626888305 483630586 0  
  1626888306 483630586 0  
  1626888308 483630586 0  
  1626888309 483630586 0  
  1626888310 483630586 0  
  1626888311 483630586 0  
  1626888312 483630586 0  
  1626888313 483630586 0  
  1626888314 483630586 0  
  1626888315 483630586 0  
  1626888316 483630586 0  
  1626888317 483630586 0  
  1626888318 483630586 0  
  1626888319 483630586 0  
  1626888320 483630586 0  
  1626888321 483630586 0  
  1626888322 483630586 0  
  1626888323 483630586 0  
  1626888324 483630586 0  
  1626888325 483630586 0  
  1626888326 483630586 0  
  1626888327 483630586 0  
  1626888328 483630586 0  
  1626888329 483630586 0  
  1626888330 483630586 0  
  1626888331 483630586 0  
  1626888332 483630586 0  
  1626888333 483630586 0  
  1626888334 483630586 0  
  1626888335 483630586 0  
  1626888336 483630586 0  
  1626888337 483630586 0  
  1626888338 483630586 0  
  1626888339 483630586 0  
  1626888340 483630943 0  
  1626888341 483630943 0  
  1626888342 483630943 0  
  1626888343 483630943 0  
  1626888344 483630943 0  
  1626888345 483635252 0  
  1626888347 483635576 0  
  1626888348 483636284 0  
  1626888349 483640917 0  
  1626888350 483640917 0  
  1626888351 483641625 0  
  1626888352 483641625 0  
  1626888353 483641625 0  
  1626888354 483650891 0  
  1626888355 483651531 0  
  1626888356 483652239 0  
  1626888357 483652239 0  
  1626888358 483652239 0  
  1626888359 483652239 0  
  1626888360 483652239 0  
  1626888361 483652239 0  
  1626888362 483652239 0  
  1626888363 483652239 0  
  1626888364 483652239 0  
  1626888365 483652239 0  
  1626888366 483652239 0  
  1626888367 483652239 0  
  1626888368 483652239 0  
  1626888369 483652239 0  
  1626888370 483652239 0  
  1626888371 483652239 0  
  1626888372 483652239 0  
  1626888373 483652239 0  
  1626888374 483652239 0  
  1626888375 483652239 0  
  1626888376 483652239 0  
  1626888377 483652239 0  
  1626888378 483652239 0  
  1626888379 483652239 0  
  1626888380 483652239 0  
  1626888381 483652239 0  
  1626888382 483652239 0  
  1626888383 483652239 0  
  1626888384 483652239 0  
  1626888385 483652239 0  
  1626888387 483652239 0  
  1626888388 483652239 0  
  1626888389 483652239 0  
  1626888390 483652239 0  
  1626888391 483652239 0  
  1626888392 483652239 0  
  1626888393 483652239 0  
  1626888394 483652239 0  
  1626888395 483652239 0  
  1626888396 483652239 0  
  1626888397 483652239 0  
  1626888398 483652239 0  
  1626888399 483652239 0  
  1626888400 483652239 0  
  1626888401 483652239 0  
  1626888402 483652239 0  
  1626888403 483652239 0  
  1626888404 483652239 0  
  1626888405 483652239 0  
  1626888406 483652239 0  
  1626888407 483652239 0  
  1626888408 483652239 0  
  1626888409 483652239 0  
  1626888410 483652239 0  
  1626888411 483652239 0  
  1626888412 483652239 0  
  1626888413 483652239 0  
  1626888414 483652239 0  
  1626888415 483652239 0  
  1626888416 483652239 0  
  1626888417 483652239 0  
  1626888418 483652239 0  
  1626888419 483652239 0  
  1626888420 483652239 0  
  1626888421 483652239 0  
  1626888422 483652331 0  
  1626888423 483652331 0  
  1626888424 483652331 0  
  1626888425 483652331 0  
  1626888427 483652331 0  
  1626888428 483652331 0  
  1626888429 483652331 0  
  1626888430 483652331 0  
  1626888431 483652331 0  
  1626888432 483652331 0  
  1626888433 483652331 0  
  1626888434 483652331 0  
  1626888435 483652331 0  
  1626888436 483652331 0  
  1626888437 483652331 0  
  1626888438 483652331 0  
 