 1627431303 561980994 0  
  1627431304 561980994 0  
  1627431305 561980994 0  
  1627431306 561980994 0  
  1627431307 561980994 0  
  1627431308 561980994 0  
  1627431309 561980994 0  
  1627431310 561980994 0  
  1627431311 561980994 0  
  1627431312 561980994 0  
  1627431313 561980994 0  
  1627431314 561980994 0  
  1627431315 561980994 0  
  1627431316 561980994 0  
  1627431317 561981332 0  
  1627431318 561981332 0  
  1627431319 561981332 0  
  1627431320 561981332 0  
  1627431321 561981332 0  
  1627431322 561981332 0  
  1627431323 561981332 0  
  1627431324 561981332 0  
  1627431325 561981332 0  
  1627431326 561981332 0  
  1627431327 561981332 0  
  1627431328 561981332 0  
  1627431329 561981332 0  
  1627431330 561981332 0  
  1627431331 561981332 0  
  1627431332 561981332 0  
  1627431333 561981332 0  
  1627431334 561981332 0  
  1627431335 561981332 0  
  1627431336 561981332 0  
  1627431338 561981332 0  
  1627431339 561981332 0  
  1627431340 561981332 0  
  1627431341 561981332 0  
  1627431342 561981332 0  
  1627431343 561981689 0  
  1627431344 561981689 0  
  1627431345 561981689 0  
  1627431346 561981689 0  
  1627431347 561981689 0  
  1627431348 561981689 0  
  1627431349 561981689 0  
  1627431350 561981689 0  
  1627431351 561981689 0  
  1627431352 561981689 0  
  1627431353 561981689 0  
  1627431354 561981689 0  
  1627431355 561981689 0  
  1627431356 561981689 0  
  1627431357 561981689 0  
  1627431358 561981689 0  
  1627431359 561981689 0  
  1627431360 561981689 0  
  1627431361 561981689 0  
  1627431362 561981689 0  
  1627431363 561981689 0  
  1627431364 561981689 0  
  1627431365 561981689 0  
  1627431366 561981689 0  
  1627431367 561981689 0  
  1627431368 561981689 0  
  1627431369 561981689 0  
  1627431370 561981689 0  
  1627431371 561981689 0  
  1627431372 561981689 0  
  1627431373 561981689 0  
  1627431374 561981689 0  
  1627431375 561981689 0  
  1627431376 561981689 0  
  1627431378 561981689 0  
  1627431379 561981689 0  
  1627431380 561981689 0  
  1627431381 561981689 0  
  1627431382 561981689 0  
  1627431383 561981689 0  
  1627431384 561981689 0  
  1627431385 561981689 0  
  1627431386 561981689 0  
  1627431387 561981689 0  
  1627431388 561981689 0  
  1627431389 561981689 0  
  1627431390 561981689 0  
  1627431391 561981689 0  
  1627431392 561981689 0  
  1627431393 561981689 0  
  1627431394 561981689 0  
  1627431395 561981689 0  
  1627431396 561981689 0  
  1627431397 561981689 0  
  1627431398 561981689 0  
  1627431399 561981689 0  
  1627431400 561981689 0  
  1627431401 561981689 0  
  1627431402 561981689 0  
  1627431403 561981689 0  
  1627431404 561981689 0  
  1627431405 561981689 0  
  1627431406 561981689 0  
  1627431407 561981689 0  
  1627431408 561981689 0  
  1627431409 561981689 0  
  1627431410 561981689 0  
  1627431411 561981689 0  
  1627431412 561981689 0  
  1627431413 561981689 0  
  1627431414 561981689 0  
  1627431415 561981689 0  
  1627431417 561981689 0  
  1627431418 561981689 0  
  1627431419 561981689 0  
  1627431420 561981689 0  
  1627431421 561981689 0  
  1627431422 561981689 0  
  1627431423 561981689 0  
  1627431424 561981689 0  
  1627431425 561981689 0  
  1627431426 561981689 0  
  1627431427 561981689 0  
  1627431428 561981689 0  
  1627431429 561985818 0  
  1627431430 561986322 0  
  1627431431 561986322 0  
  1627431432 561986894 0  
  1627431433 561986894 0  
  1627431434 561986894 0  
  1627431435 561986894 0  
  1627431436 561986894 0  
  1627431437 561986894 0  
  1627431438 561986894 0  
  1627431439 561986894 0  
  1627431440 561986894 0  
  1627431441 561986894 0  
  1627431442 561986894 0  
  1627431443 561986894 0  
  1627431444 561986894 0  
  1627431445 561986894 0  
  1627431446 561986894 0  
  1627431447 561986894 0  
  1627431448 561986894 0  
  1627431449 561986894 0  
  1627431450 561986894 0  
  1627431451 561986894 0  
  1627431452 561986894 0  
  1627431453 561986894 0  
  1627431455 561986894 0  
  1627431456 561986894 0  
  1627431457 561991203 0  
  1627431458 561991527 0  
  1627431459 561992099 0  
  1627431460 561992099 0  
  1627431461 561992099 0  
  1627431462 561992099 0  
  1627431463 561992099 0  
  1627431464 561992099 0  
  1627431465 561992099 0  
  1627431466 561992099 0  
  1627431467 561992099 0  
  1627431468 561992437 0  
  1627431469 561992437 0  
  1627431470 561992437 0  
  1627431471 561992437 0  
  1627431472 561992437 0  
  1627431473 561992437 0  
  1627431474 561992437 0  
  1627431475 561992437 0  
  1627431476 561992437 0  
  1627431477 561992437 0  
  1627431478 561992437 0  
  1627431479 561993033 0  
  1627431480 561993033 0  
  1627431481 561993033 0  
  1627431482 561993033 0  
  1627431483 561993033 0  
  1627431484 561993033 0  
  1627431485 561993033 0  
  1627431486 561993033 0  
  1627431487 561993033 0  
  1627431488 561993033 0  
  1627431489 561993109 0  
  1627431490 561993109 0  
  1627431491 561993109 0  
  1627431492 561993109 0  
  1627431494 561993109 0  
  1627431495 561993109 0  
  1627431496 561993109 0  
  1627431497 561993109 0  
  1627431498 561993201 0  
  1627431499 561995162 0  
  1627431500 562002467 0  
  1627431501 562002467 0  
  1627431502 562003883 0  
  1627431503 562003883 0  
  1627431504 562003883 0  
  1627431505 562003883 0  
  1627431506 562003883 0  
  1627431507 562003883 0  
  1627431508 562003883 0  
  1627431509 562003883 0  
  1627431510 562003883 0  
  1627431511 562003883 0  
  1627431512 562003883 0  
  1627431513 562003883 0  
  1627431514 562003883 0  
  1627431515 562003883 0  
  1627431516 562003883 0  
  1627431517 562003883 0  
  1627431518 562003883 0  
  1627431519 562003883 0  
  1627431520 562003883 0  
  1627431521 562003883 0  
  1627431522 562003883 0  
  1627431523 562003883 0  
  1627431524 562003883 0  
  1627431525 562003883 0  
  1627431526 562003883 0  
  1627431527 562003883 0  
  1627431528 562003883 0  
  1627431529 562003959 0  
  1627431530 562003959 0  
  1627431531 562003959 0  
  1627431533 562003959 0  
  1627431534 562003959 0  
  1627431535 562003959 0  
  1627431536 562003959 0  
  1627431537 562003959 0  
  1627431538 562008268 0  
  1627431539 562008592 0  
  1627431540 562008592 0  
  1627431541 562009300 0  
  1627431542 562009300 0  
  1627431543 562009300 0  
  1627431544 562009300 0  
  1627431545 562009300 0  
  1627431546 562009300 0  
  1627431547 562009300 0  
  1627431548 562009300 0  
  1627431549 562009300 0  
  1627431550 562009300 0  
  1627431551 562009300 0  
  1627431552 562009300 0  
  1627431553 562009300 0  
  1627431554 562009300 0  
  1627431555 562009300 0  
  1627431556 562009300 0  
  1627431557 562009300 0  
  1627431558 562009300 0  
  1627431559 562009300 0  
  1627431560 562009300 0  
  1627431561 562009300 0  
  1627431562 562009300 0  
  1627431563 562009300 0  
  1627431564 562009300 0  
  1627431565 562009300 0  
  1627431566 562009300 0  
  1627431567 562009300 0  
  1627431568 562009300 0  
  1627431569 562009300 0  
  1627431570 562009300 0  
  1627431572 562009300 0  
  1627431573 562009300 0  
  1627431574 562009300 0  
  1627431575 562009300 0  
  1627431576 562009300 0  
  1627431577 562009300 0  
  1627431578 562009300 0  
  1627431579 562009300 0  
  1627431580 562009300 0  
  1627431581 562009300 0  
  1627431582 562009300 0  
  1627431583 562009300 0  
  1627431584 562009300 0  
  1627431585 562009300 0  
  1627431586 562009300 0  
  1627431587 562009300 0  
  1627431588 562009300 0  
  1627431589 562009300 0  
  1627431590 562009300 0  
  1627431591 562009300 0  
  1627431592 562009300 0  
  1627431593 562009300 0  
  1627431594 562009300 0  
  1627431595 562009300 0  
  1627431596 562009300 0  
  1627431597 562009300 0  
  1627431598 562009300 0  
  1627431599 562009300 0  
  1627431600 562009300 0  
  1627431601 562009300 0  
  1627431602 562009300 0  
  1627431603 562009300 0  
  1627431604 562009300 0  
  1627431605 562009300 0  
  1627431606 562009638 0  
  1627431607 562009638 0  
  1627431608 562009638 0  
  1627431609 562009638 0  
  1627431611 562009638 0  
  1627431612 562009638 0  
  1627431613 562009638 0  
  1627431614 562009638 0  
  1627431615 562009730 0  
  1627431616 562009730 0  
  1627431617 562009730 0  
  1627431618 562009730 0  
  1627431619 562009730 0  
  1627431620 562009730 0  
  1627431621 562009730 0  
  1627431622 562009790 0  
  1627431623 562009790 0  
  1627431624 562009790 0  
  1627431625 562009790 0  
  1627431626 562009790 0  
  1627431627 562009790 0  
  1627431628 562009790 0  
  1627431629 562009790 0  
  1627431630 562009790 0  
  1627431631 562009790 0  
  1627431632 562009790 0  
  1627431633 562009790 0  
  1627431634 562009790 0  
  1627431635 562009790 0  
  1627431636 562009790 0  
  1627431637 562009790 0  
  1627431638 562009790 0  
  1627431639 562009790 0  
  1627431640 562009790 0  
  1627431641 562009790 0  
  1627431642 562009790 0  
  1627431643 562010147 0  
  1627431644 562010147 0  
  1627431645 562010147 0  
  1627431646 562010147 0  
  1627431647 562010147 0  
  1627431648 562010147 0  
  1627431650 562010147 0  
  1627431651 562010147 0  
  1627431652 562010147 0  
  1627431653 562010147 0  
  1627431654 562010147 0  
  1627431655 562010147 0  
  1627431656 562010147 0  
  1627431657 562010147 0  
  1627431658 562010147 0  
  1627431659 562010147 0  
  1627431660 562010147 0  
  1627431661 562010147 0  
  1627431662 562010147 0  
  1627431663 562010147 0  
  1627431664 562010147 0  
  1627431665 562010147 0  
  1627431666 562010147 0  
  1627431667 562010147 0  
  1627431668 562010147 0  
  1627431669 562010147 0  
  1627431670 562010147 0  
  1627431671 562010147 0  
  1627431672 562010147 0  
  1627431673 562010147 0  
  1627431674 562010147 0  
  1627431675 562010147 0  
  1627431676 562010147 0  
  1627431677 562010147 0  
  1627431678 562010147 0  
  1627431679 562010743 0  
  1627431680 562010743 0  
  1627431681 562010743 0  
  1627431682 562010743 0  
  1627431683 562010743 0  
  1627431684 562010743 0  
  1627431685 562010743 0  
  1627431686 562010743 0  
  1627431688 562010743 0  
  1627431689 562010743 0  
  1627431690 562010743 0  
  1627431691 562010743 0  
  1627431692 562010743 0  
  1627431693 562010743 0  
  1627431694 562010743 0  
  1627431695 562010743 0  
  1627431696 562010743 0  
  1627431697 562010743 0  
  1627431698 562010743 0  
  1627431699 562010743 0  
  1627431700 562010743 0  
  1627431701 562010743 0  
  1627431702 562010811 0  
  1627431703 562010879 0  
  1627431704 562010879 0  
  1627431705 562010879 0  
  1627431706 562010947 0  
  1627431707 562011015 0  
  1627431708 562011015 0  
  1627431709 562011015 0  
  1627431710 562011015 0  
  1627431711 562011015 0  
  1627431712 562011015 0  
  1627431713 562011015 0  
  1627431714 562011015 0  
  1627431715 562011015 0  
  1627431716 562011015 0  
  1627431717 562011015 0  
  1627431718 562011015 0  
  1627431719 562011015 0  
  1627431720 562011015 0  
  1627431721 562011015 0  
  1627431722 562011015 0  
  1627431723 562011015 0  
  1627431724 562011015 0  
  1627431725 562011015 0  
  1627431727 562011015 0  
  1627431728 562013912 0  
  1627431729 562015648 0  
  1627431730 562015648 0  
  1627431731 562016288 0  
  1627431732 562016288 0  
  1627431733 562016288 0  
  1627431734 562016288 0  
  1627431735 562016288 0  
  1627431736 562016288 0  
  1627431737 562016288 0  
  1627431738 562016288 0  
  1627431739 562016288 0  
  1627431740 562016288 0  
  1627431741 562016288 0  
  1627431742 562016288 0  
  1627431743 562016288 0  
  1627431744 562016288 0  
  1627431745 562016288 0  
  1627431746 562016288 0  
  1627431747 562016288 0  
  1627431748 562016288 0  
  1627431749 562016288 0  
  1627431750 562016288 0  
  1627431751 562016288 0  
  1627431752 562016288 0  
  1627431753 562016288 0  
  1627431754 562016288 0  
  1627431755 562016288 0  
  1627431756 562020597 0  
  1627431757 562020921 0  
  1627431758 562020921 0  
  1627431759 562021629 0  
  1627431760 562021629 0  
  1627431761 562021629 0  
  1627431762 562021629 0  
  1627431763 562021629 0  
  1627431765 562021629 0  
  1627431766 562021629 0  
  1627431767 562021629 0  
  1627431768 562021629 0  
  1627431769 562021689 0  
  1627431770 562021689 0  
  1627431771 562021689 0  
  1627431772 562021689 0  
  1627431773 562021689 0  
  1627431774 562021689 0  
  1627431775 562021689 0  
  1627431776 562021689 0  
  1627431777 562021689 0  
  1627431778 562021689 0  
  1627431779 562021689 0  
  1627431780 562021689 0  
  1627431781 562021689 0  
  1627431782 562021689 0  
  1627431783 562021689 0  
  1627431784 562021689 0  
  1627431785 562021689 0  
  1627431786 562021689 0  
  1627431787 562021689 0  
  1627431788 562021689 0  
  1627431789 562021689 0  
  1627431790 562021689 0  
  1627431791 562021689 0  
  1627431792 562021689 0  
  1627431793 562021689 0  
  1627431794 562021689 0  
  1627431795 562021689 0  
  1627431796 562021689 0  
  1627431797 562021689 0  
  1627431798 562021689 0  
  1627431799 562030127 0  
  1627431800 562030955 0  
  1627431801 562030955 0  
  1627431803 562032303 0  
  1627431804 562032303 0  
  1627431805 562032303 0  
  1627431806 562032303 0  
  1627431807 562032303 0  
  1627431808 562032303 0  
  1627431809 562032303 0  
  1627431810 562032303 0  
  1627431811 562032303 0  
  1627431812 562032303 0  
  1627431813 562032303 0  
  1627431814 562032303 0  
  1627431815 562032303 0  
  1627431816 562032303 0  
  1627431817 562032303 0  
  1627431818 562032303 0  
  1627431819 562032303 0  
  1627431820 562032303 0  
  1627431821 562032303 0  
  1627431822 562032303 0  
  1627431823 562032303 0  
  1627431824 562032303 0  
  1627431825 562032303 0  
  1627431826 562032303 0  
  1627431827 562032303 0  
  1627431828 562032303 0  
  1627431829 562032303 0  
  1627431830 562032303 0  
  1627431831 562032303 0  
  1627431832 562032303 0  
  1627431833 562032303 0  
  1627431834 562032303 0  
  1627431835 562032303 0  
  1627431836 562032303 0  
  1627431837 562032303 0  
  1627431838 562035200 0  
  1627431839 562036936 0  
  1627431840 562036936 0  
  1627431842 562037644 0  
  1627431843 562037704 0  
  1627431844 562037704 0  
  1627431845 562037704 0  
  1627431846 562037704 0  
  1627431847 562037704 0  
  1627431848 562037704 0  
  1627431849 562037704 0  
  1627431850 562037704 0  
  1627431851 562037704 0  
  1627431852 562037704 0  
  1627431853 562037704 0  
  1627431854 562037704 0  
  1627431855 562037704 0  
  1627431856 562037704 0  
  1627431857 562037704 0  
  1627431858 562037704 0  
  1627431859 562037704 0  
  1627431860 562037704 0  
  1627431861 562037704 0  
  1627431862 562037704 0  
  1627431863 562037704 0  
  1627431864 562037704 0  
  1627431865 562037704 0  
  1627431866 562037704 0  
  1627431867 562037704 0  
  1627431868 562037704 0  
  1627431869 562037704 0  
  1627431870 562037704 0  
  1627431871 562037704 0  
  1627431872 562037704 0  
  1627431873 562037704 0  
  1627431874 562037704 0  
  1627431875 562037704 0  
  1627431876 562037704 0  
  1627431877 562037704 0  
  1627431878 562037704 0  
  1627431879 562038300 0  
  1627431881 562038300 0  
  1627431882 562038300 0  
  1627431883 562038300 0  
  1627431884 562038300 0  
  1627431885 562038300 0  
  1627431886 562038300 0  
  1627431887 562038300 0  
  1627431888 562038300 0  
  1627431889 562038300 0  
  1627431890 562038300 0  
  1627431891 562038300 0  
  1627431892 562038300 0  
  1627431893 562038300 0  
  1627431894 562038300 0  
  1627431895 562038300 0  
  1627431896 562038300 0  
  1627431897 562038300 0  
  1627431898 562038300 0  
  1627431899 562038300 0  
  1627431900 562038300 0  
  1627431901 562038300 0  
  1627431902 562038300 0  
  1627431903 562038300 0  
  1627431904 562038300 0  
  1627431905 562038300 0  
  1627431906 562038300 0  
  1627431907 562038300 0  
  1627431908 562038300 0  
  1627431909 562038300 0  
  1627431910 562038300 0  
  1627431911 562038300 0  
  1627431912 562038300 0  
  1627431913 562038300 0  
  1627431914 562038300 0  
  1627431915 562038300 0  
  1627431916 562038300 0  
  1627431917 562038300 0  
  1627431919 562038300 0  
  1627431920 562038300 0  
  1627431921 562038300 0  
  1627431922 562038300 0  
  1627431923 562038300 0  
  1627431924 562038300 0  
  1627431925 562038300 0  
  1627431926 562038300 0  
  1627431927 562038300 0  
  1627431928 562038300 0  
  1627431929 562038300 0  
  1627431930 562038300 0  
  1627431931 562038300 0  
  1627431932 562038300 0  
  1627431933 562038300 0  
  1627431934 562038300 0  
  1627431935 562038300 0  
  1627431936 562038300 0  
 