 1627023165 503108216 156413  
  1627023166 503108216 156413  
  1627023167 503108216 156413  
  1627023168 503108216 156413  
  1627023169 503108216 156413  
  1627023170 503108216 156413  
  1627023171 503108216 156413  
  1627023172 503108216 156413  
  1627023173 503108216 156413  
  1627023174 503108216 156413  
  1627023175 503108216 156413  
  1627023176 503108216 156413  
  1627023177 503108216 156413  
  1627023178 503108216 156413  
  1627023179 503108216 156413  
  1627023180 503108216 156413  
  1627023181 503108216 156413  
  1627023182 503108216 156413  
  1627023183 503108216 156413  
  1627023184 503108216 156413  
  1627023185 503108216 156413  
  1627023186 503108216 156413  
  1627023187 503108216 156413  
  1627023188 503108216 156413  
  1627023189 503108216 156413  
  1627023190 503108216 156413  
  1627023191 503108216 156413  
  1627023192 503108216 156413  
  1627023193 503108216 156413  
  1627023194 503108216 156413  
  1627023195 503108216 156413  
  1627023196 503108216 156413  
  1627023197 503108216 156413  
  1627023198 503108216 156413  
  1627023199 503108216 156413  
  1627023201 503108216 156413  
  1627023202 503108216 156413  
  1627023203 503108216 156413  
  1627023204 503108216 156413  
  1627023205 503108216 156413  
  1627023206 503108216 156413  
  1627023207 503108216 156413  
  1627023208 503108216 156413  
  1627023209 503108216 156413  
  1627023210 503108216 156413  
  1627023211 503108216 156413  
  1627023212 503108216 156413  
  1627023213 503108216 156413  
  1627023214 503108216 156413  
  1627023215 503108216 156413  
  1627023216 503108216 156413  
  1627023217 503108216 156413  
  1627023218 503108216 156413  
  1627023219 503112525 156413  
  1627023220 503112849 156413  
  1627023221 503113557 156413  
  1627023222 503113557 156413  
  1627023223 503113557 156413  
  1627023224 503113557 156413  
  1627023225 503113557 156413  
  1627023226 503113557 156413  
  1627023227 503113557 156413  
  1627023228 503113557 156413  
  1627023229 503113557 156413  
  1627023230 503113557 156413  
  1627023231 503113557 156413  
  1627023232 503113557 156413  
  1627023233 503113557 156413  
  1627023234 503113557 156413  
  1627023235 503113557 156413  
  1627023236 503113557 156413  
  1627023237 503113557 156413  
  1627023238 503113557 156413  
  1627023239 503113557 156413  
  1627023241 503113895 156413  
  1627023242 503113895 156413  
  1627023243 503113895 156413  
  1627023244 503113895 156413  
  1627023245 503113895 156413  
  1627023246 503113895 156413  
  1627023247 503113895 156413  
  1627023248 503113895 156413  
  1627023249 503113895 156413  
  1627023250 503113895 156413  
  1627023251 503113895 156413  
  1627023252 503113895 156413  
  1627023253 503113895 156413  
  1627023254 503113895 156413  
  1627023255 503113895 156413  
  1627023256 503113895 156413  
  1627023257 503113895 156413  
  1627023258 503113895 156413  
  1627023259 503113895 156413  
  1627023260 503113895 156413  
  1627023261 503113895 156413  
  1627023262 503113895 156413  
  1627023263 503113895 156413  
  1627023264 503113895 156413  
  1627023265 503113895 156413  
  1627023266 503113895 156413  
  1627023267 503113895 156413  
  1627023268 503113895 156413  
  1627023269 503113895 156413  
  1627023270 503114491 156413  
  1627023271 503114491 156413  
  1627023272 503114583 156413  
  1627023273 503114583 156413  
  1627023274 503114583 156413  
  1627023275 503114583 156413  
  1627023276 503114583 156413  
  1627023277 503114583 156413  
  1627023278 503114583 156413  
  1627023279 503114583 156413  
  1627023281 503114583 156413  
  1627023282 503114583 156413  
  1627023283 503114583 156413  
  1627023284 503114583 156413  
  1627023285 503114583 156413  
  1627023286 503114583 156413  
  1627023287 503114583 156413  
  1627023288 503114583 156413  
  1627023289 503114583 156413  
  1627023290 503114583 156413  
  1627023291 503114583 156413  
  1627023292 503114583 156413  
  1627023293 503114583 156413  
  1627023294 503114583 156413  
  1627023295 503114675 156413  
  1627023296 503114675 156413  
  1627023297 503114675 156413  
  1627023298 503114675 156413  
  1627023299 503114675 156413  
  1627023300 503114675 156413  
  1627023301 503114675 156413  
  1627023302 503114675 156413  
  1627023303 503114675 156413  
  1627023304 503114675 156413  
  1627023305 503114675 156413  
  1627023306 503114675 156413  
  1627023307 503114675 156413  
  1627023308 503114675 156413  
  1627023309 503114675 156413  
  1627023310 503114675 156413  
  1627023311 503114675 156413  
  1627023312 503114675 156413  
  1627023313 503114675 156413  
  1627023314 503114675 156413  
  1627023315 503114675 156413  
  1627023316 503114675 156413  
  1627023317 503114675 156413  
  1627023318 503114675 156413  
  1627023320 503114675 156413  
  1627023321 503114675 156413  
  1627023322 503114675 156413  
  1627023323 503114675 156413  
  1627023324 503114675 156413  
  1627023325 503114675 156413  
  1627023326 503114675 156413  
  1627023327 503114675 156413  
  1627023328 503114675 156413  
  1627023329 503114675 156413  
  1627023330 503114675 156413  
  1627023331 503114675 156413  
  1627023332 503114675 156413  
  1627023333 503114675 156413  
  1627023334 503114675 156413  
  1627023335 503114675 156413  
  1627023336 503114675 156413  
  1627023337 503115032 156413  
  1627023338 503115032 156413  
  1627023339 503115032 156413  
  1627023340 503115032 156413  
  1627023341 503115032 156413  
  1627023342 503117929 156413  
  1627023343 503119665 156413  
  1627023344 503119665 156413  
  1627023345 503123270 156413  
  1627023346 503125006 156413  
  1627023347 503125646 156413  
  1627023348 503125646 156413  
  1627023349 503125646 156413  
  1627023350 503125646 156413  
  1627023351 503132156 156413  
  1627023352 503134912 156413  
  1627023353 503136328 156413  
  1627023354 503136328 156413  
  1627023355 503136328 156413  
  1627023356 503136328 156413  
  1627023357 503136328 156413  
  1627023358 503136328 156413  
  1627023360 503136328 156413  
  1627023361 503136328 156413  
  1627023362 503136328 156413  
  1627023363 503136328 156413  
  1627023364 503136328 156413  
  1627023365 503136328 156413  
  1627023366 503136328 156413  
  1627023367 503136328 156413  
  1627023368 503136328 156413  
  1627023369 503136328 156413  
  1627023370 503136328 156413  
  1627023371 503136328 156413  
  1627023372 503136328 156413  
  1627023373 503136328 156413  
  1627023374 503136328 156413  
  1627023375 503136328 156413  
  1627023376 503136666 156413  
  1627023377 503136666 156413  
  1627023378 503136666 156413  
  1627023379 503136666 156413  
  1627023380 503136666 156413  
  1627023381 503136666 156413  
  1627023382 503136666 156413  
  1627023383 503136666 156413  
  1627023384 503136666 156413  
  1627023385 503136666 156413  
  1627023386 503136666 156413  
  1627023387 503136666 156413  
  1627023388 503136666 156413  
  1627023389 503136666 156413  
  1627023390 503136666 156413  
  1627023391 503136666 156413  
  1627023392 503136666 156413  
  1627023393 503136666 156413  
  1627023394 503136666 156413  
  1627023395 503136666 156413  
  1627023396 503136666 156413  
  1627023397 503136666 156413  
  1627023398 503136666 156413  
  1627023400 503136666 156413  
  1627023401 503136666 156413  
  1627023402 503136758 156413  
  1627023403 503136758 156413  
  1627023404 503136758 156413  
  1627023405 503136758 156413  
  1627023406 503136758 156413  
  1627023407 503136758 156413  
  1627023408 503136758 156413  
  1627023409 503136758 156413  
  1627023410 503136758 156413  
  1627023411 503136758 156413  
  1627023412 503136758 156413  
  1627023413 503136758 156413  
  1627023414 503136758 156413  
  1627023415 503136758 156413  
  1627023416 503136758 156413  
  1627023417 503136758 156413  
  1627023418 503136758 156413  
  1627023419 503136758 156413  
  1627023420 503136758 156413  
  1627023421 503136758 156413  
  1627023422 503136758 156413  
  1627023423 503136758 156413  
  1627023424 503136758 156413  
  1627023425 503136758 156413  
  1627023426 503136758 156413  
  1627023427 503136758 156413  
  1627023428 503136758 156413  
  1627023429 503136758 156413  
  1627023430 503136758 156413  
  1627023431 503136758 156413  
  1627023432 503136758 156413  
  1627023433 503136758 156413  
  1627023434 503136758 156413  
  1627023435 503136758 156413  
  1627023436 503136758 156413  
  1627023437 503136758 156413  
  1627023439 503136758 156413  
  1627023440 503136758 156413  
  1627023441 503136758 156413  
  1627023442 503136758 156413  
  1627023443 503136758 156413  
  1627023444 503136758 156413  
  1627023445 503136758 156413  
  1627023446 503136758 156413  
  1627023447 503136758 156413  
  1627023448 503136758 156413  
  1627023449 503136758 156413  
  1627023450 503136758 156413  
  1627023451 503136758 156413  
  1627023452 503136758 156413  
  1627023453 503136758 156413  
  1627023454 503136758 156413  
  1627023455 503136758 156413  
  1627023456 503136758 156413  
  1627023457 503136758 156413  
  1627023458 503136758 156413  
  1627023459 503136758 156413  
  1627023460 503136758 156413  
  1627023461 503136758 156413  
  1627023462 503136758 156413  
  1627023463 503136758 156413  
  1627023464 503136758 156413  
  1627023465 503136758 156413  
  1627023466 503136758 156413  
  1627023467 503136758 156413  
  1627023468 503136826 156413  
  1627023469 503136826 156413  
  1627023470 503137422 156413  
  1627023471 503137422 156413  
  1627023472 503137422 156413  
  1627023473 503137422 156413  
  1627023474 503138578 156413  
  1627023475 503138578 156413  
  1627023476 503138578 156413  
  1627023477 503138578 156413  
  1627023479 503138578 156413  
  1627023480 503138578 156413  
  1627023481 503138578 156413  
  1627023482 503138578 156413  
  1627023483 503138578 156413  
  1627023484 503138578 156413  
  1627023485 503138578 156413  
  1627023486 503138578 156413  
  1627023487 503138578 156413  
  1627023488 503138578 156413  
  1627023489 503138578 156413  
  1627023490 503138578 156413  
  1627023491 503138578 156413  
  1627023492 503138578 156413  
  1627023493 503138578 156413  
  1627023494 503138578 156413  
  1627023495 503138578 156413  
  1627023496 503138578 156413  
  1627023497 503138578 156413  
  1627023498 503138578 156413  
  1627023499 503138578 156413  
  1627023500 503138578 156413  
  1627023501 503138578 156413  
  1627023502 503138578 156413  
  1627023503 503138578 156413  
  1627023504 503138578 156413  
  1627023505 503138578 156413  
  1627023506 503138578 156413  
  1627023507 503138578 156413  
  1627023508 503138578 156413  
  1627023509 503138578 156413  
  1627023510 503138578 156413  
  1627023511 503138578 156413  
  1627023512 503138578 156413  
  1627023513 503138578 156413  
  1627023514 503138578 156413  
  1627023515 503138578 156413  
  1627023516 503138578 156413  
  1627023517 503138578 156413  
  1627023519 503140539 156413  
  1627023520 503143211 156413  
  1627023521 503143211 156413  
  1627023522 503143919 156413  
  1627023523 503143919 156413  
  1627023524 503143919 156413  
  1627023525 503143919 156413  
  1627023526 503143919 156413  
  1627023527 503143919 156413  
  1627023528 503143919 156413  
  1627023529 503143919 156413  
  1627023530 503143919 156413  
  1627023531 503144011 156413  
  1627023532 503144011 156413  
  1627023533 503144011 156413  
  1627023534 503144011 156413  
  1627023535 503144011 156413  
  1627023536 503144011 156413  
  1627023537 503144011 156413  
  1627023538 503144011 156413  
  1627023539 503144011 156413  
  1627023540 503144349 156413  
  1627023541 503144349 156413  
  1627023542 503144349 156413  
  1627023543 503144349 156413  
  1627023544 503144349 156413  
  1627023545 503144349 156413  
  1627023546 503144349 156413  
  1627023547 503144349 156413  
  1627023548 503144349 156413  
  1627023549 503144349 156413  
  1627023550 503144349 156413  
  1627023551 503144349 156413  
  1627023552 503144349 156413  
  1627023553 503144349 156413  
  1627023554 503144349 156413  
  1627023555 503144349 156413  
  1627023557 503144349 156413  
  1627023558 503144349 156413  
  1627023559 503144349 156413  
  1627023560 503144349 156413  
  1627023561 503144349 156413  
  1627023562 503144349 156413  
  1627023563 503144349 156413  
  1627023564 503144349 156413  
  1627023565 503144349 156413  
  1627023566 503144349 156413  
  1627023567 503144349 156413  
  1627023568 503144349 156413  
  1627023569 503144349 156413  
  1627023570 503144349 156413  
  1627023571 503144349 156413  
  1627023572 503144349 156413  
  1627023573 503144349 156413  
  1627023574 503144349 156413  
  1627023575 503144349 156413  
  1627023576 503144349 156413  
  1627023577 503144349 156413  
  1627023578 503144349 156413  
  1627023579 503144349 156413  
  1627023580 503144349 156413  
  1627023581 503144349 156413  
  1627023582 503144349 156413  
  1627023583 503144349 156413  
  1627023584 503144349 156413  
  1627023585 503144349 156413  
  1627023586 503144349 156413  
  1627023587 503144349 156413  
  1627023588 503144349 156413  
  1627023589 503144349 156413  
  1627023590 503144349 156413  
  1627023591 503144349 156413  
  1627023592 503144349 156413  
  1627023593 503144349 156413  
  1627023594 503144349 156413  
  1627023596 503144349 156413  
  1627023597 503144349 156413  
  1627023598 503144349 156413  
  1627023599 503144349 156413  
  1627023600 503144349 156413  
  1627023601 503144349 156413  
  1627023602 503144349 156413  
  1627023603 503144349 156413  
  1627023604 503144349 156413  
  1627023605 503144349 156413  
  1627023606 503144349 156413  
  1627023607 503144349 156413  
  1627023608 503144349 156413  
  1627023609 503144349 156413  
  1627023610 503144349 156413  
  1627023611 503144349 156413  
  1627023612 503144349 156413  
  1627023613 503144349 156413  
  1627023614 503144349 156413  
  1627023615 503144349 156413  
  1627023616 503144349 156413  
  1627023617 503144349 156413  
  1627023618 503144349 156413  
  1627023619 503144349 156413  
  1627023620 503144349 156413  
  1627023621 503144349 156413  
  1627023622 503144349 156413  
  1627023623 503144349 156413  
  1627023624 503144349 156413  
  1627023625 503144349 156413  
  1627023626 503144349 156413  
  1627023627 503144349 156413  
  1627023628 503144349 156413  
  1627023629 503144349 156413  
  1627023630 503144349 156413  
  1627023631 503144349 156413  
  1627023632 503144349 156413  
  1627023633 503144349 156413  
  1627023635 503144349 156413  
  1627023636 503144349 156413  
  1627023637 503144706 156413  
  1627023638 503144706 156413  
  1627023639 503144706 156413  
  1627023640 503144706 156413  
  1627023641 503144706 156413  
  1627023642 503144706 156413  
  1627023643 503149271 156413  
  1627023644 503149339 156413  
  1627023645 503150047 156413  
  1627023646 503154680 156413  
  1627023647 503154680 156413  
  1627023648 503155388 156413  
  1627023649 503155388 156413  
  1627023650 503155388 156413  
  1627023651 503157349 156413  
  1627023652 503164654 156413  
  1627023653 503165362 156413  
  1627023654 503166070 156413  
  1627023655 503166070 156413  
  1627023656 503166070 156413  
  1627023657 503166070 156413  
  1627023658 503166070 156413  
  1627023659 503166070 156413  
  1627023660 503166162 156413  
  1627023661 503166162 156413  
  1627023662 503166162 156413  
  1627023663 503166162 156413  
  1627023664 503166162 156413  
  1627023665 503170879 156413  
  1627023666 503170879 156413  
  1627023667 503171383 156413  
  1627023668 503171383 156413  
  1627023669 503171383 156413  
  1627023670 503171979 156413  
  1627023671 503171979 156413  
  1627023672 503171979 156413  
  1627023673 503171979 156413  
  1627023675 503171979 156413  
  1627023676 503171979 156413  
  1627023677 503171979 156413  
  1627023678 503171979 156413  
  1627023679 503171979 156413  
  1627023680 503171979 156413  
  1627023681 503171979 156413  
  1627023682 503171979 156413  
  1627023683 503171979 156413  
  1627023684 503171979 156413  
  1627023685 503171979 156413  
  1627023686 503171979 156413  
  1627023687 503171979 156413  
  1627023688 503171979 156413  
  1627023689 503171979 156413  
  1627023690 503171979 156413  
  1627023691 503171979 156413  
  1627023692 503171979 156413  
  1627023693 503171979 156413  
  1627023694 503171979 156413  
  1627023695 503171979 156413  
  1627023696 503171979 156413  
  1627023697 503171979 156413  
  1627023698 503171979 156413  
  1627023699 503171979 156413  
  1627023700 503171979 156413  
  1627023701 503171979 156413  
  1627023702 503171979 156413  
  1627023703 503171979 156413  
  1627023704 503171979 156413  
  1627023705 503171979 156413  
  1627023706 503171979 156413  
  1627023707 503171979 156413  
  1627023708 503171979 156413  
  1627023709 503171979 156413  
  1627023710 503171979 156413  
  1627023711 503171979 156413  
  1627023712 503171979 156413  
  1627023714 503171979 156413  
  1627023715 503171979 156413  
  1627023716 503171979 156413  
  1627023717 503171979 156413  
  1627023718 503171979 156413  
  1627023719 503171979 156413  
  1627023720 503171979 156413  
  1627023721 503171979 156413  
  1627023722 503171979 156413  
  1627023723 503171979 156413  
  1627023724 503171979 156413  
  1627023725 503171979 156413  
  1627023726 503171979 156413  
  1627023727 503171979 156413  
  1627023728 503171979 156413  
  1627023729 503171979 156413  
  1627023730 503171979 156413  
  1627023731 503171979 156413  
  1627023732 503171979 156413  
  1627023733 503171979 156413  
  1627023734 503171979 156413  
  1627023735 503171979 156413  
  1627023736 503171979 156413  
  1627023737 503171979 156413  
  1627023738 503171979 156413  
  1627023739 503171979 156413  
  1627023740 503171979 156413  
  1627023741 503171979 156413  
  1627023742 503171979 156413  
  1627023743 503171979 156413  
  1627023744 503171979 156413  
  1627023745 503171979 156413  
  1627023746 503171979 156413  
  1627023747 503171979 156413  
  1627023748 503171979 156413  
  1627023749 503171979 156413  
  1627023750 503171979 156413  
  1627023751 503171979 156413  
  1627023752 503171979 156413  
  1627023754 503171979 156413  
  1627023755 503171979 156413  
  1627023756 503171979 156413  
  1627023757 503171979 156413  
  1627023758 503171979 156413  
  1627023759 503171979 156413  
  1627023760 503171979 156413  
  1627023761 503171979 156413  
  1627023762 503171979 156413  
  1627023763 503171979 156413  
  1627023764 503171979 156413  
  1627023765 503171979 156413  
  1627023766 503171979 156413  
  1627023767 503171979 156413  
  1627023768 503171979 156413  
  1627023769 503171979 156413  
  1627023770 503171979 156413  
  1627023771 503171979 156413  
  1627023772 503171979 156413  
  1627023773 503171979 156413  
  1627023774 503171979 156413  
  1627023775 503171979 156413  
  1627023776 503171979 156413  
  1627023777 503171979 156413  
  1627023778 503171979 156413  
  1627023779 503171979 156413  
  1627023780 503171979 156413  
  1627023781 503171979 156413  
  1627023782 503171979 156413  
  1627023783 503171979 156413  
  1627023784 503171979 156413  
  1627023785 503171979 156413  
  1627023786 503171979 156413  
  1627023787 503171979 156413  
  1627023788 503171979 156413  
  1627023789 503171979 156413  
  1627023790 503172071 156413  
  1627023791 503172071 156413  
  1627023793 503172071 156413  
  1627023794 503172071 156413  
  1627023795 503172071 156413  
  1627023796 503172071 156413  
  1627023797 503172071 156413  
  1627023798 503172071 156413  
  1627023799 503172071 156413  
  1627023800 503172071 156413  
 