 1626397957 415497757 39409  
  1626397958 415497757 39409  
  1626397959 415497757 39409  
  1626397960 415497757 39409  
  1626397962 415497757 39409  
  1626397963 415497757 39409  
  1626397964 415497757 39409  
  1626397965 415497757 39409  
  1626397966 415497757 39409  
  1626397967 415502066 39409  
  1626397968 415502502 39409  
  1626397969 415503142 39409  
  1626397970 415503210 39409  
  1626397971 415503210 39409  
  1626397972 415503210 39409  
  1626397973 415503210 39409  
  1626397974 415503210 39409  
  1626397975 415503210 39409  
  1626397976 415503210 39409  
  1626397977 415503210 39409  
  1626397978 415503210 39409  
  1626397979 415503210 39409  
  1626397980 415503210 39409  
  1626397981 415503210 39409  
  1626397982 415503210 39409  
  1626397983 415503210 39409  
  1626397984 415503210 39409  
  1626397985 415503210 39409  
  1626397986 415503210 39409  
  1626397987 415503210 39409  
  1626397988 415503210 39409  
  1626397989 415503210 39409  
  1626397990 415503210 39409  
  1626397991 415503210 39409  
  1626397992 415503210 39409  
  1626397993 415503210 39409  
  1626397994 415503210 39409  
  1626397995 415503210 39409  
  1626397996 415503210 39409  
  1626397997 415503210 39409  
  1626397998 415503210 39409  
  1626397999 415503210 39409  
  1626398001 415503210 39409  
  1626398002 415503210 39409  
  1626398003 415503210 39409  
  1626398004 415503210 39409  
  1626398005 415503210 39409  
  1626398006 415503210 39409  
  1626398007 415503210 39409  
  1626398008 415503210 39409  
  1626398009 415503210 39409  
  1626398010 415503210 39409  
  1626398011 415503210 39409  
  1626398012 415503210 39409  
  1626398013 415503210 39409  
  1626398014 415503210 39409  
  1626398015 415503210 39409  
  1626398016 415503210 39409  
  1626398017 415503210 39409  
  1626398018 415503210 39409  
  1626398019 415503210 39409  
  1626398020 415503210 39409  
  1626398021 415503210 39409  
  1626398022 415503210 39409  
  1626398023 415503210 39409  
  1626398024 415503210 39409  
  1626398025 415503210 39409  
  1626398026 415503210 39409  
  1626398027 415503210 39409  
  1626398028 415503210 39409  
  1626398029 415503210 39409  
  1626398030 415503210 39409  
  1626398031 415503210 39409  
  1626398032 415503210 39409  
  1626398033 415503210 39409  
  1626398034 415503210 39409  
  1626398035 415503210 39409  
  1626398036 415503210 39409  
  1626398037 415503210 39409  
  1626398038 415503210 39409  
  1626398039 415503210 39409  
  1626398041 415503210 39409  
  1626398042 415503210 39409  
  1626398043 415503210 39409  
  1626398044 415503210 39409  
  1626398045 415503302 39409  
  1626398046 415503302 39409  
  1626398047 415503302 39409  
  1626398048 415503302 39409  
  1626398049 415503302 39409  
  1626398050 415503302 39409  
  1626398051 415503302 39409  
  1626398052 415503302 39409  
  1626398053 415503302 39409  
  1626398054 415503302 39409  
  1626398055 415503302 39409  
  1626398056 415503302 39409  
  1626398057 415503302 39409  
  1626398058 415507867 39409  
  1626398059 415507935 39409  
  1626398060 415509239 39409  
  1626398061 415509239 39409  
  1626398062 415509239 39409  
  1626398063 415509239 39409  
  1626398064 415509239 39409  
  1626398065 415509239 39409  
  1626398066 415509239 39409  
  1626398067 415509239 39409  
  1626398068 415509239 39409  
  1626398069 415513548 39409  
  1626398070 415518505 39409  
  1626398071 415519213 39409  
  1626398072 415519921 39409  
  1626398073 415519921 39409  
  1626398074 415519921 39409  
  1626398075 415519921 39409  
  1626398076 415519921 39409  
  1626398077 415519921 39409  
  1626398078 415519921 39409  
  1626398080 415519921 39409  
  1626398081 415519921 39409  
  1626398082 415519921 39409  
  1626398083 415519921 39409  
  1626398084 415519921 39409  
  1626398085 415519921 39409  
  1626398086 415519921 39409  
  1626398087 415519921 39409  
  1626398088 415519921 39409  
  1626398089 415519921 39409  
  1626398090 415519921 39409  
  1626398091 415519921 39409  
  1626398092 415519921 39409  
  1626398093 415519921 39409  
  1626398094 415519921 39409  
  1626398095 415519921 39409  
  1626398096 415519921 39409  
  1626398097 415519921 39409  
  1626398098 415519921 39409  
  1626398099 415519921 39409  
  1626398100 415524230 39409  
  1626398101 415524554 39409  
  1626398102 415524554 39409  
  1626398103 415525262 39409  
  1626398104 415525262 39409  
  1626398105 415525262 39409  
  1626398106 415525262 39409  
  1626398107 415525262 39409  
  1626398108 415525262 39409  
  1626398109 415525262 39409  
  1626398110 415525262 39409  
  1626398111 415525262 39409  
  1626398112 415525262 39409  
  1626398113 415525262 39409  
  1626398114 415525262 39409  
  1626398115 415525262 39409  
  1626398116 415525262 39409  
  1626398117 415525262 39409  
  1626398119 415525262 39409  
  1626398120 415525262 39409  
  1626398121 415525262 39409  
  1626398122 415525262 39409  
  1626398123 415525262 39409  
  1626398124 415525262 39409  
  1626398125 415525262 39409  
  1626398126 415525262 39409  
  1626398127 415525262 39409  
  1626398128 415525262 39409  
  1626398129 415525262 39409  
  1626398130 415525262 39409  
  1626398131 415525262 39409  
  1626398132 415525262 39409  
  1626398133 415525262 39409  
  1626398134 415525262 39409  
  1626398135 415525262 39409  
  1626398136 415525262 39409  
  1626398137 415525619 39409  
  1626398138 415525619 39409  
  1626398139 415525711 39409  
  1626398140 415525711 39409  
  1626398141 415525711 39409  
  1626398142 415525711 39409  
  1626398143 415525711 39409  
  1626398144 415525711 39409  
  1626398145 415525711 39409  
  1626398146 415525711 39409  
  1626398147 415525711 39409  
  1626398148 415525711 39409  
  1626398149 415525711 39409  
  1626398150 415525711 39409  
  1626398151 415525711 39409  
  1626398152 415525711 39409  
  1626398153 415525711 39409  
  1626398154 415525711 39409  
  1626398155 415525711 39409  
  1626398156 415525711 39409  
  1626398157 415525711 39409  
  1626398159 415525711 39409  
  1626398160 415525711 39409  
  1626398161 415525711 39409  
  1626398162 415525711 39409  
  1626398163 415525711 39409  
  1626398164 415525711 39409  
  1626398165 415525711 39409  
  1626398166 415525711 39409  
  1626398167 415525711 39409  
  1626398168 415525711 39409  
  1626398169 415525711 39409  
  1626398170 415525711 39409  
  1626398171 415525711 39409  
  1626398172 415525711 39409  
  1626398173 415525803 39409  
  1626398174 415525803 39409  
  1626398175 415525803 39409  
  1626398176 415525803 39409  
  1626398177 415525803 39409  
  1626398178 415525803 39409  
  1626398179 415525803 39409  
  1626398180 415525803 39409  
  1626398181 415525803 39409  
  1626398182 415525803 39409  
  1626398183 415525803 39409  
  1626398184 415525803 39409  
  1626398185 415525803 39409  
  1626398186 415525803 39409  
  1626398187 415525803 39409  
  1626398188 415525803 39409  
  1626398189 415525803 39409  
  1626398190 415525803 39409  
  1626398191 415525803 39409  
  1626398192 415525803 39409  
  1626398193 415525803 39409  
  1626398194 415525803 39409  
  1626398195 415525803 39409  
  1626398196 415525803 39409  
  1626398197 415525803 39409  
  1626398199 415525803 39409  
  1626398200 415525803 39409  
  1626398201 415525803 39409  
  1626398202 415525803 39409  
  1626398203 415525803 39409  
  1626398204 415525803 39409  
  1626398205 415525803 39409  
  1626398206 415525803 39409  
  1626398207 415525803 39409  
  1626398208 415525803 39409  
  1626398209 415525803 39409  
  1626398210 415525803 39409  
  1626398211 415525803 39409  
  1626398212 415525803 39409  
  1626398213 415525803 39409  
  1626398214 415525803 39409  
  1626398215 415525803 39409  
  1626398216 415525803 39409  
  1626398217 415525803 39409  
  1626398218 415525803 39409  
  1626398219 415525803 39409  
  1626398220 415525803 39409  
  1626398221 415525803 39409  
  1626398222 415525803 39409  
  1626398223 415525803 39409  
  1626398224 415525803 39409  
  1626398225 415525803 39409  
  1626398226 415525803 39409  
  1626398227 415525803 39409  
  1626398228 415525803 39409  
  1626398229 415525803 39409  
  1626398230 415525803 39409  
  1626398231 415525803 39409  
  1626398232 415525803 39409  
  1626398233 415525803 39409  
  1626398234 415525803 39409  
  1626398235 415525803 39409  
  1626398236 415525803 39409  
  1626398238 415525803 39409  
  1626398239 415525803 39409  
  1626398240 415525803 39409  
  1626398241 415525803 39409  
  1626398242 415525803 39409  
  1626398243 415525803 39409  
  1626398244 415525803 39409  
  1626398245 415525803 39409  
  1626398246 415525803 39409  
  1626398247 415525803 39409  
  1626398248 415525803 39409  
  1626398249 415525803 39409  
  1626398250 415525803 39409  
  1626398251 415525803 39409  
  1626398252 415525803 39409  
  1626398253 415525803 39409  
  1626398254 415525803 39409  
  1626398255 415525803 39409  
  1626398256 415525803 39409  
  1626398257 415525803 39409  
  1626398258 415525803 39409  
  1626398259 415525803 39409  
  1626398260 415525803 39409  
  1626398261 415526399 39409  
  1626398262 415526399 39409  
  1626398263 415526399 39409  
  1626398264 415526399 39409  
  1626398265 415526399 39409  
  1626398266 415526399 39409  
  1626398267 415530708 39409  
  1626398268 415531032 39409  
  1626398269 415531032 39409  
  1626398270 415531740 39409  
  1626398271 415531740 39409  
  1626398272 415531740 39409  
  1626398273 415531740 39409  
  1626398274 415531740 39409  
  1626398275 415531740 39409  
  1626398276 415531740 39409  
  1626398278 415531740 39409  
  1626398279 415531740 39409  
  1626398280 415531740 39409  
  1626398281 415531740 39409  
  1626398282 415531740 39409  
  1626398283 415531740 39409  
  1626398284 415531740 39409  
  1626398285 415531740 39409  
  1626398286 415531740 39409  
  1626398287 415531740 39409  
  1626398288 415531740 39409  
  1626398289 415531740 39409  
  1626398290 415531740 39409  
  1626398291 415531740 39409  
  1626398292 415531740 39409  
  1626398293 415531740 39409  
  1626398294 415531740 39409  
  1626398295 415531740 39409  
  1626398296 415531740 39409  
  1626398297 415531740 39409  
  1626398298 415531740 39409  
  1626398299 415531740 39409  
  1626398300 415531740 39409  
  1626398301 415531740 39409  
  1626398302 415531832 39409  
  1626398303 415531832 39409  
  1626398304 415531832 39409  
  1626398305 415531832 39409  
  1626398306 415531832 39409  
  1626398307 415531832 39409  
  1626398308 415531832 39409  
  1626398309 415531832 39409  
  1626398310 415531832 39409  
  1626398311 415531832 39409  
  1626398312 415531832 39409  
  1626398313 415531832 39409  
  1626398314 415531832 39409  
  1626398315 415531832 39409  
  1626398317 415531832 39409  
  1626398318 415531832 39409  
  1626398319 415531832 39409  
  1626398320 415531832 39409  
  1626398321 415531832 39409  
  1626398322 415531832 39409  
  1626398323 415531832 39409  
  1626398324 415531832 39409  
  1626398325 415531832 39409  
  1626398326 415531832 39409  
  1626398327 415531832 39409  
  1626398328 415531832 39409  
  1626398329 415531832 39409  
  1626398330 415531832 39409  
  1626398331 415531832 39409  
  1626398332 415531832 39409  
  1626398333 415531832 39409  
  1626398334 415531832 39409  
  1626398335 415531832 39409  
  1626398336 415531832 39409  
  1626398337 415531832 39409  
  1626398338 415531832 39409  
  1626398339 415531832 39409  
  1626398340 415531832 39409  
  1626398341 415531832 39409  
  1626398342 415531832 39409  
  1626398343 415531832 39409  
  1626398344 415531832 39409  
  1626398345 415531832 39409  
  1626398346 415531832 39409  
  1626398347 415531832 39409  
  1626398348 415531832 39409  
  1626398349 415531832 39409  
  1626398350 415531832 39409  
  1626398351 415531832 39409  
  1626398352 415531832 39409  
  1626398353 415531832 39409  
  1626398354 415531832 39409  
  1626398356 415531832 39409  
  1626398357 415531832 39409  
  1626398358 415531832 39409  
  1626398359 415536465 39409  
  1626398360 415536465 39409  
  1626398361 415537173 39409  
  1626398362 415537173 39409  
  1626398363 415537173 39409  
  1626398364 415537173 39409  
  1626398365 415537173 39409  
  1626398366 415537173 39409  
  1626398367 415537173 39409  
  1626398368 415537173 39409  
  1626398369 415541806 39409  
  1626398370 415546439 39409  
  1626398371 415547147 39409  
  1626398372 415547855 39409  
  1626398373 415547855 39409  
  1626398374 415547855 39409  
  1626398375 415547855 39409  
  1626398376 415547855 39409  
  1626398377 415547855 39409  
  1626398378 415547855 39409  
  1626398379 415547855 39409  
  1626398380 415547855 39409  
  1626398381 415547855 39409  
  1626398382 415547855 39409  
  1626398383 415547855 39409  
  1626398384 415547855 39409  
  1626398385 415547855 39409  
  1626398386 415547855 39409  
  1626398387 415547855 39409  
  1626398388 415547855 39409  
  1626398389 415547855 39409  
  1626398390 415547855 39409  
  1626398391 415547855 39409  
  1626398392 415547855 39409  
  1626398393 415547855 39409  
  1626398394 415547855 39409  
  1626398396 415547855 39409  
  1626398397 415547855 39409  
  1626398398 415547947 39409  
  1626398399 415547947 39409  
  1626398400 415552256 39409  
  1626398401 415552580 39409  
  1626398402 415553288 39409  
  1626398403 415553288 39409  
  1626398404 415553288 39409  
  1626398405 415553288 39409  
  1626398406 415553288 39409  
  1626398407 415553288 39409  
  1626398408 415553288 39409  
  1626398409 415553288 39409  
  1626398410 415553288 39409  
  1626398411 415553288 39409  
  1626398412 415553288 39409  
  1626398413 415553288 39409  
  1626398414 415553288 39409  
  1626398415 415553288 39409  
  1626398416 415553288 39409  
  1626398417 415553288 39409  
  1626398418 415553288 39409  
  1626398419 415553288 39409  
  1626398420 415553288 39409  
  1626398421 415553288 39409  
  1626398422 415553288 39409  
  1626398423 415553288 39409  
  1626398424 415553288 39409  
  1626398425 415553288 39409  
  1626398426 415553288 39409  
  1626398427 415553288 39409  
  1626398428 415553288 39409  
  1626398429 415553288 39409  
  1626398430 415553380 39409  
  1626398431 415553380 39409  
  1626398432 415553380 39409  
  1626398434 415553380 39409  
  1626398435 415553380 39409  
  1626398436 415553380 39409  
  1626398437 415553737 39409  
  1626398438 415553737 39409  
  1626398439 415553737 39409  
  1626398440 415553737 39409  
  1626398441 415553737 39409  
  1626398442 415553737 39409  
  1626398443 415553737 39409  
  1626398444 415553737 39409  
  1626398445 415553737 39409  
  1626398446 415553737 39409  
  1626398447 415553737 39409  
  1626398448 415553737 39409  
  1626398449 415553737 39409  
  1626398450 415553737 39409  
  1626398451 415553737 39409  
  1626398452 415553737 39409  
  1626398453 415553737 39409  
  1626398454 415553737 39409  
  1626398455 415553737 39409  
  1626398456 415553737 39409  
  1626398457 415553737 39409  
  1626398458 415553737 39409  
  1626398459 415553737 39409  
  1626398460 415554333 39409  
  1626398461 415554333 39409  
  1626398462 415554333 39409  
  1626398463 415554333 39409  
  1626398464 415554333 39409  
  1626398465 415554333 39409  
  1626398466 415554333 39409  
  1626398467 415554333 39409  
  1626398468 415554333 39409  
  1626398469 415554333 39409  
  1626398470 415554333 39409  
  1626398471 415554333 39409  
  1626398473 415554333 39409  
  1626398474 415554333 39409  
  1626398475 415554333 39409  
  1626398476 415554333 39409  
  1626398477 415554333 39409  
  1626398478 415554333 39409  
  1626398479 415554333 39409  
  1626398480 415554333 39409  
  1626398481 415554333 39409  
  1626398482 415554333 39409  
  1626398483 415554333 39409  
  1626398484 415554333 39409  
  1626398485 415554333 39409  
  1626398486 415554333 39409  
  1626398487 415554333 39409  
  1626398488 415554333 39409  
  1626398489 415554333 39409  
  1626398490 415554333 39409  
  1626398491 415554333 39409  
  1626398492 415554333 39409  
  1626398493 415554333 39409  
  1626398494 415554333 39409  
  1626398495 415554333 39409  
  1626398496 415554333 39409  
  1626398497 415554333 39409  
  1626398498 415554333 39409  
  1626398499 415554333 39409  
  1626398500 415554333 39409  
  1626398501 415554333 39409  
  1626398502 415554333 39409  
  1626398503 415554333 39409  
  1626398504 415554333 39409  
  1626398505 415554333 39409  
  1626398506 415554333 39409  
  1626398507 415554333 39409  
  1626398508 415554333 39409  
  1626398509 415554333 39409  
  1626398511 415554333 39409  
  1626398512 415554333 39409  
  1626398513 415554333 39409  
  1626398514 415554333 39409  
  1626398515 415554333 39409  
  1626398516 415554333 39409  
  1626398517 415554333 39409  
  1626398518 415554333 39409  
  1626398519 415554333 39409  
  1626398520 415554333 39409  
  1626398521 415554333 39409  
  1626398522 415554333 39409  
  1626398523 415554333 39409  
  1626398524 415554333 39409  
  1626398525 415554333 39409  
  1626398526 415554333 39409  
  1626398527 415554333 39409  
  1626398528 415554333 39409  
  1626398529 415554333 39409  
  1626398530 415554333 39409  
  1626398531 415554333 39409  
  1626398532 415554333 39409  
  1626398533 415554333 39409  
  1626398534 415554333 39409  
  1626398535 415554333 39409  
  1626398536 415554333 39409  
  1626398537 415554333 39409  
  1626398538 415554333 39409  
  1626398539 415554333 39409  
  1626398540 415554333 39409  
  1626398541 415554333 39409  
  1626398542 415554333 39409  
  1626398543 415554333 39409  
  1626398544 415554333 39409  
  1626398545 415554333 39409  
  1626398546 415554333 39409  
  1626398547 415554333 39409  
  1626398548 415554333 39409  
  1626398550 415554333 39409  
  1626398551 415554333 39409  
  1626398552 415554333 39409  
  1626398553 415554333 39409  
  1626398554 415554333 39409  
  1626398555 415554389 39409  
  1626398556 415554389 39409  
  1626398557 415554389 39409  
  1626398558 415554389 39409  
  1626398559 415554389 39409  
  1626398560 415554481 39409  
  1626398561 415554481 39409  
  1626398562 415554481 39409  
  1626398563 415554481 39409  
  1626398564 415554481 39409  
  1626398565 415554481 39409  
  1626398566 415554481 39409  
  1626398567 415558790 39409  
  1626398568 415559114 39409  
  1626398569 415559114 39409  
  1626398570 415559822 39409  
  1626398571 415559822 39409  
  1626398572 415559822 39409  
  1626398573 415559822 39409  
  1626398574 415559822 39409  
  1626398575 415559822 39409  
  1626398576 415559822 39409  
  1626398577 415559822 39409  
  1626398578 415559822 39409  
  1626398579 415559822 39409  
  1626398580 415559822 39409  
  1626398581 415559822 39409  
  1626398582 415559822 39409  
  1626398583 415559822 39409  
  1626398584 415559822 39409  
  1626398585 415559822 39409  
  1626398586 415559822 39409  
  1626398588 415559822 39409  
  1626398589 415559822 39409  
  1626398590 415559822 39409  
  1626398591 415559822 39409  
  1626398592 415559822 39409  
 