 1627431993 553567929 0  
  1627431994 553567929 0  
  1627431995 553567929 0  
  1627431996 553567929 0  
  1627431997 553567929 0  
  1627431998 553567929 0  
  1627431999 553567929 0  
  1627432000 553567929 0  
  1627432001 553567929 0  
  1627432002 553567929 0  
  1627432003 553567929 0  
  1627432004 553567929 0  
  1627432005 553567929 0  
  1627432006 553567929 0  
  1627432007 553567929 0  
  1627432008 553567929 0  
  1627432009 553567929 0  
  1627432010 553567929 0  
  1627432011 553567929 0  
  1627432012 553567929 0  
  1627432013 553567929 0  
  1627432014 553568021 0  
  1627432015 553568021 0  
  1627432016 553568021 0  
  1627432017 553568021 0  
  1627432018 553568021 0  
  1627432019 553568021 0  
  1627432020 553568021 0  
  1627432021 553568021 0  
  1627432022 553568021 0  
  1627432024 553568021 0  
  1627432025 553568021 0  
  1627432026 553568021 0  
  1627432027 553568021 0  
  1627432028 553568021 0  
  1627432029 553568021 0  
  1627432030 553568021 0  
  1627432031 553568021 0  
  1627432032 553572330 0  
  1627432033 553572654 0  
  1627432034 553573294 0  
  1627432035 553573438 0  
  1627432036 553573438 0  
  1627432037 553573438 0  
  1627432038 553573438 0  
  1627432039 553573438 0  
  1627432040 553573438 0  
  1627432041 553573438 0  
  1627432042 553573438 0  
  1627432043 553573438 0  
  1627432044 553573438 0  
  1627432045 553573438 0  
  1627432046 553573438 0  
  1627432047 553573438 0  
  1627432048 553573438 0  
  1627432049 553573438 0  
  1627432050 553573438 0  
  1627432051 553573438 0  
  1627432052 553573438 0  
  1627432053 553573438 0  
  1627432054 553573438 0  
  1627432055 553573506 0  
  1627432056 553573506 0  
  1627432057 553573506 0  
  1627432058 553577815 0  
  1627432059 553578139 0  
  1627432060 553578847 0  
  1627432061 553580003 0  
  1627432063 553580003 0  
  1627432064 553580003 0  
  1627432065 553580003 0  
  1627432066 553580003 0  
  1627432067 553580003 0  
  1627432068 553580341 0  
  1627432069 553580341 0  
  1627432070 553580341 0  
  1627432071 553580341 0  
  1627432072 553580341 0  
  1627432073 553580341 0  
  1627432074 553580341 0  
  1627432075 553580341 0  
  1627432076 553580341 0  
  1627432077 553580341 0  
  1627432078 553580341 0  
  1627432079 553580341 0  
  1627432080 553580341 0  
  1627432081 553580341 0  
  1627432082 553580341 0  
  1627432083 553580341 0  
  1627432084 553580341 0  
  1627432085 553580341 0  
  1627432086 553580341 0  
  1627432087 553580341 0  
  1627432088 553580341 0  
  1627432089 553580341 0  
  1627432090 553580341 0  
  1627432091 553580341 0  
  1627432092 553580341 0  
  1627432093 553580341 0  
  1627432094 553580341 0  
  1627432095 553580341 0  
  1627432096 553580341 0  
  1627432097 553580341 0  
  1627432098 553580341 0  
  1627432099 553580341 0  
  1627432100 553580341 0  
  1627432101 553588959 0  
  1627432102 553589607 0  
  1627432104 553589607 0  
  1627432105 553590955 0  
  1627432106 553590955 0  
  1627432107 553590955 0  
  1627432108 553590955 0  
  1627432109 553590955 0  
  1627432110 553590955 0  
  1627432111 553590955 0  
  1627432112 553590955 0  
  1627432113 553590955 0  
  1627432114 553590955 0  
  1627432115 553590955 0  
  1627432116 553590955 0  
  1627432117 553590955 0  
  1627432118 553590955 0  
  1627432119 553590955 0  
  1627432120 553590955 0  
  1627432121 553590955 0  
  1627432122 553590955 0  
  1627432123 553590955 0  
  1627432124 553590955 0  
  1627432125 553590955 0  
  1627432126 553590955 0  
  1627432127 553590955 0  
  1627432128 553590955 0  
  1627432129 553590955 0  
  1627432130 553590955 0  
  1627432131 553590955 0  
  1627432132 553590955 0  
  1627432133 553590955 0  
  1627432134 553590955 0  
  1627432135 553590955 0  
  1627432136 553590955 0  
  1627432137 553590955 0  
  1627432138 553590955 0  
  1627432139 553590955 0  
  1627432140 553595264 0  
  1627432141 553595588 0  
  1627432143 553596296 0  
  1627432144 553596296 0  
  1627432145 553596296 0  
  1627432146 553596296 0  
  1627432147 553596296 0  
  1627432148 553596296 0  
  1627432149 553596296 0  
  1627432150 553596296 0  
  1627432151 553596296 0  
  1627432152 553596296 0  
  1627432153 553596296 0  
  1627432154 553596296 0  
  1627432155 553596296 0  
  1627432156 553596296 0  
  1627432157 553596296 0  
  1627432158 553596296 0  
  1627432159 553596296 0  
  1627432160 553596296 0  
  1627432161 553596296 0  
  1627432162 553596296 0  
  1627432163 553596296 0  
  1627432164 553596296 0  
  1627432165 553596296 0  
  1627432166 553596296 0  
  1627432167 553596296 0  
  1627432168 553596296 0  
  1627432169 553596296 0  
  1627432170 553596296 0  
  1627432171 553596296 0  
  1627432172 553596296 0  
  1627432173 553596296 0  
  1627432174 553596296 0  
  1627432175 553596296 0  
  1627432176 553596296 0  
  1627432177 553596296 0  
  1627432178 553596296 0  
  1627432179 553596886 0  
  1627432180 553596886 0  
  1627432181 553596886 0  
  1627432183 553596886 0  
  1627432184 553596886 0  
  1627432185 553596886 0  
  1627432186 553596886 0  
  1627432187 553596886 0  
  1627432188 553596886 0  
  1627432189 553596886 0  
  1627432190 553596886 0  
  1627432191 553596886 0  
  1627432192 553596886 0  
  1627432193 553596886 0  
  1627432194 553596886 0  
  1627432195 553596886 0  
  1627432196 553596886 0  
  1627432197 553596886 0  
  1627432198 553596886 0  
  1627432199 553596886 0  
  1627432200 553596886 0  
  1627432201 553596886 0  
  1627432202 553596886 0  
  1627432203 553596886 0  
  1627432204 553596886 0  
  1627432205 553596886 0  
  1627432206 553596886 0  
  1627432207 553596978 0  
  1627432208 553596978 0  
  1627432209 553596978 0  
  1627432210 553596978 0  
  1627432211 553596978 0  
  1627432212 553596978 0  
  1627432213 553596978 0  
  1627432214 553596978 0  
  1627432215 553596978 0  
  1627432216 553596978 0  
  1627432217 553597316 0  
  1627432218 553597316 0  
  1627432219 553597316 0  
  1627432220 553597316 0  
  1627432222 553597316 0  
  1627432223 553597316 0  
  1627432224 553597316 0  
  1627432225 553597316 0  
  1627432226 553597316 0  
  1627432227 553597316 0  
  1627432228 553597316 0  
  1627432229 553597316 0  
  1627432230 553597316 0  
  1627432231 553597316 0  
  1627432232 553597316 0  
  1627432233 553597316 0  
  1627432234 553597316 0  
  1627432235 553597316 0  
  1627432236 553597316 0  
  1627432237 553597316 0  
  1627432238 553597316 0  
  1627432239 553597316 0  
  1627432240 553597316 0  
  1627432241 553597316 0  
  1627432242 553597316 0  
  1627432243 553597316 0  
  1627432244 553597316 0  
  1627432245 553597316 0  
  1627432246 553597673 0  
  1627432247 553597673 0  
  1627432248 553597673 0  
  1627432249 553597673 0  
  1627432250 553597673 0  
  1627432251 553597673 0  
  1627432252 553597673 0  
  1627432253 553597673 0  
  1627432254 553597673 0  
  1627432255 553597673 0  
  1627432256 553597673 0  
  1627432257 553597673 0  
  1627432258 553597673 0  
  1627432259 553597673 0  
  1627432261 553597673 0  
  1627432262 553597673 0  
  1627432263 553597673 0  
  1627432264 553597673 0  
  1627432265 553597673 0  
  1627432266 553597673 0  
  1627432267 553597673 0  
  1627432268 553597673 0  
  1627432269 553597673 0  
  1627432270 553597673 0  
  1627432271 553597673 0  
  1627432272 553597673 0  
  1627432273 553597673 0  
  1627432274 553597673 0  
  1627432275 553597673 0  
  1627432276 553597765 0  
  1627432277 553597765 0  
  1627432278 553597765 0  
  1627432279 553597765 0  
  1627432280 553597765 0  
  1627432281 553597765 0  
  1627432282 553597765 0  
  1627432283 553597765 0  
  1627432284 553597765 0  
  1627432285 553597765 0  
  1627432286 553597765 0  
  1627432287 553597765 0  
  1627432288 553597765 0  
  1627432289 553597765 0  
  1627432290 553597765 0  
  1627432291 553597765 0  
  1627432292 553597765 0  
  1627432293 553597765 0  
  1627432294 553597765 0  
  1627432295 553597765 0  
  1627432296 553597765 0  
  1627432297 553597765 0  
  1627432298 553597765 0  
  1627432300 553597765 0  
  1627432301 553597765 0  
  1627432302 553597765 0  
  1627432303 553597765 0  
  1627432304 553597765 0  
  1627432305 553597765 0  
  1627432306 553597765 0  
  1627432307 553597765 0  
  1627432308 553597765 0  
  1627432309 553597765 0  
  1627432310 553597765 0  
  1627432311 553597765 0  
  1627432312 553597765 0  
  1627432313 553597825 0  
  1627432314 553597825 0  
  1627432315 553597825 0  
  1627432316 553597825 0  
  1627432317 553597825 0  
  1627432318 553597825 0  
  1627432319 553597825 0  
  1627432320 553597825 0  
  1627432321 553597825 0  
  1627432322 553597825 0  
  1627432323 553597825 0  
  1627432324 553597825 0  
  1627432325 553597825 0  
  1627432326 553597825 0  
  1627432327 553597825 0  
  1627432328 553597825 0  
  1627432329 553597825 0  
  1627432330 553599786 0  
  1627432331 553602458 0  
  1627432332 553602458 0  
  1627432333 553603166 0  
  1627432334 553603166 0  
  1627432335 553603166 0  
  1627432336 553603166 0  
  1627432337 553603166 0  
  1627432339 553603166 0  
  1627432340 553603166 0  
  1627432341 553603166 0  
  1627432342 553603166 0  
  1627432343 553603166 0  
  1627432344 553603166 0  
  1627432345 553603166 0  
  1627432346 553605127 0  
  1627432347 553607883 0  
  1627432348 553607883 0  
  1627432349 553608387 0  
  1627432350 553608387 0  
  1627432351 553608387 0  
  1627432352 553608387 0  
  1627432353 553608387 0  
  1627432354 553608387 0  
  1627432355 553608387 0  
  1627432356 553608387 0  
  1627432357 553613020 0  
  1627432358 553613020 0  
  1627432359 553613660 0  
  1627432360 553613660 0  
  1627432361 553613660 0  
  1627432362 553613660 0  
  1627432363 553613660 0  
  1627432364 553613660 0  
  1627432365 553613660 0  
  1627432366 553613660 0  
  1627432367 553613660 0  
  1627432368 553613660 0  
  1627432369 553613660 0  
  1627432370 553613660 0  
  1627432371 553613660 0  
  1627432372 553613660 0  
  1627432373 553613660 0  
  1627432374 553613660 0  
  1627432375 553613660 0  
  1627432376 553613660 0  
  1627432377 553613660 0  
  1627432379 553613660 0  
  1627432380 553614250 0  
  1627432381 553614250 0  
  1627432382 553614250 0  
  1627432383 553614250 0  
  1627432384 553614250 0  
  1627432385 553614250 0  
  1627432386 553614250 0  
  1627432387 553614250 0  
  1627432388 553614250 0  
  1627432389 553614250 0  
  1627432390 553614250 0  
  1627432391 553614250 0  
  1627432392 553614250 0  
  1627432393 553614250 0  
  1627432394 553614250 0  
  1627432395 553614250 0  
  1627432396 553614250 0  
  1627432397 553614250 0  
  1627432398 553614250 0  
  1627432399 553614250 0  
  1627432400 553614250 0  
  1627432401 553614250 0  
  1627432402 553622868 0  
  1627432403 553623516 0  
  1627432404 553624932 0  
  1627432405 553624932 0  
  1627432406 553624932 0  
  1627432407 553624932 0  
  1627432408 553624932 0  
  1627432409 553624932 0  
  1627432410 553624932 0  
  1627432411 553624932 0  
  1627432412 553624932 0  
  1627432413 553624932 0  
  1627432414 553624932 0  
  1627432415 553624932 0  
  1627432416 553624932 0  
  1627432418 553624932 0  
  1627432419 553624932 0  
  1627432420 553624932 0  
  1627432421 553624932 0  
  1627432422 553624932 0  
  1627432423 553624932 0  
  1627432424 553624932 0  
  1627432425 553624932 0  
  1627432426 553624932 0  
  1627432427 553624932 0  
  1627432428 553624932 0  
  1627432429 553624932 0  
  1627432430 553624932 0  
  1627432431 553624932 0  
  1627432432 553624932 0  
  1627432433 553624932 0  
  1627432434 553624932 0  
  1627432435 553624932 0  
  1627432436 553624932 0  
  1627432437 553624932 0  
  1627432438 553624932 0  
  1627432439 553624932 0  
  1627432440 553629241 0  
  1627432441 553629565 0  
  1627432442 553629565 0  
  1627432443 553630205 0  
  1627432444 553630205 0  
  1627432445 553630205 0  
  1627432446 553630205 0  
  1627432447 553630205 0  
  1627432448 553630205 0  
  1627432449 553630205 0  
  1627432450 553630205 0  
  1627432451 553630205 0  
  1627432452 553630205 0  
  1627432453 553630205 0  
  1627432454 553630205 0  
  1627432455 553630205 0  
  1627432457 553630205 0  
  1627432458 553630205 0  
  1627432459 553630205 0  
  1627432460 553630205 0  
  1627432461 553630205 0  
  1627432462 553630205 0  
  1627432463 553630205 0  
  1627432464 553630205 0  
  1627432465 553630205 0  
  1627432466 553630205 0  
  1627432467 553630297 0  
  1627432468 553630297 0  
  1627432469 553630297 0  
  1627432470 553630297 0  
  1627432471 553630297 0  
  1627432472 553630297 0  
  1627432473 553630297 0  
  1627432474 553630297 0  
  1627432475 553630297 0  
  1627432476 553630297 0  
  1627432477 553630297 0  
  1627432478 553630297 0  
  1627432479 553630297 0  
  1627432480 553630297 0  
  1627432481 553630297 0  
  1627432482 553630297 0  
  1627432483 553630373 0  
  1627432484 553630373 0  
  1627432485 553630373 0  
  1627432486 553630373 0  
  1627432487 553630373 0  
  1627432488 553630373 0  
  1627432489 553630373 0  
  1627432490 553630373 0  
  1627432491 553630373 0  
  1627432492 553630373 0  
  1627432493 553630373 0  
  1627432494 553630373 0  
  1627432496 553630373 0  
  1627432497 553630373 0  
  1627432498 553630373 0  
  1627432499 553630373 0  
  1627432500 553630373 0  
  1627432501 553630373 0  
  1627432502 553630373 0  
  1627432503 553630373 0  
  1627432504 553630373 0  
  1627432505 553630373 0  
  1627432506 553630373 0  
  1627432507 553630373 0  
  1627432508 553630373 0  
  1627432509 553630373 0  
  1627432510 553630373 0  
  1627432511 553630373 0  
  1627432512 553630373 0  
  1627432513 553630373 0  
  1627432514 553630373 0  
  1627432515 553630373 0  
  1627432516 553630373 0  
  1627432517 553630373 0  
  1627432518 553630373 0  
  1627432519 553630373 0  
  1627432520 553630373 0  
  1627432521 553630373 0  
  1627432522 553630373 0  
  1627432523 553630373 0  
  1627432524 553630373 0  
  1627432525 553630373 0  
  1627432526 553630373 0  
  1627432527 553630373 0  
  1627432528 553630373 0  
  1627432529 553630373 0  
  1627432530 553630373 0  
  1627432531 553630373 0  
  1627432532 553630465 0  
  1627432533 553630465 0  
  1627432535 553630465 0  
  1627432536 553630465 0  
  1627432537 553630465 0  
  1627432538 553630465 0  
  1627432539 553630465 0  
  1627432540 553630465 0  
  1627432541 553630465 0  
  1627432542 553630465 0  
  1627432543 553630465 0  
  1627432544 553630465 0  
  1627432545 553630465 0  
  1627432546 553630822 0  
  1627432547 553630822 0  
  1627432548 553630822 0  
  1627432549 553630822 0  
  1627432550 553630822 0  
  1627432551 553630822 0  
  1627432552 553630822 0  
  1627432553 553630822 0  
  1627432554 553630822 0  
  1627432555 553630822 0  
  1627432556 553630822 0  
  1627432557 553630822 0  
  1627432558 553630822 0  
  1627432559 553630822 0  
  1627432560 553630822 0  
  1627432561 553630822 0  
  1627432562 553630822 0  
  1627432563 553630822 0  
  1627432564 553630822 0  
  1627432565 553630822 0  
  1627432566 553630882 0  
  1627432567 553630882 0  
  1627432568 553630882 0  
  1627432569 553630882 0  
  1627432570 553630882 0  
  1627432571 553630882 0  
  1627432572 553630882 0  
  1627432573 553630882 0  
  1627432575 553630882 0  
  1627432576 553630882 0  
  1627432577 553630882 0  
  1627432578 553630882 0  
  1627432579 553630882 0  
  1627432580 553631472 0  
  1627432581 553631472 0  
  1627432582 553631472 0  
  1627432583 553631472 0  
  1627432584 553631472 0  
  1627432585 553631472 0  
  1627432586 553631472 0  
  1627432587 553631472 0  
  1627432588 553631472 0  
  1627432589 553631472 0  
  1627432590 553631472 0  
  1627432591 553631472 0  
  1627432592 553631472 0  
  1627432593 553631472 0  
  1627432594 553631472 0  
  1627432595 553631472 0  
  1627432596 553631472 0  
  1627432597 553631472 0  
  1627432598 553631472 0  
  1627432599 553631472 0  
  1627432600 553631472 0  
  1627432601 553631472 0  
  1627432602 553631472 0  
  1627432603 553631472 0  
  1627432604 553631472 0  
  1627432605 553631472 0  
  1627432606 553631472 0  
  1627432607 553631472 0  
  1627432608 553631472 0  
  1627432609 553631472 0  
  1627432610 553631472 0  
  1627432611 553631472 0  
  1627432612 553631472 0  
  1627432613 553631472 0  
  1627432615 553631472 0  
  1627432616 553631472 0  
  1627432617 553631472 0  
  1627432618 553631472 0  
  1627432619 553631548 0  
  1627432620 553631548 0  
  1627432621 553631548 0  
  1627432622 553631548 0  
  1627432623 553631548 0  
  1627432624 553631548 0  
  1627432625 553631548 0  
  1627432626 553631548 0  
  1627432627 553631548 0  
  1627432628 553631548 0  
  1627432629 553631548 0  
  1627432630 553631548 0  
  1627432631 553636181 0  
  1627432632 553636181 0  
  1627432633 553636821 0  
  1627432634 553636821 0  
  1627432635 553636821 0  
  1627432636 553636821 0  
  1627432637 553636821 0  
  1627432638 553636821 0  
  1627432639 553636821 0  
  1627432640 553636821 0  
  1627432641 553636821 0  
  1627432642 553636821 0  
  1627432643 553636821 0  
  1627432644 553636821 0  
  1627432645 553636821 0  
  1627432646 553636821 0  
  1627432647 553636821 0  
  1627432648 553636821 0  
  1627432649 553636821 0  
  1627432650 553636821 0  
  1627432651 553636821 0  
  1627432652 553636821 0  
  1627432654 553636821 0  
  1627432655 553636821 0  
  1627432656 553636821 0  
  1627432657 553636821 0  
  1627432658 553636821 0  
  1627432659 553638782 0  
  1627432660 553641454 0  
  1627432661 553641454 0  
  1627432662 553642094 0  
  1627432663 553642094 0  
  1627432664 553642094 0  
  1627432665 553642094 0  
  1627432666 553642094 0  
  1627432667 553642094 0  
  1627432668 553642094 0  
  1627432669 553642094 0  
  1627432670 553642094 0  
  1627432671 553642094 0  
  1627432672 553642094 0  
  1627432673 553642094 0  
  1627432674 553642094 0  
  1627432675 553642094 0  
  1627432676 553642094 0  
  1627432677 553642094 0  
  1627432678 553642094 0  
  1627432679 553642094 0  
  1627432680 553642094 0  
  1627432681 553642094 0  
  1627432682 553642094 0  
  1627432683 553642094 0  
  1627432684 553642094 0  
  1627432685 553642094 0  
  1627432686 553642094 0  
  1627432687 553642094 0  
  1627432688 553642094 0  
  1627432689 553642094 0  
  1627432690 553642094 0  
  1627432692 553642094 0  
  1627432693 553642094 0  
  1627432694 553642094 0  
  1627432695 553642094 0  
  1627432696 553642094 0  
  1627432697 553642094 0  
  1627432698 553642094 0  
  1627432699 553642094 0  
  1627432700 553642094 0  
  1627432701 553642094 0  
  1627432702 553642094 0  
  1627432703 553650712 0  
  1627432704 553651360 0  
  1627432705 553652776 0  
  1627432706 553652776 0  
  1627432707 553652776 0  
  1627432708 553652776 0  
  1627432709 553652776 0  
  1627432710 553652776 0  
  1627432711 553652776 0  
  1627432712 553652776 0  
  1627432713 553652776 0  
  1627432714 553652776 0  
  1627432715 553652776 0  
  1627432716 553652776 0  
  1627432717 553652776 0  
  1627432718 553652776 0  
  1627432719 553652776 0  
  1627432720 553652776 0  
  1627432721 553652776 0  
  1627432722 553652776 0  
  1627432723 553652868 0  
  1627432724 553652868 0  
  1627432725 553652868 0  
  1627432726 553652868 0  
  1627432727 553652868 0  
  1627432728 553652868 0  
  1627432730 553652868 0  
  1627432731 553652868 0  
  1627432732 553652868 0  
  1627432733 553652868 0  
  1627432734 553652868 0  
  1627432735 553652868 0  
  1627432736 553652868 0  
  1627432737 553652868 0  
  1627432738 553652868 0  
  1627432739 553652868 0  
  1627432740 553652868 0  
  1627432741 553652868 0  
  1627432742 553657177 0  
  1627432743 553657501 0  
  1627432744 553658141 0  
  1627432745 553658141 0  
  1627432746 553658141 0  
  1627432747 553658141 0  
  1627432748 553658141 0  
  1627432749 553658141 0  
  1627432750 553658141 0  
  1627432751 553658141 0  
  1627432752 553658217 0  
  1627432753 553658277 0  
  1627432754 553658277 0  
  1627432755 553658277 0  
  1627432756 553658277 0  
  1627432757 553658277 0  
  1627432758 553658277 0  
  1627432759 553658277 0  
  1627432760 553658277 0  
  1627432761 553658277 0  
  1627432762 553658277 0  
  1627432763 553658277 0  
  1627432764 553658277 0  
  1627432765 553658277 0  
  1627432766 553658277 0  
  1627432768 553658277 0  
  1627432769 553658277 0  
  1627432770 553658277 0  
  1627432771 553658277 0  
  1627432772 553658277 0  
  1627432773 553658277 0  
  1627432774 553658277 0  
  1627432775 553658277 0  
  1627432776 553658277 0  
  1627432777 553658277 0  
  1627432778 553658277 0  
  1627432779 553658277 0  
  1627432780 553658935 0  
  1627432781 553658935 0  
  1627432782 553658935 0  
  1627432783 553658935 0  
  1627432784 553658935 0  
  1627432785 553658935 0  
  1627432786 553658935 0  
  1627432787 553658935 0  
  1627432788 553658935 0  
  1627432789 553658935 0  
  1627432790 553658935 0  
  1627432791 553658935 0  
  1627432792 553658935 0  
  1627432793 553659027 0  
  1627432794 553659027 0  
  1627432795 553659027 0  
  1627432796 553659027 0  
  1627432797 553659027 0  
  1627432798 553659027 0  
  1627432799 553659027 0  
  1627432800 553659027 0  
  1627432801 553659027 0  
  1627432802 553659027 0  
  1627432803 553659027 0  
  1627432804 553659027 0  
  1627432805 553659027 0  
  1627432807 553659027 0  
  1627432808 553659027 0  
  1627432809 553659027 0  
  1627432810 553659027 0  
  1627432811 553659027 0  
  1627432812 553659027 0  
  1627432813 553659027 0  
  1627432814 553659027 0  
  1627432815 553659027 0  
  1627432816 553659027 0  
  1627432817 553659027 0  
  1627432818 553659027 0  
  1627432819 553659027 0  
  1627432820 553659027 0  
  1627432821 553659027 0  
  1627432822 553659027 0  
  1627432823 553659027 0  
  1627432824 553659027 0  
  1627432825 553659027 0  
  1627432826 553659027 0  
  1627432827 553659027 0  
  1627432828 553659027 0  
  1627432829 553659027 0  
  1627432830 553659027 0  
  1627432831 553659027 0  
  1627432832 553659027 0  
  1627432833 553659027 0  
  1627432834 553659027 0  
  1627432835 553659027 0  
  1627432836 553659027 0  
  1627432837 553659027 0  
  1627432838 553659027 0  
  1627432839 553659027 0  
  1627432840 553659027 0  
  1627432841 553659027 0  
  1627432842 553659027 0  
  1627432843 553659027 0  
  1627432845 553659027 0  
  1627432846 553659384 0  
  1627432847 553659384 0  
  1627432848 553659384 0  
  1627432849 553659384 0  
  1627432850 553659384 0  
  1627432851 553659384 0  
  1627432852 553659384 0  
  1627432853 553659384 0  
  1627432854 553659384 0  
  1627432855 553659384 0  
  1627432856 553659384 0  
  1627432857 553659384 0  
  1627432858 553659384 0  
  1627432859 553659384 0  
  1627432860 553659384 0  
  1627432861 553659384 0  
  1627432862 553659384 0  
  1627432863 553659384 0  
  1627432864 553659384 0  
  1627432865 553659384 0  
  1627432866 553659384 0  
  1627432867 553659384 0  
  1627432868 553659384 0  
  1627432869 553659384 0  
  1627432870 553659384 0  
  1627432871 553659384 0  
  1627432872 553659384 0  
  1627432873 553659384 0  
  1627432874 553659384 0  
  1627432875 553659384 0  
  1627432876 553659384 0  
  1627432877 553659384 0  
  1627432878 553659384 0  
  1627432879 553660979 0  
  1627432880 553660979 0  
  1627432881 553660979 0  
  1627432883 553660979 0  
  1627432884 553660979 0  
  1627432885 553660979 0  
  1627432886 553660979 0  
  1627432887 553660979 0  
  1627432888 553660979 0  
  1627432889 553660979 0  
  1627432890 553660979 0  
  1627432891 553660979 0  
  1627432892 553660979 0  
  1627432893 553660979 0  
  1627432894 553660979 0  
  1627432895 553660979 0  
  1627432896 553660979 0  
  1627432897 553660979 0  
  1627432898 553660979 0  
  1627432899 553660979 0  
  1627432900 553660979 0  
  1627432901 553660979 0  
  1627432902 553660979 0  
  1627432903 553660979 0  
  1627432904 553660979 0  
  1627432905 553660979 0  
  1627432906 553660979 0  
  1627432907 553660979 0  
  1627432908 553660979 0  
  1627432909 553660979 0  
  1627432910 553660979 0  
  1627432911 553660979 0  
  1627432912 553660979 0  
  1627432913 553660979 0  
  1627432914 553660979 0  
  1627432915 553660979 0  
  1627432916 553660979 0  
  1627432917 553660979 0  
  1627432918 553660979 0  
  1627432919 553660979 0  
  1627432921 553660979 0  
  1627432922 553660979 0  
  1627432923 553660979 0  
  1627432924 553660979 0  
  1627432925 553660979 0  
  1627432926 553660979 0  
  1627432927 553660979 0  
  1627432928 553660979 0  
  1627432929 553660979 0  
  1627432930 553660979 0  
  1627432931 553665288 0  
  1627432932 553665612 0  
  1627432933 553666252 0  
  1627432934 553666252 0  
  1627432935 553666252 0  
  1627432936 553666252 0  
  1627432937 553666252 0  
  1627432938 553666252 0  
  1627432939 553666252 0  
  1627432940 553666252 0  
  1627432941 553666252 0  
  1627432942 553666252 0  
  1627432943 553666252 0  
  1627432944 553666252 0  
  1627432945 553666252 0  
  1627432946 553666252 0  
  1627432947 553666252 0  
  1627432948 553666252 0  
  1627432949 553666252 0  
  1627432950 553666252 0  
  1627432951 553666252 0  
  1627432952 553666252 0  
  1627432953 553666252 0  
  1627432954 553666252 0  
  1627432955 553666320 0  
  1627432956 553666320 0  
  1627432957 553666320 0  
  1627432958 553666320 0  
  1627432960 553670629 0  
  1627432961 553672109 0  
 