 1627030365 495744000 38476  
  1627030366 495744000 38476  
  1627030367 495744000 38476  
  1627030368 495744000 38476  
  1627030369 495744000 38476  
  1627030370 495744000 38476  
  1627030371 495744000 38476  
  1627030372 495744000 38476  
  1627030373 495744000 38476  
  1627030374 495744000 38476  
  1627030375 495744000 38476  
  1627030376 495744000 38476  
  1627030377 495744000 38476  
  1627030378 495744000 38476  
  1627030379 495744000 38476  
  1627030380 495744000 38476  
  1627030381 495744000 38476  
  1627030382 495744000 38476  
  1627030383 495744000 38476  
  1627030384 495744000 38476  
  1627030385 495744000 38476  
  1627030386 495744000 38476  
  1627030387 495744000 38476  
  1627030388 495744000 38476  
  1627030389 495744000 38476  
  1627030390 495744000 38476  
  1627030391 495744000 38476  
  1627030393 495744000 38476  
  1627030394 495744000 38476  
  1627030395 495744000 38476  
  1627030396 495744000 38476  
  1627030397 495744000 38476  
  1627030398 495744000 38476  
  1627030399 495744000 38476  
  1627030400 495744000 38476  
  1627030401 495744000 38476  
  1627030402 495744000 38476  
  1627030403 495744000 38476  
  1627030404 495744000 38476  
  1627030405 495744000 38476  
  1627030406 495744000 38476  
  1627030407 495744000 38476  
  1627030408 495744000 38476  
  1627030409 495744000 38476  
  1627030410 495744000 38476  
  1627030411 495744000 38476  
  1627030412 495744000 38476  
  1627030413 495744000 38476  
  1627030414 495744000 38476  
  1627030415 495744000 38476  
  1627030416 495744000 38476  
  1627030417 495744000 38476  
  1627030418 495744000 38476  
  1627030419 495744000 38476  
  1627030420 495744000 38476  
  1627030421 495744000 38476  
  1627030422 495744000 38476  
  1627030423 495744000 38476  
  1627030424 495744000 38476  
  1627030425 495744000 38476  
  1627030426 495744000 38476  
  1627030427 495744000 38476  
  1627030428 495744000 38476  
  1627030429 495744000 38476  
  1627030430 495744000 38476  
  1627030432 495744000 38476  
  1627030433 495744000 38476  
  1627030434 495748309 38476  
  1627030435 495748633 38476  
  1627030436 495748633 38476  
  1627030437 495749341 38476  
  1627030438 495749341 38476  
  1627030439 495749341 38476  
  1627030440 495749341 38476  
  1627030441 495749341 38476  
  1627030442 495749341 38476  
  1627030443 495749341 38476  
  1627030444 495749341 38476  
  1627030445 495749341 38476  
  1627030446 495749341 38476  
  1627030447 495749341 38476  
  1627030448 495749341 38476  
  1627030449 495749341 38476  
  1627030450 495749341 38476  
  1627030451 495749341 38476  
  1627030452 495749341 38476  
  1627030453 495749341 38476  
  1627030454 495749341 38476  
  1627030455 495749341 38476  
  1627030456 495749341 38476  
  1627030457 495749341 38476  
  1627030458 495749341 38476  
  1627030459 495749341 38476  
  1627030460 495749341 38476  
  1627030461 495749341 38476  
  1627030462 495749341 38476  
  1627030463 495749341 38476  
  1627030464 495749341 38476  
  1627030465 495749341 38476  
  1627030466 495749341 38476  
  1627030467 495749341 38476  
  1627030468 495749341 38476  
  1627030469 495749341 38476  
  1627030470 495749937 38476  
  1627030472 495749937 38476  
  1627030473 495749937 38476  
  1627030474 495749937 38476  
  1627030475 495749937 38476  
  1627030476 495749937 38476  
  1627030477 495749937 38476  
  1627030478 495749937 38476  
  1627030479 495749937 38476  
  1627030480 495749937 38476  
  1627030481 495749937 38476  
  1627030482 495749937 38476  
  1627030483 495749937 38476  
  1627030484 495749937 38476  
  1627030485 495749937 38476  
  1627030486 495749937 38476  
  1627030487 495749937 38476  
  1627030488 495749937 38476  
  1627030489 495749937 38476  
  1627030490 495749937 38476  
  1627030491 495749937 38476  
  1627030492 495749937 38476  
  1627030493 495749937 38476  
  1627030494 495749937 38476  
  1627030495 495749937 38476  
  1627030496 495749937 38476  
  1627030497 495749937 38476  
  1627030498 495749937 38476  
  1627030499 495749937 38476  
  1627030500 495749937 38476  
  1627030501 495749937 38476  
  1627030502 495749937 38476  
  1627030503 495749937 38476  
  1627030504 495749937 38476  
  1627030505 495749937 38476  
  1627030506 495749937 38476  
  1627030507 495749937 38476  
  1627030508 495749937 38476  
  1627030509 495749937 38476  
  1627030511 495749937 38476  
  1627030512 495749937 38476  
  1627030513 495749937 38476  
  1627030514 495749937 38476  
  1627030515 495749937 38476  
  1627030516 495749937 38476  
  1627030517 495749937 38476  
  1627030518 495749937 38476  
  1627030519 495749937 38476  
  1627030520 495749937 38476  
  1627030521 495749937 38476  
  1627030522 495749937 38476  
  1627030523 495749937 38476  
  1627030524 495749937 38476  
  1627030525 495749937 38476  
  1627030526 495749937 38476  
  1627030527 495749937 38476  
  1627030528 495749937 38476  
  1627030529 495749937 38476  
  1627030530 495749937 38476  
  1627030531 495749937 38476  
  1627030532 495749937 38476  
  1627030533 495749937 38476  
  1627030534 495750294 38476  
  1627030535 495750294 38476  
  1627030536 495750294 38476  
  1627030537 495750294 38476  
  1627030538 495750294 38476  
  1627030539 495750294 38476  
  1627030540 495754603 38476  
  1627030541 495754927 38476  
  1627030542 495755635 38476  
  1627030543 495759944 38476  
  1627030544 495760268 38476  
  1627030545 495760976 38476  
  1627030546 495760976 38476  
  1627030547 495760976 38476  
  1627030549 495760976 38476  
  1627030550 495765609 38476  
  1627030551 495765609 38476  
  1627030552 495770950 38476  
  1627030553 495770950 38476  
  1627030554 495771658 38476  
  1627030555 495771658 38476  
  1627030556 495771658 38476  
  1627030557 495771658 38476  
  1627030558 495771658 38476  
  1627030559 495771658 38476  
  1627030560 495771658 38476  
  1627030561 495771658 38476  
  1627030562 495771658 38476  
  1627030563 495771658 38476  
  1627030564 495771658 38476  
  1627030565 495771658 38476  
  1627030566 495771658 38476  
  1627030567 495771658 38476  
  1627030568 495771658 38476  
  1627030569 495771658 38476  
  1627030570 495771658 38476  
  1627030571 495771658 38476  
  1627030572 495771658 38476  
  1627030573 495771658 38476  
  1627030574 495771658 38476  
  1627030575 495771658 38476  
  1627030576 495771658 38476  
  1627030577 495771750 38476  
  1627030578 495771750 38476  
  1627030579 495771750 38476  
  1627030580 495771750 38476  
  1627030581 495771750 38476  
  1627030582 495771750 38476  
  1627030583 495771750 38476  
  1627030584 495771750 38476  
  1627030585 495771750 38476  
  1627030586 495771750 38476  
  1627030588 495771750 38476  
  1627030589 495771750 38476  
  1627030590 495771750 38476  
  1627030591 495771750 38476  
  1627030592 495771750 38476  
  1627030593 495771750 38476  
  1627030594 495771750 38476  
  1627030595 495771750 38476  
  1627030596 495771750 38476  
  1627030597 495771750 38476  
  1627030598 495771750 38476  
  1627030599 495771750 38476  
  1627030600 495771750 38476  
  1627030601 495771750 38476  
  1627030602 495771750 38476  
  1627030603 495771750 38476  
  1627030604 495771750 38476  
  1627030605 495771750 38476  
  1627030606 495771750 38476  
  1627030607 495771750 38476  
  1627030608 495771750 38476  
  1627030609 495771750 38476  
  1627030610 495771750 38476  
  1627030611 495771750 38476  
  1627030612 495771750 38476  
  1627030613 495771750 38476  
  1627030614 495771750 38476  
  1627030615 495771750 38476  
  1627030616 495771750 38476  
  1627030617 495771750 38476  
  1627030618 495771750 38476  
  1627030619 495771750 38476  
  1627030620 495771750 38476  
  1627030621 495771750 38476  
  1627030622 495771750 38476  
  1627030623 495771750 38476  
  1627030624 495771750 38476  
  1627030626 495771750 38476  
  1627030627 495771750 38476  
  1627030628 495771750 38476  
  1627030629 495771750 38476  
  1627030630 495771750 38476  
  1627030631 495771750 38476  
  1627030632 495771750 38476  
  1627030633 495771750 38476  
  1627030634 495771750 38476  
  1627030635 495771750 38476  
  1627030636 495771750 38476  
  1627030637 495771750 38476  
  1627030638 495771750 38476  
  1627030639 495771750 38476  
  1627030640 495771750 38476  
  1627030641 495771750 38476  
  1627030642 495771750 38476  
  1627030643 495771750 38476  
  1627030644 495771750 38476  
  1627030645 495771750 38476  
  1627030646 495771750 38476  
  1627030647 495771750 38476  
  1627030648 495771750 38476  
  1627030649 495771750 38476  
  1627030650 495771750 38476  
  1627030651 495771750 38476  
  1627030652 495771750 38476  
  1627030653 495771750 38476  
  1627030654 495771750 38476  
  1627030655 495771750 38476  
  1627030656 495771750 38476  
  1627030657 495771750 38476  
  1627030658 495771750 38476  
  1627030659 495771750 38476  
  1627030660 495771750 38476  
  1627030661 495771750 38476  
  1627030662 495771750 38476  
  1627030663 495771750 38476  
  1627030665 495771750 38476  
  1627030666 495771750 38476  
  1627030667 495771750 38476  
  1627030668 495771750 38476  
  1627030669 495771750 38476  
  1627030670 495771750 38476  
  1627030671 495773345 38476  
  1627030672 495773345 38476  
  1627030673 495773345 38476  
  1627030674 495773345 38476  
  1627030675 495773345 38476  
  1627030676 495773345 38476  
  1627030677 495773345 38476  
  1627030678 495773345 38476  
  1627030679 495773345 38476  
  1627030680 495773345 38476  
  1627030681 495773345 38476  
  1627030682 495773345 38476  
  1627030683 495773345 38476  
  1627030684 495773345 38476  
  1627030685 495773345 38476  
  1627030686 495773345 38476  
  1627030687 495773345 38476  
  1627030688 495773345 38476  
  1627030689 495773345 38476  
  1627030690 495773345 38476  
  1627030691 495773345 38476  
  1627030692 495773345 38476  
  1627030693 495773345 38476  
  1627030694 495773345 38476  
  1627030695 495773413 38476  
  1627030696 495773413 38476  
  1627030697 495773413 38476  
  1627030698 495773413 38476  
  1627030699 495773413 38476  
  1627030700 495773413 38476  
  1627030701 495774569 38476  
  1627030703 495774569 38476  
  1627030704 495774569 38476  
  1627030705 495774569 38476  
  1627030706 495774569 38476  
  1627030707 495774569 38476  
  1627030708 495774569 38476  
  1627030709 495774569 38476  
  1627030710 495774569 38476  
  1627030711 495774569 38476  
  1627030712 495774569 38476  
  1627030713 495774569 38476  
  1627030714 495774569 38476  
  1627030715 495774569 38476  
  1627030716 495774569 38476  
  1627030717 495774569 38476  
  1627030718 495774569 38476  
  1627030719 495774569 38476  
  1627030720 495774569 38476  
  1627030721 495774569 38476  
  1627030722 495774569 38476  
  1627030723 495774569 38476  
  1627030724 495774569 38476  
  1627030725 495774569 38476  
  1627030726 495774569 38476  
  1627030727 495774569 38476  
  1627030728 495774569 38476  
  1627030729 495774569 38476  
  1627030730 495774569 38476  
  1627030731 495774569 38476  
  1627030732 495774569 38476  
  1627030733 495779202 38476  
  1627030734 495779202 38476  
  1627030735 495779910 38476  
  1627030736 495779910 38476  
  1627030737 495779910 38476  
  1627030738 495779910 38476  
  1627030739 495779910 38476  
  1627030740 495779910 38476  
  1627030742 495779910 38476  
  1627030743 495779910 38476  
  1627030744 495779910 38476  
  1627030745 495779910 38476  
  1627030746 495779910 38476  
  1627030747 495779910 38476  
  1627030748 495779910 38476  
  1627030749 495779910 38476  
  1627030750 495779910 38476  
  1627030751 495779910 38476  
  1627030752 495779910 38476  
  1627030753 495779910 38476  
  1627030754 495779910 38476  
  1627030755 495779910 38476  
  1627030756 495779910 38476  
  1627030757 495779910 38476  
  1627030758 495779910 38476  
  1627030759 495779910 38476  
  1627030760 495779910 38476  
  1627030761 495779910 38476  
  1627030762 495779910 38476  
  1627030763 495779910 38476  
  1627030764 495779910 38476  
  1627030765 495779910 38476  
  1627030766 495779910 38476  
  1627030767 495780002 38476  
  1627030768 495780002 38476  
  1627030769 495780002 38476  
  1627030770 495780002 38476  
  1627030771 495780002 38476  
  1627030772 495780002 38476  
  1627030773 495780002 38476  
  1627030774 495780002 38476  
  1627030775 495780002 38476  
  1627030776 495780002 38476  
  1627030777 495780002 38476  
  1627030778 495780002 38476  
  1627030780 495780002 38476  
  1627030781 495780002 38476  
  1627030782 495780002 38476  
  1627030783 495780002 38476  
  1627030784 495780002 38476  
  1627030785 495780002 38476  
  1627030786 495780002 38476  
  1627030787 495780002 38476  
  1627030788 495780002 38476  
  1627030789 495780002 38476  
  1627030790 495780002 38476  
  1627030791 495780002 38476  
  1627030792 495780002 38476  
  1627030793 495780002 38476  
  1627030794 495780002 38476  
  1627030795 495780002 38476  
  1627030796 495780002 38476  
  1627030797 495780002 38476  
  1627030798 495780002 38476  
  1627030799 495780002 38476  
  1627030800 495780002 38476  
  1627030801 495780002 38476  
  1627030802 495780002 38476  
  1627030803 495780002 38476  
  1627030804 495780340 38476  
  1627030805 495780340 38476  
  1627030806 495780340 38476  
  1627030807 495780340 38476  
  1627030808 495780340 38476  
  1627030809 495780340 38476  
  1627030810 495780340 38476  
  1627030811 495780340 38476  
  1627030812 495780340 38476  
  1627030813 495780340 38476  
  1627030814 495780340 38476  
  1627030815 495780340 38476  
  1627030816 495780340 38476  
  1627030817 495780340 38476  
  1627030818 495780340 38476  
  1627030820 495780340 38476  
  1627030821 495780340 38476  
  1627030822 495780340 38476  
  1627030823 495780340 38476  
  1627030824 495780340 38476  
  1627030825 495780340 38476  
  1627030826 495780340 38476  
  1627030827 495780340 38476  
  1627030828 495780340 38476  
  1627030829 495780340 38476  
  1627030830 495780340 38476  
  1627030831 495780340 38476  
  1627030832 495780340 38476  
  1627030833 495780340 38476  
  1627030834 495780697 38476  
  1627030835 495780697 38476  
  1627030836 495780697 38476  
  1627030837 495780697 38476  
  1627030838 495780789 38476  
  1627030839 495780789 38476  
  1627030840 495785098 38476  
  1627030841 495785422 38476  
  1627030842 495786130 38476  
  1627030843 495787891 38476  
  1627030844 495790763 38476  
  1627030845 495791471 38476  
  1627030846 495791471 38476  
  1627030847 495791471 38476  
  1627030848 495791471 38476  
  1627030849 495796104 38476  
  1627030850 495796104 38476  
  1627030851 495801445 38476  
  1627030852 495801445 38476  
  1627030853 495802153 38476  
  1627030854 495802153 38476  
  1627030855 495802153 38476  
  1627030856 495802153 38476  
  1627030857 495802153 38476  
  1627030859 495802153 38476  
  1627030860 495802153 38476  
  1627030861 495802153 38476  
  1627030862 495802153 38476  
  1627030863 495802153 38476  
  1627030864 495802153 38476  
  1627030865 495806598 38476  
  1627030866 495807006 38476  
  1627030867 495807006 38476  
  1627030868 495807510 38476  
  1627030869 495807510 38476  
  1627030870 495808100 38476  
  1627030871 495808100 38476  
  1627030872 495808100 38476  
  1627030873 495808100 38476  
  1627030874 495808100 38476  
  1627030875 495808100 38476  
  1627030876 495808100 38476  
  1627030877 495808100 38476  
  1627030878 495808100 38476  
  1627030879 495808100 38476  
  1627030880 495808100 38476  
  1627030881 495808100 38476  
  1627030882 495808100 38476  
  1627030883 495808100 38476  
  1627030884 495808100 38476  
  1627030885 495808100 38476  
  1627030886 495808100 38476  
  1627030887 495808100 38476  
  1627030888 495808100 38476  
  1627030889 495808100 38476  
  1627030890 495808100 38476  
  1627030891 495808100 38476  
  1627030892 495808100 38476  
  1627030893 495808438 38476  
  1627030894 495808438 38476  
  1627030895 495808438 38476  
  1627030896 495808438 38476  
  1627030898 495808438 38476  
  1627030899 495808438 38476  
  1627030900 495808438 38476  
  1627030901 495808438 38476  
  1627030902 495808438 38476  
  1627030903 495808438 38476  
  1627030904 495808438 38476  
  1627030905 495808438 38476  
  1627030906 495808438 38476  
  1627030907 495808438 38476  
  1627030908 495808438 38476  
  1627030909 495808438 38476  
  1627030910 495808438 38476  
  1627030911 495808438 38476  
  1627030912 495808438 38476  
  1627030913 495808438 38476  
  1627030914 495808438 38476  
  1627030915 495808438 38476  
  1627030916 495808438 38476  
  1627030917 495808438 38476  
  1627030918 495808438 38476  
  1627030919 495808438 38476  
  1627030920 495808438 38476  
  1627030921 495808438 38476  
  1627030922 495808438 38476  
  1627030923 495808438 38476  
  1627030924 495808438 38476  
  1627030925 495808438 38476  
  1627030926 495808438 38476  
  1627030927 495808438 38476  
  1627030928 495808438 38476  
  1627030929 495808438 38476  
  1627030930 495808438 38476  
  1627030931 495808438 38476  
  1627030932 495808438 38476  
  1627030933 495808438 38476  
  1627030934 495808438 38476  
  1627030935 495808438 38476  
  1627030937 495808438 38476  
  1627030938 495808438 38476  
  1627030939 495808438 38476  
  1627030940 495808438 38476  
  1627030941 495808438 38476  
  1627030942 495808438 38476  
  1627030943 495808438 38476  
  1627030944 495808438 38476  
  1627030945 495808438 38476  
  1627030946 495808438 38476  
  1627030947 495808438 38476  
  1627030948 495808438 38476  
  1627030949 495808438 38476  
  1627030950 495808438 38476  
  1627030951 495808438 38476  
  1627030952 495808438 38476  
  1627030953 495808438 38476  
  1627030954 495808438 38476  
  1627030955 495808438 38476  
  1627030956 495808438 38476  
  1627030957 495808438 38476  
  1627030958 495808438 38476  
  1627030959 495808438 38476  
  1627030960 495808438 38476  
  1627030961 495808438 38476  
  1627030962 495808438 38476  
  1627030963 495808438 38476  
  1627030964 495808438 38476  
  1627030965 495808438 38476  
  1627030966 495808438 38476  
  1627030967 495808438 38476  
  1627030968 495808438 38476  
  1627030969 495808438 38476  
  1627030970 495808438 38476  
  1627030971 495808438 38476  
  1627030972 495808438 38476  
  1627030973 495808438 38476  
  1627030974 495808438 38476  
  1627030975 495808438 38476  
  1627030977 495808438 38476  
  1627030978 495808438 38476  
  1627030979 495808438 38476  
  1627030980 495808438 38476  
  1627030981 495808438 38476  
  1627030982 495808438 38476  
  1627030983 495808438 38476  
  1627030984 495808438 38476  
  1627030985 495808438 38476  
  1627030986 495808438 38476  
  1627030987 495808438 38476  
  1627030988 495808438 38476  
  1627030989 495808438 38476  
  1627030990 495808438 38476  
  1627030991 495808438 38476  
  1627030992 495808438 38476  
  1627030993 495808438 38476  
  1627030994 495808438 38476  
  1627030995 495808438 38476  
  1627030996 495808438 38476  
  1627030997 495808438 38476  
  1627030998 495808438 38476  
  1627030999 495808438 38476  
 