 1627019565 504463539 0  
  1627019566 504463539 0  
  1627019567 504463539 0  
  1627019568 504463539 0  
  1627019569 504463539 0  
  1627019570 504463539 0  
  1627019571 504463539 0  
  1627019572 504463539 0  
  1627019573 504463631 0  
  1627019574 504463631 0  
  1627019575 504463631 0  
  1627019576 504463631 0  
  1627019577 504463631 0  
  1627019578 504463631 0  
  1627019579 504463631 0  
  1627019580 504463631 0  
  1627019581 504463631 0  
  1627019582 504463631 0  
  1627019583 504463631 0  
  1627019584 504463631 0  
  1627019585 504463631 0  
  1627019586 504463631 0  
  1627019587 504463631 0  
  1627019588 504463631 0  
  1627019589 504463631 0  
  1627019590 504463631 0  
  1627019591 504463631 0  
  1627019592 504463631 0  
  1627019593 504463631 0  
  1627019594 504463631 0  
  1627019595 504463631 0  
  1627019596 504463631 0  
  1627019598 504463631 0  
  1627019599 504463631 0  
  1627019600 504463631 0  
  1627019601 504463631 0  
  1627019602 504463631 0  
  1627019603 504463631 0  
  1627019604 504463631 0  
  1627019605 504463631 0  
  1627019606 504463631 0  
  1627019607 504463631 0  
  1627019608 504463631 0  
  1627019609 504463631 0  
  1627019610 504463631 0  
  1627019611 504463631 0  
  1627019612 504463631 0  
  1627019613 504463631 0  
  1627019614 504463631 0  
  1627019615 504463631 0  
  1627019616 504463631 0  
  1627019617 504463631 0  
  1627019618 504463631 0  
  1627019619 504467940 0  
  1627019620 504468264 0  
  1627019621 504468264 0  
  1627019622 504468972 0  
  1627019623 504468972 0  
  1627019624 504468972 0  
  1627019625 504468972 0  
  1627019626 504468972 0  
  1627019627 504468972 0  
  1627019628 504468972 0  
  1627019629 504468972 0  
  1627019630 504468972 0  
  1627019631 504468972 0  
  1627019632 504468972 0  
  1627019633 504468972 0  
  1627019634 504468972 0  
  1627019635 504468972 0  
  1627019637 504468972 0  
  1627019638 504468972 0  
  1627019639 504469064 0  
  1627019640 504469064 0  
  1627019641 504469064 0  
  1627019642 504469064 0  
  1627019643 504469064 0  
  1627019644 504469064 0  
  1627019645 504469064 0  
  1627019646 504469064 0  
  1627019647 504469064 0  
  1627019648 504469064 0  
  1627019649 504469064 0  
  1627019650 504469064 0  
  1627019651 504469064 0  
  1627019652 504469064 0  
  1627019653 504469064 0  
  1627019654 504469064 0  
  1627019655 504469064 0  
  1627019656 504469064 0  
  1627019657 504469064 0  
  1627019658 504469064 0  
  1627019659 504469064 0  
  1627019660 504469064 0  
  1627019661 504469064 0  
  1627019662 504469064 0  
  1627019663 504469064 0  
  1627019664 504469064 0  
  1627019665 504469064 0  
  1627019666 504469064 0  
  1627019667 504469064 0  
  1627019668 504469064 0  
  1627019669 504469064 0  
  1627019670 504469660 0  
  1627019671 504469660 0  
  1627019672 504469660 0  
  1627019673 504469660 0  
  1627019674 504469660 0  
  1627019676 504469660 0  
  1627019677 504469660 0  
  1627019678 504469660 0  
  1627019679 504469660 0  
  1627019680 504469660 0  
  1627019681 504469660 0  
  1627019682 504469660 0  
  1627019683 504469660 0  
  1627019684 504469660 0  
  1627019685 504469660 0  
  1627019686 504469660 0  
  1627019687 504469660 0  
  1627019688 504469660 0  
  1627019689 504469660 0  
  1627019690 504469660 0  
  1627019691 504469660 0  
  1627019692 504469660 0  
  1627019693 504469660 0  
  1627019694 504469660 0  
  1627019695 504469660 0  
  1627019696 504469660 0  
  1627019697 504469660 0  
  1627019698 504469660 0  
  1627019699 504469660 0  
  1627019700 504469660 0  
  1627019701 504469660 0  
  1627019702 504469660 0  
  1627019703 504469844 0  
  1627019704 504469844 0  
  1627019705 504469844 0  
  1627019706 504469844 0  
  1627019707 504469844 0  
  1627019708 504469844 0  
  1627019709 504469844 0  
  1627019710 504469844 0  
  1627019711 504469844 0  
  1627019712 504469844 0  
  1627019713 504469844 0  
  1627019715 504469844 0  
  1627019716 504469844 0  
  1627019717 504469844 0  
  1627019718 504469844 0  
  1627019719 504469844 0  
  1627019720 504469844 0  
  1627019721 504469844 0  
  1627019722 504469844 0  
  1627019723 504469844 0  
  1627019724 504469844 0  
  1627019725 504469844 0  
  1627019726 504469844 0  
  1627019727 504469844 0  
  1627019728 504469844 0  
  1627019729 504469844 0  
  1627019730 504469844 0  
  1627019731 504469844 0  
  1627019732 504469844 0  
  1627019733 504469844 0  
  1627019734 504469844 0  
  1627019735 504469844 0  
  1627019736 504469844 0  
  1627019737 504469844 0  
  1627019738 504469844 0  
  1627019739 504469844 0  
  1627019740 504470201 0  
  1627019741 504470201 0  
  1627019742 504470201 0  
  1627019743 504474510 0  
  1627019744 504474834 0  
  1627019745 504480175 0  
  1627019746 504480175 0  
  1627019747 504480883 0  
  1627019748 504480883 0  
  1627019749 504480883 0  
  1627019750 504480883 0  
  1627019751 504490149 0  
  1627019753 504490149 0  
  1627019754 504491429 0  
  1627019755 504491429 0  
  1627019756 504491429 0  
  1627019757 504491429 0  
  1627019758 504491429 0  
  1627019759 504491429 0  
  1627019760 504491429 0  
  1627019761 504491429 0  
  1627019762 504491429 0  
  1627019763 504491429 0  
  1627019764 504491429 0  
  1627019765 504491429 0  
  1627019766 504491429 0  
  1627019767 504491521 0  
  1627019768 504491521 0  
  1627019769 504491521 0  
  1627019770 504491521 0  
  1627019771 504491521 0  
  1627019772 504491521 0  
  1627019773 504491521 0  
  1627019774 504491521 0  
  1627019775 504491521 0  
  1627019776 504491521 0  
  1627019777 504491521 0  
  1627019778 504491521 0  
  1627019779 504491521 0  
  1627019780 504491521 0  
  1627019781 504491521 0  
  1627019782 504491521 0  
  1627019783 504491521 0  
  1627019784 504491521 0  
  1627019785 504491521 0  
  1627019786 504491521 0  
  1627019787 504491521 0  
  1627019788 504491521 0  
  1627019789 504491521 0  
  1627019790 504491521 0  
  1627019791 504491521 0  
  1627019793 504491521 0  
  1627019794 504491521 0  
  1627019795 504491521 0  
  1627019796 504491521 0  
  1627019797 504491521 0  
  1627019798 504491521 0  
  1627019799 504491521 0  
  1627019800 504491521 0  
  1627019801 504491521 0  
  1627019802 504491521 0  
  1627019803 504491521 0  
  1627019804 504491521 0  
  1627019805 504491521 0  
  1627019806 504491521 0  
  1627019807 504491521 0  
  1627019808 504491521 0  
  1627019809 504491521 0  
  1627019810 504491521 0  
  1627019811 504491521 0  
  1627019812 504491521 0  
  1627019813 504491521 0  
  1627019814 504491521 0  
  1627019815 504491521 0  
  1627019816 504491521 0  
  1627019817 504491521 0  
  1627019818 504491521 0  
  1627019819 504491521 0  
  1627019820 504491521 0  
  1627019821 504491521 0  
  1627019822 504491521 0  
  1627019823 504491521 0  
  1627019824 504491521 0  
  1627019825 504491521 0  
  1627019826 504491521 0  
  1627019827 504491521 0  
  1627019828 504491521 0  
  1627019829 504491521 0  
  1627019831 504491521 0  
  1627019832 504491613 0  
  1627019833 504491613 0  
  1627019834 504491613 0  
  1627019835 504491613 0  
  1627019836 504491613 0  
  1627019837 504491613 0  
  1627019838 504491613 0  
  1627019839 504491613 0  
  1627019840 504491613 0  
  1627019841 504491613 0  
  1627019842 504491613 0  
  1627019843 504491613 0  
  1627019844 504491613 0  
  1627019845 504491613 0  
  1627019846 504491613 0  
  1627019847 504491613 0  
  1627019848 504491613 0  
  1627019849 504491613 0  
  1627019850 504491613 0  
  1627019851 504491613 0  
  1627019852 504491613 0  
  1627019853 504491613 0  
  1627019854 504491613 0  
  1627019855 504491681 0  
  1627019856 504491681 0  
  1627019857 504491681 0  
  1627019858 504491681 0  
  1627019859 504491681 0  
  1627019860 504491681 0  
  1627019861 504492837 0  
  1627019862 504492837 0  
  1627019863 504492837 0  
  1627019864 504492837 0  
  1627019865 504492837 0  
  1627019866 504492837 0  
  1627019867 504492837 0  
  1627019869 504492837 0  
  1627019870 504492837 0  
  1627019871 504493433 0  
  1627019872 504493433 0  
  1627019873 504493433 0  
  1627019874 504493433 0  
  1627019875 504493433 0  
  1627019876 504493433 0  
  1627019877 504493433 0  
  1627019878 504493433 0  
  1627019879 504493433 0  
  1627019880 504493433 0  
  1627019881 504493433 0  
  1627019882 504493433 0  
  1627019883 504493433 0  
  1627019884 504493433 0  
  1627019885 504493433 0  
  1627019886 504493433 0  
  1627019887 504493433 0  
  1627019888 504493433 0  
  1627019889 504493433 0  
  1627019890 504493433 0  
  1627019891 504493433 0  
  1627019892 504493433 0  
  1627019893 504493433 0  
  1627019894 504493433 0  
  1627019895 504493433 0  
  1627019896 504493525 0  
  1627019897 504493525 0  
  1627019898 504493525 0  
  1627019899 504493525 0  
  1627019900 504493525 0  
  1627019901 504493525 0  
  1627019902 504493525 0  
  1627019903 504493525 0  
  1627019904 504493525 0  
  1627019905 504493525 0  
  1627019906 504493525 0  
  1627019908 504493525 0  
  1627019909 504493525 0  
  1627019910 504493525 0  
  1627019911 504493525 0  
  1627019912 504493525 0  
  1627019913 504493525 0  
  1627019914 504493525 0  
  1627019915 504493525 0  
  1627019916 504493525 0  
  1627019917 504493525 0  
  1627019918 504493525 0  
  1627019919 504497834 0  
  1627019920 504498158 0  
  1627019921 504498866 0  
  1627019922 504498866 0  
  1627019923 504498866 0  
  1627019924 504498866 0  
  1627019925 504498866 0  
  1627019926 504498866 0  
  1627019927 504498866 0  
  1627019928 504498866 0  
  1627019929 504498866 0  
  1627019930 504498866 0  
  1627019931 504498866 0  
  1627019932 504498866 0  
  1627019933 504498866 0  
  1627019934 504498866 0  
  1627019935 504498866 0  
  1627019936 504498866 0  
  1627019937 504498866 0  
  1627019938 504498866 0  
  1627019939 504498866 0  
  1627019940 504498866 0  
  1627019941 504498866 0  
  1627019942 504498866 0  
  1627019943 504498866 0  
  1627019944 504498866 0  
  1627019945 504498866 0  
  1627019947 504498866 0  
  1627019948 504498866 0  
  1627019949 504498866 0  
  1627019950 504498866 0  
  1627019951 504498866 0  
  1627019952 504498866 0  
  1627019953 504498866 0  
  1627019954 504498866 0  
  1627019955 504498866 0  
  1627019956 504498866 0  
  1627019957 504498866 0  
  1627019958 504498866 0  
  1627019959 504498866 0  
  1627019960 504498958 0  
  1627019961 504498958 0  
  1627019962 504499050 0  
  1627019963 504499050 0  
  1627019964 504499050 0  
  1627019965 504499050 0  
  1627019966 504499050 0  
  1627019967 504499050 0  
  1627019968 504499050 0  
  1627019969 504499050 0  
  1627019970 504499050 0  
  1627019971 504499050 0  
  1627019972 504499050 0  
  1627019973 504499050 0  
  1627019974 504499050 0  
  1627019975 504499050 0  
  1627019976 504499050 0  
  1627019977 504499050 0  
  1627019978 504499050 0  
  1627019979 504499050 0  
  1627019980 504499050 0  
  1627019981 504499050 0  
  1627019982 504499050 0  
  1627019983 504499050 0  
  1627019984 504499050 0  
  1627019986 504499050 0  
  1627019987 504499050 0  
  1627019988 504499050 0  
  1627019989 504499050 0  
  1627019990 504499050 0  
  1627019991 504499050 0  
  1627019992 504499050 0  
  1627019993 504499050 0  
  1627019994 504499050 0  
  1627019995 504499050 0  
  1627019996 504499050 0  
  1627019997 504499050 0  
  1627019998 504499050 0  
  1627019999 504499050 0  
  1627020000 504499050 0  
  1627020001 504499050 0  
  1627020002 504499050 0  
  1627020003 504499050 0  
  1627020004 504499050 0  
  1627020005 504499050 0  
  1627020006 504499050 0  
  1627020007 504499050 0  
  1627020008 504499050 0  
  1627020009 504499050 0  
  1627020010 504499050 0  
  1627020011 504499050 0  
  1627020012 504499050 0  
  1627020013 504499050 0  
  1627020014 504499050 0  
  1627020015 504499050 0  
  1627020016 504499050 0  
  1627020017 504499050 0  
  1627020018 504499050 0  
  1627020019 504499050 0  
  1627020020 504499050 0  
  1627020021 504499050 0  
  1627020022 504499050 0  
  1627020023 504499050 0  
  1627020025 504499050 0  
  1627020026 504499142 0  
  1627020027 504499142 0  
  1627020028 504499142 0  
  1627020029 504499142 0  
  1627020030 504499142 0  
  1627020031 504499142 0  
  1627020032 504499142 0  
  1627020033 504499142 0  
  1627020034 504499142 0  
  1627020035 504499142 0  
  1627020036 504499142 0  
  1627020037 504499142 0  
  1627020038 504499142 0  
  1627020039 504499142 0  
  1627020040 504499499 0  
  1627020041 504499499 0  
  1627020042 504499499 0  
  1627020043 504503808 0  
  1627020044 504504132 0  
  1627020045 504507029 0  
  1627020046 504509473 0  
  1627020047 504510181 0  
  1627020048 504510181 0  
  1627020049 504510181 0  
  1627020050 504510181 0  
  1627020051 504514746 0  
  1627020052 504519447 0  
  1627020053 504520155 0  
  1627020054 504520863 0  
  1627020055 504520863 0  
  1627020056 504520863 0  
  1627020057 504520863 0  
  1627020058 504520863 0  
  1627020059 504520863 0  
  1627020060 504520863 0  
  1627020061 504520863 0  
  1627020062 504520863 0  
  1627020064 504520863 0  
  1627020065 504524992 0  
  1627020066 504525580 0  
  1627020067 504525580 0  
  1627020068 504526084 0  
  1627020069 504526084 0  
  1627020070 504526084 0  
  1627020071 504526680 0  
  1627020072 504526680 0  
  1627020073 504526680 0  
  1627020074 504526680 0  
  1627020075 504526680 0  
  1627020076 504526680 0  
  1627020077 504526680 0  
  1627020078 504526680 0  
  1627020079 504526680 0  
  1627020080 504526680 0  
  1627020081 504526680 0  
  1627020082 504526680 0  
  1627020083 504526680 0  
  1627020084 504526680 0  
  1627020085 504526680 0  
  1627020086 504526680 0  
  1627020087 504526680 0  
  1627020088 504526680 0  
  1627020089 504526772 0  
  1627020090 504526772 0  
  1627020091 504526772 0  
  1627020092 504526772 0  
  1627020093 504526772 0  
  1627020094 504526772 0  
  1627020095 504526772 0  
  1627020096 504526772 0  
  1627020097 504526772 0  
  1627020098 504526772 0  
  1627020099 504526772 0  
  1627020100 504526772 0  
  1627020101 504526772 0  
  1627020103 504526772 0  
  1627020104 504526772 0  
  1627020105 504526772 0  
  1627020106 504526772 0  
  1627020107 504526772 0  
  1627020108 504526772 0  
  1627020109 504526772 0  
  1627020110 504526772 0  
  1627020111 504526772 0  
  1627020112 504526772 0  
  1627020113 504526772 0  
  1627020114 504526772 0  
  1627020115 504526772 0  
  1627020116 504526772 0  
  1627020117 504526772 0  
  1627020118 504526772 0  
  1627020119 504526772 0  
  1627020120 504526772 0  
  1627020121 504526772 0  
  1627020122 504526772 0  
  1627020123 504526772 0  
  1627020124 504526772 0  
  1627020125 504526772 0  
  1627020126 504526772 0  
  1627020127 504526772 0  
  1627020128 504526772 0  
  1627020129 504526772 0  
  1627020130 504526772 0  
  1627020131 504526772 0  
  1627020132 504526772 0  
  1627020133 504526772 0  
  1627020134 504526772 0  
  1627020135 504526772 0  
  1627020136 504526772 0  
  1627020137 504526772 0  
  1627020138 504526772 0  
  1627020139 504526772 0  
  1627020141 504526772 0  
  1627020142 504526772 0  
  1627020143 504526772 0  
  1627020144 504526772 0  
  1627020145 504526772 0  
  1627020146 504526772 0  
  1627020147 504526772 0  
  1627020148 504526772 0  
  1627020149 504526772 0  
  1627020150 504526772 0  
  1627020151 504526772 0  
  1627020152 504526772 0  
  1627020153 504526772 0  
  1627020154 504526772 0  
  1627020155 504526864 0  
  1627020156 504526864 0  
  1627020157 504526864 0  
  1627020158 504526864 0  
  1627020159 504526864 0  
  1627020160 504526864 0  
  1627020161 504526864 0  
  1627020162 504526864 0  
  1627020163 504526864 0  
  1627020164 504526864 0  
  1627020165 504526864 0  
  1627020166 504526864 0  
  1627020167 504526864 0  
  1627020168 504526864 0  
  1627020169 504526864 0  
  1627020170 504526864 0  
  1627020171 504526864 0  
  1627020172 504526864 0  
  1627020173 504526864 0  
  1627020174 504526864 0  
  1627020175 504526864 0  
  1627020176 504526864 0  
  1627020177 504526864 0  
  1627020179 504526864 0  
  1627020180 504526864 0  
  1627020181 504526864 0  
  1627020182 504526864 0  
  1627020183 504526864 0  
  1627020184 504526864 0  
  1627020185 504526864 0  
  1627020186 504526864 0  
  1627020187 504526864 0  
  1627020188 504526864 0  
  1627020189 504526864 0  
  1627020190 504526864 0  
  1627020191 504526864 0  
  1627020192 504526864 0  
  1627020193 504526864 0  
  1627020194 504526864 0  
  1627020195 504526864 0  
  1627020196 504526864 0  
  1627020197 504526864 0  
  1627020198 504526864 0  
 