 1626888473 484397401 0  
  1626888474 484399602 0  
  1626888475 484402034 0  
  1626888476 484402034 0  
  1626888477 484402742 0  
  1626888478 484402742 0  
  1626888479 484402742 0  
  1626888480 484402742 0  
  1626888481 484402742 0  
  1626888482 484402742 0  
  1626888483 484402742 0  
  1626888484 484402742 0  
  1626888485 484402742 0  
  1626888486 484402742 0  
  1626888487 484402742 0  
  1626888488 484402742 0  
  1626888489 484402742 0  
  1626888490 484402742 0  
  1626888491 484402742 0  
  1626888492 484402742 0  
  1626888493 484402742 0  
  1626888494 484402742 0  
  1626888495 484402742 0  
  1626888496 484402742 0  
  1626888497 484402742 0  
  1626888498 484402742 0  
  1626888499 484402742 0  
  1626888500 484402742 0  
  1626888501 484402742 0  
  1626888503 484402742 0  
  1626888504 484402742 0  
  1626888505 484402742 0  
  1626888506 484402742 0  
  1626888507 484402742 0  
  1626888508 484402742 0  
  1626888509 484402742 0  
  1626888510 484402742 0  
  1626888511 484402742 0  
  1626888512 484402742 0  
  1626888513 484402742 0  
  1626888514 484402742 0  
  1626888515 484402742 0  
  1626888516 484402742 0  
  1626888517 484402742 0  
  1626888518 484402742 0  
  1626888519 484402742 0  
  1626888520 484402742 0  
  1626888521 484402742 0  
  1626888522 484402742 0  
  1626888523 484402742 0  
  1626888524 484402742 0  
  1626888525 484402742 0  
  1626888526 484402742 0  
  1626888527 484402742 0  
  1626888528 484402742 0  
  1626888529 484402742 0  
  1626888530 484402742 0  
  1626888531 484402742 0  
  1626888532 484402742 0  
  1626888533 484402742 0  
  1626888534 484402742 0  
  1626888535 484402834 0  
  1626888536 484402834 0  
  1626888537 484402834 0  
  1626888538 484402834 0  
  1626888539 484402834 0  
  1626888540 484402834 0  
  1626888542 484402834 0  
  1626888543 484402834 0  
  1626888544 484402834 0  
  1626888545 484402834 0  
  1626888546 484402834 0  
  1626888547 484402834 0  
  1626888548 484402834 0  
  1626888549 484402834 0  
  1626888550 484402834 0  
  1626888551 484402834 0  
  1626888552 484402834 0  
  1626888553 484402834 0  
  1626888554 484402834 0  
  1626888555 484402834 0  
  1626888556 484402834 0  
  1626888557 484402834 0  
  1626888558 484402834 0  
  1626888559 484402834 0  
  1626888560 484402834 0  
  1626888561 484402834 0  
  1626888562 484402834 0  
  1626888563 484403172 0  
  1626888564 484403172 0  
  1626888565 484403172 0  
  1626888566 484403172 0  
  1626888567 484403172 0  
  1626888568 484403172 0  
  1626888569 484403172 0  
  1626888570 484403172 0  
  1626888571 484403172 0  
  1626888572 484403172 0  
  1626888573 484403172 0  
  1626888574 484403172 0  
  1626888575 484403172 0  
  1626888576 484403172 0  
  1626888577 484403172 0  
  1626888578 484403172 0  
  1626888580 484403172 0  
  1626888581 484403172 0  
  1626888582 484403172 0  
  1626888583 484403172 0  
  1626888584 484403172 0  
  1626888585 484403172 0  
  1626888586 484403172 0  
  1626888587 484403172 0  
  1626888588 484403172 0  
  1626888589 484403172 0  
  1626888590 484403172 0  
  1626888591 484403172 0  
  1626888592 484403172 0  
  1626888593 484403172 0  
  1626888594 484403172 0  
  1626888595 484403172 0  
  1626888596 484403172 0  
  1626888597 484403172 0  
  1626888598 484403172 0  
  1626888599 484403172 0  
  1626888600 484403172 0  
  1626888601 484403172 0  
  1626888602 484403172 0  
  1626888603 484403172 0  
  1626888604 484403172 0  
  1626888605 484403172 0  
  1626888606 484403172 0  
  1626888607 484403172 0  
  1626888608 484403172 0  
  1626888609 484403172 0  
  1626888610 484403172 0  
  1626888611 484403172 0  
  1626888612 484403172 0  
  1626888613 484403172 0  
  1626888614 484403172 0  
  1626888615 484403172 0  
  1626888616 484403172 0  
  1626888617 484403172 0  
  1626888619 484403172 0  
  1626888620 484403172 0  
  1626888621 484403172 0  
  1626888622 484403172 0  
  1626888623 484403172 0  
  1626888624 484403172 0  
  1626888625 484403172 0  
  1626888626 484403172 0  
  1626888627 484403172 0  
  1626888628 484403172 0  
  1626888629 484403172 0  
  1626888630 484403172 0  
  1626888631 484403172 0  
  1626888632 484403172 0  
  1626888633 484403172 0  
  1626888634 484403172 0  
  1626888635 484403172 0  
  1626888636 484403172 0  
  1626888637 484403529 0  
  1626888638 484403529 0  
  1626888639 484403529 0  
  1626888640 484403529 0  
  1626888641 484403529 0  
  1626888642 484403529 0  
  1626888643 484407838 0  
  1626888644 484408162 0  
  1626888645 484408870 0  
  1626888646 484413435 0  
  1626888647 484413503 0  
  1626888648 484414211 0  
  1626888649 484414211 0  
  1626888650 484414211 0  
  1626888651 484418664 0  
  1626888652 484423477 0  
  1626888653 484424893 0  
  1626888654 484424893 0  
  1626888655 484424893 0  
  1626888657 484424893 0  
  1626888658 484424893 0  
  1626888659 484424893 0  
  1626888660 484424893 0  
  1626888661 484424893 0  
  1626888662 484424893 0  
  1626888663 484424893 0  
  1626888664 484424893 0  
  1626888665 484424893 0  
  1626888666 484429702 0  
  1626888667 484429702 0  
  1626888668 484430206 0  
  1626888669 484431801 0  
  1626888670 484431801 0  
  1626888671 484431801 0  
  1626888672 484431801 0  
  1626888673 484431801 0  
  1626888674 484431801 0  
  1626888675 484431801 0  
  1626888676 484431801 0  
  1626888677 484431801 0  
  1626888678 484431801 0  
  1626888679 484431801 0  
  1626888680 484431801 0  
  1626888681 484431801 0  
  1626888682 484431801 0  
  1626888683 484431801 0  
  1626888684 484431801 0  
  1626888685 484431801 0  
  1626888686 484431801 0  
  1626888687 484431801 0  
  1626888688 484431801 0  
  1626888689 484431801 0  
  1626888690 484431801 0  
  1626888691 484431801 0  
  1626888692 484431801 0  
  1626888693 484431801 0  
  1626888695 484431801 0  
  1626888696 484431801 0  
  1626888697 484431801 0  
  1626888698 484431801 0  
  1626888699 484431801 0  
  1626888700 484431801 0  
  1626888701 484431801 0  
  1626888702 484431801 0  
  1626888703 484431801 0  
  1626888704 484431801 0  
  1626888705 484431801 0  
  1626888706 484431801 0  
  1626888707 484431801 0  
  1626888708 484431801 0  
  1626888709 484431801 0  
  1626888710 484431801 0  
  1626888711 484431801 0  
  1626888712 484431801 0  
  1626888713 484431801 0  
  1626888714 484431801 0  
  1626888715 484431801 0  
  1626888716 484431801 0  
  1626888717 484431801 0  
  1626888718 484431801 0  
  1626888719 484431801 0  
  1626888720 484431801 0  
  1626888721 484431801 0  
  1626888722 484431801 0  
  1626888723 484431801 0  
  1626888724 484431801 0  
  1626888725 484431801 0  
  1626888726 484431801 0  
  1626888727 484431801 0  
  1626888728 484431801 0  
  1626888729 484431801 0  
  1626888730 484431801 0  
  1626888731 484431801 0  
  1626888732 484431801 0  
  1626888734 484431801 0  
  1626888735 484431801 0  
  1626888736 484431801 0  
  1626888737 484431801 0  
  1626888738 484431801 0  
  1626888739 484431801 0  
  1626888740 484431801 0  
  1626888741 484431801 0  
  1626888742 484431801 0  
  1626888743 484431801 0  
  1626888744 484431801 0  
  1626888745 484431801 0  
  1626888746 484431801 0  
  1626888747 484431801 0  
  1626888748 484431801 0  
  1626888749 484431801 0  
  1626888750 484431801 0  
  1626888751 484431801 0  
  1626888752 484431801 0  
  1626888753 484431801 0  
  1626888754 484431801 0  
  1626888755 484431801 0  
  1626888756 484431801 0  
  1626888757 484431801 0  
  1626888758 484431801 0  
  1626888759 484431801 0  
  1626888760 484431801 0  
  1626888761 484431801 0  
  1626888762 484431801 0  
  1626888763 484431801 0  
  1626888764 484431801 0  
  1626888765 484431801 0  
  1626888766 484431801 0  
  1626888767 484431801 0  
  1626888768 484431801 0  
  1626888769 484431801 0  
  1626888770 484431801 0  
  1626888772 484431801 0  
  1626888773 484436110 0  
  1626888774 484436434 0  
  1626888775 484436434 0  
  1626888776 484437142 0  
  1626888777 484437142 0  
  1626888778 484437142 0  
  1626888779 484437142 0  
  1626888780 484437142 0  
  1626888781 484437142 0  
  1626888782 484437142 0  
  1626888783 484437142 0  
  1626888784 484437142 0  
  1626888785 484437142 0  
  1626888786 484437142 0  
  1626888787 484437142 0  
  1626888788 484437142 0  
  1626888789 484437142 0  
  1626888790 484437142 0  
  1626888791 484437142 0  
  1626888792 484437142 0  
  1626888793 484437142 0  
  1626888794 484437142 0  
  1626888795 484437142 0  
  1626888796 484437234 0  
  1626888797 484437234 0  
  1626888798 484437234 0  
  1626888799 484437234 0  
  1626888800 484437234 0  
  1626888801 484437234 0  
  1626888802 484437234 0  
  1626888803 484437234 0  
  1626888804 484437234 0  
  1626888805 484437234 0  
  1626888806 484437234 0  
  1626888807 484437234 0  
  1626888808 484437234 0  
  1626888810 484437234 0  
  1626888811 484437234 0  
  1626888812 484437234 0  
  1626888813 484437234 0  
  1626888814 484437234 0  
  1626888815 484437234 0  
  1626888816 484437234 0  
 