 1627424169 565029484 0  
  1627424170 565029484 0  
  1627424171 565029484 0  
  1627424172 565029484 0  
  1627424173 565029484 0  
  1627424174 565029484 0  
  1627424175 565029484 0  
  1627424176 565029484 0  
  1627424177 565029484 0  
  1627424178 565029484 0  
  1627424179 565029484 0  
  1627424181 565029484 0  
  1627424182 565029484 0  
  1627424183 565029484 0  
  1627424184 565029484 0  
  1627424185 565029484 0  
  1627424186 565029576 0  
  1627424187 565029576 0  
  1627424188 565029576 0  
  1627424189 565029576 0  
  1627424190 565029576 0  
  1627424191 565029576 0  
  1627424192 565029576 0  
  1627424193 565029576 0  
  1627424194 565029576 0  
  1627424195 565029576 0  
  1627424196 565029576 0  
  1627424197 565029576 0  
  1627424198 565029576 0  
  1627424199 565029576 0  
  1627424200 565029576 0  
  1627424201 565029576 0  
  1627424202 565029576 0  
  1627424203 565029576 0  
  1627424204 565029576 0  
  1627424205 565029576 0  
  1627424206 565029668 0  
  1627424207 565029668 0  
  1627424208 565029668 0  
  1627424209 565029668 0  
  1627424210 565029668 0  
  1627424211 565029668 0  
  1627424212 565029668 0  
  1627424213 565029668 0  
  1627424214 565029668 0  
  1627424215 565029668 0  
  1627424216 565029668 0  
  1627424217 565029668 0  
  1627424218 565029668 0  
  1627424220 565029668 0  
  1627424221 565029668 0  
  1627424222 565029668 0  
  1627424223 565029668 0  
  1627424224 565029668 0  
  1627424225 565029668 0  
  1627424226 565029668 0  
  1627424227 565029668 0  
  1627424228 565029668 0  
  1627424229 565033977 0  
  1627424230 565034301 0  
  1627424231 565034301 0  
  1627424232 565035009 0  
  1627424233 565035009 0  
  1627424234 565035009 0  
  1627424235 565035009 0  
  1627424236 565035009 0  
  1627424237 565035009 0  
  1627424238 565035009 0  
  1627424239 565035009 0  
  1627424240 565035009 0  
  1627424241 565035009 0  
  1627424242 565035009 0  
  1627424243 565035009 0  
  1627424244 565035009 0  
  1627424245 565035009 0  
  1627424246 565035009 0  
  1627424247 565035009 0  
  1627424248 565035009 0  
  1627424249 565035009 0  
  1627424250 565035009 0  
  1627424251 565035009 0  
  1627424252 565035009 0  
  1627424253 565035009 0  
  1627424254 565035009 0  
  1627424255 565035009 0  
  1627424256 565039318 0  
  1627424257 565039642 0  
  1627424259 565040350 0  
  1627424260 565040350 0  
  1627424261 565040350 0  
  1627424262 565040350 0  
  1627424263 565040350 0  
  1627424264 565040350 0  
  1627424265 565040688 0  
  1627424266 565040688 0  
  1627424267 565040688 0  
  1627424268 565040688 0  
  1627424269 565040688 0  
  1627424270 565040688 0  
  1627424271 565040688 0  
  1627424272 565040688 0  
  1627424273 565040688 0  
  1627424274 565040688 0  
  1627424275 565040688 0  
  1627424276 565040688 0  
  1627424277 565040688 0  
  1627424278 565040688 0  
  1627424279 565041346 0  
  1627424280 565041346 0  
  1627424281 565041346 0  
  1627424282 565041346 0  
  1627424283 565041346 0  
  1627424284 565041346 0  
  1627424285 565041346 0  
  1627424286 565041346 0  
  1627424287 565041346 0  
  1627424288 565041346 0  
  1627424289 565041346 0  
  1627424290 565041346 0  
  1627424291 565041346 0  
  1627424292 565041346 0  
  1627424293 565041346 0  
  1627424294 565041346 0  
  1627424295 565041346 0  
  1627424296 565041346 0  
  1627424297 565041346 0  
  1627424299 565041346 0  
  1627424300 565049964 0  
  1627424301 565050612 0  
  1627424302 565051252 0  
  1627424303 565052028 0  
  1627424304 565052028 0  
  1627424305 565052028 0  
  1627424306 565052028 0  
  1627424307 565052028 0  
  1627424308 565052028 0  
  1627424309 565052028 0  
  1627424310 565052028 0  
  1627424311 565052028 0  
  1627424312 565052028 0  
  1627424313 565052028 0  
  1627424314 565052028 0  
  1627424315 565052028 0  
  1627424316 565052120 0  
  1627424317 565052120 0  
  1627424318 565052120 0  
  1627424319 565052120 0  
  1627424320 565052120 0  
  1627424321 565052120 0  
  1627424322 565052120 0  
  1627424323 565052120 0  
  1627424324 565052120 0  
  1627424325 565052120 0  
  1627424326 565052120 0  
  1627424327 565052120 0  
  1627424328 565052120 0  
  1627424329 565052120 0  
  1627424330 565052120 0  
  1627424331 565052120 0  
  1627424332 565052120 0  
  1627424333 565052120 0  
  1627424334 565052120 0  
  1627424335 565052120 0  
  1627424336 565052120 0  
  1627424338 565056249 0  
  1627424339 565056753 0  
  1627424340 565056753 0  
  1627424341 565057461 0  
  1627424342 565057461 0  
  1627424343 565057461 0  
  1627424344 565057461 0  
  1627424345 565057461 0  
  1627424346 565057461 0  
  1627424347 565057461 0  
  1627424348 565057461 0  
  1627424349 565057461 0  
  1627424350 565057461 0  
  1627424351 565057461 0  
  1627424352 565057461 0  
  1627424353 565057461 0  
  1627424354 565057461 0  
  1627424355 565057461 0  
  1627424356 565057461 0  
  1627424357 565057461 0  
  1627424358 565057461 0  
  1627424359 565057461 0  
  1627424360 565057461 0  
  1627424361 565057461 0  
  1627424362 565057461 0  
  1627424363 565057461 0  
  1627424364 565057461 0  
  1627424365 565057461 0  
  1627424366 565057461 0  
  1627424367 565057461 0  
  1627424368 565057461 0  
  1627424369 565057461 0  
  1627424370 565057461 0  
  1627424371 565057461 0  
  1627424372 565057461 0  
  1627424373 565057461 0  
  1627424374 565057461 0  
  1627424376 565057461 0  
  1627424377 565057461 0  
  1627424378 565057461 0  
  1627424379 565057461 0  
  1627424380 565057461 0  
  1627424381 565057461 0  
  1627424382 565057461 0  
  1627424383 565057461 0  
  1627424384 565057461 0  
  1627424385 565057461 0  
  1627424386 565057461 0  
  1627424387 565057461 0  
  1627424388 565057461 0  
  1627424389 565057461 0  
  1627424390 565057461 0  
  1627424391 565057461 0  
  1627424392 565057461 0  
  1627424393 565057461 0  
  1627424394 565057461 0  
  1627424395 565057461 0  
  1627424396 565057461 0  
  1627424397 565057461 0  
  1627424398 565057461 0  
  1627424399 565057461 0  
  1627424400 565057461 0  
  1627424401 565057461 0  
  1627424402 565057461 0  
  1627424403 565057461 0  
  1627424404 565057461 0  
  1627424405 565057461 0  
  1627424406 565057461 0  
  1627424407 565057461 0  
  1627424408 565057461 0  
  1627424409 565057461 0  
  1627424410 565057461 0  
  1627424411 565057461 0  
  1627424413 565057461 0  
  1627424414 565057461 0  
  1627424415 565057799 0  
  1627424416 565057799 0  
  1627424417 565057799 0  
  1627424418 565057799 0  
  1627424419 565057799 0  
  1627424420 565057799 0  
  1627424421 565057799 0  
  1627424422 565057799 0  
  1627424423 565057799 0  
  1627424424 565057799 0  
  1627424425 565057799 0  
  1627424426 565057799 0  
  1627424427 565057799 0  
  1627424428 565057799 0  
  1627424429 565057799 0  
  1627424430 565057799 0  
  1627424431 565057799 0  
  1627424432 565057799 0  
  1627424433 565057799 0  
  1627424434 565057799 0  
  1627424435 565057799 0  
  1627424436 565057799 0  
  1627424437 565057799 0  
  1627424438 565057799 0  
  1627424439 565057799 0  
  1627424440 565058156 0  
  1627424441 565058156 0  
  1627424442 565058156 0  
  1627424443 565058156 0  
  1627424444 565058156 0  
  1627424445 565058248 0  
  1627424446 565058248 0  
  1627424447 565058248 0  
  1627424448 565058248 0  
  1627424449 565058248 0  
  1627424451 565058248 0  
  1627424452 565058248 0  
  1627424453 565058248 0  
  1627424454 565058248 0  
  1627424455 565058248 0  
  1627424456 565058248 0  
  1627424457 565058248 0  
  1627424458 565058248 0  
  1627424459 565058248 0  
  1627424460 565058248 0  
  1627424461 565058248 0  
  1627424462 565058248 0  
  1627424463 565058248 0  
  1627424464 565058248 0  
  1627424465 565058248 0  
  1627424466 565058340 0  
  1627424467 565058340 0  
  1627424468 565058340 0  
  1627424469 565058340 0  
  1627424470 565058340 0  
  1627424471 565058340 0  
  1627424472 565058340 0  
  1627424473 565058340 0  
  1627424474 565058340 0  
  1627424475 565058340 0  
  1627424476 565058340 0  
  1627424477 565058340 0  
  1627424478 565058340 0  
  1627424479 565058998 0  
  1627424480 565058998 0  
  1627424481 565058998 0  
  1627424482 565058998 0  
  1627424483 565058998 0  
  1627424484 565058998 0  
  1627424485 565058998 0  
  1627424486 565058998 0  
  1627424487 565058998 0  
  1627424489 565058998 0  
  1627424490 565058998 0  
  1627424491 565058998 0  
  1627424492 565058998 0  
  1627424493 565058998 0  
  1627424494 565058998 0  
  1627424495 565058998 0  
  1627424496 565058998 0  
  1627424497 565058998 0  
  1627424498 565058998 0  
  1627424499 565058998 0  
  1627424500 565058998 0  
  1627424501 565058998 0  
  1627424502 565058998 0  
  1627424503 565058998 0  
  1627424504 565058998 0  
  1627424505 565058998 0  
  1627424506 565058998 0  
  1627424507 565058998 0  
  1627424508 565058998 0  
  1627424509 565058998 0  
  1627424510 565058998 0  
  1627424511 565058998 0  
  1627424512 565058998 0  
  1627424513 565058998 0  
  1627424514 565058998 0  
  1627424515 565058998 0  
  1627424516 565058998 0  
  1627424517 565058998 0  
  1627424518 565058998 0  
  1627424519 565058998 0  
  1627424520 565058998 0  
  1627424522 565058998 0  
  1627424523 565058998 0  
  1627424524 565058998 0  
  1627424525 565058998 0  
  1627424526 565058998 0  
  1627424527 565058998 0  
  1627424528 565063307 0  
  1627424529 565063631 0  
  1627424530 565063631 0  
  1627424531 565064339 0  
  1627424532 565064339 0  
  1627424533 565064339 0  
  1627424534 565064339 0  
  1627424535 565064339 0  
  1627424536 565064339 0  
  1627424537 565064339 0  
  1627424538 565064339 0  
  1627424539 565064339 0  
  1627424540 565064339 0  
  1627424541 565064339 0  
  1627424542 565064339 0  
  1627424543 565064339 0  
  1627424544 565064339 0  
  1627424545 565064339 0  
  1627424546 565064339 0  
  1627424547 565064339 0  
  1627424548 565064339 0  
  1627424549 565064339 0  
  1627424551 565064339 0  
  1627424552 565064339 0  
  1627424553 565064339 0  
  1627424554 565064339 0  
  1627424555 565064339 0  
  1627424556 565066300 0  
  1627424557 565068972 0  
  1627424558 565068972 0  
  1627424559 565069680 0  
  1627424560 565069680 0  
  1627424561 565069680 0  
  1627424562 565069680 0  
  1627424563 565069680 0  
  1627424564 565070018 0  
  1627424565 565070018 0  
  1627424566 565070018 0  
  1627424567 565070018 0  
  1627424568 565070018 0  
  1627424569 565070018 0  
  1627424570 565070018 0  
  1627424571 565070018 0  
  1627424572 565070018 0  
  1627424573 565070018 0  
  1627424574 565070110 0  
  1627424575 565070110 0  
  1627424576 565070110 0  
  1627424577 565070110 0  
  1627424578 565070110 0  
  1627424579 565070110 0  
  1627424580 565070110 0  
  1627424582 565070110 0  
  1627424583 565070110 0  
  1627424584 565070110 0  
  1627424585 565070110 0  
  1627424586 565070110 0  
  1627424587 565070110 0  
  1627424588 565070110 0  
  1627424589 565070110 0  
  1627424590 565070110 0  
  1627424591 565070110 0  
  1627424592 565070110 0  
  1627424593 565070110 0  
  1627424594 565070110 0  
  1627424595 565070110 0  
  1627424596 565070110 0  
  1627424597 565070110 0  
  1627424598 565070110 0  
  1627424599 565078728 0  
  1627424600 565079376 0  
  1627424601 565079376 0  
  1627424602 565080724 0  
  1627424603 565080724 0  
  1627424604 565080724 0  
  1627424605 565080724 0  
  1627424606 565080724 0  
  1627424607 565080724 0  
  1627424608 565080724 0  
  1627424609 565080724 0  
  1627424610 565080724 0  
  1627424611 565080724 0  
  1627424612 565080724 0  
  1627424614 565080724 0  
  1627424615 565080724 0  
  1627424616 565080724 0  
  1627424617 565080724 0  
  1627424618 565080724 0  
  1627424619 565080724 0  
  1627424620 565080724 0  
  1627424621 565080724 0  
  1627424622 565080724 0  
  1627424623 565080724 0  
  1627424624 565080724 0  
  1627424625 565080724 0  
  1627424626 565080724 0  
  1627424627 565080724 0  
  1627424628 565080724 0  
  1627424629 565080724 0  
  1627424630 565080724 0  
  1627424631 565080724 0  
  1627424632 565080724 0  
  1627424633 565080724 0  
  1627424634 565080724 0  
  1627424635 565080724 0  
  1627424636 565080724 0  
  1627424637 565080724 0  
  1627424638 565085357 0  
  1627424639 565085357 0  
  1627424640 565086065 0  
  1627424641 565086065 0  
  1627424642 565086065 0  
  1627424643 565086065 0  
  1627424644 565086065 0  
  1627424645 565086065 0  
  1627424647 565086065 0  
  1627424648 565086065 0  
  1627424649 565086065 0  
  1627424650 565086065 0  
  1627424651 565086065 0  
  1627424652 565086065 0  
  1627424653 565086065 0  
  1627424654 565086065 0  
  1627424655 565086065 0  
  1627424656 565086065 0  
  1627424657 565086065 0  
  1627424658 565086065 0  
  1627424659 565086065 0  
  1627424660 565086065 0  
  1627424661 565086065 0  
  1627424662 565086065 0  
  1627424663 565086065 0  
  1627424664 565086065 0  
  1627424665 565086065 0  
  1627424666 565086065 0  
  1627424667 565086065 0  
  1627424668 565086065 0  
  1627424669 565086065 0  
  1627424670 565086065 0  
  1627424671 565086065 0  
  1627424672 565086065 0  
  1627424673 565086065 0  
  1627424674 565086065 0  
  1627424675 565086065 0  
  1627424676 565086065 0  
  1627424677 565086065 0  
  1627424679 565086065 0  
  1627424680 565086723 0  
  1627424681 565086723 0  
  1627424682 565086723 0  
  1627424683 565086723 0  
  1627424684 565086723 0  
  1627424685 565086723 0  
  1627424686 565086723 0  
  1627424687 565086723 0  
  1627424688 565086723 0  
  1627424689 565086723 0  
  1627424690 565086723 0  
  1627424691 565086723 0  
  1627424692 565086723 0  
  1627424693 565086723 0  
  1627424694 565086723 0  
  1627424695 565086723 0  
  1627424696 565086723 0  
  1627424697 565086723 0  
  1627424698 565086723 0  
  1627424699 565086723 0  
  1627424700 565086723 0  
  1627424701 565086723 0  
  1627424702 565086723 0  
  1627424703 565086815 0  
  1627424704 565086815 0  
  1627424705 565086815 0  
  1627424706 565086815 0  
  1627424707 565086815 0  
  1627424708 565086815 0  
  1627424709 565086815 0  
  1627424710 565086815 0  
  1627424712 565086815 0  
  1627424713 565086815 0  
  1627424714 565086815 0  
  1627424715 565086815 0  
  1627424716 565086815 0  
  1627424717 565086815 0  
  1627424718 565086815 0  
  1627424719 565086815 0  
  1627424720 565086815 0  
  1627424721 565086815 0  
  1627424722 565086815 0  
  1627424723 565086907 0  
  1627424724 565086907 0  
  1627424725 565086907 0  
  1627424726 565086907 0  
  1627424727 565086907 0  
  1627424728 565086907 0  
  1627424729 565086907 0  
  1627424730 565086907 0  
  1627424731 565086907 0  
  1627424732 565086907 0  
  1627424733 565086907 0  
  1627424734 565086907 0  
  1627424735 565086907 0  
  1627424736 565086907 0  
  1627424737 565086907 0  
  1627424738 565086907 0  
  1627424739 565086907 0  
  1627424740 565087264 0  
  1627424741 565087264 0  
  1627424742 565087264 0  
  1627424743 565087264 0  
  1627424745 565087264 0  
  1627424746 565087264 0  
  1627424747 565087264 0  
  1627424748 565087264 0  
  1627424749 565087264 0  
  1627424750 565087264 0  
  1627424751 565087264 0  
  1627424752 565087264 0  
  1627424753 565087264 0  
  1627424754 565087264 0  
  1627424755 565087264 0  
  1627424756 565087264 0  
  1627424757 565087264 0  
  1627424758 565087264 0  
  1627424759 565087264 0  
  1627424760 565087264 0  
  1627424761 565087264 0  
  1627424762 565087264 0  
  1627424763 565087264 0  
  1627424764 565087264 0  
  1627424765 565087264 0  
  1627424766 565087264 0  
  1627424767 565087264 0  
  1627424768 565087264 0  
  1627424769 565087264 0  
  1627424770 565087264 0  
  1627424771 565087264 0  
  1627424772 565087264 0  
  1627424773 565087264 0  
  1627424774 565087264 0  
  1627424775 565087264 0  
  1627424776 565087264 0  
  1627424778 565087264 0  
  1627424779 565087264 0  
  1627424780 565088859 0  
  1627424781 565088859 0  
  1627424782 565088859 0  
  1627424783 565088859 0  
  1627424784 565088859 0  
  1627424785 565088859 0  
  1627424786 565088859 0  
  1627424787 565088859 0  
  1627424788 565088859 0  
  1627424789 565088859 0  
  1627424790 565088859 0  
  1627424791 565088859 0  
  1627424792 565088859 0  
  1627424793 565088859 0  
  1627424794 565088859 0  
  1627424795 565088859 0  
  1627424796 565088859 0  
  1627424797 565088859 0  
  1627424798 565088859 0  
  1627424799 565088859 0  
  1627424800 565088859 0  
  1627424801 565088859 0  
  1627424802 565088859 0  
  1627424803 565088859 0  
 