 1627434963 548845884 0  
  1627434964 548845884 0  
  1627434965 548845884 0  
  1627434966 548845884 0  
  1627434967 548845884 0  
  1627434968 548845884 0  
  1627434969 548845884 0  
  1627434970 548845884 0  
  1627434971 548845884 0  
  1627434972 548845884 0  
  1627434973 548845884 0  
  1627434974 548845884 0  
  1627434975 548845884 0  
  1627434976 548845884 0  
  1627434977 548845884 0  
  1627434978 548845884 0  
  1627434979 548845884 0  
  1627434980 548845884 0  
  1627434981 548845884 0  
  1627434982 548845884 0  
  1627434983 548845884 0  
  1627434984 548845884 0  
  1627434985 548845884 0  
  1627434986 548845884 0  
  1627434987 548845884 0  
  1627434988 548845884 0  
  1627434989 548845884 0  
  1627434991 548845884 0  
  1627434992 548845884 0  
  1627434993 548845884 0  
  1627434994 548845884 0  
  1627434995 548845884 0  
  1627434996 548845884 0  
  1627434997 548845884 0  
  1627434998 548845884 0  
  1627434999 548845884 0  
  1627435000 548845884 0  
  1627435001 548845884 0  
  1627435002 548845884 0  
  1627435003 548845884 0  
  1627435004 548845884 0  
  1627435005 548845884 0  
  1627435006 548845884 0  
  1627435007 548845884 0  
  1627435008 548845884 0  
  1627435009 548845884 0  
  1627435010 548845884 0  
  1627435011 548845884 0  
  1627435012 548845976 0  
  1627435013 548845976 0  
  1627435014 548845976 0  
  1627435015 548845976 0  
  1627435016 548845976 0  
  1627435017 548845976 0  
  1627435018 548845976 0  
  1627435019 548845976 0  
  1627435020 548850285 0  
  1627435021 548850609 0  
  1627435022 548850609 0  
  1627435023 548851249 0  
  1627435024 548851249 0  
  1627435025 548851249 0  
  1627435026 548851249 0  
  1627435027 548851249 0  
  1627435028 548851249 0  
  1627435030 548851249 0  
  1627435031 548851249 0  
  1627435032 548851249 0  
  1627435033 548851249 0  
  1627435034 548851249 0  
  1627435035 548851249 0  
  1627435036 548851249 0  
  1627435037 548851249 0  
  1627435038 548851249 0  
  1627435039 548851249 0  
  1627435040 548851249 0  
  1627435041 548851249 0  
  1627435042 548851249 0  
  1627435043 548851249 0  
  1627435044 548851249 0  
  1627435045 548851249 0  
  1627435046 548851249 0  
  1627435047 548851249 0  
  1627435048 548855558 0  
  1627435049 548855882 0  
  1627435050 548855882 0  
  1627435051 548856590 0  
  1627435052 548856590 0  
  1627435053 548856590 0  
  1627435054 548856590 0  
  1627435055 548856590 0  
  1627435056 548856590 0  
  1627435057 548856590 0  
  1627435058 548856590 0  
  1627435059 548856590 0  
  1627435060 548856590 0  
  1627435061 548856590 0  
  1627435062 548856590 0  
  1627435063 548856590 0  
  1627435064 548856590 0  
  1627435065 548856590 0  
  1627435066 548856590 0  
  1627435067 548856590 0  
  1627435068 548856590 0  
  1627435070 548856590 0  
  1627435071 548856590 0  
  1627435072 548856590 0  
  1627435073 548856590 0  
  1627435074 548856590 0  
  1627435075 548856590 0  
  1627435076 548856590 0  
  1627435077 548856590 0  
  1627435078 548856590 0  
  1627435079 548856590 0  
  1627435080 548857186 0  
  1627435081 548857186 0  
  1627435082 548857186 0  
  1627435083 548857186 0  
  1627435084 548857186 0  
  1627435085 548857186 0  
  1627435086 548857186 0  
  1627435087 548857186 0  
  1627435088 548857186 0  
  1627435089 548857186 0  
  1627435090 548857186 0  
  1627435091 548857186 0  
  1627435092 548861495 0  
  1627435093 548861819 0  
  1627435094 548867160 0  
  1627435095 548867160 0  
  1627435096 548867868 0  
  1627435097 548867868 0  
  1627435098 548867868 0  
  1627435099 548867868 0  
  1627435100 548867868 0  
  1627435101 548867868 0  
  1627435102 548867868 0  
  1627435103 548867868 0  
  1627435104 548867868 0  
  1627435105 548867868 0  
  1627435106 548867868 0  
  1627435107 548867868 0  
  1627435109 548867868 0  
  1627435110 548867868 0  
  1627435111 548867868 0  
  1627435112 548867868 0  
  1627435113 548867868 0  
  1627435114 548867868 0  
  1627435115 548867868 0  
  1627435116 548867868 0  
  1627435117 548867868 0  
  1627435118 548867868 0  
  1627435119 548867868 0  
  1627435120 548867868 0  
  1627435121 548867868 0  
  1627435122 548867868 0  
  1627435123 548867868 0  
  1627435124 548867868 0  
  1627435125 548867868 0  
  1627435126 548867868 0  
  1627435127 548867868 0  
  1627435128 548867868 0  
  1627435129 548867868 0  
  1627435130 548867868 0  
  1627435131 548872177 0  
  1627435132 548872501 0  
  1627435133 548873209 0  
  1627435134 548873209 0  
  1627435135 548873209 0  
  1627435136 548873301 0  
  1627435137 548873301 0  
  1627435138 548873301 0  
  1627435139 548873301 0  
  1627435140 548873301 0  
  1627435141 548873301 0  
  1627435142 548873301 0  
  1627435143 548873301 0  
  1627435144 548873301 0  
  1627435145 548873301 0  
  1627435146 548873301 0  
  1627435148 548873301 0  
  1627435149 548873301 0  
  1627435150 548873301 0  
  1627435151 548873301 0  
  1627435152 548873301 0  
  1627435153 548873301 0  
  1627435154 548873301 0  
  1627435155 548873301 0  
  1627435156 548873301 0  
  1627435157 548873301 0  
  1627435158 548873301 0  
  1627435159 548873301 0  
  1627435160 548873301 0  
  1627435161 548873301 0  
  1627435162 548873301 0  
  1627435163 548873301 0  
  1627435164 548873301 0  
  1627435165 548873301 0  
  1627435166 548873301 0  
  1627435167 548873301 0  
  1627435168 548873301 0  
  1627435169 548873301 0  
  1627435170 548873301 0  
  1627435171 548873301 0  
  1627435172 548873301 0  
  1627435173 548873301 0  
  1627435174 548873301 0  
  1627435175 548873301 0  
  1627435176 548873301 0  
  1627435177 548873301 0  
  1627435178 548873301 0  
  1627435179 548873301 0  
  1627435180 548873301 0  
  1627435181 548873301 0  
  1627435182 548873301 0  
  1627435183 548873301 0  
  1627435184 548873301 0  
  1627435185 548873301 0  
  1627435186 548873301 0  
  1627435188 548873301 0  
  1627435189 548873301 0  
  1627435190 548873301 0  
  1627435191 548873301 0  
  1627435192 548873301 0  
  1627435193 548873301 0  
  1627435194 548873301 0  
  1627435195 548873301 0  
  1627435196 548873301 0  
  1627435197 548873301 0  
  1627435198 548873301 0  
  1627435199 548873301 0  
  1627435200 548873301 0  
  1627435201 548873301 0  
  1627435202 548873301 0  
  1627435203 548873301 0  
  1627435204 548873301 0  
  1627435205 548873301 0  
  1627435206 548873301 0  
  1627435207 548873301 0  
  1627435208 548873301 0  
  1627435209 548873361 0  
  1627435210 548873361 0  
  1627435211 548873361 0  
  1627435212 548873361 0  
  1627435213 548873361 0  
  1627435214 548873361 0  
  1627435215 548873361 0  
  1627435216 548873361 0  
  1627435217 548873361 0  
  1627435218 548873361 0  
  1627435219 548873361 0  
  1627435220 548873361 0  
  1627435221 548873361 0  
  1627435222 548873361 0  
  1627435223 548873361 0  
  1627435224 548873361 0  
  1627435225 548873361 0  
  1627435226 548873361 0  
  1627435228 548873361 0  
  1627435229 548873361 0  
  1627435230 548873361 0  
  1627435231 548873718 0  
  1627435232 548873718 0  
  1627435233 548873718 0  
  1627435234 548873718 0  
  1627435235 548873718 0  
  1627435236 548873718 0  
  1627435237 548873718 0  
  1627435238 548873718 0  
  1627435239 548873718 0  
  1627435240 548873718 0  
  1627435241 548873718 0  
  1627435242 548873718 0  
  1627435243 548873718 0  
  1627435244 548873718 0  
  1627435245 548873718 0  
  1627435246 548873718 0  
  1627435247 548873718 0  
  1627435248 548873718 0  
  1627435249 548873718 0  
  1627435250 548873718 0  
  1627435251 548873718 0  
  1627435252 548873718 0  
  1627435253 548873718 0  
  1627435254 548873718 0  
  1627435255 548873718 0  
  1627435256 548873718 0  
  1627435257 548873718 0  
  1627435258 548873718 0  
  1627435259 548873778 0  
  1627435260 548873778 0  
  1627435261 548873778 0  
  1627435262 548873778 0  
  1627435263 548873778 0  
  1627435264 548873778 0  
  1627435265 548873778 0  
  1627435266 548873778 0  
  1627435268 548873778 0  
  1627435269 548873778 0  
  1627435270 548873870 0  
  1627435271 548873870 0  
  1627435272 548873870 0  
  1627435273 548873870 0  
  1627435274 548873870 0  
  1627435275 548873870 0  
  1627435276 548873870 0  
  1627435277 548873870 0  
  1627435278 548873870 0  
  1627435279 548873870 0  
  1627435280 548874466 0  
  1627435281 548874466 0  
  1627435282 548874466 0  
  1627435283 548874466 0  
  1627435284 548874466 0  
  1627435285 548874466 0  
  1627435286 548874466 0  
  1627435287 548874466 0  
  1627435288 548874466 0  
  1627435289 548874466 0  
  1627435290 548874466 0  
  1627435291 548874466 0  
  1627435292 548874466 0  
  1627435293 548874466 0  
  1627435294 548874466 0  
  1627435295 548874466 0  
  1627435296 548874466 0  
  1627435297 548874466 0  
  1627435298 548874466 0  
  1627435299 548874466 0  
  1627435300 548874466 0  
  1627435301 548874466 0  
  1627435302 548874466 0  
  1627435303 548874466 0  
  1627435304 548874466 0  
  1627435305 548874466 0  
  1627435306 548874466 0  
  1627435308 548874466 0  
  1627435309 548874466 0  
  1627435310 548874466 0  
  1627435311 548874466 0  
  1627435312 548874466 0  
  1627435313 548874466 0  
  1627435314 548874466 0  
  1627435315 548874466 0  
  1627435316 548874466 0  
  1627435317 548874466 0  
  1627435318 548874466 0  
  1627435319 548874466 0  
  1627435320 548874610 0  
  1627435321 548879099 0  
  1627435322 548879099 0  
  1627435323 548879671 0  
  1627435324 548879671 0  
  1627435325 548879671 0  
  1627435326 548879671 0  
  1627435327 548879671 0  
  1627435328 548879671 0  
  1627435329 548879671 0  
  1627435330 548879671 0  
  1627435331 548879671 0  
  1627435332 548879671 0  
  1627435333 548879671 0  
  1627435334 548879671 0  
  1627435335 548879671 0  
  1627435336 548879671 0  
  1627435337 548879671 0  
  1627435338 548879671 0  
  1627435339 548879671 0  
  1627435340 548879671 0  
  1627435341 548879671 0  
  1627435342 548879671 0  
  1627435343 548879671 0  
  1627435344 548879671 0  
  1627435345 548879671 0  
  1627435347 548879671 0  
  1627435348 548879671 0  
  1627435349 548881548 0  
  1627435350 548884304 0  
  1627435351 548884304 0  
  1627435352 548884876 0  
  1627435353 548884876 0  
  1627435354 548884876 0  
  1627435355 548884876 0  
  1627435356 548884876 0  
  1627435357 548884876 0  
  1627435358 548884876 0  
  1627435359 548884876 0  
  1627435360 548884876 0  
  1627435361 548884876 0  
  1627435362 548884876 0  
  1627435363 548884876 0  
  1627435364 548884876 0  
  1627435365 548884876 0  
  1627435366 548884876 0  
  1627435367 548884876 0  
  1627435368 548884876 0  
  1627435369 548884876 0  
  1627435370 548884876 0  
  1627435371 548884876 0  
  1627435372 548884876 0  
  1627435373 548884876 0  
  1627435374 548884876 0  
  1627435375 548884876 0  
  1627435376 548884876 0  
  1627435377 548884876 0  
  1627435378 548884876 0  
  1627435379 548884876 0  
  1627435380 548884876 0  
  1627435381 548884876 0  
  1627435382 548884876 0  
  1627435383 548884876 0  
  1627435384 548884876 0  
  1627435386 548884876 0  
  1627435387 548884876 0  
  1627435388 548884876 0  
  1627435389 548884876 0  
  1627435390 548884876 0  
  1627435391 548884876 0  
  1627435392 548886753 0  
  1627435393 548889509 0  
  1627435394 548892406 0  
  1627435395 548894850 0  
  1627435396 548895650 0  
  1627435397 548895650 0  
  1627435398 548895650 0  
  1627435399 548895650 0  
  1627435400 548895650 0  
  1627435401 548895650 0  
  1627435402 548895650 0  
  1627435403 548895650 0  
  1627435404 548895650 0  
  1627435405 548895650 0  
  1627435406 548895650 0  
  1627435407 548895650 0  
  1627435408 548895650 0  
  1627435409 548895650 0  
  1627435410 548895650 0  
  1627435411 548895650 0  
  1627435412 548895650 0  
  1627435413 548895650 0  
  1627435414 548895650 0  
  1627435415 548895650 0  
  1627435416 548895650 0  
  1627435417 548895650 0  
  1627435418 548895650 0  
  1627435419 548895650 0  
  1627435420 548895650 0  
  1627435421 548895650 0  
  1627435422 548895650 0  
  1627435423 548895650 0  
  1627435425 548895650 0  
  1627435426 548895650 0  
  1627435427 548895650 0  
  1627435428 548895650 0  
  1627435429 548895650 0  
  1627435430 548895650 0  
  1627435431 548899779 0  
  1627435432 548900283 0  
  1627435433 548900283 0  
  1627435434 548900923 0  
  1627435435 548900923 0  
  1627435436 548900923 0  
  1627435437 548900923 0  
  1627435438 548900923 0  
  1627435439 548900923 0  
  1627435440 548900923 0  
  1627435441 548900923 0  
  1627435442 548900923 0  
  1627435443 548900923 0  
  1627435444 548900923 0  
  1627435445 548900923 0  
  1627435446 548900923 0  
  1627435447 548900923 0  
  1627435448 548900923 0  
  1627435449 548900923 0  
  1627435450 548900923 0  
  1627435451 548900923 0  
  1627435452 548900923 0  
  1627435453 548900923 0  
  1627435454 548900923 0  
  1627435455 548900923 0  
  1627435456 548900923 0  
  1627435457 548900923 0  
  1627435458 548900923 0  
  1627435459 548900923 0  
  1627435460 548900923 0  
  1627435461 548900923 0  
  1627435462 548900923 0  
  1627435463 548900923 0  
  1627435465 548900923 0  
  1627435466 548900923 0  
  1627435467 548900923 0  
  1627435468 548900923 0  
  1627435469 548900923 0  
  1627435470 548900923 0  
  1627435471 548900923 0  
  1627435472 548900923 0  
  1627435473 548900923 0  
  1627435474 548900923 0  
  1627435475 548900923 0  
  1627435476 548900923 0  
  1627435477 548900923 0  
  1627435478 548900923 0  
  1627435479 548900923 0  
  1627435480 548901519 0  
  1627435481 548901519 0  
  1627435482 548901519 0  
  1627435483 548901519 0  
  1627435484 548901519 0  
  1627435485 548901519 0  
  1627435486 548901519 0  
  1627435487 548901519 0  
  1627435488 548901519 0  
  1627435489 548901519 0  
  1627435490 548901519 0  
  1627435491 548901519 0  
  1627435492 548901519 0  
  1627435493 548901519 0  
  1627435494 548901519 0  
  1627435495 548901519 0  
  1627435496 548901519 0  
  1627435497 548901519 0  
  1627435498 548901519 0  
  1627435499 548901519 0  
  1627435500 548901519 0  
  1627435501 548901519 0  
  1627435502 548901519 0  
  1627435504 548901519 0  
  1627435505 548901579 0  
  1627435506 548901579 0  
  1627435507 548901579 0  
  1627435508 548901579 0  
  1627435509 548901579 0  
  1627435510 548901579 0  
  1627435511 548901579 0  
  1627435512 548901579 0  
  1627435513 548901579 0  
  1627435514 548901579 0  
  1627435515 548901579 0  
  1627435516 548901579 0  
  1627435517 548901579 0  
  1627435518 548901579 0  
  1627435519 548901579 0  
  1627435520 548901579 0  
  1627435521 548901579 0  
  1627435522 548901579 0  
  1627435523 548901579 0  
  1627435524 548901579 0  
  1627435525 548901647 0  
  1627435526 548901647 0  
  1627435527 548901647 0  
  1627435528 548901647 0  
  1627435529 548901739 0  
  1627435530 548901739 0  
  1627435531 548903388 0  
  1627435532 548903388 0  
  1627435533 548903388 0  
  1627435534 548903388 0  
  1627435535 548903388 0  
  1627435536 548903388 0  
  1627435537 548903388 0  
  1627435538 548903388 0  
  1627435539 548903388 0  
  1627435540 548903388 0  
  1627435541 548903388 0  
  1627435543 548903388 0  
  1627435544 548903388 0  
  1627435545 548903388 0  
  1627435546 548903388 0  
  1627435547 548903388 0  
  1627435548 548903388 0  
  1627435549 548903388 0  
  1627435550 548903388 0  
  1627435551 548903388 0  
  1627435552 548903388 0  
  1627435553 548903388 0  
  1627435554 548903388 0  
  1627435555 548903388 0  
  1627435556 548903388 0  
  1627435557 548903388 0  
  1627435558 548903388 0  
  1627435559 548903388 0  
  1627435560 548903388 0  
  1627435561 548903388 0  
  1627435562 548903388 0  
  1627435563 548903388 0  
  1627435564 548903388 0  
  1627435565 548903388 0  
  1627435566 548903388 0  
  1627435567 548903388 0  
  1627435568 548903388 0  
  1627435569 548903388 0  
  1627435570 548903388 0  
  1627435571 548903388 0  
  1627435572 548903388 0  
  1627435573 548903388 0  
  1627435574 548903388 0  
  1627435575 548903388 0  
  1627435576 548903388 0  
  1627435577 548903388 0  
  1627435578 548903388 0  
  1627435579 548903388 0  
  1627435580 548903388 0  
  1627435582 548903388 0  
  1627435583 548903388 0  
  1627435584 548903388 0  
  1627435585 548903388 0  
  1627435586 548903388 0  
  1627435587 548903388 0  
  1627435588 548903388 0  
  1627435589 548903388 0  
  1627435590 548903388 0  
  1627435591 548903388 0  
  1627435592 548903388 0  
  1627435593 548903388 0  
  1627435594 548903388 0  
  1627435595 548903388 0  
  1627435596 548903388 0  
  1627435597 548903388 0  
 