 1626780566 459116728 0  
  1626780567 459116728 0  
  1626780568 459116728 0  
  1626780569 459116728 0  
  1626780570 459116728 0  
  1626780571 459116728 0  
  1626780572 459116728 0  
  1626780573 459116728 0  
  1626780574 459116728 0  
  1626780576 459116728 0  
  1626780577 459116728 0  
  1626780578 459116728 0  
  1626780579 459116728 0  
  1626780580 459116728 0  
  1626780581 459116728 0  
  1626780582 459116728 0  
  1626780583 459116728 0  
  1626780584 459116728 0  
  1626780585 459116728 0  
  1626780586 459116728 0  
  1626780587 459116728 0  
  1626780588 459116728 0  
  1626780589 459116728 0  
  1626780590 459116728 0  
  1626780591 459116728 0  
  1626780592 459116728 0  
  1626780593 459116728 0  
  1626780594 459116728 0  
  1626780595 459116728 0  
  1626780596 459116728 0  
  1626780597 459116728 0  
  1626780598 459116728 0  
  1626780599 459116728 0  
  1626780600 459116728 0  
  1626780601 459116728 0  
  1626780602 459116728 0  
  1626780603 459116728 0  
  1626780604 459116820 0  
  1626780605 459116820 0  
  1626780606 459116820 0  
  1626780607 459116820 0  
  1626780608 459118781 0  
  1626780609 459121453 0  
  1626780610 459121453 0  
  1626780611 459122093 0  
  1626780612 459122093 0  
  1626780613 459122093 0  
  1626780614 459122093 0  
  1626780616 459122093 0  
  1626780617 459122093 0  
  1626780618 459122093 0  
  1626780619 459122093 0  
  1626780620 459122093 0  
  1626780621 459122093 0  
  1626780622 459122093 0  
  1626780623 459130855 0  
  1626780624 459135668 0  
  1626780625 459137408 0  
  1626780626 459137980 0  
  1626780627 459137980 0  
  1626780628 459137980 0  
  1626780629 459137980 0  
  1626780630 459137980 0  
  1626780631 459137980 0  
  1626780632 459137980 0  
  1626780633 459137980 0  
  1626780634 459137980 0  
  1626780635 459137980 0  
  1626780636 459137980 0  
  1626780637 459137980 0  
  1626780638 459137980 0  
  1626780639 459137980 0  
  1626780640 459137980 0  
  1626780641 459137980 0  
  1626780642 459137980 0  
  1626780643 459138337 0  
  1626780644 459138337 0  
  1626780645 459138337 0  
  1626780646 459138337 0  
  1626780647 459138337 0  
  1626780648 459138337 0  
  1626780649 459138337 0  
  1626780650 459138337 0  
  1626780651 459138337 0  
  1626780652 459138337 0  
  1626780653 459138337 0  
  1626780654 459138337 0  
  1626780656 459138337 0  
  1626780657 459138337 0  
  1626780658 459138337 0  
  1626780659 459138337 0  
  1626780660 459138337 0  
  1626780661 459138337 0  
  1626780662 459138337 0  
  1626780663 459138337 0  
  1626780664 459138337 0  
  1626780665 459143242 0  
  1626780666 459143650 0  
  1626780667 459144154 0  
  1626780668 459144154 0  
  1626780669 459144154 0  
  1626780670 459144154 0  
  1626780671 459144154 0  
  1626780672 459144154 0  
  1626780673 459144154 0  
  1626780674 459144154 0  
  1626780675 459144154 0  
  1626780676 459144154 0  
  1626780677 459144154 0  
  1626780678 459144154 0  
  1626780679 459144154 0  
  1626780680 459144154 0  
  1626780681 459144154 0  
  1626780682 459144154 0  
  1626780683 459144154 0  
  1626780684 459144154 0  
  1626780685 459144154 0  
  1626780686 459144246 0  
  1626780687 459144246 0  
  1626780688 459144246 0  
  1626780689 459144246 0  
  1626780690 459144246 0  
  1626780691 459144246 0  
  1626780692 459144246 0  
  1626780693 459144246 0  
  1626780695 459144246 0  
  1626780696 459144246 0  
  1626780697 459144246 0  
  1626780698 459144246 0  
  1626780699 459144246 0  
  1626780700 459144246 0  
  1626780701 459144246 0  
  1626780702 459144246 0  
  1626780703 459144246 0  
  1626780704 459144246 0  
  1626780705 459144246 0  
  1626780706 459144246 0  
  1626780707 459144246 0  
  1626780708 459144246 0  
  1626780709 459144246 0  
  1626780710 459144246 0  
  1626780711 459144246 0  
  1626780712 459144246 0  
  1626780713 459144246 0  
  1626780714 459144246 0  
  1626780715 459144246 0  
  1626780716 459144246 0  
  1626780717 459144246 0  
  1626780718 459144246 0  
  1626780719 459144246 0  
  1626780720 459144246 0  
  1626780721 459144246 0  
  1626780722 459144246 0  
  1626780723 459144246 0  
  1626780724 459144246 0  
  1626780725 459144246 0  
  1626780726 459144246 0  
  1626780727 459144246 0  
  1626780728 459144246 0  
  1626780729 459144246 0  
  1626780730 459144246 0  
  1626780731 459144246 0  
  1626780732 459144338 0  
  1626780733 459144338 0  
  1626780735 459144338 0  
  1626780736 459144338 0  
  1626780737 459144338 0  
  1626780738 459144338 0  
  1626780739 459144338 0  
  1626780740 459144338 0  
  1626780741 459144338 0  
  1626780742 459144338 0  
  1626780743 459144338 0  
  1626780744 459144338 0  
  1626780745 459144338 0  
  1626780746 459144338 0  
  1626780747 459144338 0  
  1626780748 459144338 0  
  1626780749 459144338 0  
  1626780750 459144338 0  
  1626780751 459144430 0  
  1626780752 459144430 0  
  1626780753 459144430 0  
  1626780754 459144430 0  
  1626780755 459144430 0  
  1626780756 459144430 0  
  1626780757 459144430 0  
  1626780758 459144430 0  
  1626780759 459144430 0  
  1626780760 459144430 0  
  1626780761 459144430 0  
  1626780762 459144430 0  
  1626780763 459144430 0  
  1626780764 459144430 0  
  1626780765 459146025 0  
  1626780766 459146025 0  
  1626780767 459146025 0  
  1626780768 459146025 0  
  1626780769 459146025 0  
  1626780770 459146025 0  
  1626780771 459148922 0  
  1626780772 459150658 0  
  1626780773 459150658 0  
  1626780775 459151366 0  
  1626780776 459151366 0  
  1626780777 459151366 0  
  1626780778 459151366 0  
  1626780779 459151366 0  
  1626780780 459151366 0  
  1626780781 459151366 0  
  1626780782 459151366 0  
  1626780783 459151366 0  
  1626780784 459151366 0  
  1626780785 459151366 0  
  1626780786 459151366 0  
  1626780787 459151366 0  
  1626780788 459151366 0  
  1626780789 459151366 0  
  1626780790 459151366 0  
  1626780791 459151366 0  
  1626780792 459151366 0  
  1626780793 459151366 0  
  1626780794 459151366 0  
  1626780795 459151366 0  
  1626780796 459151366 0  
  1626780797 459151366 0  
  1626780798 459151366 0  
  1626780799 459151366 0  
  1626780800 459151366 0  
  1626780801 459151366 0  
  1626780802 459151366 0  
  1626780803 459151366 0  
  1626780804 459151366 0  
  1626780805 459151366 0  
  1626780806 459151366 0  
  1626780807 459151366 0  
  1626780808 459151366 0  
  1626780809 459151366 0  
  1626780810 459151366 0  
  1626780811 459151366 0  
  1626780812 459151366 0  
  1626780814 459151366 0  
  1626780815 459151366 0  
  1626780816 459151366 0  
  1626780817 459151458 0  
  1626780818 459151458 0  
  1626780819 459151458 0  
  1626780820 459151458 0  
  1626780821 459151458 0  
  1626780822 459151458 0  
  1626780823 459151458 0  
  1626780824 459151458 0  
  1626780825 459151458 0  
  1626780826 459151458 0  
  1626780827 459151458 0  
  1626780828 459151458 0  
  1626780829 459151458 0  
  1626780830 459151458 0  
  1626780831 459151458 0  
  1626780832 459151458 0  
  1626780833 459151458 0  
  1626780834 459151458 0  
  1626780835 459151458 0  
  1626780836 459151458 0  
  1626780837 459151458 0  
  1626780838 459151458 0  
  1626780839 459151458 0  
  1626780840 459151458 0  
  1626780841 459151458 0  
  1626780842 459151458 0  
  1626780843 459151458 0  
  1626780844 459151458 0  
  1626780845 459151458 0  
  1626780846 459151458 0  
  1626780847 459151458 0  
  1626780848 459151458 0  
  1626780849 459151458 0  
  1626780850 459151458 0  
  1626780851 459151458 0  
  1626780853 459151458 0  
  1626780854 459151458 0  
  1626780855 459151458 0  
  1626780856 459151458 0  
  1626780857 459151458 0  
  1626780858 459151458 0  
  1626780859 459151458 0  
  1626780860 459151458 0  
  1626780861 459151458 0  
  1626780862 459151550 0  
  1626780863 459151550 0  
  1626780864 459151550 0  
  1626780865 459151550 0  
  1626780866 459151550 0  
  1626780867 459151550 0  
  1626780868 459151550 0  
  1626780869 459151550 0  
  1626780870 459151550 0  
  1626780871 459151550 0  
  1626780872 459151550 0  
  1626780873 459151550 0  
  1626780874 459151550 0  
  1626780875 459151550 0  
  1626780876 459151550 0  
  1626780877 459151550 0  
  1626780878 459151550 0  
  1626780879 459151550 0  
  1626780880 459151550 0  
  1626780881 459151642 0  
  1626780882 459151642 0  
  1626780883 459151642 0  
  1626780884 459151642 0  
  1626780885 459151642 0  
  1626780886 459151642 0  
  1626780887 459151642 0  
  1626780888 459151642 0  
  1626780889 459151642 0  
  1626780891 459151642 0  
  1626780892 459151642 0  
  1626780893 459151642 0  
  1626780894 459151642 0  
  1626780895 459151642 0  
  1626780896 459151642 0  
  1626780897 459151642 0  
  1626780898 459151642 0  
  1626780899 459151642 0  
  1626780900 459151642 0  
  1626780901 459151642 0  
  1626780902 459151642 0  
  1626780903 459151642 0  
  1626780904 459151642 0  
  1626780905 459151642 0  
  1626780906 459151642 0  
  1626780907 459151642 0  
  1626780908 459151642 0  
  1626780909 459155951 0  
  1626780910 459156275 0  
  1626780911 459156983 0  
  1626780912 459156983 0  
  1626780913 459156983 0  
  1626780914 459156983 0  
  1626780915 459156983 0  
  1626780916 459156983 0  
  1626780917 459156983 0  
  1626780918 459156983 0  
  1626780919 459156983 0  
  1626780920 459156983 0  
  1626780921 459156983 0  
  1626780922 459161292 0  
  1626780923 459166249 0  
  1626780924 459171590 0  
  1626780925 459172298 0  
  1626780926 459173006 0  
  1626780927 459173006 0  
  1626780928 459173006 0  
  1626780930 459173006 0  
  1626780931 459173006 0  
  1626780932 459173006 0  
  1626780933 459173006 0  
  1626780934 459173006 0  
  1626780935 459173006 0  
  1626780936 459173006 0  
  1626780937 459173006 0  
  1626780938 459173006 0  
  1626780939 459173006 0  
  1626780940 459173006 0  
  1626780941 459173006 0  
  1626780942 459173006 0  
  1626780943 459173363 0  
  1626780944 459173363 0  
  1626780945 459173363 0  
  1626780946 459173455 0  
  1626780947 459173455 0  
  1626780948 459173455 0  
  1626780949 459173455 0  
  1626780950 459173455 0  
  1626780951 459173455 0  
 