 1626784665 460843653 0  
  1626784666 460843653 0  
  1626784667 460843653 0  
  1626784668 460843653 0  
  1626784669 460843653 0  
  1626784670 460843653 0  
  1626784671 460843653 0  
  1626784672 460843653 0  
  1626784673 460843653 0  
  1626784674 460847962 0  
  1626784675 460848286 0  
  1626784676 460848926 0  
  1626784677 460848926 0  
  1626784678 460848926 0  
  1626784679 460848926 0  
  1626784680 460848926 0  
  1626784681 460849018 0  
  1626784682 460849018 0  
  1626784683 460849018 0  
  1626784684 460849018 0  
  1626784685 460849018 0  
  1626784686 460849018 0  
  1626784687 460849018 0  
  1626784688 460849018 0  
  1626784689 460849018 0  
  1626784690 460849018 0  
  1626784691 460849018 0  
  1626784692 460849018 0  
  1626784693 460849018 0  
  1626784694 460849018 0  
  1626784695 460849018 0  
  1626784696 460849018 0  
  1626784698 460849018 0  
  1626784699 460849018 0  
  1626784700 460849018 0  
  1626784701 460849018 0  
  1626784702 460849018 0  
  1626784703 460849018 0  
  1626784704 460849018 0  
  1626784705 460849018 0  
  1626784706 460849018 0  
  1626784707 460849018 0  
  1626784708 460849018 0  
  1626784709 460849018 0  
  1626784710 460849018 0  
  1626784711 460849018 0  
  1626784712 460849018 0  
  1626784713 460849018 0  
  1626784714 460849018 0  
  1626784715 460849018 0  
  1626784716 460849110 0  
  1626784717 460849110 0  
  1626784718 460849110 0  
  1626784719 460849110 0  
  1626784720 460849110 0  
  1626784721 460849110 0  
  1626784722 460849110 0  
  1626784723 460849110 0  
  1626784724 460849110 0  
  1626784725 460849110 0  
  1626784726 460849110 0  
  1626784727 460849110 0  
  1626784728 460849110 0  
  1626784729 460849110 0  
  1626784730 460849110 0  
  1626784731 460849110 0  
  1626784732 460849110 0  
  1626784733 460849110 0  
  1626784734 460849110 0  
  1626784735 460849110 0  
  1626784736 460849110 0  
  1626784738 460849110 0  
  1626784739 460849110 0  
  1626784740 460849110 0  
  1626784741 460849110 0  
  1626784742 460849110 0  
  1626784743 460849110 0  
  1626784744 460849110 0  
  1626784745 460849110 0  
  1626784746 460849110 0  
  1626784747 460849202 0  
  1626784748 460849202 0  
  1626784749 460849202 0  
  1626784750 460849202 0  
  1626784751 460849202 0  
  1626784752 460849202 0  
  1626784753 460849202 0  
  1626784754 460849202 0  
  1626784755 460849202 0  
  1626784756 460849202 0  
  1626784757 460849202 0  
  1626784758 460849202 0  
  1626784759 460849202 0  
  1626784760 460849202 0  
  1626784761 460849202 0  
  1626784762 460849202 0  
  1626784763 460849202 0  
  1626784764 460849202 0  
  1626784765 460849792 0  
  1626784766 460849792 0  
  1626784767 460849792 0  
  1626784768 460849792 0  
  1626784769 460849792 0  
  1626784770 460849792 0  
  1626784771 460849792 0  
  1626784772 460849792 0  
  1626784773 460849792 0  
  1626784774 460849792 0  
  1626784775 460849792 0  
  1626784776 460849792 0  
  1626784778 460849792 0  
  1626784779 460849792 0  
  1626784780 460849792 0  
  1626784781 460849792 0  
  1626784782 460849884 0  
  1626784783 460849884 0  
  1626784784 460849884 0  
  1626784785 460849884 0  
  1626784786 460849884 0  
  1626784787 460849884 0  
  1626784788 460849884 0  
  1626784789 460849884 0  
  1626784790 460849884 0  
  1626784791 460849884 0  
  1626784792 460849884 0  
  1626784793 460849884 0  
  1626784794 460849884 0  
  1626784795 460849884 0  
  1626784796 460849884 0  
  1626784797 460849884 0  
  1626784798 460849884 0  
  1626784799 460849884 0  
  1626784800 460849884 0  
  1626784801 460849884 0  
  1626784802 460849884 0  
  1626784803 460849884 0  
  1626784804 460849884 0  
  1626784805 460849884 0  
  1626784806 460849884 0  
  1626784807 460849884 0  
  1626784808 460854193 0  
  1626784809 460854517 0  
  1626784810 460855317 0  
  1626784811 460855317 0  
  1626784812 460855317 0  
  1626784813 460855317 0  
  1626784814 460855317 0  
  1626784815 460855317 0  
  1626784817 460855317 0  
  1626784818 460855317 0  
  1626784819 460855317 0  
  1626784820 460855317 0  
  1626784821 460855317 0  
  1626784822 460855317 0  
  1626784823 460859626 0  
  1626784824 460864583 0  
  1626784825 460869856 0  
  1626784826 460870564 0  
  1626784827 460871272 0  
  1626784828 460871272 0  
  1626784829 460871272 0  
  1626784830 460871272 0  
  1626784831 460871272 0  
  1626784832 460871272 0  
  1626784833 460871272 0  
  1626784834 460871272 0  
  1626784835 460871272 0  
  1626784836 460871272 0  
  1626784837 460871272 0  
  1626784838 460871272 0  
  1626784839 460871272 0  
  1626784840 460871272 0  
  1626784841 460871272 0  
  1626784842 460871272 0  
  1626784843 460871364 0  
  1626784844 460871721 0  
  1626784845 460871813 0  
  1626784846 460871813 0  
  1626784847 460871813 0  
  1626784848 460871813 0  
  1626784849 460871813 0  
  1626784850 460871813 0  
  1626784851 460871813 0  
  1626784852 460871813 0  
  1626784853 460871813 0  
  1626784854 460871813 0  
  1626784855 460871813 0  
  1626784857 460871813 0  
  1626784858 460871813 0  
  1626784859 460871813 0  
  1626784860 460871813 0  
  1626784861 460871813 0  
  1626784862 460871813 0  
  1626784863 460871813 0  
  1626784864 460871813 0  
  1626784865 460871813 0  
  1626784866 460873408 0  
  1626784867 460873408 0  
  1626784868 460873408 0  
  1626784869 460873408 0  
  1626784870 460873408 0  
  1626784871 460873408 0  
  1626784872 460873408 0  
  1626784873 460873408 0  
  1626784874 460873408 0  
  1626784875 460873408 0  
  1626784876 460873408 0  
  1626784877 460873408 0  
  1626784878 460873408 0  
  1626784879 460873408 0  
  1626784880 460873408 0  
  1626784881 460873408 0  
  1626784882 460873408 0  
  1626784883 460873408 0  
  1626784884 460873408 0  
  1626784885 460873408 0  
  1626784886 460873408 0  
  1626784887 460873408 0  
  1626784888 460873408 0  
  1626784889 460873408 0  
  1626784890 460873408 0  
  1626784891 460873408 0  
  1626784892 460873408 0  
  1626784893 460873408 0  
  1626784894 460873408 0  
  1626784895 460873408 0  
  1626784897 460873408 0  
  1626784898 460873408 0  
  1626784899 460873408 0  
  1626784900 460873408 0  
  1626784901 460873408 0  
  1626784902 460873408 0  
  1626784903 460873408 0  
  1626784904 460873408 0  
  1626784905 460873408 0  
  1626784906 460873408 0  
  1626784907 460873500 0  
  1626784908 460873500 0  
  1626784909 460873500 0  
  1626784910 460873592 0  
  1626784911 460873592 0  
  1626784912 460873592 0  
  1626784913 460873592 0  
  1626784914 460873592 0  
  1626784915 460873592 0  
  1626784916 460873592 0  
  1626784917 460873592 0  
  1626784918 460873592 0  
  1626784919 460873592 0  
  1626784920 460873592 0  
  1626784921 460873592 0  
  1626784922 460873592 0  
  1626784923 460873592 0  
  1626784924 460873592 0  
  1626784925 460873592 0  
  1626784926 460873592 0  
  1626784927 460873592 0  
  1626784928 460873592 0  
  1626784929 460873592 0  
  1626784930 460873592 0  
  1626784931 460873592 0  
  1626784932 460873592 0  
  1626784933 460873592 0  
  1626784934 460873592 0  
  1626784935 460873592 0  
  1626784936 460873592 0  
  1626784938 460873592 0  
  1626784939 460873592 0  
  1626784940 460873592 0  
  1626784941 460873592 0  
  1626784942 460873592 0  
  1626784943 460873592 0  
  1626784944 460873592 0  
  1626784945 460873592 0  
  1626784946 460873592 0  
  1626784947 460873592 0  
  1626784948 460873592 0  
  1626784949 460873592 0  
  1626784950 460873592 0  
  1626784951 460873592 0  
  1626784952 460873592 0  
  1626784953 460873592 0  
  1626784954 460873592 0  
  1626784955 460873660 0  
  1626784956 460873660 0  
  1626784957 460873660 0  
  1626784958 460873660 0  
  1626784959 460873660 0  
  1626784960 460873660 0  
  1626784961 460874816 0  
  1626784962 460874816 0  
  1626784963 460874816 0  
  1626784964 460874816 0  
  1626784965 460874816 0  
  1626784966 460874816 0  
  1626784967 460874816 0  
  1626784968 460874816 0  
  1626784969 460874816 0  
  1626784970 460874816 0  
  1626784971 460874908 0  
  1626784972 460879217 0  
  1626784973 460879541 0  
  1626784974 460880273 0  
  1626784975 460880273 0  
  1626784976 460880273 0  
  1626784978 460880273 0  
  1626784979 460880273 0  
  1626784980 460880273 0  
  1626784981 460880273 0  
  1626784982 460880273 0  
  1626784983 460880273 0  
  1626784984 460880273 0  
  1626784985 460880273 0  
  1626784986 460880273 0  
  1626784987 460880273 0  
  1626784988 460880273 0  
  1626784989 460880273 0  
  1626784990 460880273 0  
  1626784991 460880273 0  
  1626784992 460880273 0  
  1626784993 460880273 0  
  1626784994 460880273 0  
  1626784995 460880273 0  
  1626784996 460880273 0  
  1626784997 460880273 0  
  1626784998 460880273 0  
  1626784999 460880273 0  
  1626785000 460880273 0  
  1626785001 460880273 0  
  1626785002 460880273 0  
  1626785003 460880273 0  
  1626785004 460880365 0  
  1626785005 460880365 0  
  1626785006 460880365 0  
  1626785007 460880365 0  
  1626785008 460880365 0  
  1626785009 460880365 0  
  1626785010 460880365 0  
  1626785011 460880365 0  
  1626785012 460880365 0  
  1626785013 460880365 0  
  1626785014 460880365 0  
  1626785015 460880365 0  
  1626785017 460880365 0  
  1626785018 460880365 0  
  1626785019 460880365 0  
  1626785020 460880365 0  
  1626785021 460880365 0  
  1626785022 460880365 0  
  1626785023 460880365 0  
  1626785024 460880365 0  
  1626785025 460880365 0  
  1626785026 460880365 0  
  1626785027 460880365 0  
  1626785028 460880365 0  
  1626785029 460880365 0  
  1626785030 460880365 0  
  1626785031 460880365 0  
  1626785032 460880365 0  
  1626785033 460880365 0  
  1626785034 460880365 0  
  1626785035 460880365 0  
  1626785036 460880457 0  
  1626785037 460880457 0  
  1626785038 460880457 0  
  1626785039 460880549 0  
  1626785040 460880549 0  
  1626785041 460880549 0  
  1626785042 460880549 0  
  1626785043 460880549 0  
  1626785044 460880549 0  
  1626785045 460880549 0  
  1626785046 460880549 0  
  1626785047 460880549 0  
  1626785048 460880549 0  
  1626785049 460880549 0  
  1626785050 460880549 0  
  1626785051 460880549 0  
  1626785052 460880549 0  
  1626785053 460880549 0  
  1626785054 460880549 0  
  1626785055 460880549 0  
  1626785057 460880549 0  
  1626785058 460880549 0  
  1626785059 460880549 0  
  1626785060 460880549 0  
  1626785061 460880549 0  
  1626785062 460880549 0  
  1626785063 460880549 0  
  1626785064 460880549 0  
  1626785065 460881207 0  
  1626785066 460881207 0  
  1626785067 460881207 0  
  1626785068 460881207 0  
  1626785069 460881299 0  
  1626785070 460881299 0  
  1626785071 460881299 0  
  1626785072 460881299 0  
  1626785073 460881299 0  
  1626785074 460881299 0  
  1626785075 460881299 0  
  1626785076 460881299 0  
  1626785077 460881299 0  
  1626785078 460881299 0  
  1626785079 460881299 0  
  1626785080 460881299 0  
  1626785081 460881299 0  
  1626785082 460881299 0  
  1626785083 460881299 0  
  1626785084 460881299 0  
  1626785085 460881299 0  
  1626785086 460881299 0  
  1626785087 460881299 0  
  1626785088 460881299 0  
  1626785089 460881299 0  
  1626785090 460881299 0  
  1626785091 460881299 0  
  1626785092 460881299 0  
  1626785093 460881299 0  
  1626785094 460881299 0  
  1626785096 460881299 0  
  1626785097 460881299 0  
  1626785098 460881299 0  
  1626785099 460881299 0  
  1626785100 460881299 0  
  1626785101 460881391 0  
  1626785102 460881391 0  
  1626785103 460881391 0  
  1626785104 460881483 0  
  1626785105 460881483 0  
  1626785106 460881483 0  
  1626785107 460881483 0  
  1626785108 460881483 0  
  1626785109 460885612 0  
  1626785110 460886116 0  
  1626785111 460886116 0  
  1626785112 460886824 0  
  1626785113 460886824 0  
  1626785114 460886824 0  
  1626785115 460886824 0  
  1626785116 460886824 0  
  1626785117 460886824 0  
  1626785118 460886824 0  
  1626785119 460886824 0  
  1626785120 460886824 0  
  1626785121 460886824 0  
  1626785122 460891133 0  
  1626785123 460891457 0  
  1626785124 460897967 0  
  1626785125 460901431 0  
  1626785126 460902779 0  
  1626785127 460902779 0  
  1626785128 460902779 0  
  1626785129 460902779 0  
  1626785130 460902779 0  
  1626785131 460902779 0  
 