 1626785805 462810449 0  
  1626785806 462810449 0  
  1626785807 462810449 0  
  1626785808 462810449 0  
  1626785809 462810449 0  
  1626785810 462810449 0  
  1626785811 462810541 0  
  1626785812 462810541 0  
  1626785813 462810541 0  
  1626785814 462810541 0  
  1626785815 462810541 0  
  1626785816 462810541 0  
  1626785817 462810541 0  
  1626785818 462810541 0  
  1626785819 462810541 0  
  1626785820 462810541 0  
  1626785821 462810541 0  
  1626785822 462810541 0  
  1626785823 462810541 0  
  1626785824 462810541 0  
  1626785825 462810541 0  
  1626785826 462810541 0  
  1626785827 462810541 0  
  1626785828 462810541 0  
  1626785829 462810541 0  
  1626785830 462810541 0  
  1626785831 462810541 0  
  1626785832 462810541 0  
  1626785833 462810541 0  
  1626785834 462810541 0  
  1626785836 462810541 0  
  1626785837 462810541 0  
  1626785838 462810541 0  
  1626785839 462810541 0  
  1626785840 462810541 0  
  1626785841 462810541 0  
  1626785842 462810541 0  
  1626785843 462810541 0  
  1626785844 462810541 0  
  1626785845 462810541 0  
  1626785846 462810541 0  
  1626785847 462810541 0  
  1626785848 462810541 0  
  1626785849 462810541 0  
  1626785850 462810541 0  
  1626785851 462810541 0  
  1626785852 462810541 0  
  1626785853 462810633 0  
  1626785854 462810633 0  
  1626785855 462810701 0  
  1626785856 462810701 0  
  1626785857 462810701 0  
  1626785858 462810701 0  
  1626785859 462810701 0  
  1626785860 462810701 0  
  1626785861 462811857 0  
  1626785862 462811857 0  
  1626785863 462811857 0  
  1626785864 462811857 0  
  1626785865 462811857 0  
  1626785866 462811857 0  
  1626785867 462811857 0  
  1626785868 462811857 0  
  1626785869 462813734 0  
  1626785870 462816490 0  
  1626785871 462816490 0  
  1626785872 462817130 0  
  1626785873 462817130 0  
  1626785874 462817130 0  
  1626785876 462817222 0  
  1626785877 462817222 0  
  1626785878 462817222 0  
  1626785879 462817222 0  
  1626785880 462817222 0  
  1626785881 462817222 0  
  1626785882 462817222 0  
  1626785883 462817222 0  
  1626785884 462817222 0  
  1626785885 462817222 0  
  1626785886 462817222 0  
  1626785887 462817222 0  
  1626785888 462817222 0  
  1626785889 462817222 0  
  1626785890 462817222 0  
  1626785891 462817222 0  
  1626785892 462817222 0  
  1626785893 462817222 0  
  1626785894 462817222 0  
  1626785895 462817222 0  
  1626785896 462817222 0  
  1626785897 462817222 0  
  1626785898 462817222 0  
  1626785899 462817222 0  
  1626785900 462817222 0  
  1626785901 462817222 0  
  1626785902 462817222 0  
  1626785903 462817222 0  
  1626785904 462817222 0  
  1626785905 462817222 0  
  1626785906 462817222 0  
  1626785907 462817222 0  
  1626785908 462817222 0  
  1626785909 462817222 0  
  1626785910 462817222 0  
  1626785911 462817222 0  
  1626785912 462817222 0  
  1626785913 462817222 0  
  1626785915 462817222 0  
  1626785916 462817222 0  
  1626785917 462817222 0  
  1626785918 462817314 0  
  1626785919 462817314 0  
  1626785920 462817314 0  
  1626785921 462817314 0  
  1626785922 462817314 0  
  1626785923 462817314 0  
  1626785924 462817314 0  
  1626785925 462817314 0  
  1626785926 462817314 0  
  1626785927 462817314 0  
  1626785928 462817314 0  
  1626785929 462817314 0  
  1626785930 462817314 0  
  1626785931 462817314 0  
  1626785932 462817314 0  
  1626785933 462817314 0  
  1626785934 462817314 0  
  1626785935 462817314 0  
  1626785936 462817314 0  
  1626785937 462817314 0  
  1626785938 462817314 0  
  1626785939 462817314 0  
  1626785940 462817406 0  
  1626785941 462817406 0  
  1626785942 462817406 0  
  1626785943 462817406 0  
  1626785944 462817406 0  
  1626785945 462817406 0  
  1626785946 462817406 0  
  1626785947 462817406 0  
  1626785948 462817406 0  
  1626785949 462817406 0  
  1626785950 462817406 0  
  1626785951 462817406 0  
  1626785952 462817406 0  
  1626785953 462817406 0  
  1626785955 462817406 0  
  1626785956 462817406 0  
  1626785957 462817406 0  
  1626785958 462817406 0  
  1626785959 462817406 0  
  1626785960 462817406 0  
  1626785961 462817406 0  
  1626785962 462817406 0  
  1626785963 462817406 0  
  1626785964 462817406 0  
  1626785965 462818002 0  
  1626785966 462818002 0  
  1626785967 462818002 0  
  1626785968 462818002 0  
  1626785969 462818002 0  
  1626785970 462818002 0  
  1626785971 462818002 0  
  1626785972 462818002 0  
  1626785973 462818002 0  
  1626785974 462818002 0  
  1626785975 462818002 0  
  1626785976 462818002 0  
  1626785977 462818002 0  
  1626785978 462818002 0  
  1626785979 462818002 0  
  1626785980 462818002 0  
  1626785981 462818002 0  
  1626785982 462818094 0  
  1626785983 462818094 0  
  1626785984 462818094 0  
  1626785985 462818094 0  
  1626785986 462818094 0  
  1626785987 462818094 0  
  1626785988 462818094 0  
  1626785989 462818094 0  
  1626785990 462818094 0  
  1626785991 462818094 0  
  1626785992 462818094 0  
  1626785994 462818094 0  
  1626785995 462818094 0  
  1626785996 462818094 0  
  1626785997 462818094 0  
  1626785998 462818094 0  
  1626785999 462818094 0  
  1626786000 462818094 0  
  1626786001 462818094 0  
  1626786002 462818094 0  
  1626786003 462818094 0  
  1626786004 462818094 0  
  1626786005 462818186 0  
  1626786006 462822495 0  
  1626786007 462822819 0  
  1626786008 462822819 0  
  1626786009 462823527 0  
  1626786010 462823527 0  
  1626786011 462823527 0  
  1626786012 462823527 0  
  1626786013 462823527 0  
  1626786014 462823527 0  
  1626786015 462823527 0  
  1626786016 462823527 0  
  1626786017 462823527 0  
  1626786018 462823527 0  
  1626786019 462823527 0  
  1626786020 462827836 0  
  1626786021 462828160 0  
  1626786022 462837810 0  
  1626786023 462838842 0  
  1626786024 462839550 0  
  1626786025 462839550 0  
  1626786026 462839550 0  
  1626786027 462839550 0  
  1626786028 462839550 0  
  1626786029 462839550 0  
  1626786030 462839550 0  
  1626786031 462839550 0  
  1626786033 462839550 0  
  1626786034 462839550 0  
  1626786035 462839550 0  
  1626786036 462839550 0  
  1626786037 462839550 0  
  1626786038 462839550 0  
  1626786039 462839550 0  
  1626786040 462839907 0  
  1626786041 462839907 0  
  1626786042 462839907 0  
  1626786043 462839907 0  
  1626786044 462839907 0  
  1626786045 462839907 0  
  1626786046 462839907 0  
  1626786047 462839907 0  
  1626786048 462839999 0  
  1626786049 462839999 0  
  1626786050 462839999 0  
  1626786051 462839999 0  
  1626786052 462839999 0  
  1626786053 462839999 0  
  1626786054 462839999 0  
  1626786055 462839999 0  
  1626786056 462839999 0  
  1626786057 462840337 0  
  1626786058 462840337 0  
  1626786059 462840337 0  
  1626786060 462840337 0  
  1626786061 462840337 0  
  1626786062 462840337 0  
  1626786063 462840337 0  
  1626786064 462840337 0  
  1626786065 462845054 0  
  1626786066 462845054 0  
  1626786067 462845558 0  
  1626786068 462845558 0  
  1626786069 462845650 0  
  1626786070 462845650 0  
  1626786072 462845650 0  
  1626786073 462845650 0  
  1626786074 462845650 0  
  1626786075 462845650 0  
  1626786076 462845650 0  
  1626786077 462845650 0  
  1626786078 462845650 0  
  1626786079 462845650 0  
  1626786080 462845742 0  
  1626786081 462845742 0  
  1626786082 462845742 0  
  1626786083 462845742 0  
  1626786084 462845742 0  
  1626786085 462845742 0  
  1626786086 462845742 0  
  1626786087 462845742 0  
  1626786088 462845742 0  
  1626786089 462845742 0  
  1626786090 462845742 0  
  1626786091 462845742 0  
  1626786092 462845742 0  
  1626786093 462845742 0  
  1626786094 462845742 0  
  1626786095 462845742 0  
  1626786096 462845742 0  
  1626786097 462845742 0  
  1626786098 462845742 0  
  1626786099 462845742 0  
  1626786100 462845742 0  
  1626786101 462845742 0  
  1626786102 462845742 0  
  1626786103 462845742 0  
  1626786104 462845742 0  
  1626786105 462845742 0  
  1626786106 462845742 0  
  1626786107 462845742 0  
  1626786108 462845742 0  
  1626786109 462845742 0  
  1626786111 462845742 0  
  1626786112 462845742 0  
  1626786113 462845834 0  
  1626786114 462845834 0  
  1626786115 462845834 0  
  1626786116 462845834 0  
  1626786117 462845834 0  
  1626786118 462845834 0  
  1626786119 462845834 0  
  1626786120 462845834 0  
  1626786121 462845834 0  
  1626786122 462845834 0  
  1626786123 462845834 0  
  1626786124 462845834 0  
  1626786125 462845834 0  
  1626786126 462845834 0  
  1626786127 462845834 0  
  1626786128 462845834 0  
  1626786129 462845834 0  
  1626786130 462845834 0  
  1626786131 462845834 0  
  1626786132 462845834 0  
  1626786133 462845834 0  
  1626786134 462845926 0  
  1626786135 462845926 0  
  1626786136 462845926 0  
  1626786137 462845926 0  
  1626786138 462845926 0  
  1626786139 462845926 0  
  1626786140 462845926 0  
  1626786141 462845926 0  
  1626786142 462846264 0  
  1626786143 462846264 0  
  1626786144 462846356 0  
  1626786145 462846356 0  
  1626786146 462846356 0  
  1626786147 462846356 0  
  1626786148 462846356 0  
  1626786150 462846356 0  
  1626786151 462846356 0  
  1626786152 462846356 0  
  1626786153 462846356 0  
  1626786154 462846356 0  
  1626786155 462846356 0  
  1626786156 462846356 0  
  1626786157 462846356 0  
  1626786158 462846356 0  
  1626786159 462846356 0  
  1626786160 462846356 0  
  1626786161 462846356 0  
  1626786162 462846356 0  
  1626786163 462846356 0  
  1626786164 462846356 0  
  1626786165 462846356 0  
  1626786166 462846952 0  
  1626786167 462846952 0  
  1626786168 462846952 0  
  1626786169 462846952 0  
  1626786170 462851517 0  
  1626786171 462851585 0  
  1626786172 462852293 0  
  1626786173 462852293 0  
  1626786174 462852293 0  
  1626786175 462852293 0  
  1626786176 462852293 0  
  1626786177 462852385 0  
  1626786178 462852385 0  
  1626786179 462852385 0  
  1626786180 462852385 0  
  1626786181 462852385 0  
  1626786182 462852385 0  
  1626786183 462852385 0  
  1626786184 462852385 0  
  1626786185 462852385 0  
  1626786186 462852385 0  
  1626786187 462852385 0  
  1626786189 462852385 0  
  1626786190 462852385 0  
  1626786191 462852385 0  
  1626786192 462852385 0  
  1626786193 462852385 0  
  1626786194 462852385 0  
  1626786195 462852385 0  
  1626786196 462852385 0  
  1626786197 462852385 0  
  1626786198 462852477 0  
  1626786199 462852477 0  
  1626786200 462852477 0  
  1626786201 462852477 0  
  1626786202 462852477 0  
  1626786203 462852477 0  
  1626786204 462852477 0  
  1626786205 462852477 0  
  1626786206 462852477 0  
  1626786207 462852477 0  
  1626786208 462852477 0  
  1626786209 462852569 0  
  1626786210 462852569 0  
  1626786211 462852569 0  
  1626786212 462852569 0  
  1626786213 462852569 0  
  1626786214 462852569 0  
  1626786215 462852569 0  
  1626786216 462852569 0  
  1626786217 462852569 0  
  1626786218 462852569 0  
  1626786219 462852569 0  
  1626786220 462852569 0  
  1626786221 462852569 0  
  1626786222 462852569 0  
  1626786223 462852569 0  
  1626786224 462852569 0  
  1626786225 462852569 0  
  1626786226 462852569 0  
  1626786228 462852569 0  
  1626786229 462852569 0  
  1626786230 462852569 0  
  1626786231 462852661 0  
  1626786232 462852661 0  
  1626786233 462852661 0  
  1626786234 462852661 0  
  1626786235 462852661 0  
  1626786236 462852661 0  
  1626786237 462852661 0  
  1626786238 462852661 0  
  1626786239 462852661 0  
  1626786240 462852661 0  
  1626786241 462852661 0  
  1626786242 462852661 0  
  1626786243 462852661 0  
  1626786244 462852661 0  
  1626786245 462852661 0  
  1626786246 462852661 0  
  1626786247 462852661 0  
  1626786248 462852661 0  
  1626786249 462852661 0  
  1626786250 462852661 0  
  1626786251 462852661 0  
  1626786252 462852661 0  
  1626786253 462852661 0  
  1626786254 462852661 0  
  1626786255 462852661 0  
  1626786256 462852661 0  
  1626786257 462852661 0  
  1626786258 462852661 0  
  1626786259 462852661 0  
  1626786260 462852661 0  
  1626786261 462852661 0  
  1626786262 462852753 0  
  1626786263 462852753 0  
  1626786264 462852753 0  
  1626786265 462852753 0  
  1626786266 462852753 0  
  1626786268 462852753 0  
  1626786269 462852753 0  
  1626786270 462852753 0  
  1626786271 462852753 0  
  1626786272 462852753 0  
  1626786273 462852753 0  
  1626786274 462852845 0  
  1626786275 462852845 0  
  1626786276 462852845 0  
  1626786277 462852845 0  
  1626786278 462852845 0  
  1626786279 462852845 0  
  1626786280 462852845 0  
  1626786281 462852845 0  
  1626786282 462852845 0  
  1626786283 462852845 0  
  1626786284 462852845 0  
  1626786285 462852845 0  
  1626786286 462852845 0  
  1626786287 462852845 0  
  1626786288 462852845 0  
  1626786289 462852845 0  
  1626786290 462852845 0  
  1626786291 462852845 0  
  1626786292 462853183 0  
  1626786293 462853183 0  
  1626786294 462853183 0  
  1626786295 462853275 0  
  1626786296 462853275 0  
  1626786297 462853275 0  
  1626786298 462853275 0  
  1626786299 462853275 0  
  1626786300 462853275 0  
  1626786301 462853275 0  
  1626786302 462853275 0  
  1626786303 462853275 0  
  1626786304 462853275 0  
  1626786305 462857404 0  
  1626786306 462857908 0  
  1626786308 462857908 0  
  1626786309 462858616 0  
  1626786310 462858616 0  
  1626786311 462858616 0  
  1626786312 462858616 0  
  1626786313 462858616 0  
  1626786314 462858616 0  
  1626786315 462858616 0  
  1626786316 462858616 0  
  1626786317 462858616 0  
  1626786318 462858616 0  
  1626786319 462858616 0  
  1626786320 462862925 0  
  1626786321 462863249 0  
  1626786322 462868522 0  
  1626786323 462873223 0  
  1626786324 462873931 0  
  1626786325 462874639 0  
  1626786326 462874639 0  
  1626786327 462874731 0  
  1626786328 462874731 0  
  1626786329 462874731 0  
  1626786330 462874731 0  
  1626786331 462874731 0  
  1626786332 462874731 0  
  1626786333 462874731 0  
  1626786334 462874731 0  
  1626786335 462874731 0  
  1626786336 462874731 0  
  1626786337 462874823 0  
  1626786338 462874823 0  
  1626786339 462874823 0  
  1626786340 462875180 0  
  1626786341 462875180 0  
  1626786342 462875180 0  
  1626786343 462875180 0  
  1626786344 462875180 0  
  1626786345 462875180 0  
  1626786347 462875180 0  
  1626786348 462875180 0  
  1626786349 462875180 0  
  1626786350 462875180 0  
  1626786351 462875180 0  
  1626786352 462875180 0  
  1626786353 462875180 0  
  1626786354 462875180 0  
  1626786355 462875180 0  
  1626786356 462875180 0  
  1626786357 462875180 0  
  1626786358 462875180 0  
  1626786359 462875180 0  
  1626786360 462875272 0  
  1626786361 462875272 0  
  1626786362 462875272 0  
  1626786363 462875272 0  
  1626786364 462875272 0  
  1626786365 462875868 0  
  1626786366 462875868 0  
  1626786367 462875868 0  
  1626786368 462875868 0  
  1626786369 462875868 0  
  1626786370 462875868 0  
  1626786371 462875868 0  
  1626786372 462875868 0  
  1626786373 462875868 0  
  1626786374 462875868 0  
  1626786375 462875868 0  
  1626786376 462875868 0  
  1626786377 462875868 0  
  1626786378 462875868 0  
  1626786379 462875868 0  
  1626786380 462875868 0  
  1626786381 462875868 0  
  1626786382 462875868 0  
  1626786383 462875868 0  
  1626786384 462875868 0  
  1626786386 462875868 0  
  1626786387 462875868 0  
  1626786388 462875868 0  
  1626786389 462875868 0  
  1626786390 462875868 0  
  1626786391 462875868 0  
  1626786392 462875960 0  
  1626786393 462875960 0  
  1626786394 462875960 0  
  1626786395 462875960 0  
  1626786396 462875960 0  
  1626786397 462875960 0  
  1626786398 462875960 0  
  1626786399 462875960 0  
  1626786400 462875960 0  
  1626786401 462875960 0  
  1626786402 462876052 0  
  1626786403 462876052 0  
  1626786404 462876052 0  
  1626786405 462876052 0  
  1626786406 462876052 0  
  1626786407 462876052 0  
  1626786408 462876052 0  
  1626786409 462876052 0  
  1626786410 462876052 0  
  1626786411 462876052 0  
  1626786412 462876052 0  
  1626786413 462876052 0  
  1626786414 462876052 0  
  1626786415 462876052 0  
  1626786416 462876052 0  
  1626786417 462876052 0  
  1626786418 462876052 0  
  1626786419 462876052 0  
  1626786420 462876052 0  
  1626786421 462876052 0  
  1626786422 462876052 0  
  1626786423 462876144 0  
  1626786424 462876144 0  
  1626786426 462876144 0  
  1626786427 462876144 0  
  1626786428 462876144 0  
  1626786429 462876144 0  
  1626786430 462876144 0  
  1626786431 462876144 0  
  1626786432 462876144 0  
  1626786433 462876144 0  
  1626786434 462876144 0  
  1626786435 462876144 0  
  1626786436 462876144 0  
  1626786437 462876144 0  
  1626786438 462876144 0  
  1626786439 462876144 0  
  1626786440 462876144 0  
  1626786441 462876144 0  
  1626786442 462876482 0  
  1626786443 462876482 0  
  1626786444 462876482 0  
  1626786445 462876482 0  
  1626786446 462876482 0  
  1626786447 462876482 0  
  1626786448 462876482 0  
  1626786449 462876482 0  
  1626786450 462876482 0  
  1626786451 462876482 0  
  1626786452 462876482 0  
  1626786453 462876482 0  
  1626786454 462876482 0  
  1626786455 462876482 0  
  1626786456 462876574 0  
  1626786457 462876574 0  
  1626786458 462876574 0  
  1626786459 462876574 0  
  1626786460 462876574 0  
  1626786461 462876574 0  
  1626786462 462876574 0  
  1626786463 462876574 0  
  1626786465 462876574 0  
  1626786466 462876574 0  
  1626786467 462876574 0  
  1626786468 462876666 0  
  1626786469 462876666 0  
  1626786470 462880975 0  
  1626786471 462881299 0  
  1626786472 462882007 0  
  1626786473 462882007 0  
  1626786474 462882007 0  
  1626786475 462882007 0  
  1626786476 462882007 0  
  1626786477 462882007 0  
  1626786478 462882007 0  
  1626786479 462882007 0  
  1626786480 462882007 0  
  1626786481 462882007 0  
  1626786482 462882007 0  
  1626786483 462882007 0  
  1626786484 462882007 0  
  1626786485 462882007 0  
  1626786486 462882007 0  
  1626786487 462882007 0  
  1626786488 462882099 0  
  1626786489 462882099 0  
  1626786490 462882099 0  
  1626786491 462882099 0  
  1626786492 462882099 0  
  1626786493 462882099 0  
  1626786494 462882099 0  
  1626786495 462882099 0  
  1626786496 462882099 0  
  1626786497 462882099 0  
  1626786498 462882099 0  
  1626786499 462882099 0  
  1626786500 462882099 0  
  1626786501 462882099 0  
  1626786502 462882099 0  
  1626786504 462882099 0  
  1626786505 462882099 0  
  1626786506 462882099 0  
  1626786507 462882099 0  
  1626786508 462882099 0  
  1626786509 462882099 0  
  1626786510 462882099 0  
  1626786511 462882099 0  
  1626786512 462882099 0  
  1626786513 462882099 0  
  1626786514 462882099 0  
  1626786515 462882099 0  
  1626786516 462882099 0  
  1626786517 462882099 0  
  1626786518 462882099 0  
  1626786519 462882099 0  
  1626786520 462882099 0  
  1626786521 462882191 0  
  1626786522 462882191 0  
  1626786523 462882191 0  
  1626786524 462882191 0  
  1626786525 462882191 0  
  1626786526 462882191 0  
  1626786527 462882191 0  
  1626786528 462882191 0  
  1626786529 462882191 0  
  1626786530 462882191 0  
  1626786531 462882191 0  
  1626786532 462882283 0  
  1626786533 462882283 0  
  1626786534 462882283 0  
  1626786535 462882283 0  
  1626786536 462882283 0  
  1626786537 462882283 0  
  1626786538 462882283 0  
  1626786539 462882283 0  
  1626786540 462882283 0  
  1626786541 462882283 0  
  1626786542 462882283 0  
  1626786544 462882283 0  
  1626786545 462882283 0  
  1626786546 462882283 0  
  1626786547 462882283 0  
  1626786548 462882283 0  
  1626786549 462882283 0  
  1626786550 462882283 0  
  1626786551 462882283 0  
  1626786552 462882283 0  
  1626786553 462882283 0  
  1626786554 462882375 0  
  1626786555 462882375 0  
  1626786556 462882375 0  
  1626786557 462882375 0  
  1626786558 462882375 0  
  1626786559 462882375 0  
  1626786560 462882375 0  
  1626786561 462882375 0  
  1626786562 462882375 0  
  1626786563 462882375 0  
  1626786564 462882375 0  
  1626786565 462882971 0  
  1626786566 462882971 0  
  1626786567 462882971 0  
  1626786568 462882971 0  
  1626786569 462882971 0  
  1626786570 462882971 0  
  1626786571 462882971 0  
  1626786572 462882971 0  
  1626786573 462882971 0  
  1626786574 462882971 0  
  1626786575 462882971 0  
  1626786576 462882971 0  
  1626786577 462882971 0  
  1626786578 462882971 0  
  1626786579 462882971 0  
  1626786580 462882971 0  
  1626786581 462882971 0  
  1626786582 462882971 0  
  1626786584 462882971 0  
  1626786585 462882971 0  
  1626786586 462883063 0  
  1626786587 462883063 0  
  1626786588 462883063 0  
  1626786589 462883063 0  
  1626786590 462883063 0  
  1626786591 462883063 0  
  1626786592 462883401 0  
  1626786593 462883401 0  
  1626786594 462883401 0  
  1626786595 462883401 0  
  1626786596 462883401 0  
  1626786597 462883493 0  
  1626786598 462883493 0  
  1626786599 462883493 0  
  1626786600 462883493 0  
  1626786601 462883493 0  
  1626786602 462883493 0  
  1626786603 462883493 0  
  1626786604 462883493 0  
  1626786605 462883493 0  
  1626786606 462883493 0  
  1626786607 462888126 0  
  1626786608 462888126 0  
  1626786609 462888834 0  
  1626786610 462888834 0  
  1626786611 462888834 0  
  1626786612 462888834 0  
  1626786613 462888834 0  
  1626786614 462888834 0  
  1626786615 462888834 0  
  1626786616 462888834 0  
  1626786617 462888834 0  
  1626786618 462888926 0  
  1626786619 462890803 0  
  1626786620 462893559 0  
  1626786621 462898192 0  
  1626786622 462903465 0  
  1626786624 462904105 0  
  1626786625 462904813 0  
  1626786626 462904813 0  
  1626786627 462904813 0  
  1626786628 462904813 0  
  1626786629 462904813 0  
  1626786630 462904813 0  
  1626786631 462904813 0  
  1626786632 462904813 0  
  1626786633 462904813 0  
  1626786634 462904813 0  
  1626786635 462904813 0  
  1626786636 462904813 0  
  1626786637 462904813 0  
  1626786638 462904813 0  
  1626786639 462904813 0  
  1626786640 462905170 0  
  1626786641 462905170 0  
  1626786642 462905170 0  
  1626786643 462905170 0  
  1626786644 462905170 0  
  1626786645 462905170 0  
  1626786646 462905170 0  
  1626786647 462905170 0  
  1626786648 462905170 0  
  1626786649 462905170 0  
  1626786650 462905170 0  
  1626786651 462905262 0  
  1626786652 462905262 0  
  1626786653 462905262 0  
  1626786654 462905262 0  
  1626786655 462905262 0  
  1626786656 462905262 0  
  1626786657 462905262 0  
  1626786658 462905262 0  
  1626786659 462905262 0  
  1626786660 462905262 0  
  1626786661 462905354 0  
  1626786663 462905354 0  
  1626786664 462905354 0  
  1626786665 462905354 0  
  1626786666 462905354 0  
  1626786667 462905354 0  
  1626786668 462905354 0  
  1626786669 462905354 0  
  1626786670 462905354 0  
  1626786671 462905354 0  
  1626786672 462905354 0  
  1626786673 462905354 0  
  1626786674 462905354 0  
  1626786675 462905354 0  
  1626786676 462905354 0  
  1626786677 462905354 0  
  1626786678 462905354 0  
  1626786679 462905354 0  
  1626786680 462905354 0  
  1626786681 462905354 0  
  1626786682 462905354 0  
  1626786683 462905446 0  
  1626786684 462905446 0  
  1626786685 462905446 0  
  1626786686 462905446 0  
  1626786687 462905446 0  
  1626786688 462905446 0  
  1626786689 462905446 0  
  1626786690 462905446 0  
  1626786691 462905446 0  
  1626786692 462905446 0  
  1626786693 462905446 0  
  1626786694 462905446 0  
  1626786695 462905446 0  
  1626786696 462905446 0  
  1626786697 462905446 0  
  1626786698 462905446 0  
  1626786699 462905446 0  
  1626786700 462905446 0  
  1626786701 462905446 0  
  1626786703 462905446 0  
  1626786704 462905446 0  
  1626786705 462905446 0  
  1626786706 462905446 0  
  1626786707 462905446 0  
  1626786708 462905446 0  
  1626786709 462905446 0  
  1626786710 462905446 0  
  1626786711 462905446 0  
  1626786712 462905446 0  
  1626786713 462905446 0  
  1626786714 462905446 0  
  1626786715 462905446 0  
  1626786716 462905538 0  
  1626786717 462905538 0  
  1626786718 462905538 0  
  1626786719 462905538 0  
  1626786720 462905538 0  
  1626786721 462905538 0  
  1626786722 462905538 0  
  1626786723 462905538 0  
  1626786724 462905538 0  
  1626786725 462905538 0  
  1626786726 462905538 0  
  1626786727 462905630 0  
  1626786728 462905630 0  
  1626786729 462905630 0  
  1626786730 462905630 0  
  1626786731 462905630 0  
  1626786732 462905630 0  
  1626786733 462905630 0  
  1626786734 462905630 0  
  1626786735 462905630 0  
  1626786736 462905630 0  
  1626786737 462905630 0  
  1626786738 462905630 0  
  1626786739 462905630 0  
  1626786740 462905630 0  
  1626786741 462905630 0  
  1626786743 462905630 0  
  1626786744 462905968 0  
  1626786745 462905968 0  
  1626786746 462905968 0  
  1626786747 462905968 0  
  1626786748 462906060 0  
  1626786749 462906060 0  
  1626786750 462906060 0  
  1626786751 462906060 0  
  1626786752 462906060 0  
  1626786753 462906060 0  
  1626786754 462906060 0  
  1626786755 462906128 0  
  1626786756 462906128 0  
  1626786757 462906128 0  
  1626786758 462906128 0  
  1626786759 462906128 0  
  1626786760 462906128 0  
  1626786761 462907590 0  
  1626786762 462907590 0  
  1626786763 462907590 0  
  1626786764 462907590 0  
  1626786765 462907590 0  
  1626786766 462909185 0  
  1626786767 462909185 0  
  1626786768 462909185 0  
  1626786769 462909185 0  
  1626786770 462913818 0  
  1626786771 462913818 0  
 