 1626884544 480481182 0  
  1626884545 480481182 0  
  1626884546 480481182 0  
  1626884547 480481182 0  
  1626884548 480481182 0  
  1626884549 480481182 0  
  1626884550 480481182 0  
  1626884551 480481182 0  
  1626884553 480481182 0  
  1626884554 480481182 0  
  1626884555 480481182 0  
  1626884556 480481182 0  
  1626884557 480481182 0  
  1626884558 480481182 0  
  1626884559 480481182 0  
  1626884560 480481182 0  
  1626884561 480481182 0  
  1626884562 480481274 0  
  1626884563 480481274 0  
  1626884564 480481274 0  
  1626884565 480481274 0  
  1626884566 480481274 0  
  1626884567 480481274 0  
  1626884568 480481274 0  
  1626884569 480481274 0  
  1626884570 480481274 0  
  1626884571 480481274 0  
  1626884572 480481274 0  
  1626884573 480481274 0  
  1626884574 480481274 0  
  1626884575 480481274 0  
  1626884576 480485583 0  
  1626884577 480485907 0  
  1626884578 480485907 0  
  1626884579 480486615 0  
  1626884580 480486615 0  
  1626884581 480486615 0  
  1626884582 480486615 0  
  1626884583 480486615 0  
  1626884584 480486615 0  
  1626884585 480486615 0  
  1626884586 480486707 0  
  1626884587 480486707 0  
  1626884588 480486707 0  
  1626884589 480486707 0  
  1626884590 480486707 0  
  1626884592 480486707 0  
  1626884593 480486707 0  
  1626884594 480486707 0  
  1626884595 480486707 0  
  1626884596 480486707 0  
  1626884597 480486707 0  
  1626884598 480486707 0  
  1626884599 480486707 0  
  1626884600 480486707 0  
  1626884601 480486707 0  
  1626884602 480486707 0  
  1626884603 480486707 0  
  1626884604 480486707 0  
  1626884605 480486707 0  
  1626884606 480486707 0  
  1626884607 480486707 0  
  1626884608 480486707 0  
  1626884609 480486707 0  
  1626884610 480486707 0  
  1626884611 480486707 0  
  1626884612 480486707 0  
  1626884613 480486707 0  
  1626884614 480486707 0  
  1626884615 480486707 0  
  1626884616 480486707 0  
  1626884617 480486707 0  
  1626884618 480486707 0  
  1626884619 480486707 0  
  1626884620 480486707 0  
  1626884621 480486707 0  
  1626884622 480486707 0  
  1626884623 480486707 0  
  1626884624 480486707 0  
  1626884625 480486707 0  
  1626884626 480486707 0  
  1626884627 480486707 0  
  1626884628 480486707 0  
  1626884629 480486707 0  
  1626884630 480486707 0  
  1626884632 480486707 0  
  1626884633 480486707 0  
  1626884634 480486707 0  
  1626884635 480486707 0  
  1626884636 480486707 0  
  1626884637 480486707 0  
  1626884638 480486707 0  
  1626884639 480486707 0  
  1626884640 480486707 0  
  1626884641 480486707 0  
  1626884642 480486707 0  
  1626884643 480486707 0  
  1626884644 480486707 0  
  1626884645 480486707 0  
  1626884646 480486707 0  
  1626884647 480486707 0  
  1626884648 480486707 0  
  1626884649 480486707 0  
  1626884650 480486707 0  
  1626884651 480486799 0  
  1626884652 480486799 0  
  1626884653 480486799 0  
  1626884654 480486799 0  
  1626884655 480486799 0  
  1626884656 480486799 0  
  1626884657 480486799 0  
  1626884658 480486799 0  
  1626884659 480486799 0  
  1626884660 480486799 0  
  1626884661 480486799 0  
  1626884662 480486799 0  
  1626884663 480486799 0  
  1626884664 480486799 0  
  1626884665 480486799 0  
  1626884666 480486799 0  
  1626884667 480487395 0  
  1626884668 480487395 0  
  1626884669 480487395 0  
  1626884670 480487395 0  
  1626884672 480487395 0  
  1626884673 480487395 0  
  1626884674 480487395 0  
  1626884675 480487395 0  
  1626884676 480487395 0  
  1626884677 480487395 0  
  1626884678 480487395 0  
  1626884679 480487395 0  
  1626884680 480487395 0  
  1626884681 480487395 0  
  1626884682 480487395 0  
  1626884683 480487395 0  
  1626884684 480487395 0  
  1626884685 480487395 0  
  1626884686 480487395 0  
  1626884687 480487395 0  
  1626884688 480487395 0  
  1626884689 480487395 0  
  1626884690 480487395 0  
  1626884691 480487395 0  
  1626884692 480487487 0  
  1626884693 480487487 0  
  1626884694 480487487 0  
  1626884695 480487487 0  
  1626884696 480487487 0  
  1626884697 480487487 0  
  1626884698 480487487 0  
  1626884699 480487487 0  
  1626884700 480487487 0  
  1626884701 480487487 0  
  1626884702 480487487 0  
  1626884703 480487487 0  
  1626884704 480487487 0  
  1626884705 480487487 0  
  1626884706 480487487 0  
  1626884707 480487487 0  
  1626884708 480487487 0  
  1626884709 480487487 0  
  1626884711 480487487 0  
  1626884712 480487487 0  
  1626884713 480487487 0  
  1626884714 480487487 0  
  1626884715 480487487 0  
  1626884716 480487579 0  
  1626884717 480487579 0  
  1626884718 480487579 0  
  1626884719 480487579 0  
  1626884720 480487579 0  
  1626884721 480487579 0  
  1626884722 480487579 0  
  1626884723 480487579 0  
  1626884724 480487579 0  
  1626884725 480487579 0  
  1626884726 480487579 0  
  1626884727 480487579 0  
  1626884728 480487917 0  
  1626884729 480487917 0  
  1626884730 480487917 0  
  1626884731 480487917 0  
  1626884732 480487917 0  
  1626884733 480487917 0  
  1626884734 480487985 0  
  1626884735 480487985 0  
  1626884736 480487985 0  
  1626884737 480487985 0  
  1626884738 480487985 0  
  1626884739 480487985 0  
  1626884740 480489566 0  
  1626884741 480489566 0  
  1626884742 480489566 0  
  1626884743 480489566 0  
  1626884744 480489566 0  
  1626884745 480493875 0  
  1626884746 480494199 0  
  1626884747 480494199 0  
  1626884748 480496868 0  
  1626884749 480499540 0  
  1626884751 480500248 0  
  1626884752 480500248 0  
  1626884753 480500248 0  
  1626884754 480509514 0  
  1626884755 480510154 0  
  1626884756 480510930 0  
  1626884757 480510930 0  
  1626884758 480510930 0  
  1626884759 480510930 0  
  1626884760 480510930 0  
  1626884761 480510930 0  
  1626884762 480510930 0  
  1626884763 480510930 0  
  1626884764 480510930 0  
  1626884765 480510930 0  
  1626884766 480510930 0  
  1626884767 480510930 0  
  1626884768 480512525 0  
  1626884769 480512525 0  
  1626884770 480512525 0  
  1626884771 480512525 0  
  1626884772 480512525 0  
  1626884773 480512525 0  
  1626884774 480512525 0  
  1626884775 480512525 0  
  1626884776 480512525 0  
  1626884777 480512525 0  
  1626884778 480512525 0  
  1626884779 480512525 0  
  1626884780 480512617 0  
  1626884781 480512617 0  
  1626884782 480512617 0  
  1626884783 480512617 0  
  1626884784 480512617 0  
  1626884785 480512617 0  
  1626884786 480512617 0  
  1626884787 480512617 0  
  1626884788 480512617 0  
  1626884790 480512617 0  
  1626884791 480512617 0  
  1626884792 480512617 0  
  1626884793 480512617 0  
  1626884794 480512617 0  
  1626884795 480512617 0  
  1626884796 480512617 0  
  1626884797 480512617 0  
  1626884798 480512617 0  
  1626884799 480512617 0  
  1626884800 480512617 0  
  1626884801 480512617 0  
  1626884802 480512617 0  
  1626884803 480512617 0  
  1626884804 480512617 0  
  1626884805 480512617 0  
  1626884806 480512617 0  
  1626884807 480512617 0  
  1626884808 480512617 0  
  1626884809 480512617 0  
  1626884810 480512617 0  
  1626884811 480512617 0  
  1626884812 480512617 0  
  1626884813 480512955 0  
  1626884814 480512955 0  
  1626884815 480512955 0  
  1626884816 480512955 0  
  1626884817 480512955 0  
  1626884818 480512955 0  
  1626884819 480512955 0  
  1626884820 480513047 0  
  1626884821 480513047 0  
  1626884822 480513047 0  
  1626884823 480513047 0  
  1626884824 480513047 0  
  1626884825 480513047 0  
  1626884826 480513047 0  
  1626884827 480513047 0  
  1626884828 480513047 0  
  1626884830 480513047 0  
  1626884831 480513047 0  
  1626884832 480513047 0  
  1626884833 480513047 0  
  1626884834 480513047 0  
  1626884835 480513047 0  
  1626884836 480513047 0  
  1626884837 480513047 0  
  1626884838 480513047 0  
  1626884839 480513047 0  
  1626884840 480513047 0  
  1626884841 480513047 0  
  1626884842 480513047 0  
  1626884843 480513047 0  
  1626884844 480513047 0  
  1626884845 480513047 0  
  1626884846 480513139 0  
  1626884847 480513139 0  
  1626884848 480513139 0  
  1626884849 480513139 0  
  1626884850 480513139 0  
  1626884851 480513139 0  
  1626884852 480513139 0  
  1626884853 480513139 0  
  1626884854 480513139 0  
  1626884855 480513139 0  
  1626884856 480513139 0  
  1626884857 480513139 0  
  1626884858 480513139 0  
  1626884859 480513139 0  
  1626884860 480513139 0  
  1626884861 480513139 0  
  1626884862 480513139 0  
  1626884863 480513139 0  
  1626884864 480513139 0  
  1626884865 480513139 0  
  1626884866 480513139 0  
 