 1626884874 482981771 0  
  1626884875 482981771 0  
  1626884876 482982479 0  
  1626884878 482982479 0  
  1626884879 482982479 0  
  1626884880 482982479 0  
  1626884881 482982479 0  
  1626884882 482982479 0  
  1626884883 482982479 0  
  1626884884 482982479 0  
  1626884885 482982479 0  
  1626884886 482982479 0  
  1626884887 482982479 0  
  1626884888 482982479 0  
  1626884889 482982479 0  
  1626884890 482982479 0  
  1626884891 482982479 0  
  1626884892 482982479 0  
  1626884893 482982479 0  
  1626884894 482982479 0  
  1626884895 482982479 0  
  1626884896 482982479 0  
  1626884897 482982479 0  
  1626884898 482982479 0  
  1626884899 482982479 0  
  1626884900 482982479 0  
  1626884901 482982479 0  
  1626884902 482982479 0  
  1626884903 482982479 0  
  1626884904 482982479 0  
  1626884905 482982479 0  
  1626884906 482982479 0  
  1626884907 482982479 0  
  1626884908 482982479 0  
  1626884909 482982479 0  
  1626884910 482982479 0  
  1626884911 482982479 0  
  1626884912 482982479 0  
  1626884913 482982479 0  
  1626884914 482982479 0  
  1626884915 482982479 0  
  1626884917 482982479 0  
  1626884918 482982479 0  
  1626884919 482982479 0  
  1626884920 482982479 0  
  1626884921 482982479 0  
  1626884922 482982479 0  
  1626884923 482982479 0  
  1626884924 482982479 0  
  1626884925 482982479 0  
  1626884926 482982479 0  
  1626884927 482982479 0  
  1626884928 482982479 0  
  1626884929 482982479 0  
  1626884930 482982479 0  
  1626884931 482982479 0  
  1626884932 482982479 0  
  1626884933 482982479 0  
  1626884934 482982479 0  
  1626884935 482982479 0  
  1626884936 482982479 0  
  1626884937 482982479 0  
  1626884938 482982479 0  
  1626884939 482982479 0  
  1626884940 482982479 0  
  1626884941 482982479 0  
  1626884942 482982479 0  
  1626884943 482982479 0  
  1626884944 482982479 0  
  1626884945 482982479 0  
  1626884946 482982479 0  
  1626884947 482982479 0  
  1626884948 482982479 0  
  1626884949 482982479 0  
  1626884950 482982479 0  
  1626884951 482982479 0  
  1626884952 482982479 0  
  1626884953 482982479 0  
  1626884954 482982479 0  
  1626884955 482982479 0  
  1626884956 482982479 0  
  1626884958 482982479 0  
  1626884959 482982479 0  
  1626884960 482982479 0  
  1626884961 482982479 0  
  1626884962 482982479 0  
  1626884963 482982817 0  
  1626884964 482982817 0  
  1626884965 482982817 0  
  1626884966 482982817 0  
  1626884967 482982817 0  
  1626884968 482982817 0  
  1626884969 482982817 0  
  1626884970 482982817 0  
  1626884971 482982817 0  
  1626884972 482982817 0  
  1626884973 482982817 0  
  1626884974 482982817 0  
  1626884975 482982817 0  
  1626884976 482982817 0  
  1626884977 482982817 0  
  1626884978 482982817 0  
  1626884979 482982817 0  
  1626884980 482982817 0  
  1626884981 482982817 0  
  1626884982 482982817 0  
  1626884983 482982817 0  
  1626884984 482982817 0  
  1626884985 482982817 0  
  1626884986 482982817 0  
  1626884987 482982817 0  
  1626884988 482982817 0  
  1626884989 482982817 0  
  1626884990 482982817 0  
  1626884991 482982817 0  
  1626884992 482982817 0  
  1626884993 482982817 0  
  1626884994 482982817 0  
  1626884995 482982817 0  
  1626884996 482982817 0  
  1626884998 482982817 0  
  1626884999 482982817 0  
  1626885000 482982817 0  
  1626885001 482982817 0  
  1626885002 482982873 0  
  1626885003 482982873 0  
  1626885004 482982873 0  
  1626885005 482982873 0  
  1626885006 482982873 0  
  1626885007 482982873 0  
  1626885008 482982873 0  
  1626885009 482982873 0  
  1626885010 482982873 0  
  1626885011 482982873 0  
  1626885012 482982873 0  
  1626885013 482982873 0  
  1626885014 482982873 0  
  1626885015 482982873 0  
  1626885016 482982873 0  
  1626885017 482982873 0  
  1626885018 482982873 0  
  1626885019 482982873 0  
  1626885020 482982873 0  
  1626885021 482982873 0  
  1626885022 482982965 0  
  1626885023 482982965 0  
  1626885024 482982965 0  
  1626885025 482982965 0  
  1626885026 482982965 0  
  1626885027 482982965 0  
  1626885028 482982965 0  
  1626885029 482982965 0  
  1626885030 482982965 0  
  1626885031 482982965 0  
  1626885032 482982965 0  
  1626885033 482982965 0  
  1626885034 482982965 0  
  1626885035 482982965 0  
  1626885036 482982965 0  
  1626885038 482983322 0  
  1626885039 482983322 0  
  1626885040 482983322 0  
  1626885041 482983322 0  
  1626885042 482983322 0  
  1626885043 482985523 0  
  1626885044 482987955 0  
  1626885045 482987955 0  
  1626885046 482988663 0  
  1626885047 482992972 0  
  1626885048 482993296 0  
  1626885049 482993936 0  
  1626885050 482993936 0  
  1626885051 482993936 0  
  1626885052 483003202 0  
  1626885053 483003202 0  
  1626885054 483004618 0  
  1626885055 483004618 0  
  1626885056 483004618 0  
  1626885057 483004618 0  
  1626885058 483004618 0  
  1626885059 483004618 0  
  1626885060 483004618 0  
  1626885061 483004618 0  
  1626885062 483004618 0  
  1626885063 483004618 0  
  1626885064 483004762 0  
  1626885065 483009335 0  
  1626885066 483009335 0  
  1626885067 483009839 0  
  1626885068 483010435 0  
  1626885069 483010435 0  
  1626885070 483010435 0  
  1626885071 483010435 0  
  1626885072 483010435 0  
  1626885073 483010435 0  
  1626885074 483010435 0  
  1626885075 483010435 0  
  1626885076 483010435 0  
  1626885078 483010435 0  
  1626885079 483010435 0  
  1626885080 483010435 0  
  1626885081 483010435 0  
  1626885082 483010435 0  
  1626885083 483010435 0  
  1626885084 483010527 0  
  1626885085 483010527 0  
  1626885086 483010527 0  
  1626885087 483010527 0  
  1626885088 483010527 0  
  1626885089 483010527 0  
  1626885090 483010527 0  
  1626885091 483010527 0  
  1626885092 483010527 0  
  1626885093 483010527 0  
  1626885094 483010527 0  
  1626885095 483010527 0  
  1626885096 483010527 0  
  1626885097 483010527 0  
  1626885098 483010527 0  
  1626885099 483010527 0  
  1626885100 483010527 0  
  1626885101 483010527 0  
  1626885102 483010527 0  
  1626885103 483010527 0  
  1626885104 483010527 0  
  1626885105 483010527 0  
  1626885106 483010527 0  
  1626885107 483010527 0  
  1626885108 483010527 0  
  1626885109 483010527 0  
  1626885110 483010527 0  
  1626885111 483010527 0  
  1626885112 483010865 0  
  1626885113 483010865 0  
  1626885114 483010865 0  
  1626885115 483010865 0  
  1626885116 483010865 0  
  1626885117 483010865 0  
  1626885119 483010865 0  
  1626885120 483010865 0  
  1626885121 483010865 0  
  1626885122 483010865 0  
  1626885123 483010865 0  
  1626885124 483010865 0  
  1626885125 483010865 0  
  1626885126 483010865 0  
  1626885127 483010865 0  
  1626885128 483010865 0  
  1626885129 483010865 0  
  1626885130 483010865 0  
  1626885131 483010865 0  
  1626885132 483010865 0  
  1626885133 483010865 0  
  1626885134 483010865 0  
  1626885135 483010865 0  
  1626885136 483010865 0  
  1626885137 483010865 0  
  1626885138 483010865 0  
  1626885139 483010865 0  
  1626885140 483010865 0  
  1626885141 483010865 0  
  1626885142 483010865 0  
  1626885143 483010865 0  
  1626885144 483010865 0  
  1626885145 483010865 0  
  1626885146 483010865 0  
  1626885147 483010865 0  
  1626885148 483010865 0  
  1626885149 483010865 0  
  1626885150 483010865 0  
  1626885151 483010865 0  
  1626885152 483010865 0  
  1626885153 483010865 0  
  1626885154 483010865 0  
  1626885155 483010865 0  
  1626885156 483010865 0  
  1626885157 483010865 0  
  1626885159 483010865 0  
  1626885160 483010865 0  
  1626885161 483010865 0  
  1626885162 483010865 0  
  1626885163 483010865 0  
  1626885164 483010865 0  
  1626885165 483010865 0  
  1626885166 483010865 0  
  1626885167 483010865 0  
  1626885168 483010865 0  
  1626885169 483010865 0  
  1626885170 483010865 0  
  1626885171 483010865 0  
  1626885172 483010865 0  
  1626885173 483015174 0  
  1626885174 483015498 0  
  1626885175 483015498 0  
  1626885176 483016206 0  
  1626885177 483016206 0  
  1626885178 483016206 0  
  1626885179 483016206 0  
  1626885180 483016206 0  
  1626885181 483016206 0  
  1626885182 483016206 0  
  1626885183 483016206 0  
  1626885184 483016206 0  
  1626885185 483016206 0  
  1626885186 483016206 0  
  1626885187 483016206 0  
  1626885188 483016206 0  
  1626885189 483016206 0  
  1626885190 483016206 0  
  1626885191 483016206 0  
  1626885192 483016206 0  
  1626885193 483016206 0  
  1626885194 483016206 0  
  1626885195 483016206 0  
  1626885196 483016206 0  
  1626885197 483016206 0  
  1626885199 483016206 0  
  1626885200 483016206 0  
  1626885201 483016206 0  
  1626885202 483016206 0  
  1626885203 483016206 0  
  1626885204 483016206 0  
  1626885205 483016206 0  
  1626885206 483016206 0  
  1626885207 483016206 0  
  1626885208 483016206 0  
  1626885209 483016206 0  
  1626885210 483016206 0  
  1626885211 483016206 0  
  1626885212 483016206 0  
  1626885213 483016206 0  
  1626885214 483016206 0  
  1626885215 483016206 0  
  1626885216 483016206 0  
  1626885217 483016206 0  
 