 1627026285 501078416 0  
  1627026286 501078416 0  
  1627026287 501078416 0  
  1627026288 501078416 0  
  1627026289 501078416 0  
  1627026290 501078416 0  
  1627026291 501078416 0  
  1627026292 501078416 0  
  1627026293 501078416 0  
  1627026294 501078416 0  
  1627026295 501078416 0  
  1627026296 501078416 0  
  1627026297 501078416 0  
  1627026298 501078416 0  
  1627026299 501078416 0  
  1627026300 501078416 0  
  1627026301 501078416 0  
  1627026302 501078416 0  
  1627026303 501078416 0  
  1627026304 501078416 0  
  1627026305 501078416 0  
  1627026306 501078416 0  
  1627026307 501078416 0  
  1627026308 501078416 0  
  1627026309 501078416 0  
  1627026310 501078416 0  
  1627026312 501078416 0  
  1627026313 501078416 0  
  1627026314 501078416 0  
  1627026315 501078416 0  
  1627026316 501078416 0  
  1627026317 501078416 0  
  1627026318 501078416 0  
  1627026319 501078416 0  
  1627026320 501078416 0  
  1627026321 501078416 0  
  1627026322 501078416 0  
  1627026323 501078416 0  
  1627026324 501078416 0  
  1627026325 501078416 0  
  1627026326 501078416 0  
  1627026327 501078416 0  
  1627026328 501078416 0  
  1627026329 501078416 0  
  1627026330 501078416 0  
  1627026331 501078416 0  
  1627026332 501078416 0  
  1627026333 501078416 0  
  1627026334 501078416 0  
  1627026335 501078416 0  
  1627026336 501078416 0  
  1627026337 501078416 0  
  1627026338 501078416 0  
  1627026339 501078416 0  
  1627026340 501078416 0  
  1627026341 501078416 0  
  1627026342 501078416 0  
  1627026343 501078416 0  
  1627026344 501078773 0  
  1627026345 501078773 0  
  1627026346 501078773 0  
  1627026347 501078773 0  
  1627026348 501083082 0  
  1627026349 501087715 0  
  1627026350 501088039 0  
  1627026352 501089455 0  
  1627026353 501089455 0  
  1627026354 501089455 0  
  1627026355 501092352 0  
  1627026356 501094088 0  
  1627026357 501094796 0  
  1627026358 501099429 0  
  1627026359 501100137 0  
  1627026360 501100137 0  
  1627026361 501100137 0  
  1627026362 501100137 0  
  1627026363 501100137 0  
  1627026364 501100137 0  
  1627026365 501100137 0  
  1627026366 501100137 0  
  1627026367 501100137 0  
  1627026368 501100137 0  
  1627026369 501100137 0  
  1627026370 501100137 0  
  1627026371 501100137 0  
  1627026372 501100137 0  
  1627026373 501100137 0  
  1627026374 501100137 0  
  1627026375 501100137 0  
  1627026376 501100137 0  
  1627026377 501100137 0  
  1627026378 501100137 0  
  1627026379 501100137 0  
  1627026380 501100137 0  
  1627026381 501100137 0  
  1627026382 501100137 0  
  1627026383 501100137 0  
  1627026384 501100137 0  
  1627026385 501100137 0  
  1627026386 501100137 0  
  1627026387 501100137 0  
  1627026388 501100137 0  
  1627026389 501100137 0  
  1627026391 501100137 0  
  1627026392 501100137 0  
  1627026393 501100137 0  
  1627026394 501100137 0  
  1627026395 501100137 0  
  1627026396 501100137 0  
  1627026397 501100137 0  
  1627026398 501100137 0  
  1627026399 501100137 0  
  1627026400 501100137 0  
  1627026401 501100137 0  
  1627026402 501100137 0  
  1627026403 501100137 0  
  1627026404 501100137 0  
  1627026405 501100137 0  
  1627026406 501100137 0  
  1627026407 501100137 0  
  1627026408 501100137 0  
  1627026409 501100137 0  
  1627026410 501100137 0  
  1627026411 501100137 0  
  1627026412 501100137 0  
  1627026413 501100137 0  
  1627026414 501100137 0  
  1627026415 501100137 0  
  1627026416 501100137 0  
  1627026417 501100137 0  
  1627026418 501100137 0  
  1627026419 501100137 0  
  1627026420 501100137 0  
  1627026421 501100137 0  
  1627026422 501100137 0  
  1627026423 501100137 0  
  1627026424 501100137 0  
  1627026425 501100137 0  
  1627026426 501100137 0  
  1627026427 501100137 0  
  1627026428 501100137 0  
  1627026429 501100137 0  
  1627026431 501100137 0  
  1627026432 501100137 0  
  1627026433 501100137 0  
  1627026434 501100137 0  
  1627026435 501100137 0  
  1627026436 501100137 0  
  1627026437 501100137 0  
  1627026438 501100137 0  
  1627026439 501100137 0  
  1627026440 501100137 0  
  1627026441 501100137 0  
  1627026442 501100137 0  
  1627026443 501100137 0  
  1627026444 501100137 0  
  1627026445 501100137 0  
  1627026446 501100137 0  
  1627026447 501100137 0  
  1627026448 501100137 0  
  1627026449 501100137 0  
  1627026450 501100137 0  
  1627026451 501100137 0  
  1627026452 501100137 0  
  1627026453 501100137 0  
  1627026454 501100137 0  
  1627026455 501100137 0  
  1627026456 501100137 0  
  1627026457 501100137 0  
  1627026458 501100229 0  
  1627026459 501100229 0  
  1627026460 501100229 0  
  1627026461 501100229 0  
  1627026462 501100229 0  
  1627026463 501100229 0  
  1627026464 501100229 0  
  1627026465 501100229 0  
  1627026466 501100229 0  
  1627026467 501100229 0  
  1627026468 501100229 0  
  1627026470 501100229 0  
  1627026471 501100819 0  
  1627026472 501100819 0  
  1627026473 501100819 0  
  1627026474 501100819 0  
  1627026475 501100819 0  
  1627026476 501100819 0  
  1627026477 501100819 0  
  1627026478 501100819 0  
  1627026479 501100819 0  
  1627026480 501100819 0  
  1627026481 501100819 0  
  1627026482 501100819 0  
  1627026483 501100819 0  
  1627026484 501100819 0  
  1627026485 501100819 0  
  1627026486 501100819 0  
  1627026487 501100819 0  
  1627026488 501100819 0  
  1627026489 501100819 0  
  1627026490 501100819 0  
  1627026491 501100819 0  
  1627026492 501100819 0  
  1627026493 501100819 0  
  1627026494 501100819 0  
  1627026495 501100819 0  
  1627026496 501100819 0  
  1627026497 501100819 0  
  1627026498 501100819 0  
  1627026499 501100819 0  
  1627026500 501100819 0  
  1627026501 501100819 0  
  1627026502 501100819 0  
  1627026503 501100819 0  
  1627026504 501100819 0  
  1627026505 501100819 0  
  1627026506 501100819 0  
  1627026507 501100819 0  
  1627026509 501100819 0  
  1627026510 501100819 0  
  1627026511 501100819 0  
  1627026512 501100819 0  
  1627026513 501100819 0  
  1627026514 501100819 0  
  1627026515 501100819 0  
  1627026516 501100819 0  
  1627026517 501100819 0  
  1627026518 501100819 0  
  1627026519 501100819 0  
  1627026520 501100819 0  
  1627026521 501100819 0  
  1627026522 501100819 0  
  1627026523 501100819 0  
  1627026524 501100819 0  
  1627026525 501100819 0  
  1627026526 501100819 0  
  1627026527 501100819 0  
  1627026528 501100819 0  
  1627026529 501100819 0  
  1627026530 501100819 0  
  1627026531 501100819 0  
  1627026532 501100819 0  
  1627026533 501100819 0  
  1627026534 501100819 0  
  1627026535 501100819 0  
  1627026536 501100819 0  
  1627026537 501100819 0  
  1627026538 501100819 0  
  1627026539 501100819 0  
  1627026540 501100819 0  
  1627026541 501105128 0  
  1627026542 501105452 0  
  1627026543 501106160 0  
  1627026544 501106160 0  
  1627026545 501106160 0  
  1627026546 501106160 0  
  1627026548 501106160 0  
  1627026549 501106160 0  
  1627026550 501106160 0  
  1627026551 501106160 0  
  1627026552 501106160 0  
  1627026553 501106160 0  
  1627026554 501106160 0  
  1627026555 501106160 0  
  1627026556 501106160 0  
  1627026557 501106160 0  
  1627026558 501106160 0  
  1627026559 501106160 0  
  1627026560 501106160 0  
  1627026561 501106160 0  
  1627026562 501106160 0  
  1627026563 501106160 0  
  1627026564 501106160 0  
  1627026565 501106160 0  
  1627026566 501106160 0  
  1627026567 501106160 0  
  1627026568 501106160 0  
  1627026569 501106160 0  
  1627026570 501106160 0  
  1627026571 501106160 0  
  1627026572 501106160 0  
  1627026573 501106160 0  
  1627026574 501106160 0  
  1627026575 501106160 0  
  1627026576 501106160 0  
  1627026577 501106160 0  
  1627026578 501106160 0  
  1627026579 501106160 0  
  1627026580 501106160 0  
  1627026581 501106160 0  
  1627026582 501106160 0  
  1627026583 501106160 0  
  1627026584 501106160 0  
  1627026585 501106160 0  
  1627026587 501106160 0  
  1627026588 501106160 0  
  1627026589 501106160 0  
  1627026590 501106160 0  
  1627026591 501106160 0  
  1627026592 501106160 0  
  1627026593 501106160 0  
  1627026594 501106160 0  
  1627026595 501106160 0  
  1627026596 501106160 0  
  1627026597 501106160 0  
  1627026598 501106160 0  
  1627026599 501106160 0  
  1627026600 501106160 0  
  1627026601 501106160 0  
  1627026602 501106160 0  
  1627026603 501106160 0  
  1627026604 501106160 0  
  1627026605 501106160 0  
  1627026606 501106160 0  
  1627026607 501106160 0  
  1627026608 501106160 0  
  1627026609 501106160 0  
  1627026610 501106160 0  
  1627026611 501106160 0  
  1627026612 501106160 0  
  1627026613 501106160 0  
  1627026614 501106160 0  
  1627026615 501106160 0  
  1627026616 501106160 0  
  1627026617 501106160 0  
  1627026618 501106160 0  
  1627026619 501106160 0  
  1627026620 501106160 0  
  1627026621 501106160 0  
  1627026622 501106160 0  
  1627026623 501106160 0  
  1627026624 501106160 0  
  1627026625 501106160 0  
  1627026627 501106160 0  
  1627026628 501106160 0  
  1627026629 501106160 0  
  1627026630 501106160 0  
  1627026631 501106160 0  
  1627026632 501106160 0  
  1627026633 501106160 0  
  1627026634 501106160 0  
  1627026635 501106160 0  
  1627026636 501106160 0  
  1627026637 501106160 0  
  1627026638 501106160 0  
  1627026639 501106160 0  
  1627026640 501106160 0  
  1627026641 501106160 0  
  1627026642 501106160 0  
  1627026643 501106160 0  
  1627026644 501106517 0  
  1627026645 501106517 0  
  1627026646 501106517 0  
  1627026647 501106517 0  
  1627026648 501111150 0  
  1627026649 501115459 0  
  1627026650 501116491 0  
  1627026651 501117199 0  
  1627026652 501117199 0  
  1627026653 501117199 0  
  1627026654 501117199 0  
  1627026655 501121832 0  
  1627026656 501121832 0  
  1627026657 501127173 0  
  1627026658 501127173 0  
  1627026659 501127881 0  
  1627026660 501127881 0  
  1627026661 501127881 0  
  1627026662 501127881 0  
  1627026663 501127881 0  
  1627026664 501127881 0  
  1627026665 501127881 0  
  1627026667 501127881 0  
  1627026668 501127881 0  
  1627026669 501127881 0  
  1627026670 501127881 0  
  1627026671 501128471 0  
  1627026672 501128471 0  
  1627026673 501128471 0  
  1627026674 501128471 0  
  1627026675 501128471 0  
  1627026676 501128471 0  
  1627026677 501128471 0  
  1627026678 501128471 0  
  1627026679 501128471 0  
  1627026680 501128471 0  
  1627026681 501128471 0  
  1627026682 501128471 0  
  1627026683 501128471 0  
  1627026684 501128471 0  
  1627026685 501128471 0  
  1627026686 501128471 0  
  1627026687 501128471 0  
  1627026688 501128471 0  
  1627026689 501128471 0  
  1627026690 501128471 0  
  1627026691 501128471 0  
  1627026692 501128471 0  
  1627026693 501128471 0  
  1627026694 501128471 0  
  1627026695 501128471 0  
  1627026696 501128471 0  
  1627026697 501128471 0  
  1627026698 501128471 0  
  1627026699 501128471 0  
  1627026700 501128471 0  
  1627026701 501128471 0  
  1627026702 501128471 0  
  1627026703 501128471 0  
  1627026704 501128471 0  
  1627026706 501128471 0  
  1627026707 501128471 0  
  1627026708 501128471 0  
  1627026709 501128471 0  
  1627026710 501128471 0  
  1627026711 501128471 0  
  1627026712 501128471 0  
  1627026713 501128471 0  
  1627026714 501128471 0  
  1627026715 501128471 0  
  1627026716 501128471 0  
  1627026717 501128471 0  
  1627026718 501128471 0  
  1627026719 501128471 0  
  1627026720 501128471 0  
  1627026721 501128471 0  
  1627026722 501128471 0  
  1627026723 501128471 0  
  1627026724 501128471 0  
  1627026725 501128471 0  
  1627026726 501128471 0  
  1627026727 501128471 0  
  1627026728 501128471 0  
  1627026729 501128471 0  
  1627026730 501128471 0  
  1627026731 501128471 0  
  1627026732 501128471 0  
  1627026733 501128471 0  
  1627026734 501128471 0  
  1627026735 501128471 0  
  1627026736 501128471 0  
  1627026737 501128471 0  
  1627026738 501128471 0  
  1627026739 501128471 0  
  1627026740 501128471 0  
  1627026741 501128471 0  
  1627026742 501128471 0  
  1627026743 501128471 0  
  1627026745 501128471 0  
  1627026746 501128471 0  
  1627026747 501128471 0  
  1627026748 501128471 0  
  1627026749 501128471 0  
  1627026750 501128471 0  
  1627026751 501128471 0  
  1627026752 501128471 0  
  1627026753 501128471 0  
  1627026754 501128471 0  
 