 1627025505 505233533 0  
  1627025506 505233533 0  
  1627025507 505233533 0  
  1627025508 505233533 0  
  1627025509 505233533 0  
  1627025510 505233533 0  
  1627025511 505233533 0  
  1627025512 505233533 0  
  1627025513 505233533 0  
  1627025514 505233533 0  
  1627025515 505233533 0  
  1627025516 505233533 0  
  1627025517 505233533 0  
  1627025518 505233533 0  
  1627025519 505233533 0  
  1627025520 505233533 0  
  1627025521 505233533 0  
  1627025522 505233533 0  
  1627025523 505233533 0  
  1627025524 505233533 0  
  1627025525 505233533 0  
  1627025526 505233533 0  
  1627025527 505233533 0  
  1627025528 505233533 0  
  1627025529 505233533 0  
  1627025530 505233533 0  
  1627025531 505233533 0  
  1627025532 505233533 0  
  1627025533 505233533 0  
  1627025534 505233533 0  
  1627025535 505233533 0  
  1627025537 505233533 0  
  1627025538 505233533 0  
  1627025539 505233533 0  
  1627025540 505233533 0  
  1627025541 505233533 0  
  1627025542 505233533 0  
  1627025543 505233533 0  
  1627025544 505233533 0  
  1627025545 505233533 0  
  1627025546 505233533 0  
  1627025547 505233533 0  
  1627025548 505233533 0  
  1627025549 505233533 0  
  1627025550 505233533 0  
  1627025551 505233533 0  
  1627025552 505233533 0  
  1627025553 505233533 0  
  1627025554 505233533 0  
  1627025555 505233533 0  
  1627025556 505233533 0  
  1627025557 505233533 0  
  1627025558 505233533 0  
  1627025559 505233533 0  
  1627025560 505233533 0  
  1627025561 505233533 0  
  1627025562 505233533 0  
  1627025563 505233533 0  
  1627025564 505233533 0  
  1627025565 505233533 0  
  1627025566 505233533 0  
  1627025567 505233533 0  
  1627025568 505233533 0  
  1627025569 505233533 0  
  1627025570 505233533 0  
  1627025571 505233533 0  
  1627025572 505233533 0  
  1627025573 505233533 0  
  1627025574 505233533 0  
  1627025575 505233533 0  
  1627025577 505233533 0  
  1627025578 505233533 0  
  1627025579 505233533 0  
  1627025580 505233533 0  
  1627025581 505233533 0  
  1627025582 505233533 0  
  1627025583 505233533 0  
  1627025584 505233533 0  
  1627025585 505233533 0  
  1627025586 505233533 0  
  1627025587 505233533 0  
  1627025588 505233533 0  
  1627025589 505233533 0  
  1627025590 505233533 0  
  1627025591 505233533 0  
  1627025592 505233533 0  
  1627025593 505233533 0  
  1627025594 505233533 0  
  1627025595 505233533 0  
  1627025596 505233533 0  
  1627025597 505233533 0  
  1627025598 505233533 0  
  1627025599 505233533 0  
  1627025600 505233533 0  
  1627025601 505233533 0  
  1627025602 505233533 0  
  1627025603 505233533 0  
  1627025604 505233533 0  
  1627025605 505233533 0  
  1627025606 505233533 0  
  1627025607 505233533 0  
  1627025608 505233533 0  
  1627025609 505233533 0  
  1627025610 505233533 0  
  1627025611 505233533 0  
  1627025612 505233533 0  
  1627025613 505233533 0  
  1627025614 505233533 0  
  1627025616 505233533 0  
  1627025617 505233533 0  
  1627025618 505233533 0  
  1627025619 505233533 0  
  1627025620 505233533 0  
  1627025621 505233533 0  
  1627025622 505237842 0  
  1627025623 505238166 0  
  1627025624 505238806 0  
  1627025625 505238874 0  
  1627025626 505238874 0  
  1627025627 505238874 0  
  1627025628 505238874 0  
  1627025629 505238874 0  
  1627025630 505238874 0  
  1627025631 505238874 0  
  1627025632 505238874 0  
  1627025633 505238874 0  
  1627025634 505238874 0  
  1627025635 505238874 0  
  1627025636 505238874 0  
  1627025637 505238874 0  
  1627025638 505238874 0  
  1627025639 505238874 0  
  1627025640 505238874 0  
  1627025641 505238874 0  
  1627025642 505238874 0  
  1627025643 505238874 0  
  1627025644 505238874 0  
  1627025645 505238874 0  
  1627025646 505238874 0  
  1627025647 505238874 0  
  1627025648 505238874 0  
  1627025649 505238874 0  
  1627025650 505238874 0  
  1627025651 505238874 0  
  1627025652 505238874 0  
  1627025653 505238874 0  
  1627025654 505238874 0  
  1627025656 505238874 0  
  1627025657 505238874 0  
  1627025658 505238874 0  
  1627025659 505238874 0  
  1627025660 505238874 0  
  1627025661 505238874 0  
  1627025662 505238874 0  
  1627025663 505238874 0  
  1627025664 505238874 0  
  1627025665 505238874 0  
  1627025666 505238874 0  
  1627025667 505238874 0  
  1627025668 505238874 0  
  1627025669 505238874 0  
  1627025670 505238874 0  
  1627025671 505239470 0  
  1627025672 505239470 0  
  1627025673 505239470 0  
  1627025674 505239470 0  
  1627025675 505239470 0  
  1627025676 505239470 0  
  1627025677 505239470 0  
  1627025678 505239470 0  
  1627025679 505239470 0  
  1627025680 505239470 0  
  1627025681 505239470 0  
  1627025682 505239470 0  
  1627025683 505239470 0  
  1627025684 505239470 0  
  1627025685 505239470 0  
  1627025686 505239470 0  
  1627025687 505239470 0  
  1627025688 505239470 0  
  1627025689 505239470 0  
  1627025690 505239470 0  
  1627025691 505239470 0  
  1627025692 505239470 0  
  1627025693 505239470 0  
  1627025694 505239470 0  
  1627025696 505239470 0  
  1627025697 505239470 0  
  1627025698 505239470 0  
  1627025699 505239470 0  
  1627025700 505239470 0  
  1627025701 505239470 0  
  1627025702 505239470 0  
  1627025703 505239470 0  
  1627025704 505239470 0  
  1627025705 505239470 0  
  1627025706 505239470 0  
  1627025707 505239470 0  
  1627025708 505239470 0  
  1627025709 505239470 0  
  1627025710 505239470 0  
  1627025711 505239470 0  
  1627025712 505239470 0  
  1627025713 505239470 0  
  1627025714 505239470 0  
  1627025715 505239470 0  
  1627025716 505239470 0  
  1627025717 505239470 0  
  1627025718 505239470 0  
  1627025719 505239470 0  
  1627025720 505239470 0  
  1627025721 505239470 0  
  1627025722 505239470 0  
  1627025723 505239470 0  
  1627025724 505239470 0  
  1627025725 505239470 0  
  1627025726 505239470 0  
  1627025727 505239470 0  
  1627025728 505239470 0  
  1627025729 505239470 0  
  1627025730 505239470 0  
  1627025731 505239470 0  
  1627025732 505239470 0  
  1627025733 505239470 0  
  1627025734 505239470 0  
  1627025736 505239470 0  
  1627025737 505239470 0  
  1627025738 505239470 0  
  1627025739 505239470 0  
  1627025740 505239827 0  
  1627025741 505239827 0  
  1627025742 505239827 0  
  1627025743 505239827 0  
  1627025744 505239827 0  
  1627025745 505239971 0  
  1627025746 505244460 0  
  1627025747 505244460 0  
  1627025748 505249733 0  
  1627025749 505249733 0  
  1627025750 505250441 0  
  1627025751 505250441 0  
  1627025752 505250441 0  
  1627025753 505255074 0  
  1627025754 505255074 0  
  1627025755 505260415 0  
  1627025756 505260415 0  
  1627025757 505261123 0  
  1627025758 505261123 0  
  1627025759 505261123 0  
  1627025760 505261123 0  
  1627025761 505261123 0  
  1627025762 505261123 0  
  1627025763 505261123 0  
  1627025764 505261123 0  
  1627025765 505261123 0  
  1627025766 505261123 0  
  1627025767 505261123 0  
  1627025768 505261123 0  
  1627025769 505261123 0  
  1627025770 505261123 0  
  1627025771 505261123 0  
  1627025772 505261123 0  
  1627025774 505261123 0  
  1627025775 505261123 0  
  1627025776 505261123 0  
  1627025777 505261123 0  
  1627025778 505261123 0  
  1627025779 505261123 0  
  1627025780 505261123 0  
  1627025781 505261123 0  
  1627025782 505261123 0  
  1627025783 505261123 0  
  1627025784 505261123 0  
  1627025785 505261123 0  
  1627025786 505261123 0  
  1627025787 505261123 0  
  1627025788 505261123 0  
  1627025789 505261123 0  
  1627025790 505261123 0  
  1627025791 505261123 0  
  1627025792 505261123 0  
  1627025793 505261123 0  
  1627025794 505261123 0  
  1627025795 505261123 0  
  1627025796 505261123 0  
  1627025797 505261123 0  
  1627025798 505261123 0  
  1627025799 505261123 0  
  1627025800 505261123 0  
  1627025801 505261123 0  
  1627025802 505261123 0  
  1627025803 505261123 0  
  1627025804 505261123 0  
  1627025805 505261123 0  
  1627025806 505261123 0  
  1627025807 505261123 0  
  1627025808 505261123 0  
  1627025809 505261123 0  
  1627025810 505261123 0  
  1627025811 505261123 0  
  1627025813 505261123 0  
  1627025814 505261123 0  
  1627025815 505261123 0  
  1627025816 505261123 0  
  1627025817 505261123 0  
  1627025818 505261123 0  
  1627025819 505261123 0  
  1627025820 505261123 0  
  1627025821 505261123 0  
  1627025822 505261123 0  
  1627025823 505261123 0  
  1627025824 505261123 0  
  1627025825 505261123 0  
  1627025826 505261123 0  
  1627025827 505261123 0  
  1627025828 505261123 0  
  1627025829 505261123 0  
  1627025830 505261123 0  
  1627025831 505261123 0  
  1627025832 505261123 0  
  1627025833 505261123 0  
  1627025834 505261123 0  
  1627025835 505261123 0  
  1627025836 505261123 0  
  1627025837 505261123 0  
  1627025838 505261123 0  
  1627025839 505261123 0  
  1627025840 505261123 0  
  1627025841 505261123 0  
  1627025842 505261123 0  
  1627025843 505261123 0  
  1627025844 505261123 0  
  1627025845 505261123 0  
  1627025846 505261123 0  
  1627025847 505261123 0  
 