 1627438143 560491810 0  
  1627438144 560491810 0  
  1627438145 560492518 0  
  1627438146 560492518 0  
  1627438147 560492518 0  
  1627438148 560492518 0  
  1627438149 560492518 0  
  1627438150 560492518 0  
  1627438151 560492578 0  
  1627438152 560492578 0  
  1627438153 560492578 0  
  1627438154 560492578 0  
  1627438155 560492578 0  
  1627438156 560492578 0  
  1627438157 560492578 0  
  1627438158 560492578 0  
  1627438159 560492578 0  
  1627438160 560492578 0  
  1627438161 560492578 0  
  1627438162 560492578 0  
  1627438163 560492578 0  
  1627438164 560492578 0  
  1627438165 560492578 0  
  1627438167 560492578 0  
  1627438168 560492578 0  
  1627438169 560492578 0  
  1627438170 560492578 0  
  1627438171 560492578 0  
  1627438172 560492578 0  
  1627438173 560492578 0  
  1627438174 560492578 0  
  1627438175 560492578 0  
  1627438176 560492578 0  
  1627438177 560492578 0  
  1627438178 560492578 0  
  1627438179 560492578 0  
  1627438180 560492578 0  
  1627438181 560492578 0  
  1627438182 560492578 0  
  1627438183 560492578 0  
  1627438184 560492578 0  
  1627438185 560492578 0  
  1627438186 560492578 0  
  1627438187 560492578 0  
  1627438188 560492578 0  
  1627438189 560492578 0  
  1627438190 560492578 0  
  1627438191 560492578 0  
  1627438192 560492578 0  
  1627438193 560492578 0  
  1627438194 560492578 0  
  1627438195 560492578 0  
  1627438196 560492670 0  
  1627438197 560492670 0  
  1627438198 560492670 0  
  1627438199 560492670 0  
  1627438200 560492670 0  
  1627438201 560492670 0  
  1627438202 560492670 0  
  1627438203 560492670 0  
  1627438204 560492670 0  
  1627438206 560492670 0  
  1627438207 560492670 0  
  1627438208 560492670 0  
  1627438209 560492670 0  
  1627438210 560492670 0  
  1627438211 560492670 0  
  1627438212 560492670 0  
  1627438213 560492670 0  
  1627438214 560492670 0  
  1627438215 560492670 0  
  1627438216 560492670 0  
  1627438217 560492670 0  
  1627438218 560492670 0  
  1627438219 560492670 0  
  1627438220 560492670 0  
  1627438221 560492670 0  
  1627438222 560492670 0  
  1627438223 560492670 0  
  1627438224 560492670 0  
  1627438225 560492670 0  
  1627438226 560492670 0  
  1627438227 560492670 0  
  1627438228 560492670 0  
  1627438229 560492670 0  
  1627438230 560492670 0  
  1627438231 560492670 0  
  1627438232 560492670 0  
  1627438233 560492670 0  
  1627438234 560492670 0  
  1627438235 560492670 0  
  1627438236 560492670 0  
  1627438237 560492670 0  
  1627438238 560492730 0  
  1627438239 560492730 0  
  1627438240 560492730 0  
  1627438241 560492730 0  
  1627438242 560492730 0  
  1627438244 560493087 0  
  1627438245 560493087 0  
  1627438246 560493087 0  
  1627438247 560493087 0  
  1627438248 560493087 0  
  1627438249 560493087 0  
  1627438250 560493087 0  
  1627438251 560493087 0  
  1627438252 560493087 0  
  1627438253 560493087 0  
  1627438254 560493087 0  
  1627438255 560493087 0  
  1627438256 560493087 0  
  1627438257 560493087 0  
  1627438258 560493087 0  
  1627438259 560493087 0  
  1627438260 560493087 0  
  1627438261 560493087 0  
  1627438262 560493087 0  
  1627438263 560493087 0  
  1627438264 560493087 0  
  1627438265 560493087 0  
  1627438266 560493087 0  
  1627438267 560493087 0  
  1627438268 560493087 0  
  1627438269 560493087 0  
  1627438270 560493087 0  
  1627438271 560493087 0  
  1627438272 560493087 0  
  1627438273 560493087 0  
  1627438274 560493087 0  
  1627438275 560493087 0  
  1627438276 560493087 0  
  1627438277 560493087 0  
  1627438278 560493087 0  
  1627438279 560493683 0  
  1627438280 560493683 0  
  1627438281 560493683 0  
  1627438283 560493683 0  
  1627438284 560493683 0  
  1627438285 560493683 0  
  1627438286 560493683 0  
  1627438287 560493683 0  
  1627438288 560493683 0  
  1627438289 560493683 0  
  1627438290 560493683 0  
  1627438291 560493683 0  
  1627438292 560493683 0  
  1627438293 560493683 0  
  1627438294 560493683 0  
  1627438295 560493683 0  
  1627438296 560493683 0  
  1627438297 560493683 0  
  1627438298 560493683 0  
  1627438299 560493683 0  
  1627438300 560493683 0  
  1627438301 560493683 0  
  1627438302 560493683 0  
  1627438303 560493683 0  
  1627438304 560493683 0  
  1627438305 560493683 0  
  1627438306 560493683 0  
  1627438307 560493683 0  
  1627438308 560493683 0  
  1627438309 560493683 0  
  1627438310 560493683 0  
  1627438311 560493683 0  
  1627438312 560493683 0  
  1627438313 560493683 0  
  1627438314 560493683 0  
  1627438315 560493683 0  
  1627438316 560493683 0  
  1627438317 560493683 0  
  1627438318 560493683 0  
  1627438319 560493683 0  
  1627438321 560493683 0  
  1627438322 560493683 0  
  1627438323 560493683 0  
  1627438324 560493683 0  
  1627438325 560493775 0  
  1627438326 560493775 0  
  1627438327 560493775 0  
  1627438328 560493775 0  
  1627438329 560493775 0  
  1627438330 560493775 0  
  1627438331 560498340 0  
  1627438332 560498408 0  
  1627438333 560499116 0  
  1627438334 560499116 0  
  1627438335 560499116 0  
  1627438336 560499116 0  
  1627438337 560499116 0  
  1627438338 560499116 0  
  1627438339 560499116 0  
  1627438340 560499116 0  
  1627438341 560499116 0  
  1627438342 560499116 0  
  1627438343 560499116 0  
  1627438344 560499116 0  
  1627438345 560499116 0  
  1627438346 560499116 0  
  1627438347 560499116 0  
  1627438348 560499116 0  
  1627438349 560499116 0  
  1627438350 560499116 0  
  1627438351 560499116 0  
  1627438352 560499116 0  
  1627438353 560499116 0  
  1627438354 560499116 0  
  1627438355 560499116 0  
  1627438356 560499116 0  
  1627438357 560499116 0  
  1627438358 560503425 0  
  1627438359 560503749 0  
  1627438361 560503749 0  
  1627438362 560504457 0  
  1627438363 560504457 0  
  1627438364 560504457 0  
  1627438365 560504457 0  
  1627438366 560504457 0  
  1627438367 560504457 0  
  1627438368 560504457 0  
  1627438369 560504457 0  
  1627438370 560504457 0  
  1627438371 560504457 0  
  1627438372 560504457 0  
  1627438373 560504457 0  
  1627438374 560504457 0  
  1627438375 560504457 0  
  1627438376 560504457 0  
  1627438377 560504457 0  
  1627438378 560504457 0  
  1627438379 560504457 0  
  1627438380 560504457 0  
  1627438381 560504457 0  
  1627438382 560504457 0  
  1627438383 560504457 0  
  1627438384 560504457 0  
  1627438385 560504457 0  
  1627438386 560504457 0  
  1627438387 560504457 0  
  1627438388 560504457 0  
  1627438389 560504457 0  
  1627438390 560504457 0  
  1627438391 560504457 0  
  1627438392 560504457 0  
  1627438393 560504457 0  
  1627438394 560504457 0  
  1627438395 560504457 0  
  1627438396 560504457 0  
  1627438397 560504457 0  
  1627438398 560504525 0  
  1627438400 560504525 0  
  1627438401 560504525 0  
  1627438402 560513143 0  
  1627438403 560513791 0  
  1627438404 560515139 0  
  1627438405 560515207 0  
  1627438406 560516363 0  
  1627438407 560516363 0  
  1627438408 560516363 0  
  1627438409 560516363 0  
  1627438410 560516363 0  
  1627438411 560516363 0  
  1627438412 560516363 0  
  1627438413 560516363 0  
  1627438414 560516363 0  
  1627438415 560516363 0  
  1627438416 560516363 0  
  1627438417 560516363 0  
  1627438418 560516363 0  
  1627438419 560516363 0  
  1627438420 560516363 0  
  1627438421 560516363 0  
  1627438422 560516363 0  
  1627438423 560516363 0  
  1627438424 560516363 0  
  1627438425 560516363 0  
  1627438426 560516363 0  
  1627438427 560516363 0  
  1627438428 560516363 0  
  1627438429 560516363 0  
  1627438430 560516363 0  
  1627438431 560516363 0  
  1627438432 560516363 0  
  1627438433 560516363 0  
  1627438434 560516363 0  
  1627438435 560516363 0  
  1627438436 560516363 0  
  1627438437 560516363 0  
  1627438439 560516455 0  
  1627438440 560516455 0  
  1627438441 560520764 0  
  1627438442 560521088 0  
  1627438443 560521728 0  
  1627438444 560521796 0  
  1627438445 560521796 0  
  1627438446 560521796 0  
  1627438447 560522134 0  
  1627438448 560522134 0  
  1627438449 560522134 0  
  1627438450 560522134 0  
  1627438451 560522134 0  
  1627438452 560522134 0  
  1627438453 560522134 0  
  1627438454 560522134 0  
  1627438455 560522226 0  
  1627438456 560522226 0  
  1627438457 560522226 0  
  1627438458 560522226 0  
  1627438459 560522226 0  
  1627438460 560522226 0  
  1627438461 560522226 0  
  1627438462 560522226 0  
  1627438463 560522226 0  
  1627438464 560522226 0  
  1627438465 560522226 0  
  1627438466 560522226 0  
  1627438467 560522226 0  
  1627438468 560522226 0  
  1627438469 560522226 0  
  1627438470 560522226 0  
  1627438471 560522226 0  
  1627438472 560522226 0  
  1627438473 560522226 0  
  1627438474 560522226 0  
  1627438475 560522226 0  
  1627438476 560522226 0  
  1627438478 560522226 0  
  1627438479 560522226 0  
  1627438480 560522822 0  
  1627438481 560522822 0  
  1627438482 560522822 0  
  1627438483 560522822 0  
  1627438484 560522822 0  
  1627438485 560522822 0  
  1627438486 560522822 0  
  1627438487 560522822 0  
  1627438488 560522822 0  
  1627438489 560522822 0  
  1627438490 560522822 0  
  1627438491 560522822 0  
  1627438492 560522822 0  
  1627438493 560522822 0  
  1627438494 560522822 0  
  1627438495 560522822 0  
  1627438496 560522822 0  
  1627438497 560522822 0  
  1627438498 560522822 0  
  1627438499 560522822 0  
  1627438500 560522822 0  
  1627438501 560522822 0  
  1627438502 560522822 0  
  1627438503 560522822 0  
  1627438504 560522822 0  
  1627438505 560522822 0  
  1627438506 560522822 0  
  1627438507 560522822 0  
  1627438508 560522822 0  
  1627438509 560522822 0  
  1627438510 560522822 0  
  1627438511 560522822 0  
  1627438512 560522822 0  
  1627438513 560522822 0  
  1627438514 560522822 0  
  1627438516 560522822 0  
  1627438517 560522822 0  
  1627438518 560522822 0  
  1627438519 560523160 0  
  1627438520 560523160 0  
  1627438521 560523160 0  
  1627438522 560523160 0  
  1627438523 560523160 0  
  1627438524 560523160 0  
  1627438525 560523160 0  
  1627438526 560523160 0  
  1627438527 560523160 0  
  1627438528 560523160 0  
  1627438529 560523160 0  
  1627438530 560523160 0  
  1627438531 560523160 0  
  1627438532 560523160 0  
  1627438533 560523160 0  
  1627438534 560523160 0  
  1627438535 560523160 0  
  1627438536 560523160 0  
  1627438537 560523160 0  
  1627438538 560523160 0  
  1627438539 560523160 0  
  1627438540 560523160 0  
  1627438541 560523160 0  
  1627438542 560523160 0  
  1627438543 560523517 0  
  1627438544 560523517 0  
  1627438545 560523517 0  
  1627438546 560523517 0  
  1627438547 560523517 0  
  1627438548 560523517 0  
  1627438549 560523517 0  
  1627438550 560523517 0  
  1627438551 560523517 0  
  1627438552 560523517 0  
  1627438553 560523517 0  
  1627438555 560523517 0  
  1627438556 560523517 0  
  1627438557 560523517 0  
  1627438558 560523517 0  
  1627438559 560523517 0  
  1627438560 560523517 0  
  1627438561 560523517 0  
  1627438562 560523517 0  
  1627438563 560523517 0  
  1627438564 560523517 0  
  1627438565 560523517 0  
  1627438566 560523517 0  
  1627438567 560523517 0  
  1627438568 560523517 0  
  1627438569 560523517 0  
  1627438570 560523517 0  
  1627438571 560523517 0  
  1627438572 560523517 0  
  1627438573 560523517 0  
  1627438574 560523517 0  
  1627438575 560523517 0  
  1627438576 560523517 0  
  1627438577 560523517 0  
  1627438578 560523517 0  
  1627438579 560523517 0  
  1627438580 560523517 0  
  1627438581 560523517 0  
  1627438582 560523517 0  
  1627438583 560523609 0  
  1627438584 560523609 0  
  1627438585 560523609 0  
  1627438586 560523609 0  
  1627438587 560523609 0  
  1627438588 560523609 0  
  1627438589 560523609 0  
  1627438590 560523609 0  
  1627438591 560523609 0  
  1627438592 560523609 0  
  1627438594 560523609 0  
  1627438595 560523609 0  
  1627438596 560523609 0  
  1627438597 560523609 0  
  1627438598 560523609 0  
  1627438599 560523609 0  
  1627438600 560523609 0  
  1627438601 560523609 0  
  1627438602 560523609 0  
  1627438603 560523609 0  
  1627438604 560523609 0  
  1627438605 560523609 0  
  1627438606 560523609 0  
  1627438607 560523609 0  
  1627438608 560523609 0  
  1627438609 560523609 0  
  1627438610 560523609 0  
 