 1627429353 553915501 127047  
  1627429354 553919810 127047  
  1627429355 553920202 127047  
  1627429356 553920842 127047  
  1627429357 553920910 127047  
  1627429358 553920910 127047  
  1627429359 553920910 127047  
  1627429360 553920910 127047  
  1627429361 553922066 127047  
  1627429362 553922066 127047  
  1627429363 553922066 127047  
  1627429364 553922066 127047  
  1627429365 553922404 127047  
  1627429366 553922404 127047  
  1627429367 553922404 127047  
  1627429368 553922404 127047  
  1627429369 553922404 127047  
  1627429370 553922404 127047  
  1627429371 553922404 127047  
  1627429372 553922404 127047  
  1627429373 553922404 127047  
  1627429374 553922404 127047  
  1627429375 553922404 127047  
  1627429376 553922404 127047  
  1627429377 553922404 127047  
  1627429378 553922404 127047  
  1627429379 553922404 127047  
  1627429380 553922404 127047  
  1627429381 553922404 127047  
  1627429382 553922404 127047  
  1627429383 553922404 127047  
  1627429384 553922404 127047  
  1627429385 553922404 127047  
  1627429386 553922404 127047  
  1627429387 553922404 127047  
  1627429388 553922404 127047  
  1627429389 553922404 127047  
  1627429391 553922404 127047  
  1627429392 553922404 127047  
  1627429393 553922404 127047  
  1627429394 553922404 127047  
  1627429395 553922404 127047  
  1627429396 553922404 127047  
  1627429397 553926857 127047  
  1627429398 553931670 127047  
  1627429399 553933018 127047  
  1627429400 553933018 127047  
  1627429401 553933018 127047  
  1627429402 553933018 127047  
  1627429403 553933018 127047  
  1627429404 553933018 127047  
  1627429405 553933018 127047  
  1627429406 553933018 127047  
  1627429407 553933018 127047  
  1627429408 553933018 127047  
  1627429409 553933018 127047  
  1627429410 553933018 127047  
  1627429411 553933018 127047  
  1627429412 553933018 127047  
  1627429413 553933018 127047  
  1627429414 553933018 127047  
  1627429415 553933018 127047  
  1627429416 553933018 127047  
  1627429417 553933018 127047  
  1627429418 553933018 127047  
  1627429419 553933018 127047  
  1627429420 553933018 127047  
  1627429421 553933018 127047  
  1627429422 553933018 127047  
  1627429423 553933018 127047  
  1627429424 553933018 127047  
  1627429425 553933018 127047  
  1627429426 553933018 127047  
  1627429427 553933018 127047  
  1627429428 553933018 127047  
  1627429430 553933018 127047  
  1627429431 553933018 127047  
  1627429432 553933018 127047  
  1627429433 553933018 127047  
  1627429434 553933018 127047  
  1627429435 553933018 127047  
  1627429436 553937327 127047  
  1627429437 553937651 127047  
  1627429438 553937651 127047  
  1627429439 553938359 127047  
  1627429440 553938359 127047  
  1627429441 553938359 127047  
  1627429442 553938359 127047  
  1627429443 553938359 127047  
  1627429444 553938359 127047  
  1627429445 553938359 127047  
  1627429446 553938435 127047  
  1627429447 553938435 127047  
  1627429448 553938435 127047  
  1627429449 553938435 127047  
  1627429450 553938435 127047  
  1627429451 553938435 127047  
  1627429452 553938435 127047  
  1627429453 553938435 127047  
  1627429454 553938435 127047  
  1627429455 553938435 127047  
  1627429456 553938435 127047  
  1627429457 553938435 127047  
  1627429458 553938435 127047  
  1627429459 553938435 127047  
  1627429460 553938435 127047  
  1627429461 553938435 127047  
  1627429462 553938435 127047  
  1627429463 553938495 127047  
  1627429464 553938495 127047  
  1627429465 553938495 127047  
  1627429466 553938495 127047  
  1627429467 553938495 127047  
  1627429468 553938495 127047  
  1627429470 553938495 127047  
  1627429471 553938495 127047  
  1627429472 553938495 127047  
  1627429473 553938495 127047  
  1627429474 553938495 127047  
  1627429475 553938495 127047  
  1627429476 553938495 127047  
  1627429477 553938495 127047  
  1627429478 553938495 127047  
  1627429479 553939091 127047  
  1627429480 553939091 127047  
  1627429481 553939091 127047  
  1627429482 553939091 127047  
  1627429483 553939091 127047  
  1627429484 553939091 127047  
  1627429485 553939091 127047  
  1627429486 553939091 127047  
  1627429487 553939091 127047  
  1627429488 553939091 127047  
  1627429489 553939091 127047  
  1627429490 553939091 127047  
  1627429491 553939091 127047  
  1627429492 553939091 127047  
  1627429493 553939091 127047  
  1627429494 553939091 127047  
  1627429495 553939091 127047  
  1627429496 553939091 127047  
  1627429497 553939091 127047  
  1627429498 553939091 127047  
  1627429499 553939091 127047  
  1627429500 553939091 127047  
  1627429501 553939091 127047  
  1627429502 553939091 127047  
  1627429503 553939183 127047  
  1627429504 553939183 127047  
  1627429505 553939183 127047  
  1627429506 553939183 127047  
  1627429507 553939183 127047  
  1627429508 553939183 127047  
  1627429510 553939183 127047  
  1627429511 553939183 127047  
  1627429512 553939183 127047  
  1627429513 553939183 127047  
  1627429514 553939183 127047  
  1627429515 553939521 127047  
  1627429516 553939521 127047  
  1627429517 553939521 127047  
  1627429518 553939521 127047  
  1627429519 553939521 127047  
  1627429520 553939521 127047  
  1627429521 553939521 127047  
  1627429522 553939521 127047  
  1627429523 553939521 127047  
  1627429524 553939521 127047  
  1627429525 553939521 127047  
  1627429526 553939521 127047  
  1627429527 553939521 127047  
  1627429528 553939521 127047  
  1627429529 553939521 127047  
  1627429530 553939521 127047  
  1627429531 553939521 127047  
  1627429532 553939521 127047  
  1627429533 553939521 127047  
  1627429534 553939521 127047  
  1627429535 553939521 127047  
  1627429536 553939521 127047  
  1627429537 553939878 127047  
  1627429538 553939878 127047  
  1627429539 553939878 127047  
  1627429540 553939878 127047  
  1627429541 553939878 127047  
  1627429542 553939878 127047  
  1627429543 553939878 127047  
  1627429544 553939878 127047  
  1627429545 553939878 127047  
  1627429546 553939878 127047  
  1627429547 553939878 127047  
  1627429548 553939878 127047  
  1627429550 553939878 127047  
  1627429551 553939878 127047  
  1627429552 553939878 127047  
  1627429553 553939878 127047  
  1627429554 553939878 127047  
  1627429555 553939878 127047  
  1627429556 553939878 127047  
  1627429557 553939878 127047  
  1627429558 553939878 127047  
  1627429559 553939878 127047  
  1627429560 553939878 127047  
  1627429561 553939878 127047  
  1627429562 553939878 127047  
  1627429563 553939878 127047  
  1627429564 553939938 127047  
  1627429565 553939938 127047  
  1627429566 553939938 127047  
  1627429567 553939938 127047  
  1627429568 553939938 127047  
  1627429569 553939938 127047  
  1627429570 553939938 127047  
  1627429571 553939938 127047  
  1627429572 553939938 127047  
  1627429573 553939938 127047  
  1627429574 553939938 127047  
  1627429575 553939938 127047  
  1627429576 553939938 127047  
  1627429577 553939938 127047  
  1627429578 553939938 127047  
  1627429579 553939938 127047  
  1627429580 553939938 127047  
  1627429581 553939938 127047  
  1627429582 553939938 127047  
  1627429583 553939938 127047  
  1627429584 553939938 127047  
  1627429585 553939938 127047  
  1627429586 553939938 127047  
  1627429587 553939938 127047  
  1627429589 553939938 127047  
  1627429590 553939938 127047  
  1627429591 553939938 127047  
  1627429592 553939938 127047  
  1627429593 553939938 127047  
  1627429594 553939938 127047  
  1627429595 553939938 127047  
  1627429596 553939938 127047  
  1627429597 553939938 127047  
  1627429598 553939938 127047  
  1627429599 553939938 127047  
  1627429600 553939938 127047  
  1627429601 553939938 127047  
  1627429602 553939938 127047  
  1627429603 553939938 127047  
  1627429604 553939938 127047  
  1627429605 553939938 127047  
  1627429606 553939938 127047  
  1627429607 553939938 127047  
  1627429608 553939938 127047  
  1627429609 553939938 127047  
  1627429610 553939938 127047  
  1627429611 553939938 127047  
  1627429612 553939938 127047  
  1627429613 553939938 127047  
  1627429614 553939938 127047  
  1627429615 553939938 127047  
  1627429616 553939938 127047  
  1627429617 553939938 127047  
  1627429618 553939938 127047  
  1627429619 553939938 127047  
  1627429620 553939938 127047  
  1627429621 553939938 127047  
  1627429622 553939938 127047  
  1627429623 553939938 127047  
  1627429624 553939938 127047  
  1627429625 553944247 127047  
  1627429626 553944571 127047  
  1627429627 553945279 127047  
  1627429629 553945279 127047  
  1627429630 553945279 127047  
  1627429631 553945279 127047  
  1627429632 553945279 127047  
  1627429633 553945279 127047  
  1627429634 553945279 127047  
  1627429635 553945279 127047  
  1627429636 553945279 127047  
  1627429637 553945279 127047  
  1627429638 553945279 127047  
  1627429639 553945279 127047  
  1627429640 553945279 127047  
  1627429641 553945279 127047  
  1627429642 553945279 127047  
  1627429643 553945279 127047  
  1627429644 553945279 127047  
  1627429645 553945279 127047  
  1627429646 553945279 127047  
  1627429647 553945279 127047  
  1627429648 553945279 127047  
  1627429649 553945279 127047  
  1627429650 553945279 127047  
  1627429651 553945279 127047  
  1627429652 553945279 127047  
  1627429653 553948176 127047  
  1627429654 553949912 127047  
  1627429655 553949912 127047  
  1627429656 553950620 127047  
  1627429657 553950620 127047  
  1627429658 553950620 127047  
  1627429659 553950620 127047  
  1627429660 553950620 127047  
  1627429661 553950620 127047  
  1627429662 553950620 127047  
  1627429663 553950620 127047  
  1627429664 553950620 127047  
  1627429665 553950958 127047  
  1627429666 553950958 127047  
  1627429668 553950958 127047  
  1627429669 553950958 127047  
  1627429670 553950958 127047  
  1627429671 553950958 127047  
  1627429672 553950958 127047  
  1627429673 553950958 127047  
  1627429674 553950958 127047  
  1627429675 553950958 127047  
 