 1627411131 20417457059 18161824  
  1627411132 20417457059 18161824  
  1627411133 20417457631 18161824  
  1627411134 20417457631 18161824  
  1627411135 20417457631 18161824  
  1627411136 20417457631 18161824  
  1627411138 20417457631 18161824  
  1627411139 20417457631 18161824  
  1627411140 20417457631 18161824  
  1627411141 20417457631 18161824  
  1627411142 20417457631 18161824  
  1627411143 20417457631 18161824  
  1627411144 20417457631 18161824  
  1627411145 20417457631 18161824  
  1627411146 20417457631 18161824  
  1627411147 20417457631 18161824  
  1627411148 20417457631 18161824  
  1627411149 20417457631 18161824  
  1627411150 20417457631 18161824  
  1627411151 20417457631 18161824  
  1627411152 20417457631 18161824  
  1627411153 20417457631 18161824  
  1627411154 20417457631 18161824  
  1627411155 20417457631 18161824  
  1627411156 20417457631 18161824  
  1627411157 20417457631 18161824  
  1627411158 20417457631 18161824  
  1627411159 20417457631 18161824  
  1627411160 20417457631 18161824  
  1627411161 20417457631 18161824  
  1627411162 20417457631 18161824  
  1627411163 20417457631 18161824  
  1627411164 20417457631 18161824  
  1627411165 20417457631 18161824  
  1627411166 20417457631 18161824  
  1627411167 20417457631 18161824  
  1627411168 20417457631 18161824  
  1627411169 20417457631 18161824  
  1627411170 20417457631 18161824  
  1627411171 20417457631 18161824  
  1627411172 20417457631 18161824  
  1627411173 20417457631 18161824  
  1627411174 20417457631 18161824  
  1627411176 20417457631 18161824  
  1627411177 20417457631 18161824  
  1627411178 20417457631 18161824  
  1627411179 20417457631 18161824  
  1627411180 20417457631 18161824  
  1627411181 20417457631 18161824  
  1627411182 20417457631 18161824  
  1627411183 20417457631 18161824  
  1627411184 20417457631 18161824  
  1627411185 20417457631 18161824  
  1627411186 20417457631 18161824  
  1627411187 20417457631 18161824  
  1627411188 20417457631 18161824  
  1627411189 20417457631 18161824  
  1627411190 20417457631 18161824  
  1627411191 20417457631 18161824  
  1627411192 20417457631 18161824  
  1627411193 20417457631 18161824  
  1627411194 20417457631 18161824  
  1627411195 20417457631 18161824  
  1627411196 20417457631 18161824  
  1627411197 20417457631 18161824  
  1627411198 20417457631 18161824  
  1627411199 20417457631 18161824  
  1627411200 20417457631 18161824  
  1627411201 20417457631 18161824  
  1627411202 20417457631 18161824  
  1627411203 20417457631 18161824  
  1627411204 20417457631 18161824  
  1627411205 20417457631 18161824  
  1627411206 20417457631 18161824  
  1627411207 20417457631 18161824  
  1627411208 20417457631 18161824  
  1627411209 20417457631 18161824  
  1627411210 20417457631 18161824  
  1627411211 20417457631 18161824  
  1627411212 20417457631 18161824  
  1627411214 20417457631 18161824  
  1627411215 20417457631 18161824  
  1627411216 20417457631 18161824  
  1627411217 20417457631 18161824  
  1627411218 20417457631 18161824  
  1627411219 20417457631 18161824  
  1627411220 20417457631 18161824  
  1627411221 20417457631 18161824  
  1627411222 20417457631 18161824  
  1627411223 20417457631 18161824  
  1627411224 20417457631 18161824  
  1627411225 20417457631 18161824  
  1627411226 20417457631 18161824  
  1627411227 20417457631 18161824  
  1627411228 20417457631 18161824  
  1627411229 20417457631 18161824  
  1627411230 20417457631 18161824  
  1627411231 20417457988 18161824  
  1627411232 20417457988 18161824  
  1627411233 20417457988 18161824  
  1627411234 20417457988 18161824  
  1627411235 20417457988 18161824  
  1627411236 20417457988 18161824  
  1627411237 20417457988 18161824  
  1627411238 20417457988 18161824  
  1627411239 20417457988 18161824  
  1627411240 20417457988 18161824  
  1627411241 20417457988 18161824  
  1627411242 20417457988 18161824  
  1627411243 20417457988 18161824  
  1627411244 20417457988 18161824  
  1627411245 20417457988 18161824  
  1627411246 20417457988 18161824  
  1627411247 20417457988 18161824  
  1627411248 20417457988 18161824  
  1627411249 20417457988 18161824  
  1627411250 20417457988 18161824  
  1627411251 20417457988 18161824  
  1627411253 20417457988 18161824  
  1627411254 20417457988 18161824  
  1627411255 20417457988 18161824  
  1627411256 20417457988 18161824  
  1627411257 20417457988 18161824  
  1627411258 20417457988 18161824  
  1627411259 20417457988 18161824  
  1627411260 20417457988 18161824  
  1627411261 20417457988 18161824  
  1627411262 20417457988 18161824  
  1627411263 20417457988 18161824  
  1627411264 20417457988 18161824  
  1627411265 20417457988 18161824  
  1627411266 20417457988 18161824  
  1627411267 20417457988 18161824  
  1627411268 20417457988 18161824  
  1627411269 20417457988 18161824  
  1627411270 20417457988 18161824  
  1627411271 20417457988 18161824  
  1627411272 20417457988 18161824  
  1627411273 20417457988 18161824  
  1627411274 20417457988 18161824  
  1627411275 20417457988 18161824  
  1627411276 20417457988 18161824  
  1627411277 20417457988 18161824  
  1627411278 20417457988 18161824  
  1627411279 20417488943 18161824  
  1627411280 20417488943 18161824  
  1627411281 20417488943 18161824  
  1627411282 20417488943 18161824  
  1627411283 20417488943 18161824  
  1627411284 20417488943 18161824  
  1627411285 20417489281 18161824  
  1627411286 20417489281 18161824  
  1627411287 20417489281 18161824  
  1627411288 20417489281 18161824  
  1627411289 20417489281 18161824  
  1627411290 20417489281 18161824  
  1627411292 20417489281 18161824  
  1627411293 20417489281 18161824  
  1627411294 20417489281 18161824  
  1627411295 20417489281 18161824  
  1627411296 20417489281 18161824  
  1627411297 20417489281 18161824  
  1627411298 20417489281 18161824  
  1627411299 20417489281 18161824  
  1627411300 20417489281 18161824  
  1627411301 20417489281 18161824  
  1627411302 20417489281 18161824  
  1627411303 20417489281 18161824  
  1627411304 20417489281 18161824  
  1627411305 20417489281 18161824  
  1627411306 20417489281 18161824  
  1627411307 20417489281 18161824  
  1627411308 20417489281 18161824  
  1627411309 20417489281 18161824  
  1627411310 20417489281 18161824  
  1627411311 20417489281 18161824  
  1627411312 20417489281 18161824  
  1627411313 20417489281 18161824  
  1627411314 20417489281 18161824  
  1627411315 20417489281 18161824  
  1627411316 20417489281 18161824  
  1627411317 20417489281 18161824  
  1627411318 20417489281 18161824  
  1627411319 20417489281 18161824  
  1627411320 20417489281 18161824  
  1627411321 20417493590 18161824  
  1627411322 20417493914 18161824  
  1627411323 20417494486 18161824  
  1627411324 20417494554 18161824  
  1627411326 20417494554 18161824  
  1627411327 20417494554 18161824  
  1627411328 20417494554 18161824  
  1627411329 20417494554 18161824  
  1627411330 20417494554 18161824  
  1627411331 20417494554 18161824  
  1627411332 20417494554 18161824  
  1627411333 20417494554 18161824  
  1627411334 20417494554 18161824  
  1627411335 20417494554 18161824  
  1627411336 20417494554 18161824  
  1627411337 20417494554 18161824  
  1627411338 20417494554 18161824  
  1627411339 20417494554 18161824  
  1627411340 20417494554 18161824  
  1627411341 20417494554 18161824  
  1627411342 20417494554 18161824  
  1627411343 20417494554 18161824  
  1627411344 20417494554 18161824  
  1627411345 20417494554 18161824  
  1627411346 20417494554 18161824  
  1627411347 20417494554 18161824  
  1627411348 20417494554 18161824  
  1627411349 20417498863 18161824  
  1627411350 20417499187 18161824  
  1627411351 20417499187 18161824  
  1627411352 20417499895 18161824  
  1627411353 20417499895 18161824  
  1627411354 20417499895 18161824  
  1627411355 20417499895 18161824  
  1627411356 20417499895 18161824  
  1627411357 20417499895 18161824  
  1627411358 20417499895 18161824  
  1627411359 20417499895 18161824  
  1627411361 20417500233 18161824  
  1627411362 20417500233 18161824  
  1627411363 20417500233 18161824  
  1627411364 20417500233 18161824  
  1627411365 20417500233 18161824  
  1627411366 20417500233 18161824  
  1627411367 20417500233 18161824  
  1627411368 20417500233 18161824  
  1627411369 20417500233 18161824  
  1627411370 20417500233 18161824  
  1627411371 20417500233 18161824  
  1627411372 20417500233 18161824  
  1627411373 20417500233 18161824  
  1627411374 20417500233 18161824  
  1627411375 20417500233 18161824  
  1627411376 20417500233 18161824  
  1627411377 20417500233 18161824  
  1627411378 20417500233 18161824  
  1627411379 20417500301 18161824  
  1627411380 20417500301 18161824  
  1627411381 20417500301 18161824  
  1627411382 20417500301 18161824  
  1627411383 20417500301 18161824  
  1627411384 20417500301 18161824  
  1627411385 20417501457 18161824  
  1627411386 20417501457 18161824  
  1627411387 20417501457 18161824  
  1627411388 20417501457 18161824  
  1627411389 20417501457 18161824  
  1627411390 20417501457 18161824  
  1627411391 20417503218 18161824  
  1627411392 20417506274 18161824  
  1627411394 20417509171 18161824  
  1627411395 20417511547 18161824  
  1627411396 20417511547 18161824  
  1627411397 20417512187 18161824  
  1627411398 20417512187 18161824  
  1627411399 20417512187 18161824  
  1627411400 20417512187 18161824  
  1627411401 20417512187 18161824  
  1627411402 20417512187 18161824  
  1627411403 20417512187 18161824  
  1627411404 20417512187 18161824  
  1627411405 20417512187 18161824  
  1627411406 20417512187 18161824  
  1627411407 20417512187 18161824  
  1627411408 20417512187 18161824  
  1627411409 20417512187 18161824  
  1627411410 20417512187 18161824  
  1627411411 20417512187 18161824  
  1627411412 20417512187 18161824  
  1627411413 20417512187 18161824  
  1627411414 20417512187 18161824  
  1627411415 20417512187 18161824  
  1627411416 20417512187 18161824  
  1627411417 20417512187 18161824  
  1627411418 20417512187 18161824  
  1627411419 20417512187 18161824  
  1627411420 20417512187 18161824  
  1627411421 20417512187 18161824  
  1627411422 20417512187 18161824  
  1627411423 20417512187 18161824  
  1627411424 20417512187 18161824  
  1627411425 20417512187 18161824  
  1627411426 20417512187 18161824  
  1627411428 20417512187 18161824  
  1627411429 20417512187 18161824  
  1627411430 20417512187 18161824  
  1627411431 20417514064 18161824  
  1627411432 20417516820 18161824  
  1627411433 20417516820 18161824  
  1627411434 20417517528 18161824  
  1627411435 20417517528 18161824  
  1627411436 20417517528 18161824  
  1627411437 20417517528 18161824  
  1627411438 20417517528 18161824  
  1627411439 20417517528 18161824  
  1627411440 20417517528 18161824  
  1627411441 20417517528 18161824  
  1627411442 20417517528 18161824  
  1627411443 20417517528 18161824  
  1627411444 20417517528 18161824  
  1627411445 20417517528 18161824  
  1627411446 20417517528 18161824  
  1627411447 20417517528 18161824  
  1627411448 20417517528 18161824  
  1627411449 20417517528 18161824  
  1627411450 20417517528 18161824  
  1627411451 20417517528 18161824  
  1627411452 20417517528 18161824  
  1627411453 20417517528 18161824  
  1627411454 20417517528 18161824  
  1627411455 20417517528 18161824  
  1627411456 20417517528 18161824  
  1627411457 20417517528 18161824  
  1627411458 20417517528 18161824  
  1627411459 20417517528 18161824  
  1627411461 20417517528 18161824  
  1627411462 20417517528 18161824  
  1627411463 20417517528 18161824  
  1627411464 20417517528 18161824  
  1627411465 20417517528 18161824  
  1627411466 20417517528 18161824  
  1627411467 20417517528 18161824  
  1627411468 20417517528 18161824  
  1627411469 20417517528 18161824  
  1627411470 20417517528 18161824  
  1627411471 20417517528 18161824  
  1627411472 20417517528 18161824  
  1627411473 20417517528 18161824  
  1627411474 20417517528 18161824  
  1627411475 20417517528 18161824  
  1627411476 20417517528 18161824  
  1627411477 20417517528 18161824  
  1627411478 20417517528 18161824  
  1627411479 20417517528 18161824  
  1627411480 20417548347 18161824  
  1627411481 20417548347 18161824  
  1627411482 20417548347 18161824  
  1627411483 20417548347 18161824  
  1627411484 20417548347 18161824  
  1627411485 20417548347 18161824  
  1627411486 20417548347 18161824  
  1627411487 20417548347 18161824  
  1627411488 20417548347 18161824  
  1627411489 20417548347 18161824  
  1627411490 20417548347 18161824  
  1627411491 20417548347 18161824  
  1627411492 20417548347 18161824  
  1627411493 20417548347 18161824  
  1627411495 20417548347 18161824  
  1627411496 20417548347 18161824  
  1627411497 20417548347 18161824  
  1627411498 20417548347 18161824  
  1627411499 20417548347 18161824  
  1627411500 20417548347 18161824  
  1627411501 20417548347 18161824  
  1627411502 20417548347 18161824  
  1627411503 20417548347 18161824  
  1627411504 20417548347 18161824  
  1627411505 20417548347 18161824  
  1627411506 20417548347 18161824  
  1627411507 20417548347 18161824  
  1627411508 20417548347 18161824  
  1627411509 20417548347 18161824  
  1627411510 20417548347 18161824  
  1627411511 20417548347 18161824  
  1627411512 20417548685 18161824  
  1627411513 20417548685 18161824  
  1627411514 20417548685 18161824  
  1627411515 20417548685 18161824  
  1627411516 20417548685 18161824  
  1627411517 20417548685 18161824  
  1627411518 20417548685 18161824  
  1627411519 20417548685 18161824  
  1627411520 20417548685 18161824  
  1627411521 20417548685 18161824  
  1627411522 20417548685 18161824  
  1627411523 20417548685 18161824  
  1627411524 20417548685 18161824  
  1627411525 20417548685 18161824  
  1627411526 20417548685 18161824  
  1627411528 20417548685 18161824  
  1627411529 20417548685 18161824  
  1627411530 20417548685 18161824  
  1627411531 20417549042 18161824  
  1627411532 20417549042 18161824  
  1627411533 20417549042 18161824  
  1627411534 20417549042 18161824  
  1627411535 20417549042 18161824  
  1627411536 20417549042 18161824  
  1627411537 20417549042 18161824  
  1627411538 20417549042 18161824  
  1627411539 20417549042 18161824  
  1627411540 20417549042 18161824  
  1627411541 20417549042 18161824  
  1627411542 20417549042 18161824  
  1627411543 20417549042 18161824  
  1627411544 20417549042 18161824  
  1627411545 20417549042 18161824  
  1627411546 20417549042 18161824  
  1627411547 20417549042 18161824  
  1627411548 20417549042 18161824  
  1627411549 20417549042 18161824  
  1627411550 20417549042 18161824  
  1627411551 20417549042 18161824  
  1627411552 20417549042 18161824  
  1627411553 20417549042 18161824  
  1627411554 20417549042 18161824  
  1627411555 20417549042 18161824  
  1627411556 20417549042 18161824  
  1627411557 20417549042 18161824  
  1627411558 20417549042 18161824  
  1627411559 20417549042 18161824  
  1627411561 20417549042 18161824  
  1627411562 20417549042 18161824  
  1627411563 20417549042 18161824  
  1627411564 20417549042 18161824  
  1627411565 20417549042 18161824  
  1627411566 20417549042 18161824  
  1627411567 20417549042 18161824  
  1627411568 20417549042 18161824  
  1627411569 20417549042 18161824  
  1627411570 20417549042 18161824  
  1627411571 20417549042 18161824  
  1627411572 20417549042 18161824  
  1627411573 20417549042 18161824  
  1627411574 20417549042 18161824  
  1627411575 20417549042 18161824  
  1627411576 20417549042 18161824  
  1627411577 20417549042 18161824  
  1627411578 20417549042 18161824  
  1627411579 20417549042 18161824  
  1627411580 20417549042 18161824  
  1627411581 20417549042 18161824  
  1627411582 20417549042 18161824  
  1627411583 20417549042 18161824  
  1627411584 20417549042 18161824  
  1627411585 20417549042 18161824  
  1627411586 20417549042 18161824  
  1627411587 20417549042 18161824  
  1627411588 20417549042 18161824  
  1627411589 20417549042 18161824  
  1627411590 20417549042 18161824  
  1627411591 20417549042 18161824  
  1627411592 20417549042 18161824  
  1627411593 20417549042 18161824  
  1627411595 20417549042 18161824  
  1627411596 20417549042 18161824  
  1627411597 20417549042 18161824  
  1627411598 20417549042 18161824  
  1627411599 20417549042 18161824  
 