 1627439343 569632058 0  
  1627439344 569632058 0  
  1627439345 569632058 0  
  1627439346 569632058 0  
  1627439347 569632058 0  
  1627439348 569632058 0  
  1627439349 569632058 0  
  1627439350 569632058 0  
  1627439351 569632058 0  
  1627439352 569632058 0  
  1627439353 569632058 0  
  1627439354 569632058 0  
  1627439355 569632058 0  
  1627439356 569632058 0  
  1627439357 569632058 0  
  1627439358 569632058 0  
  1627439360 569632058 0  
  1627439361 569632058 0  
  1627439362 569632058 0  
  1627439363 569632058 0  
  1627439364 569632058 0  
  1627439365 569632058 0  
  1627439366 569632058 0  
  1627439367 569632058 0  
  1627439368 569632058 0  
  1627439369 569632058 0  
  1627439370 569632058 0  
  1627439371 569632058 0  
  1627439372 569632058 0  
  1627439373 569632058 0  
  1627439374 569632058 0  
  1627439375 569632058 0  
  1627439376 569632058 0  
  1627439377 569632058 0  
  1627439378 569632058 0  
  1627439379 569632058 0  
  1627439380 569632058 0  
  1627439381 569632058 0  
  1627439382 569632058 0  
  1627439383 569632058 0  
  1627439384 569632058 0  
  1627439385 569632058 0  
  1627439386 569632058 0  
  1627439387 569632058 0  
  1627439388 569632058 0  
  1627439389 569632058 0  
  1627439390 569632058 0  
  1627439391 569632058 0  
  1627439392 569632058 0  
  1627439393 569632058 0  
  1627439394 569632058 0  
  1627439395 569632058 0  
  1627439396 569632058 0  
  1627439397 569632058 0  
  1627439398 569632150 0  
  1627439400 569632150 0  
  1627439401 569632150 0  
  1627439402 569632150 0  
  1627439403 569632150 0  
  1627439404 569632150 0  
  1627439405 569632150 0  
  1627439406 569632150 0  
  1627439407 569632150 0  
  1627439408 569632150 0  
  1627439409 569632150 0  
  1627439410 569632150 0  
  1627439411 569632150 0  
  1627439412 569632150 0  
  1627439413 569632150 0  
  1627439414 569632150 0  
  1627439415 569632150 0  
  1627439416 569632150 0  
  1627439417 569632150 0  
  1627439418 569632150 0  
  1627439419 569632150 0  
  1627439420 569632150 0  
  1627439421 569632150 0  
  1627439422 569632150 0  
  1627439423 569632150 0  
  1627439424 569632150 0  
  1627439425 569632150 0  
  1627439426 569632242 0  
  1627439427 569632242 0  
  1627439428 569632242 0  
  1627439429 569632242 0  
  1627439430 569632242 0  
  1627439431 569632242 0  
  1627439432 569632242 0  
  1627439433 569632242 0  
  1627439434 569632242 0  
  1627439435 569632242 0  
  1627439436 569632242 0  
  1627439437 569632599 0  
  1627439439 569632599 0  
  1627439440 569632599 0  
  1627439441 569632599 0  
  1627439442 569632599 0  
  1627439443 569632599 0  
  1627439444 569632599 0  
  1627439445 569632599 0  
  1627439446 569632599 0  
  1627439447 569632599 0  
  1627439448 569632599 0  
  1627439449 569632599 0  
  1627439450 569632599 0  
  1627439451 569632599 0  
  1627439452 569632599 0  
  1627439453 569632599 0  
  1627439454 569632599 0  
  1627439455 569632599 0  
  1627439456 569632599 0  
  1627439457 569632599 0  
  1627439458 569632599 0  
  1627439459 569632599 0  
  1627439460 569632599 0  
  1627439461 569632599 0  
  1627439462 569632599 0  
  1627439463 569632599 0  
  1627439464 569632691 0  
  1627439465 569632691 0  
  1627439466 569632691 0  
  1627439467 569632691 0  
  1627439468 569632691 0  
  1627439469 569632691 0  
  1627439470 569632691 0  
  1627439471 569632691 0  
  1627439472 569632691 0  
  1627439473 569632691 0  
  1627439474 569632691 0  
  1627439475 569632691 0  
  1627439476 569632691 0  
  1627439478 569632691 0  
  1627439479 569632691 0  
  1627439480 569633287 0  
  1627439481 569633287 0  
  1627439482 569633287 0  
  1627439483 569633287 0  
  1627439484 569633287 0  
  1627439485 569633287 0  
  1627439486 569633287 0  
  1627439487 569633287 0  
  1627439488 569633287 0  
  1627439489 569633287 0  
  1627439490 569633287 0  
  1627439491 569633287 0  
  1627439492 569633287 0  
  1627439493 569633287 0  
  1627439494 569633287 0  
  1627439495 569633287 0  
  1627439496 569633287 0  
  1627439497 569633287 0  
  1627439498 569633287 0  
  1627439499 569633287 0  
  1627439500 569633287 0  
  1627439501 569633287 0  
  1627439502 569633287 0  
  1627439503 569633287 0  
  1627439504 569633287 0  
  1627439505 569633287 0  
  1627439506 569633287 0  
  1627439507 569633287 0  
  1627439508 569633287 0  
  1627439509 569633287 0  
  1627439510 569633287 0  
  1627439511 569633287 0  
  1627439512 569633287 0  
  1627439513 569633287 0  
  1627439514 569633287 0  
  1627439515 569633287 0  
  1627439516 569633287 0  
  1627439518 569633287 0  
  1627439519 569633287 0  
  1627439520 569633287 0  
  1627439521 569633287 0  
  1627439522 569633287 0  
  1627439523 569633287 0  
  1627439524 569633287 0  
  1627439525 569633287 0  
  1627439526 569637416 0  
  1627439527 569637920 0  
  1627439528 569638012 0  
  1627439529 569638720 0  
  1627439530 569638720 0  
  1627439531 569638720 0  
  1627439532 569638720 0  
  1627439533 569638720 0  
  1627439534 569638720 0  
  1627439535 569638720 0  
  1627439536 569638720 0  
  1627439537 569638720 0  
  1627439538 569638720 0  
  1627439539 569638720 0  
  1627439540 569638720 0  
  1627439541 569638720 0  
  1627439542 569638720 0  
  1627439543 569638720 0  
  1627439544 569638720 0  
  1627439545 569638720 0  
  1627439546 569643029 0  
  1627439547 569643437 0  
  1627439548 569643437 0  
  1627439549 569643941 0  
  1627439550 569643941 0  
  1627439551 569643941 0  
  1627439552 569648574 0  
  1627439553 569648574 0  
  1627439554 569649282 0  
  1627439555 569649282 0  
  1627439557 569649374 0  
  1627439558 569649374 0  
  1627439559 569649374 0  
  1627439560 569649374 0  
  1627439561 569649374 0  
  1627439562 569649374 0  
  1627439563 569649374 0  
  1627439564 569649374 0  
  1627439565 569649374 0  
  1627439566 569649374 0  
  1627439567 569649374 0  
  1627439568 569649374 0  
  1627439569 569649374 0  
  1627439570 569649374 0  
  1627439571 569649374 0  
  1627439572 569649374 0  
  1627439573 569649374 0  
  1627439574 569649374 0  
  1627439575 569649374 0  
  1627439576 569649374 0  
  1627439577 569649374 0  
  1627439578 569649374 0  
  1627439579 569649374 0  
  1627439580 569649374 0  
  1627439581 569649374 0  
  1627439582 569649374 0  
  1627439583 569649374 0  
  1627439584 569649374 0  
  1627439585 569649374 0  
  1627439586 569649374 0  
  1627439587 569649374 0  
  1627439588 569649374 0  
  1627439589 569649374 0  
  1627439590 569649374 0  
  1627439591 569649374 0  
  1627439592 569649374 0  
  1627439593 569649466 0  
  1627439594 569649466 0  
  1627439596 569649466 0  
  1627439597 569653595 0  
  1627439598 569658732 0  
  1627439599 569658732 0  
  1627439600 569660148 0  
  1627439601 569660148 0  
  1627439602 569660148 0  
  1627439603 569660148 0  
  1627439604 569660148 0  
  1627439605 569660148 0  
  1627439606 569660148 0  
  1627439607 569660148 0  
  1627439608 569660148 0  
  1627439609 569660148 0  
  1627439610 569660148 0  
  1627439611 569660148 0  
  1627439612 569660148 0  
  1627439613 569660148 0  
  1627439614 569660148 0  
  1627439615 569660148 0  
  1627439616 569660148 0  
  1627439617 569660148 0  
  1627439618 569660148 0  
  1627439619 569660148 0  
  1627439620 569660148 0  
  1627439621 569660148 0  
  1627439622 569660148 0  
  1627439623 569660148 0  
  1627439624 569660148 0  
  1627439625 569660148 0  
  1627439626 569660148 0  
  1627439627 569660148 0  
  1627439628 569660148 0  
  1627439629 569660148 0  
  1627439630 569660148 0  
  1627439631 569660148 0  
  1627439632 569660148 0  
  1627439633 569660148 0  
  1627439634 569660148 0  
  1627439636 569662025 0  
  1627439637 569664781 0  
  1627439638 569664781 0  
  1627439639 569665489 0  
  1627439640 569665489 0  
  1627439641 569665489 0  
  1627439642 569665489 0  
  1627439643 569665489 0  
  1627439644 569665489 0  
  1627439645 569665489 0  
  1627439646 569665489 0  
  1627439647 569665489 0  
  1627439648 569665489 0  
  1627439649 569665489 0  
  1627439650 569665489 0  
  1627439651 569665489 0  
  1627439652 569665489 0  
  1627439653 569665489 0  
  1627439654 569665489 0  
  1627439655 569665489 0  
  1627439656 569665489 0  
  1627439657 569665489 0  
  1627439658 569665489 0  
  1627439659 569665489 0  
  1627439660 569665489 0  
  1627439661 569665489 0  
  1627439662 569665489 0  
  1627439663 569665489 0  
  1627439664 569665489 0  
  1627439665 569665489 0  
  1627439666 569665489 0  
  1627439667 569665489 0  
  1627439668 569665489 0  
  1627439669 569665489 0  
  1627439670 569665489 0  
  1627439671 569665489 0  
  1627439672 569665489 0  
  1627439673 569665489 0  
  1627439675 569665489 0  
  1627439676 569665489 0  
  1627439677 569665489 0  
  1627439678 569665489 0  
  1627439679 569665489 0  
  1627439680 569666085 0  
  1627439681 569666085 0  
  1627439682 569666085 0  
  1627439683 569666085 0  
  1627439684 569666085 0  
  1627439685 569666085 0  
  1627439686 569666085 0  
  1627439687 569666177 0  
  1627439688 569666177 0  
  1627439689 569666177 0  
  1627439690 569666177 0  
  1627439691 569666177 0  
  1627439692 569666177 0  
  1627439693 569666177 0  
  1627439694 569666177 0  
  1627439695 569666177 0  
  1627439696 569666177 0  
  1627439697 569666177 0  
  1627439698 569666177 0  
  1627439699 569666177 0  
  1627439700 569666177 0  
  1627439701 569666177 0  
  1627439702 569666177 0  
  1627439703 569666177 0  
  1627439704 569666177 0  
  1627439705 569666177 0  
  1627439706 569666177 0  
  1627439707 569666177 0  
  1627439708 569666177 0  
  1627439709 569666177 0  
  1627439710 569666177 0  
  1627439711 569666177 0  
  1627439712 569666177 0  
  1627439713 569666177 0  
  1627439715 569666177 0  
  1627439716 569666177 0  
  1627439717 569666177 0  
  1627439718 569666177 0  
  1627439719 569666177 0  
  1627439720 569666177 0  
  1627439721 569666177 0  
  1627439722 569666237 0  
  1627439723 569666329 0  
  1627439724 569666329 0  
  1627439725 569666329 0  
  1627439726 569666329 0  
  1627439727 569666329 0  
  1627439728 569666329 0  
  1627439729 569666329 0  
  1627439730 569666329 0  
  1627439731 569666329 0  
  1627439732 569666329 0  
  1627439733 569666329 0  
  1627439734 569666329 0  
  1627439735 569666329 0  
  1627439736 569666329 0  
  1627439737 569666686 0  
  1627439738 569666686 0  
  1627439739 569666686 0  
  1627439740 569666686 0  
  1627439741 569666686 0  
  1627439742 569666686 0  
  1627439743 569666686 0  
  1627439744 569666686 0  
  1627439745 569666686 0  
  1627439746 569666686 0  
  1627439747 569666686 0  
  1627439748 569666686 0  
  1627439749 569666686 0  
  1627439750 569666686 0  
  1627439751 569666686 0  
  1627439752 569666686 0  
  1627439754 569666686 0  
  1627439755 569666686 0  
  1627439756 569666686 0  
  1627439757 569666686 0  
  1627439758 569666686 0  
  1627439759 569666686 0  
  1627439760 569666686 0  
  1627439761 569666686 0  
  1627439762 569666686 0  
  1627439763 569666686 0  
  1627439764 569666686 0  
  1627439765 569666686 0  
  1627439766 569666686 0  
  1627439767 569666686 0  
  1627439768 569666686 0  
  1627439769 569666686 0  
  1627439770 569666686 0  
  1627439771 569666686 0  
  1627439772 569666686 0  
  1627439773 569666686 0  
  1627439774 569666686 0  
  1627439775 569666686 0  
  1627439776 569666686 0  
  1627439777 569666686 0  
  1627439778 569666686 0  
  1627439779 569666686 0  
  1627439780 569666686 0  
  1627439781 569666686 0  
  1627439782 569666686 0  
  1627439783 569666686 0  
  1627439784 569666686 0  
  1627439785 569666686 0  
  1627439786 569666686 0  
  1627439787 569666686 0  
  1627439788 569666686 0  
  1627439789 569666686 0  
  1627439790 569666686 0  
  1627439791 569666686 0  
  1627439793 569666686 0  
  1627439794 569666686 0  
  1627439795 569666686 0  
  1627439796 569666686 0  
  1627439797 569666686 0  
  1627439798 569666686 0  
  1627439799 569666686 0  
  1627439800 569666686 0  
  1627439801 569666686 0  
  1627439802 569666686 0  
  1627439803 569666686 0  
  1627439804 569666686 0  
  1627439805 569666686 0  
  1627439806 569666686 0  
  1627439807 569666686 0  
  1627439808 569666686 0  
  1627439809 569666686 0  
  1627439810 569666686 0  
  1627439811 569666686 0  
  1627439812 569666686 0  
  1627439813 569666686 0  
  1627439814 569666686 0  
  1627439815 569666686 0  
  1627439816 569666778 0  
  1627439817 569666778 0  
  1627439818 569666778 0  
  1627439819 569666778 0  
  1627439820 569666778 0  
  1627439821 569666778 0  
  1627439822 569666778 0  
  1627439823 569666778 0  
  1627439824 569666778 0  
  1627439825 569666922 0  
  1627439826 569671411 0  
  1627439827 569671411 0  
  1627439828 569672119 0  
  1627439829 569672119 0  
  1627439830 569672119 0  
  1627439831 569672119 0  
  1627439833 569672119 0  
  1627439834 569672119 0  
  1627439835 569672119 0  
  1627439836 569672119 0  
  1627439837 569672119 0  
  1627439838 569672119 0  
  1627439839 569672119 0  
  1627439840 569672119 0  
  1627439841 569672179 0  
  1627439842 569672179 0  
  1627439843 569672179 0  
  1627439844 569672179 0  
  1627439845 569672179 0  
  1627439846 569672179 0  
  1627439847 569672179 0  
  1627439848 569672179 0  
  1627439849 569672179 0  
  1627439850 569672179 0  
  1627439851 569672179 0  
  1627439852 569672179 0  
  1627439853 569676580 0  
  1627439854 569676980 0  
  1627439855 569676980 0  
  1627439856 569677688 0  
  1627439857 569677688 0  
  1627439858 569677688 0  
  1627439859 569677688 0  
  1627439860 569677688 0  
  1627439861 569677688 0  
  1627439862 569677688 0  
  1627439863 569677688 0  
  1627439864 569677688 0  
  1627439865 569677688 0  
  1627439866 569677688 0  
  1627439867 569677688 0  
  1627439868 569677688 0  
  1627439869 569677688 0  
  1627439871 569677688 0  
  1627439872 569677688 0  
  1627439873 569677688 0  
  1627439874 569677688 0  
  1627439875 569677688 0  
  1627439876 569677688 0  
  1627439877 569677688 0  
  1627439878 569677688 0  
  1627439879 569677688 0  
  1627439880 569678284 0  
  1627439881 569678284 0  
  1627439882 569678284 0  
  1627439883 569678284 0  
  1627439884 569678284 0  
  1627439885 569678284 0  
  1627439886 569678284 0  
  1627439887 569678284 0  
  1627439888 569678284 0  
  1627439889 569678284 0  
  1627439890 569678284 0  
  1627439891 569678284 0  
  1627439892 569678284 0  
  1627439893 569678284 0  
  1627439894 569678284 0  
  1627439895 569678284 0  
  1627439896 569678284 0  
  1627439897 569682593 0  
  1627439898 569687550 0  
  1627439899 569688462 0  
  1627439900 569688898 0  
  1627439901 569688898 0  
  1627439902 569688898 0  
  1627439903 569688898 0  
  1627439904 569688898 0  
  1627439905 569688898 0  
  1627439906 569688898 0  
  1627439907 569688898 0  
  1627439908 569688898 0  
  1627439910 569688898 0  
  1627439911 569688898 0  
  1627439912 569688898 0  
  1627439913 569688898 0  
  1627439914 569689236 0  
  1627439915 569689236 0  
  1627439916 569689236 0  
  1627439917 569689236 0  
  1627439918 569689236 0  
  1627439919 569689236 0  
  1627439920 569689236 0  
  1627439921 569689236 0  
  1627439922 569689236 0  
  1627439923 569689236 0  
  1627439924 569689236 0  
  1627439925 569689236 0  
  1627439926 569689236 0  
  1627439927 569689236 0  
  1627439928 569689236 0  
  1627439929 569689236 0  
  1627439930 569689236 0  
  1627439931 569689236 0  
  1627439932 569689236 0  
  1627439933 569689236 0  
  1627439934 569689236 0  
  1627439935 569689236 0  
  1627439936 569693801 0  
  1627439937 569693869 0  
  1627439938 569694577 0  
  1627439939 569694577 0  
  1627439940 569694577 0  
  1627439941 569694577 0  
  1627439942 569694577 0  
  1627439943 569694577 0  
  1627439944 569694577 0  
  1627439945 569694577 0  
  1627439946 569694669 0  
  1627439947 569694669 0  
  1627439948 569694669 0  
  1627439950 569694669 0  
  1627439951 569694669 0  
  1627439952 569694669 0  
  1627439953 569694669 0  
  1627439954 569694669 0  
  1627439955 569694669 0  
  1627439956 569694669 0  
  1627439957 569694669 0  
  1627439958 569694669 0  
  1627439959 569694669 0  
  1627439960 569694669 0  
  1627439961 569694669 0  
  1627439962 569694669 0  
  1627439963 569694669 0  
  1627439964 569694669 0  
  1627439965 569694669 0  
  1627439966 569694669 0  
  1627439967 569694669 0  
  1627439968 569694669 0  
  1627439969 569694669 0  
  1627439970 569694669 0  
  1627439971 569694669 0  
  1627439972 569694669 0  
  1627439973 569694669 0  
  1627439974 569694669 0  
  1627439975 569694669 0  
  1627439976 569694669 0  
  1627439977 569694669 0  
  1627439978 569694669 0  
  1627439979 569694669 0  
  1627439980 569694669 0  
  1627439981 569694669 0  
  1627439982 569694669 0  
  1627439983 569694761 0  
  1627439984 569694761 0  
  1627439985 569694761 0  
  1627439986 569694761 0  
  1627439988 569694761 0  
  1627439989 569694761 0  
  1627439990 569694761 0  
  1627439991 569694761 0  
  1627439992 569694761 0  
  1627439993 569694761 0  
  1627439994 569694761 0  
  1627439995 569694761 0  
  1627439996 569694761 0  
  1627439997 569694761 0  
  1627439998 569694761 0  
  1627439999 569694761 0  
  1627440000 569694761 0  
  1627440001 569694761 0  
  1627440002 569694761 0  
  1627440003 569694761 0  
  1627440004 569694761 0  
  1627440005 569694761 0  
  1627440006 569694761 0  
  1627440007 569694761 0  
  1627440008 569694761 0  
  1627440009 569694761 0  
  1627440010 569694761 0  
  1627440011 569694761 0  
  1627440012 569694761 0  
  1627440013 569694761 0  
  1627440014 569694761 0  
  1627440015 569694761 0  
  1627440016 569694761 0  
  1627440017 569694761 0  
  1627440018 569694761 0  
  1627440019 569695099 0  
  1627440020 569695099 0  
  1627440021 569695099 0  
  1627440022 569695099 0  
  1627440023 569695099 0  
  1627440024 569695099 0  
  1627440025 569695099 0  
  1627440027 569695099 0  
  1627440028 569695099 0  
  1627440029 569695099 0  
  1627440030 569695099 0  
  1627440031 569695099 0  
  1627440032 569695099 0  
  1627440033 569695099 0  
  1627440034 569695099 0  
  1627440035 569695099 0  
  1627440036 569695099 0  
  1627440037 569695456 0  
  1627440038 569695456 0  
  1627440039 569695456 0  
  1627440040 569695456 0  
  1627440041 569695456 0  
  1627440042 569695456 0  
  1627440043 569695456 0  
  1627440044 569695456 0  
  1627440045 569695456 0  
  1627440046 569695456 0  
  1627440047 569695456 0  
  1627440048 569695456 0  
  1627440049 569695456 0  
  1627440050 569695456 0  
  1627440051 569695456 0  
  1627440052 569695456 0  
  1627440053 569695456 0  
  1627440054 569695456 0  
  1627440055 569695456 0  
  1627440056 569695456 0  
  1627440057 569695456 0  
  1627440058 569695456 0  
  1627440059 569695456 0  
  1627440060 569695456 0  
  1627440061 569695456 0  
  1627440062 569695456 0  
  1627440063 569695456 0  
  1627440064 569695456 0  
  1627440066 569695456 0  
  1627440067 569695456 0  
  1627440068 569695456 0  
  1627440069 569695456 0  
  1627440070 569695456 0  
  1627440071 569695456 0  
  1627440072 569695456 0  
  1627440073 569695456 0  
  1627440074 569695456 0  
  1627440075 569695548 0  
  1627440076 569695548 0  
  1627440077 569695548 0  
  1627440078 569695548 0  
  1627440079 569696144 0  
  1627440080 569696144 0  
  1627440081 569696144 0  
  1627440082 569696144 0  
  1627440083 569696144 0  
  1627440084 569696144 0  
  1627440085 569696144 0  
  1627440086 569696144 0  
  1627440087 569696144 0  
  1627440088 569696144 0  
  1627440089 569696144 0  
  1627440090 569696144 0  
  1627440091 569696144 0  
  1627440092 569696144 0  
  1627440093 569696144 0  
  1627440094 569696144 0  
  1627440095 569696144 0  
  1627440096 569696144 0  
  1627440097 569696144 0  
  1627440098 569696144 0  
  1627440099 569696144 0  
  1627440100 569696144 0  
  1627440101 569696144 0  
  1627440102 569696144 0  
  1627440103 569696144 0  
  1627440105 569696144 0  
  1627440106 569696144 0  
  1627440107 569696144 0  
  1627440108 569696144 0  
  1627440109 569696144 0  
  1627440110 569696144 0  
  1627440111 569696144 0  
  1627440112 569696144 0  
  1627440113 569696236 0  
  1627440114 569696236 0  
  1627440115 569696236 0  
  1627440116 569696236 0  
  1627440117 569696236 0  
  1627440118 569696236 0  
  1627440119 569696236 0  
  1627440120 569696236 0  
  1627440121 569696236 0  
  1627440122 569696236 0  
  1627440123 569696236 0  
  1627440124 569696236 0  
  1627440125 569696236 0  
  1627440126 569700613 0  
  1627440127 569700869 0  
  1627440128 569701577 0  
  1627440129 569701577 0  
  1627440130 569701577 0  
  1627440131 569701577 0  
  1627440132 569701577 0  
  1627440133 569701577 0  
  1627440134 569701577 0  
  1627440135 569701577 0  
  1627440136 569701577 0  
  1627440137 569701577 0  
  1627440138 569701577 0  
  1627440139 569701577 0  
  1627440140 569701577 0  
  1627440141 569701577 0  
  1627440142 569701577 0  
  1627440144 569701577 0  
  1627440145 569701577 0  
  1627440146 569701637 0  
  1627440147 569701637 0  
  1627440148 569701637 0  
  1627440149 569701637 0  
  1627440150 569701637 0  
  1627440151 569701637 0  
  1627440152 569701637 0  
  1627440153 569701637 0  
  1627440154 569706202 0  
  1627440155 569706270 0  
  1627440156 569706978 0  
  1627440157 569706978 0  
  1627440158 569706978 0  
  1627440159 569706978 0  
  1627440160 569706978 0  
  1627440161 569706978 0  
  1627440162 569706978 0  
  1627440163 569706978 0  
  1627440164 569706978 0  
  1627440165 569706978 0  
  1627440166 569706978 0  
  1627440167 569706978 0  
  1627440168 569706978 0  
  1627440169 569707316 0  
  1627440170 569707316 0  
  1627440171 569707316 0  
  1627440172 569707316 0  
  1627440173 569707316 0  
  1627440174 569707316 0  
  1627440175 569707316 0  
  1627440176 569707316 0  
  1627440177 569707316 0  
  1627440178 569707316 0  
  1627440179 569707316 0  
  1627440180 569707316 0  
  1627440181 569707316 0  
  1627440182 569707316 0  
  1627440184 569707316 0  
  1627440185 569707316 0  
  1627440186 569707316 0  
  1627440187 569707316 0  
  1627440188 569707384 0  
  1627440189 569707384 0  
  1627440190 569707384 0  
  1627440191 569707384 0  
  1627440192 569707384 0  
  1627440193 569707384 0  
  1627440194 569708540 0  
  1627440195 569708540 0  
  1627440196 569710501 0  
  1627440197 569713173 0  
  1627440198 569717738 0  
  1627440199 569718514 0  
  1627440200 569719222 0  
  1627440201 569719222 0  
  1627440202 569719222 0  
  1627440203 569719222 0  
  1627440204 569719314 0  
  1627440205 569719314 0  
  1627440206 569719314 0  
  1627440207 569719314 0  
  1627440208 569719314 0  
  1627440209 569719314 0  
  1627440210 569719314 0  
  1627440211 569719374 0  
  1627440212 569719374 0  
  1627440213 569719374 0  
  1627440214 569719374 0  
  1627440215 569719374 0  
  1627440216 569719374 0  
  1627440217 569719374 0  
  1627440218 569719374 0  
  1627440219 569719374 0  
  1627440220 569719374 0  
  1627440221 569719374 0  
  1627440223 569719374 0  
  1627440224 569719374 0  
  1627440225 569719374 0  
  1627440226 569719374 0  
  1627440227 569719374 0  
  1627440228 569719374 0  
  1627440229 569719374 0  
  1627440230 569719374 0  
  1627440231 569719374 0  
  1627440232 569719374 0  
  1627440233 569719374 0  
  1627440234 569719374 0  
  1627440235 569719374 0  
  1627440236 569723683 0  
  1627440237 569724007 0  
  1627440238 569724715 0  
  1627440239 569724715 0  
  1627440240 569724715 0  
  1627440241 569724807 0  
  1627440242 569724807 0  
  1627440243 569724807 0  
  1627440244 569724807 0  
  1627440245 569724807 0  
  1627440246 569724807 0  
  1627440247 569724807 0  
  1627440248 569724807 0  
  1627440249 569724807 0  
  1627440250 569724807 0  
  1627440251 569724807 0  
  1627440252 569724807 0  
  1627440253 569724807 0  
  1627440254 569724807 0  
  1627440255 569724807 0  
  1627440256 569724807 0  
  1627440257 569724807 0  
  1627440258 569724807 0  
  1627440259 569724807 0  
  1627440260 569724807 0  
  1627440262 569724807 0  
  1627440263 569724807 0  
  1627440264 569724807 0  
  1627440265 569724807 0  
  1627440266 569724807 0  
  1627440267 569724807 0  
  1627440268 569724807 0  
  1627440269 569724807 0  
  1627440270 569724807 0  
  1627440271 569724807 0  
  1627440272 569724807 0  
  1627440273 569724807 0  
  1627440274 569724807 0  
  1627440275 569724807 0  
  1627440276 569724807 0  
  1627440277 569724807 0  
  1627440278 569724807 0  
  1627440279 569724807 0  
  1627440280 569725403 0  
  1627440281 569725403 0  
  1627440282 569725403 0  
  1627440283 569725403 0  
  1627440284 569725403 0  
  1627440285 569725403 0  
  1627440286 569725403 0  
  1627440287 569725403 0  
  1627440288 569725403 0  
  1627440289 569725403 0  
  1627440290 569725403 0  
  1627440291 569725403 0  
  1627440292 569725403 0  
  1627440293 569725403 0  
  1627440294 569725403 0  
  1627440295 569725403 0  
  1627440296 569725403 0  
  1627440297 569725403 0  
  1627440298 569725403 0  
  1627440299 569725403 0  
  1627440300 569725403 0  
  1627440302 569725403 0  
  1627440303 569725403 0  
  1627440304 569725403 0  
  1627440305 569725403 0  
  1627440306 569725403 0  
  1627440307 569725403 0  
  1627440308 569725403 0  
  1627440309 569725403 0  
  1627440310 569725403 0  
  1627440311 569725403 0  
  1627440312 569725403 0  
  1627440313 569725403 0  
  1627440314 569725403 0  
  1627440315 569725403 0  
  1627440316 569725403 0  
  1627440317 569725403 0  
  1627440318 569725403 0  
  1627440319 569725741 0  
  1627440320 569725741 0  
  1627440321 569725741 0  
 