 1626880972 481972410 0  
  1626880973 481972410 0  
  1626880974 481972410 0  
  1626880975 481972410 0  
  1626880976 481972410 0  
  1626880977 481972410 0  
  1626880978 481972410 0  
  1626880979 481972410 0  
  1626880980 481972410 0  
  1626880981 481972410 0  
  1626880982 481972410 0  
  1626880984 481972410 0  
  1626880985 481972410 0  
  1626880986 481972410 0  
  1626880987 481972410 0  
  1626880988 481972410 0  
  1626880989 481972410 0  
  1626880990 481972410 0  
  1626880991 481972410 0  
  1626880992 481972410 0  
  1626880993 481972410 0  
  1626880994 481972410 0  
  1626880995 481972410 0  
  1626880996 481972410 0  
  1626880997 481972410 0  
  1626880998 481972410 0  
  1626880999 481972410 0  
  1626881000 481972410 0  
  1626881001 481972410 0  
  1626881002 481972410 0  
  1626881003 481972410 0  
  1626881004 481972410 0  
  1626881005 481972410 0  
  1626881006 481972410 0  
  1626881007 481972410 0  
  1626881008 481972410 0  
  1626881009 481972410 0  
  1626881010 481972410 0  
  1626881011 481972410 0  
  1626881012 481972410 0  
  1626881013 481972410 0  
  1626881014 481972410 0  
  1626881015 481972410 0  
  1626881016 481972410 0  
  1626881017 481972410 0  
  1626881018 481972410 0  
  1626881019 481972410 0  
  1626881020 481972410 0  
  1626881021 481972410 0  
  1626881022 481972410 0  
  1626881024 481972410 0  
  1626881025 481972502 0  
  1626881026 481972502 0  
  1626881027 481972502 0  
  1626881028 481972502 0  
  1626881029 481972502 0  
  1626881030 481972502 0  
  1626881031 481972502 0  
  1626881032 481972502 0  
  1626881033 481972502 0  
  1626881034 481972502 0  
  1626881035 481972502 0  
  1626881036 481972502 0  
  1626881037 481972502 0  
  1626881038 481972502 0  
  1626881039 481972502 0  
  1626881040 481972502 0  
  1626881041 481972502 0  
  1626881042 481972502 0  
  1626881043 481972502 0  
  1626881044 481972502 0  
  1626881045 481972502 0  
  1626881046 481972502 0  
  1626881047 481972502 0  
  1626881048 481972502 0  
  1626881049 481972502 0  
  1626881050 481972502 0  
  1626881051 481972502 0  
  1626881052 481972502 0  
  1626881053 481972502 0  
  1626881054 481972502 0  
  1626881055 481972502 0  
  1626881056 481972502 0  
  1626881057 481972502 0  
  1626881058 481972502 0  
  1626881059 481972502 0  
  1626881060 481972502 0  
  1626881061 481972502 0  
  1626881062 481972502 0  
  1626881063 481972502 0  
  1626881065 481972502 0  
  1626881066 481972502 0  
  1626881067 481972502 0  
  1626881068 481972502 0  
  1626881069 481972594 0  
  1626881070 481972594 0  
  1626881071 481972594 0  
  1626881072 481972594 0  
  1626881073 481972594 0  
  1626881074 481972594 0  
  1626881075 481972594 0  
  1626881076 481972594 0  
  1626881077 481972594 0  
  1626881078 481972594 0  
  1626881079 481972594 0  
  1626881080 481972594 0  
  1626881081 481972594 0  
  1626881082 481972594 0  
  1626881083 481972594 0  
  1626881084 481972594 0  
  1626881085 481972594 0  
  1626881086 481972594 0  
  1626881087 481972594 0  
  1626881088 481972594 0  
  1626881089 481972686 0  
  1626881090 481972686 0  
  1626881091 481972686 0  
  1626881092 481972686 0  
  1626881093 481972686 0  
  1626881094 481972686 0  
  1626881095 481972686 0  
  1626881096 481972686 0  
  1626881097 481972686 0  
  1626881098 481972686 0  
  1626881099 481972686 0  
  1626881100 481972686 0  
  1626881101 481972686 0  
  1626881102 481972686 0  
  1626881103 481972686 0  
  1626881105 481972686 0  
  1626881106 481972686 0  
  1626881107 481972686 0  
  1626881108 481972686 0  
  1626881109 481972686 0  
  1626881110 481972686 0  
  1626881111 481972686 0  
  1626881112 481972686 0  
  1626881113 481972686 0  
  1626881114 481972686 0  
  1626881115 481972686 0  
  1626881116 481972686 0  
  1626881117 481972686 0  
  1626881118 481972686 0  
  1626881119 481972686 0  
  1626881120 481972686 0  
  1626881121 481972686 0  
  1626881122 481972686 0  
  1626881123 481972686 0  
  1626881124 481972686 0  
  1626881125 481972686 0  
  1626881126 481972686 0  
  1626881127 481972686 0  
  1626881128 481972686 0  
  1626881129 481972686 0  
  1626881130 481972686 0  
  1626881131 481972686 0  
  1626881132 481972686 0  
  1626881133 481972686 0  
  1626881134 481972686 0  
  1626881135 481972686 0  
  1626881136 481972686 0  
  1626881137 481973043 0  
  1626881138 481973043 0  
  1626881139 481973043 0  
  1626881140 481973043 0  
  1626881141 481977352 0  
  1626881142 481977676 0  
  1626881143 481977676 0  
  1626881145 481978384 0  
  1626881146 481978384 0  
  1626881147 481983017 0  
  1626881148 481983017 0  
  1626881149 481983725 0  
  1626881150 481983725 0  
  1626881151 481985602 0  
  1626881152 481992991 0  
  1626881153 481993791 0  
  1626881154 481994499 0  
  1626881155 481994499 0  
  1626881156 481994499 0  
  1626881157 481994499 0  
  1626881158 481994499 0  
  1626881159 481994499 0  
  1626881160 481994499 0  
  1626881161 481994499 0  
  1626881162 481994499 0  
  1626881163 481994499 0  
  1626881164 481994499 0  
  1626881165 481994499 0  
  1626881166 481994499 0  
  1626881167 481995095 0  
  1626881168 481995095 0  
  1626881169 481995095 0  
  1626881170 481995095 0  
  1626881171 481995095 0  
  1626881172 481995095 0  
  1626881173 481995095 0  
  1626881174 481995095 0  
  1626881175 481995095 0  
  1626881176 481995095 0  
  1626881177 481995095 0  
  1626881178 481995095 0  
  1626881179 481995095 0  
  1626881180 481995095 0  
  1626881181 481995095 0  
  1626881182 481995095 0  
  1626881183 481995095 0  
  1626881185 481995095 0  
  1626881186 481995095 0  
  1626881187 481995095 0  
  1626881188 481995095 0  
  1626881189 481995095 0  
  1626881190 481995095 0  
  1626881191 481995095 0  
  1626881192 481995095 0  
  1626881193 481995095 0  
  1626881194 481995095 0  
  1626881195 481995095 0  
  1626881196 481995095 0  
  1626881197 481995095 0  
  1626881198 481995095 0  
  1626881199 481995095 0  
  1626881200 481995095 0  
  1626881201 481995095 0  
  1626881202 481995095 0  
  1626881203 481995095 0  
  1626881204 481995095 0  
  1626881205 481995095 0  
  1626881206 481995095 0  
  1626881207 481995095 0  
  1626881208 481995095 0  
  1626881209 481995095 0  
  1626881210 481995095 0  
  1626881211 481995095 0  
  1626881212 481995095 0  
  1626881213 481995095 0  
  1626881214 481995095 0  
  1626881215 481995095 0  
  1626881216 481995095 0  
  1626881217 481995187 0  
  1626881218 481995187 0  
  1626881219 481995187 0  
  1626881220 481995187 0  
  1626881221 481995187 0  
  1626881222 481995187 0  
  1626881224 481995187 0  
  1626881225 481995187 0  
  1626881226 481995187 0  
  1626881227 481995187 0  
  1626881228 481995187 0  
  1626881229 481995187 0  
  1626881230 481995187 0  
  1626881231 481995187 0  
  1626881232 481995187 0  
  1626881233 481995187 0  
  1626881234 481995187 0  
  1626881235 481995187 0  
  1626881236 481995187 0  
  1626881237 481995187 0  
  1626881238 481995187 0  
  1626881239 481995187 0  
  1626881240 481995187 0  
  1626881241 481995187 0  
  1626881242 481995187 0  
  1626881243 481995187 0  
  1626881244 481995187 0  
  1626881245 481995187 0  
  1626881246 481995187 0  
  1626881247 481995187 0  
  1626881248 481995187 0  
  1626881249 481995187 0  
  1626881250 481995187 0  
  1626881251 481995187 0  
  1626881252 481995187 0  
  1626881253 481995187 0  
  1626881254 481995187 0  
  1626881255 481995255 0  
  1626881256 481995255 0  
  1626881257 481995255 0  
  1626881258 481995255 0  
  1626881259 481995255 0  
  1626881260 481995255 0  
  1626881261 481996411 0  
  1626881262 481996411 0  
  1626881264 481996411 0  
  1626881265 481996411 0  
  1626881266 481996411 0  
  1626881267 481996411 0  
  1626881268 481996411 0  
  1626881269 482001044 0  
  1626881270 482001044 0  
  1626881271 482001752 0  
  1626881272 482001752 0  
  1626881273 482001752 0  
  1626881274 482001752 0  
  1626881275 482001752 0  
  1626881276 482001752 0  
  1626881277 482001752 0  
  1626881278 482001752 0  
  1626881279 482001752 0  
  1626881280 482001752 0  
  1626881281 482001752 0  
  1626881282 482001844 0  
  1626881283 482001844 0  
  1626881284 482001844 0  
  1626881285 482001844 0  
  1626881286 482001844 0  
  1626881287 482001844 0  
  1626881288 482001844 0  
  1626881289 482001844 0  
  1626881290 482001844 0  
  1626881291 482001844 0  
  1626881292 482001844 0  
  1626881293 482001844 0  
  1626881294 482001844 0  
 