 1627022685 507759131 78879  
  1627022686 507759131 78879  
  1627022687 507759131 78879  
  1627022688 507759131 78879  
  1627022689 507759131 78879  
  1627022690 507759131 78879  
  1627022691 507759131 78879  
  1627022692 507759131 78879  
  1627022693 507759131 78879  
  1627022694 507759131 78879  
  1627022695 507759131 78879  
  1627022696 507759131 78879  
  1627022697 507759131 78879  
  1627022698 507759131 78879  
  1627022699 507759131 78879  
  1627022700 507759131 78879  
  1627022701 507759131 78879  
  1627022702 507759131 78879  
  1627022703 507759131 78879  
  1627022704 507759131 78879  
  1627022705 507759131 78879  
  1627022706 507759131 78879  
  1627022707 507759131 78879  
  1627022708 507759131 78879  
  1627022709 507759131 78879  
  1627022710 507759131 78879  
  1627022711 507759131 78879  
  1627022712 507759131 78879  
  1627022713 507759131 78879  
  1627022715 507759131 78879  
  1627022716 507759131 78879  
  1627022717 507759131 78879  
  1627022718 507759131 78879  
  1627022719 507759131 78879  
  1627022720 507759131 78879  
  1627022721 507759131 78879  
  1627022722 507759131 78879  
  1627022723 507759131 78879  
  1627022724 507759131 78879  
  1627022725 507759131 78879  
  1627022726 507759131 78879  
  1627022727 507759131 78879  
  1627022728 507759131 78879  
  1627022729 507759131 78879  
  1627022730 507759131 78879  
  1627022731 507759131 78879  
  1627022732 507759131 78879  
  1627022733 507759131 78879  
  1627022734 507759131 78879  
  1627022735 507759131 78879  
  1627022736 507759131 78879  
  1627022737 507759131 78879  
  1627022738 507759131 78879  
  1627022739 507759131 78879  
  1627022740 507759488 78879  
  1627022741 507759488 78879  
  1627022742 507759488 78879  
  1627022743 507759488 78879  
  1627022744 507759488 78879  
  1627022745 507763797 78879  
  1627022746 507764121 78879  
  1627022747 507769462 78879  
  1627022748 507769462 78879  
  1627022749 507769966 78879  
  1627022750 507769966 78879  
  1627022751 507770058 78879  
  1627022752 507770058 78879  
  1627022754 507779000 78879  
  1627022755 507779324 78879  
  1627022756 507780740 78879  
  1627022757 507780740 78879  
  1627022758 507780740 78879  
  1627022759 507780740 78879  
  1627022760 507780740 78879  
  1627022761 507780740 78879  
  1627022762 507780740 78879  
  1627022763 507780740 78879  
  1627022764 507780740 78879  
  1627022765 507780740 78879  
  1627022766 507780740 78879  
  1627022767 507780740 78879  
  1627022768 507780740 78879  
  1627022769 507780740 78879  
  1627022770 507782335 78879  
  1627022771 507782335 78879  
  1627022772 507782335 78879  
  1627022773 507782335 78879  
  1627022774 507782335 78879  
  1627022775 507782335 78879  
  1627022776 507782335 78879  
  1627022777 507782335 78879  
  1627022778 507782335 78879  
  1627022779 507782335 78879  
  1627022780 507782335 78879  
  1627022781 507782335 78879  
  1627022782 507782335 78879  
  1627022783 507782335 78879  
  1627022784 507782335 78879  
  1627022785 507782335 78879  
  1627022786 507782335 78879  
  1627022787 507782335 78879  
  1627022788 507782335 78879  
  1627022789 507782335 78879  
  1627022790 507782335 78879  
  1627022791 507782335 78879  
  1627022792 507782335 78879  
  1627022794 507782335 78879  
  1627022795 507782335 78879  
  1627022796 507782335 78879  
  1627022797 507782335 78879  
  1627022798 507782335 78879  
  1627022799 507782335 78879  
  1627022800 507782335 78879  
  1627022801 507782335 78879  
  1627022802 507782335 78879  
  1627022803 507782335 78879  
  1627022804 507782335 78879  
  1627022805 507782335 78879  
  1627022806 507782335 78879  
  1627022807 507782335 78879  
  1627022808 507782335 78879  
  1627022809 507782335 78879  
  1627022810 507782335 78879  
  1627022811 507782335 78879  
  1627022812 507782335 78879  
  1627022813 507782335 78879  
  1627022814 507782335 78879  
  1627022815 507782335 78879  
  1627022816 507782335 78879  
  1627022817 507782335 78879  
  1627022818 507782335 78879  
  1627022819 507782335 78879  
  1627022820 507782335 78879  
  1627022821 507782335 78879  
  1627022822 507782335 78879  
  1627022823 507782335 78879  
  1627022824 507782335 78879  
  1627022825 507782335 78879  
  1627022826 507782335 78879  
  1627022827 507782335 78879  
  1627022828 507782335 78879  
  1627022829 507782335 78879  
  1627022830 507782335 78879  
  1627022831 507782335 78879  
  1627022833 507782335 78879  
  1627022834 507782335 78879  
  1627022835 507782335 78879  
  1627022836 507782335 78879  
  1627022837 507782335 78879  
  1627022838 507782335 78879  
  1627022839 507782335 78879  
  1627022840 507782335 78879  
  1627022841 507782335 78879  
  1627022842 507782335 78879  
  1627022843 507782335 78879  
  1627022844 507782335 78879  
  1627022845 507782335 78879  
  1627022846 507782335 78879  
  1627022847 507782335 78879  
  1627022848 507782335 78879  
  1627022849 507782335 78879  
  1627022850 507782335 78879  
  1627022851 507782335 78879  
  1627022852 507782335 78879  
  1627022853 507782335 78879  
  1627022854 507782335 78879  
  1627022855 507782335 78879  
  1627022856 507782335 78879  
  1627022857 507782335 78879  
  1627022858 507782335 78879  
  1627022859 507782335 78879  
  1627022860 507782335 78879  
  1627022861 507782335 78879  
  1627022862 507782335 78879  
  1627022863 507782335 78879  
  1627022864 507782335 78879  
  1627022865 507782335 78879  
  1627022866 507782335 78879  
  1627022867 507782335 78879  
  1627022868 507782335 78879  
  1627022869 507782335 78879  
  1627022870 507782335 78879  
  1627022871 507782335 78879  
  1627022873 507782335 78879  
  1627022874 507782335 78879  
  1627022875 507782335 78879  
  1627022876 507782335 78879  
  1627022877 507782335 78879  
  1627022878 507782335 78879  
  1627022879 507782335 78879  
  1627022880 507782427 78879  
  1627022881 507782427 78879  
  1627022882 507782427 78879  
  1627022883 507782427 78879  
  1627022884 507782427 78879  
  1627022885 507782427 78879  
  1627022886 507782427 78879  
  1627022887 507782427 78879  
  1627022888 507782427 78879  
  1627022889 507782427 78879  
  1627022890 507782427 78879  
  1627022891 507782427 78879  
  1627022892 507782427 78879  
  1627022893 507782427 78879  
  1627022894 507782427 78879  
  1627022895 507782427 78879  
  1627022896 507782427 78879  
  1627022897 507782427 78879  
  1627022898 507782427 78879  
  1627022899 507782427 78879  
  1627022900 507782427 78879  
  1627022901 507782427 78879  
  1627022902 507782427 78879  
  1627022903 507782427 78879  
  1627022904 507782427 78879  
  1627022905 507782427 78879  
  1627022906 507782427 78879  
  1627022907 507782427 78879  
  1627022908 507782427 78879  
  1627022909 507782427 78879  
  1627022910 507782427 78879  
  1627022911 507782427 78879  
  1627022913 507782427 78879  
  1627022914 507782427 78879  
  1627022915 507782427 78879  
  1627022916 507782427 78879  
  1627022917 507782427 78879  
  1627022918 507782427 78879  
  1627022919 507782427 78879  
  1627022920 507782427 78879  
  1627022921 507782427 78879  
  1627022922 507787060 78879  
  1627022923 507787060 78879  
  1627022924 507787632 78879  
  1627022925 507787632 78879  
  1627022926 507787724 78879  
  1627022927 507787724 78879  
  1627022928 507787724 78879  
  1627022929 507787724 78879  
  1627022930 507787724 78879  
  1627022931 507787724 78879  
  1627022932 507787724 78879  
  1627022933 507787724 78879  
  1627022934 507787724 78879  
  1627022935 507787724 78879  
  1627022936 507787724 78879  
  1627022937 507787724 78879  
  1627022938 507787724 78879  
  1627022939 507787724 78879  
  1627022940 507787724 78879  
  1627022941 507787724 78879  
  1627022942 507787724 78879  
  1627022943 507787724 78879  
  1627022944 507787724 78879  
  1627022945 507787724 78879  
  1627022946 507787724 78879  
  1627022947 507787724 78879  
  1627022948 507787724 78879  
  1627022949 507787724 78879  
  1627022950 507787724 78879  
  1627022952 507787724 78879  
  1627022953 507787724 78879  
  1627022954 507787724 78879  
  1627022955 507787724 78879  
  1627022956 507787724 78879  
  1627022957 507787724 78879  
  1627022958 507787724 78879  
  1627022959 507787724 78879  
  1627022960 507787724 78879  
  1627022961 507787724 78879  
  1627022962 507787724 78879  
  1627022963 507787724 78879  
  1627022964 507787724 78879  
  1627022965 507787724 78879  
  1627022966 507787724 78879  
  1627022967 507787724 78879  
  1627022968 507787724 78879  
  1627022969 507787724 78879  
  1627022970 507787724 78879  
  1627022971 507788314 78879  
  1627022972 507788314 78879  
  1627022973 507788314 78879  
  1627022974 507788314 78879  
  1627022975 507788314 78879  
  1627022976 507788314 78879  
  1627022977 507788314 78879  
  1627022978 507788314 78879  
  1627022979 507788314 78879  
  1627022980 507788314 78879  
  1627022981 507788314 78879  
  1627022982 507788314 78879  
  1627022983 507788314 78879  
  1627022984 507788314 78879  
  1627022985 507788314 78879  
  1627022986 507788314 78879  
  1627022987 507788314 78879  
  1627022988 507788314 78879  
  1627022989 507788314 78879  
  1627022990 507788314 78879  
  1627022992 507788314 78879  
  1627022993 507788314 78879  
  1627022994 507788314 78879  
  1627022995 507788314 78879  
  1627022996 507788314 78879  
  1627022997 507788314 78879  
  1627022998 507788314 78879  
  1627022999 507788314 78879  
  1627023000 507788314 78879  
  1627023001 507788314 78879  
  1627023002 507788314 78879  
  1627023003 507788314 78879  
  1627023004 507788314 78879  
  1627023005 507788314 78879  
  1627023006 507788314 78879  
  1627023007 507788314 78879  
  1627023008 507788406 78879  
  1627023009 507788406 78879  
  1627023010 507788406 78879  
  1627023011 507788406 78879  
  1627023012 507788406 78879  
  1627023013 507788406 78879  
  1627023014 507788406 78879  
  1627023015 507788406 78879  
  1627023016 507788406 78879  
  1627023017 507788406 78879  
  1627023018 507788406 78879  
  1627023019 507788406 78879  
  1627023020 507788406 78879  
  1627023021 507788406 78879  
  1627023022 507788406 78879  
  1627023023 507788406 78879  
  1627023024 507788406 78879  
  1627023025 507788406 78879  
  1627023026 507788406 78879  
  1627023027 507788406 78879  
  1627023028 507788406 78879  
  1627023029 507788406 78879  
  1627023030 507788406 78879  
  1627023031 507788406 78879  
  1627023033 507788406 78879  
  1627023034 507788406 78879  
  1627023035 507788406 78879  
  1627023036 507788406 78879  
  1627023037 507788406 78879  
  1627023038 507788406 78879  
  1627023039 507788406 78879  
  1627023040 507788763 78879  
  1627023041 507788763 78879  
  1627023042 507788763 78879  
  1627023043 507788763 78879  
  1627023044 507788763 78879  
  1627023045 507793072 78879  
  1627023046 507793396 78879  
  1627023047 507793396 78879  
  1627023048 507798737 78879  
  1627023049 507799445 78879  
  1627023050 507799445 78879  
  1627023051 507799445 78879  
  1627023052 507799445 78879  
  1627023053 507804078 78879  
  1627023054 507808711 78879  
  1627023055 507810059 78879  
  1627023056 507810127 78879  
  1627023057 507810127 78879  
  1627023058 507810127 78879  
  1627023059 507810127 78879  
  1627023060 507810127 78879  
  1627023061 507810127 78879  
  1627023062 507810127 78879  
  1627023063 507810127 78879  
  1627023064 507810127 78879  
  1627023065 507810127 78879  
  1627023066 507810127 78879  
  1627023067 507810127 78879  
  1627023068 507810127 78879  
  1627023069 507810127 78879  
  1627023070 507810127 78879  
  1627023071 507810127 78879  
  1627023073 507810127 78879  
  1627023074 507810127 78879  
  1627023075 507810127 78879  
  1627023076 507810127 78879  
  1627023077 507810127 78879  
  1627023078 507810127 78879  
  1627023079 507810127 78879  
  1627023080 507810127 78879  
  1627023081 507810127 78879  
  1627023082 507810127 78879  
  1627023083 507810127 78879  
  1627023084 507810127 78879  
  1627023085 507810127 78879  
  1627023086 507810127 78879  
  1627023087 507810127 78879  
  1627023088 507810127 78879  
  1627023089 507810127 78879  
  1627023090 507810127 78879  
  1627023091 507810127 78879  
  1627023092 507810127 78879  
  1627023093 507810127 78879  
  1627023094 507810127 78879  
  1627023095 507810127 78879  
  1627023096 507810127 78879  
  1627023097 507810127 78879  
  1627023098 507810127 78879  
  1627023099 507810127 78879  
  1627023100 507810127 78879  
  1627023101 507810127 78879  
  1627023102 507810127 78879  
  1627023103 507810127 78879  
  1627023104 507810127 78879  
  1627023105 507810127 78879  
  1627023106 507810127 78879  
  1627023107 507810127 78879  
  1627023108 507810127 78879  
  1627023109 507810127 78879  
  1627023110 507810127 78879  
  1627023111 507810127 78879  
  1627023113 507810127 78879  
  1627023114 507810127 78879  
  1627023115 507810127 78879  
  1627023116 507810127 78879  
  1627023117 507810127 78879  
  1627023118 507810127 78879  
  1627023119 507810127 78879  
  1627023120 507810127 78879  
  1627023121 507810127 78879  
  1627023122 507810127 78879  
  1627023123 507810127 78879  
  1627023124 507810127 78879  
  1627023125 507810127 78879  
  1627023126 507810127 78879  
  1627023127 507810127 78879  
  1627023128 507810127 78879  
  1627023129 507810127 78879  
  1627023130 507810127 78879  
  1627023131 507810127 78879  
  1627023132 507810127 78879  
  1627023133 507810127 78879  
  1627023134 507810127 78879  
  1627023135 507810127 78879  
  1627023136 507810127 78879  
  1627023137 507810219 78879  
  1627023138 507810219 78879  
  1627023139 507810219 78879  
  1627023140 507810219 78879  
  1627023141 507810219 78879  
  1627023142 507810219 78879  
  1627023143 507810219 78879  
  1627023144 507810219 78879  
  1627023145 507810219 78879  
  1627023146 507810219 78879  
  1627023147 507810219 78879  
  1627023148 507810219 78879  
  1627023149 507810219 78879  
  1627023150 507810219 78879  
  1627023151 507810219 78879  
  1627023153 507810219 78879  
  1627023154 507810219 78879  
  1627023155 507810219 78879  
 