 1627429683 566861065 0  
  1627429684 566861065 0  
  1627429685 566861065 0  
  1627429686 566861065 0  
  1627429687 566861065 0  
  1627429688 566861065 0  
  1627429689 566861065 0  
  1627429690 566861065 0  
  1627429691 566861065 0  
  1627429692 566861065 0  
  1627429693 566861065 0  
  1627429694 566861065 0  
  1627429695 566861065 0  
  1627429696 566861065 0  
  1627429697 566865374 0  
  1627429698 566870331 0  
  1627429699 566870331 0  
  1627429700 566871747 0  
  1627429701 566871747 0  
  1627429702 566871747 0  
  1627429703 566871747 0  
  1627429704 566871747 0  
  1627429705 566871747 0  
  1627429706 566871747 0  
  1627429707 566871747 0  
  1627429708 566871747 0  
  1627429709 566871747 0  
  1627429710 566871747 0  
  1627429711 566871747 0  
  1627429712 566871747 0  
  1627429713 566871747 0  
  1627429714 566871747 0  
  1627429715 566871747 0  
  1627429717 566871747 0  
  1627429718 566871747 0  
  1627429719 566871747 0  
  1627429720 566871747 0  
  1627429721 566871747 0  
  1627429722 566871747 0  
  1627429723 566871747 0  
  1627429724 566871747 0  
  1627429725 566871747 0  
  1627429726 566871747 0  
  1627429727 566871747 0  
  1627429728 566871747 0  
  1627429729 566871747 0  
  1627429730 566871747 0  
  1627429731 566871747 0  
  1627429732 566871747 0  
  1627429733 566871747 0  
  1627429734 566871747 0  
  1627429735 566871747 0  
  1627429736 566876148 0  
  1627429737 566876472 0  
  1627429738 566876472 0  
  1627429739 566877180 0  
  1627429740 566877180 0  
  1627429741 566877180 0  
  1627429742 566877180 0  
  1627429743 566877180 0  
  1627429744 566877180 0  
  1627429745 566877180 0  
  1627429746 566877180 0  
  1627429747 566877180 0  
  1627429748 566877180 0  
  1627429749 566877180 0  
  1627429750 566877180 0  
  1627429751 566877180 0  
  1627429752 566877180 0  
  1627429753 566877180 0  
  1627429754 566877180 0  
  1627429755 566877180 0  
  1627429757 566877180 0  
  1627429758 566877180 0  
  1627429759 566877180 0  
  1627429760 566877180 0  
  1627429761 566877180 0  
  1627429762 566877180 0  
  1627429763 566877180 0  
  1627429764 566877180 0  
  1627429765 566877180 0  
  1627429766 566877180 0  
  1627429767 566877180 0  
  1627429768 566877180 0  
  1627429769 566877180 0  
  1627429770 566877180 0  
  1627429771 566877180 0  
  1627429772 566877180 0  
  1627429773 566877180 0  
  1627429774 566877180 0  
  1627429775 566877180 0  
  1627429776 566877180 0  
  1627429777 566877180 0  
  1627429778 566877180 0  
  1627429779 566877180 0  
  1627429780 566877180 0  
  1627429781 566877180 0  
  1627429782 566877180 0  
  1627429783 566877180 0  
  1627429784 566877180 0  
  1627429785 566877180 0  
  1627429786 566877180 0  
  1627429787 566877180 0  
  1627429788 566877180 0  
  1627429789 566877180 0  
  1627429790 566877180 0  
  1627429791 566877180 0  
  1627429792 566877180 0  
  1627429793 566877180 0  
  1627429794 566877180 0  
  1627429795 566877180 0  
  1627429797 566877180 0  
  1627429798 566877180 0  
  1627429799 566877180 0  
  1627429800 566877180 0  
  1627429801 566877180 0  
  1627429802 566877180 0  
  1627429803 566877180 0  
  1627429804 566877180 0  
  1627429805 566877180 0  
  1627429806 566877180 0  
  1627429807 566877180 0  
  1627429808 566877180 0  
  1627429809 566877180 0  
  1627429810 566877180 0  
  1627429811 566877180 0  
  1627429812 566877180 0  
  1627429813 566877180 0  
  1627429814 566877180 0  
  1627429815 566877180 0  
  1627429816 566877180 0  
  1627429817 566877180 0  
  1627429818 566877180 0  
  1627429819 566877180 0  
  1627429820 566877180 0  
  1627429821 566877180 0  
  1627429822 566877180 0  
  1627429823 566877180 0  
  1627429824 566877180 0  
  1627429825 566877180 0  
  1627429826 566877180 0  
  1627429827 566877180 0  
  1627429828 566877180 0  
  1627429829 566877180 0  
  1627429830 566877180 0  
  1627429831 566877180 0  
  1627429832 566877180 0  
  1627429833 566877180 0  
  1627429834 566877180 0  
  1627429836 566877180 0  
  1627429837 566877537 0  
  1627429838 566877537 0  
  1627429839 566877537 0  
  1627429840 566877537 0  
  1627429841 566877537 0  
  1627429842 566877537 0  
  1627429843 566877537 0  
  1627429844 566877537 0  
  1627429845 566877537 0  
  1627429846 566877537 0  
  1627429847 566877537 0  
  1627429848 566877537 0  
  1627429849 566877537 0  
  1627429850 566877537 0  
  1627429851 566877537 0  
  1627429852 566877537 0  
  1627429853 566877537 0  
  1627429854 566877537 0  
  1627429855 566877537 0  
  1627429856 566877537 0  
  1627429857 566877537 0  
  1627429858 566877537 0  
  1627429859 566877537 0  
  1627429860 566877537 0  
  1627429861 566877537 0  
  1627429862 566877537 0  
  1627429863 566877537 0  
  1627429864 566877537 0  
  1627429865 566877537 0  
  1627429866 566877537 0  
  1627429867 566877537 0  
  1627429868 566877537 0  
  1627429869 566877537 0  
  1627429870 566877537 0  
  1627429871 566877537 0  
  1627429872 566877537 0  
  1627429873 566877537 0  
  1627429874 566877537 0  
  1627429876 566877537 0  
  1627429877 566877537 0  
  1627429878 566877537 0  
  1627429879 566877537 0  
  1627429880 566878133 0  
  1627429881 566878133 0  
  1627429882 566878133 0  
  1627429883 566878133 0  
  1627429884 566878133 0  
  1627429885 566878133 0  
  1627429886 566878133 0  
  1627429887 566878133 0  
  1627429888 566878133 0  
  1627429889 566878133 0  
  1627429890 566878133 0  
  1627429891 566878133 0  
  1627429892 566878133 0  
  1627429893 566878133 0  
  1627429894 566878133 0  
  1627429895 566878133 0  
  1627429896 566878133 0  
  1627429897 566878133 0  
  1627429898 566878133 0  
  1627429899 566878133 0  
  1627429900 566878133 0  
  1627429901 566878133 0  
  1627429902 566878133 0  
  1627429903 566878133 0  
  1627429904 566878133 0  
  1627429905 566878133 0  
  1627429906 566878133 0  
  1627429907 566878133 0  
  1627429908 566878133 0  
  1627429909 566878133 0  
  1627429910 566878133 0  
  1627429911 566878133 0  
  1627429912 566878133 0  
  1627429913 566878133 0  
  1627429914 566878133 0  
  1627429916 566878133 0  
  1627429917 566878133 0  
  1627429918 566878133 0  
  1627429919 566878133 0  
  1627429920 566878133 0  
  1627429921 566878133 0  
  1627429922 566878133 0  
  1627429923 566878133 0  
  1627429924 566878133 0  
  1627429925 566878133 0  
  1627429926 566882766 0  
  1627429927 566882766 0  
  1627429928 566883474 0  
  1627429929 566883474 0  
  1627429930 566883474 0  
  1627429931 566883474 0  
  1627429932 566883474 0  
  1627429933 566883474 0  
  1627429934 566883474 0  
  1627429935 566883474 0  
  1627429936 566883474 0  
  1627429937 566883474 0  
  1627429938 566883474 0  
  1627429939 566883474 0  
  1627429940 566883474 0  
  1627429941 566883474 0  
  1627429942 566883566 0  
  1627429943 566883566 0  
  1627429944 566883566 0  
  1627429945 566883566 0  
  1627429946 566883566 0  
  1627429947 566883566 0  
  1627429948 566883566 0  
  1627429949 566883566 0  
  1627429950 566883566 0  
  1627429951 566883566 0  
  1627429952 566883566 0  
  1627429953 566887875 0  
  1627429955 566888199 0  
  1627429956 566888199 0  
  1627429957 566888907 0  
  1627429958 566888907 0  
  1627429959 566888907 0  
  1627429960 566888907 0  
  1627429961 566888907 0  
  1627429962 566888907 0  
  1627429963 566888907 0  
  1627429964 566888907 0  
  1627429965 566888907 0  
  1627429966 566888907 0  
  1627429967 566888907 0  
  1627429968 566888907 0  
  1627429969 566888907 0  
  1627429970 566888907 0  
  1627429971 566888907 0  
  1627429972 566888907 0  
  1627429973 566888907 0  
  1627429974 566888907 0  
  1627429975 566888907 0  
  1627429976 566888907 0  
  1627429977 566888907 0  
  1627429978 566888907 0  
  1627429979 566888907 0  
  1627429980 566888907 0  
  1627429981 566888907 0  
  1627429982 566888907 0  
  1627429983 566888907 0  
  1627429984 566888907 0  
  1627429985 566888907 0  
  1627429986 566888907 0  
  1627429987 566888907 0  
  1627429988 566888907 0  
  1627429989 566888907 0  
  1627429990 566888907 0  
  1627429991 566888907 0  
  1627429992 566888907 0  
  1627429994 566888999 0  
  1627429995 566888999 0  
  1627429996 566888999 0  
  1627429997 566893308 0  
  1627429998 566898265 0  
  1627429999 566898973 0  
  1627430000 566899545 0  
  1627430001 566899545 0  
  1627430002 566899545 0  
  1627430003 566899545 0  
  1627430004 566899545 0  
  1627430005 566899545 0  
 