 1626779546 461193864 0  
  1626779547 461194202 0  
  1626779548 461194202 0  
  1626779549 461194202 0  
  1626779550 461194202 0  
  1626779551 461194202 0  
  1626779552 461194202 0  
  1626779553 461194202 0  
  1626779554 461194202 0  
  1626779555 461194202 0  
  1626779556 461194202 0  
  1626779558 461194202 0  
  1626779559 461194202 0  
  1626779560 461194202 0  
  1626779561 461194202 0  
  1626779562 461194202 0  
  1626779563 461194202 0  
  1626779564 461194202 0  
  1626779565 461194202 0  
  1626779566 461194202 0  
  1626779567 461194202 0  
  1626779568 461194202 0  
  1626779569 461198511 0  
  1626779570 461198835 0  
  1626779571 461199543 0  
  1626779572 461199543 0  
  1626779573 461199543 0  
  1626779574 461199543 0  
  1626779575 461199543 0  
  1626779576 461199543 0  
  1626779577 461199543 0  
  1626779578 461199543 0  
  1626779579 461199543 0  
  1626779580 461199543 0  
  1626779581 461199543 0  
  1626779582 461199543 0  
  1626779583 461199543 0  
  1626779584 461199543 0  
  1626779585 461199543 0  
  1626779586 461199543 0  
  1626779587 461199543 0  
  1626779588 461199543 0  
  1626779589 461199543 0  
  1626779590 461199543 0  
  1626779591 461199543 0  
  1626779592 461199543 0  
  1626779593 461199543 0  
  1626779594 461199543 0  
  1626779595 461199543 0  
  1626779596 461199543 0  
  1626779598 461199543 0  
  1626779599 461199543 0  
  1626779600 461199543 0  
  1626779601 461199543 0  
  1626779602 461199543 0  
  1626779603 461199543 0  
  1626779604 461199543 0  
  1626779605 461199543 0  
  1626779606 461199543 0  
  1626779607 461199543 0  
  1626779608 461199543 0  
  1626779609 461199543 0  
  1626779610 461199543 0  
  1626779611 461199543 0  
  1626779612 461199543 0  
  1626779613 461199543 0  
  1626779614 461199543 0  
  1626779615 461199543 0  
  1626779616 461199543 0  
  1626779617 461199543 0  
  1626779618 461199543 0  
  1626779619 461199543 0  
  1626779620 461199543 0  
  1626779621 461199543 0  
  1626779622 461199543 0  
  1626779623 461199543 0  
  1626779624 461199543 0  
  1626779625 461199543 0  
  1626779626 461199543 0  
  1626779627 461199543 0  
  1626779628 461199543 0  
  1626779629 461199543 0  
  1626779630 461199543 0  
  1626779631 461199543 0  
  1626779632 461199543 0  
  1626779633 461199543 0  
  1626779634 461199543 0  
  1626779635 461199543 0  
  1626779636 461199543 0  
  1626779638 461199543 0  
  1626779639 461199543 0  
  1626779640 461199543 0  
  1626779641 461199543 0  
  1626779642 461199543 0  
  1626779643 461199543 0  
  1626779644 461199543 0  
  1626779645 461199543 0  
  1626779646 461199543 0  
  1626779647 461199543 0  
  1626779648 461199543 0  
  1626779649 461199543 0  
  1626779650 461199543 0  
  1626779651 461199543 0  
  1626779652 461199543 0  
  1626779653 461199543 0  
  1626779654 461199635 0  
  1626779655 461199635 0  
  1626779656 461199635 0  
  1626779657 461199635 0  
  1626779658 461199635 0  
  1626779659 461199635 0  
  1626779660 461199635 0  
  1626779661 461199635 0  
  1626779662 461199635 0  
  1626779663 461199635 0  
  1626779664 461199635 0  
  1626779665 461200231 0  
  1626779666 461200231 0  
  1626779667 461200231 0  
  1626779668 461200231 0  
  1626779669 461200231 0  
  1626779670 461200231 0  
  1626779671 461200231 0  
  1626779672 461200231 0  
  1626779673 461200231 0  
  1626779674 461200231 0  
  1626779675 461200231 0  
  1626779676 461200231 0  
  1626779678 461200231 0  
  1626779679 461200231 0  
  1626779680 461200231 0  
  1626779681 461200231 0  
  1626779682 461200231 0  
  1626779683 461200231 0  
  1626779684 461200231 0  
  1626779685 461200231 0  
  1626779686 461200231 0  
  1626779687 461200231 0  
  1626779688 461200231 0  
  1626779689 461200231 0  
  1626779690 461200231 0  
  1626779691 461200231 0  
  1626779692 461200231 0  
  1626779693 461200231 0  
  1626779694 461200231 0  
  1626779695 461200231 0  
  1626779696 461200231 0  
  1626779697 461200569 0  
  1626779698 461200569 0  
  1626779699 461200569 0  
  1626779700 461200569 0  
  1626779701 461200569 0  
  1626779702 461200569 0  
  1626779703 461200569 0  
  1626779704 461200569 0  
  1626779705 461200569 0  
  1626779706 461204878 0  
  1626779707 461205202 0  
  1626779708 461205910 0  
  1626779709 461205910 0  
  1626779710 461205910 0  
  1626779711 461205910 0  
  1626779712 461205910 0  
  1626779713 461205910 0  
  1626779714 461205910 0  
  1626779715 461205910 0  
  1626779716 461205910 0  
  1626779718 461205910 0  
  1626779719 461205910 0  
  1626779720 461205910 0  
  1626779721 461210219 0  
  1626779722 461215176 0  
  1626779723 461220517 0  
  1626779724 461221157 0  
  1626779725 461221865 0  
  1626779726 461221865 0  
  1626779727 461221865 0  
  1626779728 461221865 0  
  1626779729 461221865 0  
  1626779730 461221865 0  
  1626779731 461221865 0  
  1626779732 461221865 0  
  1626779733 461221865 0  
  1626779734 461221865 0  
  1626779735 461221865 0  
  1626779736 461221865 0  
  1626779737 461221865 0  
  1626779738 461221865 0  
  1626779739 461221865 0  
  1626779740 461222222 0  
  1626779741 461222222 0  
  1626779742 461222222 0  
  1626779743 461222222 0  
  1626779744 461222222 0  
  1626779745 461222222 0  
  1626779746 461222222 0  
  1626779747 461222222 0  
  1626779748 461222222 0  
  1626779749 461222222 0  
  1626779750 461222222 0  
  1626779751 461222222 0  
  1626779752 461222222 0  
  1626779753 461222222 0  
  1626779754 461222222 0  
  1626779755 461222222 0  
  1626779756 461222222 0  
  1626779757 461222222 0  
  1626779759 461222222 0  
  1626779760 461222222 0  
  1626779761 461222222 0  
  1626779762 461222222 0  
  1626779763 461222222 0  
  1626779764 461222222 0  
  1626779765 461222222 0  
  1626779766 461222222 0  
  1626779767 461222222 0  
  1626779768 461222222 0  
  1626779769 461222222 0  
  1626779770 461222222 0  
  1626779771 461222222 0  
  1626779772 461222222 0  
  1626779773 461222222 0  
  1626779774 461222222 0  
  1626779775 461222222 0  
  1626779776 461222222 0  
  1626779777 461222222 0  
  1626779778 461222222 0  
  1626779779 461222222 0  
  1626779780 461222222 0  
  1626779781 461222222 0  
  1626779782 461222314 0  
  1626779783 461222314 0  
  1626779784 461222314 0  
  1626779785 461222314 0  
  1626779786 461222314 0  
  1626779787 461222314 0  
  1626779788 461222314 0  
  1626779789 461222314 0  
  1626779790 461222314 0  
  1626779791 461222314 0  
  1626779792 461222314 0  
  1626779793 461222314 0  
  1626779794 461222314 0  
  1626779795 461222314 0  
  1626779796 461222314 0  
  1626779797 461222314 0  
  1626779799 461222314 0  
  1626779800 461222314 0  
  1626779801 461222314 0  
  1626779802 461222314 0  
  1626779803 461222314 0  
  1626779804 461222314 0  
  1626779805 461222314 0  
  1626779806 461222314 0  
  1626779807 461222314 0  
  1626779808 461222314 0  
  1626779809 461222314 0  
  1626779810 461222314 0  
  1626779811 461222314 0  
  1626779812 461222314 0  
  1626779813 461222314 0  
  1626779814 461222314 0  
  1626779815 461222314 0  
  1626779816 461222314 0  
  1626779817 461222314 0  
  1626779818 461222314 0  
  1626779819 461222314 0  
  1626779820 461222314 0  
  1626779821 461222314 0  
  1626779822 461222314 0  
  1626779823 461222314 0  
  1626779824 461222314 0  
  1626779825 461222314 0  
  1626779826 461222314 0  
  1626779827 461222314 0  
  1626779828 461222314 0  
  1626779829 461222314 0  
  1626779830 461222314 0  
  1626779831 461222314 0  
  1626779832 461222314 0  
  1626779833 461222314 0  
  1626779834 461222314 0  
  1626779835 461222314 0  
  1626779836 461222314 0  
  1626779837 461222314 0  
  1626779839 461222314 0  
  1626779840 461222314 0  
  1626779841 461222314 0  
  1626779842 461222314 0  
  1626779843 461222314 0  
  1626779844 461222314 0  
  1626779845 461222314 0  
  1626779846 461222314 0  
  1626779847 461222652 0  
  1626779848 461222652 0  
  1626779849 461222652 0  
  1626779850 461222652 0  
  1626779851 461222652 0  
  1626779852 461222652 0  
  1626779853 461222652 0  
  1626779854 461222652 0  
  1626779855 461222652 0  
  1626779856 461222652 0  
  1626779857 461222652 0  
  1626779858 461222652 0  
  1626779859 461222652 0  
  1626779860 461222652 0  
  1626779861 461222652 0  
  1626779862 461222652 0  
  1626779863 461222652 0  
  1626779864 461222652 0  
  1626779865 461222652 0  
  1626779866 461223248 0  
  1626779867 461223248 0  
  1626779868 461223248 0  
 