 1627025865 502623878 0  
  1627025866 502623878 0  
  1627025867 502623878 0  
  1627025868 502623878 0  
  1627025869 502623878 0  
  1627025870 502623878 0  
  1627025871 502623878 0  
  1627025872 502623878 0  
  1627025873 502623878 0  
  1627025874 502623878 0  
  1627025875 502623878 0  
  1627025876 502623878 0  
  1627025877 502623878 0  
  1627025878 502623878 0  
  1627025879 502623878 0  
  1627025880 502623878 0  
  1627025881 502623878 0  
  1627025882 502623878 0  
  1627025883 502623878 0  
  1627025884 502623878 0  
  1627025885 502623878 0  
  1627025886 502623878 0  
  1627025887 502623878 0  
  1627025888 502623878 0  
  1627025889 502623878 0  
  1627025890 502623878 0  
  1627025891 502623878 0  
  1627025893 502623878 0  
  1627025894 502623878 0  
  1627025895 502623878 0  
  1627025896 502623878 0  
  1627025897 502623878 0  
  1627025898 502623878 0  
  1627025899 502623878 0  
  1627025900 502623970 0  
  1627025901 502623970 0  
  1627025902 502623970 0  
  1627025903 502623970 0  
  1627025904 502623970 0  
  1627025905 502623970 0  
  1627025906 502623970 0  
  1627025907 502623970 0  
  1627025908 502623970 0  
  1627025909 502623970 0  
  1627025910 502623970 0  
  1627025911 502623970 0  
  1627025912 502623970 0  
  1627025913 502623970 0  
  1627025914 502623970 0  
  1627025915 502623970 0  
  1627025916 502623970 0  
  1627025917 502623970 0  
  1627025918 502623970 0  
  1627025919 502623970 0  
  1627025920 502623970 0  
  1627025921 502626867 0  
  1627025922 502628603 0  
  1627025923 502628603 0  
  1627025924 502629311 0  
  1627025925 502629311 0  
  1627025926 502629311 0  
  1627025927 502629311 0  
  1627025928 502629311 0  
  1627025929 502629311 0  
  1627025930 502629311 0  
  1627025931 502629311 0  
  1627025933 502629311 0  
  1627025934 502629311 0  
  1627025935 502629311 0  
  1627025936 502629311 0  
  1627025937 502629311 0  
  1627025938 502629311 0  
  1627025939 502629311 0  
  1627025940 502629311 0  
  1627025941 502629311 0  
  1627025942 502629311 0  
  1627025943 502629311 0  
  1627025944 502629311 0  
  1627025945 502629311 0  
  1627025946 502629311 0  
  1627025947 502629311 0  
  1627025948 502629311 0  
  1627025949 502629311 0  
  1627025950 502629311 0  
  1627025951 502629311 0  
  1627025952 502629311 0  
  1627025953 502629311 0  
  1627025954 502629311 0  
  1627025955 502629311 0  
  1627025956 502629311 0  
  1627025957 502629311 0  
  1627025958 502629311 0  
  1627025959 502629311 0  
  1627025960 502629311 0  
  1627025961 502629311 0  
  1627025962 502629311 0  
  1627025963 502629311 0  
  1627025964 502629311 0  
  1627025965 502629311 0  
  1627025966 502629311 0  
  1627025967 502629311 0  
  1627025968 502629311 0  
  1627025969 502629311 0  
  1627025970 502629901 0  
  1627025972 502629901 0  
  1627025973 502629901 0  
  1627025974 502629901 0  
  1627025975 502629901 0  
  1627025976 502629901 0  
  1627025977 502629901 0  
  1627025978 502629901 0  
  1627025979 502629901 0  
  1627025980 502629901 0  
  1627025981 502629901 0  
  1627025982 502629901 0  
  1627025983 502629901 0  
  1627025984 502629901 0  
  1627025985 502629901 0  
  1627025986 502629901 0  
  1627025987 502629901 0  
  1627025988 502629901 0  
  1627025989 502629901 0  
  1627025990 502629901 0  
  1627025991 502629901 0  
  1627025992 502629901 0  
  1627025993 502629901 0  
  1627025994 502629901 0  
  1627025995 502629901 0  
  1627025996 502629901 0  
  1627025997 502629901 0  
  1627025998 502629901 0  
  1627025999 502629901 0  
  1627026000 502629901 0  
  1627026001 502629901 0  
  1627026002 502629901 0  
  1627026003 502629901 0  
  1627026004 502629901 0  
  1627026005 502629901 0  
  1627026006 502629901 0  
  1627026007 502629901 0  
  1627026008 502629901 0  
  1627026010 502629901 0  
  1627026011 502629901 0  
  1627026012 502629901 0  
  1627026013 502629901 0  
  1627026014 502629901 0  
  1627026015 502629901 0  
  1627026016 502629901 0  
  1627026017 502629901 0  
  1627026018 502629901 0  
  1627026019 502629901 0  
  1627026020 502629901 0  
  1627026021 502629901 0  
  1627026022 502629901 0  
  1627026023 502629993 0  
  1627026024 502629993 0  
  1627026025 502629993 0  
  1627026026 502629993 0  
  1627026027 502629993 0  
  1627026028 502629993 0  
  1627026029 502629993 0  
  1627026030 502629993 0  
  1627026031 502629993 0  
  1627026032 502629993 0  
  1627026033 502629993 0  
  1627026034 502629993 0  
  1627026035 502629993 0  
  1627026036 502629993 0  
  1627026037 502629993 0  
  1627026038 502629993 0  
  1627026039 502629993 0  
  1627026040 502867777 0  
  1627026041 502867777 0  
  1627026042 502867777 0  
  1627026043 502867896 0  
  1627026044 502867896 0  
  1627026045 502872205 0  
  1627026046 502872529 0  
  1627026047 502877366 0  
  1627026049 502877870 0  
  1627026050 502878578 0  
  1627026051 502878578 0  
  1627026052 502878578 0  
  1627026053 502882707 0  
  1627026054 502883211 0  
  1627026055 502888552 0  
  1627026056 502888552 0  
  1627026057 502889260 0  
  1627026058 502889260 0  
  1627026059 502889260 0  
  1627026060 502889260 0  
  1627026061 502889260 0  
  1627026062 502889260 0  
  1627026063 502889260 0  
  1627026064 502889260 0  
  1627026065 502889260 0  
  1627026066 502889260 0  
  1627026067 502889260 0  
  1627026068 502889260 0  
  1627026069 502889260 0  
  1627026070 502889260 0  
  1627026071 502889260 0  
  1627026072 502889260 0  
  1627026073 502889260 0  
  1627026074 502889260 0  
  1627026075 502889260 0  
  1627026076 502889260 0  
  1627026077 502889260 0  
  1627026078 502889260 0  
  1627026079 502889260 0  
  1627026080 502889260 0  
  1627026081 502889260 0  
  1627026082 502889260 0  
  1627026083 502889260 0  
  1627026084 502889260 0  
  1627026085 502889260 0  
  1627026086 502889260 0  
  1627026087 502889260 0  
  1627026089 502889260 0  
  1627026090 502889260 0  
  1627026091 502889260 0  
  1627026092 502889260 0  
  1627026093 502889260 0  
  1627026094 502889260 0  
  1627026095 502889260 0  
  1627026096 502889260 0  
  1627026097 502889260 0  
  1627026098 502889260 0  
  1627026099 502889260 0  
  1627026100 502889260 0  
  1627026101 502889260 0  
  1627026102 502889260 0  
  1627026103 502889260 0  
  1627026104 502889260 0  
  1627026105 502889260 0  
  1627026106 502889260 0  
  1627026107 502889260 0  
  1627026108 502889260 0  
  1627026109 502889260 0  
  1627026110 502889260 0  
  1627026111 502889260 0  
  1627026112 502889260 0  
  1627026113 502889260 0  
  1627026114 502889260 0  
  1627026115 502889260 0  
  1627026116 502889260 0  
  1627026117 502889260 0  
  1627026118 502889260 0  
  1627026119 502889260 0  
  1627026120 502889260 0  
  1627026121 502889260 0  
  1627026122 502889260 0  
  1627026123 502889260 0  
  1627026124 502889260 0  
  1627026125 502889260 0  
  1627026126 502889260 0  
  1627026128 502889260 0  
  1627026129 502889260 0  
  1627026130 502889260 0  
  1627026131 502889260 0  
  1627026132 502889260 0  
  1627026133 502889260 0  
  1627026134 502889260 0  
  1627026135 502889260 0  
  1627026136 502889260 0  
  1627026137 502889260 0  
  1627026138 502889260 0  
  1627026139 502889260 0  
  1627026140 502889260 0  
  1627026141 502889260 0  
  1627026142 502889260 0  
  1627026143 502889260 0  
  1627026144 502889260 0  
  1627026145 502889260 0  
  1627026146 502889260 0  
  1627026147 502889260 0  
  1627026148 502889260 0  
  1627026149 502889260 0  
  1627026150 502889260 0  
  1627026151 502889260 0  
  1627026152 502889260 0  
  1627026153 502889260 0  
  1627026154 502889260 0  
  1627026155 502889328 0  
  1627026156 502889420 0  
  1627026157 502889420 0  
  1627026158 502889420 0  
  1627026159 502889420 0  
  1627026160 502889420 0  
  1627026161 502890576 0  
  1627026162 502890576 0  
  1627026163 502890576 0  
  1627026164 502890576 0  
  1627026165 502890576 0  
  1627026166 502890576 0  
  1627026168 502890576 0  
  1627026169 502890576 0  
  1627026170 502890576 0  
  1627026171 502891166 0  
  1627026172 502891166 0  
  1627026173 502891166 0  
  1627026174 502891166 0  
  1627026175 502891166 0  
  1627026176 502891166 0  
  1627026177 502891166 0  
  1627026178 502891166 0  
  1627026179 502891166 0  
  1627026180 502891166 0  
  1627026181 502891166 0  
  1627026182 502891166 0  
  1627026183 502891166 0  
  1627026184 502891166 0  
  1627026185 502891166 0  
  1627026186 502891166 0  
  1627026187 502891166 0  
  1627026188 502891166 0  
  1627026189 502891166 0  
  1627026190 502891166 0  
  1627026191 502891166 0  
  1627026192 502891166 0  
  1627026193 502891166 0  
  1627026194 502891166 0  
  1627026195 502891166 0  
  1627026196 502891166 0  
  1627026197 502891166 0  
  1627026198 502891166 0  
  1627026199 502891166 0  
  1627026200 502891166 0  
  1627026201 502891166 0  
  1627026202 502891166 0  
  1627026203 502891166 0  
  1627026204 502891166 0  
  1627026206 502891166 0  
  1627026207 502891166 0  
  1627026208 502891166 0  
  1627026209 502891166 0  
  1627026210 502891166 0  
  1627026211 502891166 0  
  1627026212 502891166 0  
  1627026213 502891166 0  
  1627026214 502891166 0  
  1627026215 502891166 0  
  1627026216 502891166 0  
  1627026217 502891166 0  
  1627026218 502891166 0  
  1627026219 502891166 0  
  1627026220 502891166 0  
  1627026221 502893127 0  
  1627026222 502895799 0  
  1627026223 502895799 0  
  1627026224 502896507 0  
  1627026225 502896507 0  
  1627026226 502896507 0  
  1627026227 502896507 0  
  1627026228 502896507 0  
  1627026229 502896507 0  
  1627026230 502896507 0  
  1627026231 502896507 0  
  1627026232 502896507 0  
  1627026233 502896507 0  
  1627026234 502896507 0  
  1627026235 502896507 0  
  1627026236 502896507 0  
  1627026237 502896507 0  
  1627026238 502896507 0  
  1627026239 502896507 0  
  1627026240 502896507 0  
  1627026241 502896507 0  
  1627026242 502896507 0  
  1627026243 502896507 0  
  1627026244 502896507 0  
  1627026246 502896507 0  
  1627026247 502896507 0  
  1627026248 502896507 0  
  1627026249 502896507 0  
  1627026250 502896507 0  
 