 1626894970 485937229 0  
  1626894971 485937229 0  
  1626894972 485937229 0  
  1626894973 485937229 0  
  1626894974 485937229 0  
  1626894975 485937229 0  
  1626894976 485937229 0  
  1626894977 485937229 0  
  1626894978 485937229 0  
  1626894979 485937229 0  
  1626894980 485937229 0  
  1626894981 485937229 0  
  1626894982 485937229 0  
  1626894983 485937229 0  
  1626894984 485937229 0  
  1626894985 485937229 0  
  1626894986 485937229 0  
  1626894987 485937229 0  
  1626894988 485937229 0  
  1626894989 485937229 0  
  1626894990 485937229 0  
  1626894991 485937229 0  
  1626894992 485937229 0  
  1626894993 485937229 0  
  1626894995 485937229 0  
  1626894996 485937229 0  
  1626894997 485937229 0  
  1626894998 485937229 0  
  1626894999 485937229 0  
  1626895000 485937229 0  
  1626895001 485937229 0  
  1626895002 485937229 0  
  1626895003 485937229 0  
  1626895004 485937229 0  
  1626895005 485937229 0  
  1626895006 485937229 0  
  1626895007 485937229 0  
  1626895008 485937229 0  
  1626895009 485937229 0  
  1626895010 485937229 0  
  1626895011 485937229 0  
  1626895012 485937229 0  
  1626895013 485937229 0  
  1626895014 485937229 0  
  1626895015 485937229 0  
  1626895016 485937229 0  
  1626895017 485937229 0  
  1626895018 485937229 0  
  1626895019 485937229 0  
  1626895020 485937229 0  
  1626895021 485937229 0  
  1626895022 485937229 0  
  1626895023 485937229 0  
  1626895024 485937229 0  
  1626895025 485937229 0  
  1626895026 485937229 0  
  1626895027 485937229 0  
  1626895028 485937229 0  
  1626895029 485937229 0  
  1626895030 485937229 0  
  1626895031 485937229 0  
  1626895032 485937229 0  
  1626895033 485937229 0  
  1626895035 485937229 0  
  1626895036 485937229 0  
  1626895037 485937229 0  
  1626895038 485937229 0  
  1626895039 485937229 0  
  1626895040 485937229 0  
  1626895041 485937229 0  
  1626895042 485937229 0  
  1626895043 485937229 0  
  1626895044 485937229 0  
  1626895045 485937229 0  
  1626895046 485937229 0  
  1626895047 485937229 0  
  1626895048 485937229 0  
  1626895049 485937229 0  
  1626895050 485937229 0  
  1626895051 485937229 0  
  1626895052 485937229 0  
  1626895053 485937229 0  
  1626895054 485937229 0  
  1626895055 485937229 0  
  1626895056 485937229 0  
  1626895057 485937229 0  
  1626895058 485937229 0  
  1626895059 485937229 0  
  1626895060 485937229 0  
  1626895061 485937229 0  
  1626895062 485937229 0  
  1626895063 485937229 0  
  1626895064 485937229 0  
  1626895065 485937229 0  
  1626895066 485937229 0  
  1626895067 485937229 0  
  1626895068 485937229 0  
  1626895069 485937229 0  
  1626895070 485937229 0  
  1626895071 485937229 0  
  1626895072 485937373 0  
  1626895073 485941862 0  
  1626895075 485941862 0  
  1626895076 485942570 0  
  1626895077 485942570 0  
  1626895078 485942570 0  
  1626895079 485942570 0  
  1626895080 485942570 0  
  1626895081 485942570 0  
  1626895082 485942570 0  
  1626895083 485942570 0  
  1626895084 485942570 0  
  1626895085 485942570 0  
  1626895086 485942570 0  
  1626895087 485942570 0  
  1626895088 485942570 0  
  1626895089 485942570 0  
  1626895090 485942570 0  
  1626895091 485942570 0  
  1626895092 485942570 0  
  1626895093 485942570 0  
  1626895094 485942570 0  
  1626895095 485942570 0  
  1626895096 485942570 0  
  1626895097 485942570 0  
  1626895098 485942570 0  
  1626895099 485942570 0  
  1626895100 485942570 0  
  1626895101 485942570 0  
  1626895102 485942570 0  
  1626895103 485942570 0  
  1626895104 485942570 0  
  1626895105 485942570 0  
  1626895106 485942570 0  
  1626895107 485942570 0  
  1626895108 485942570 0  
  1626895109 485942570 0  
  1626895110 485942570 0  
  1626895111 485942570 0  
  1626895112 485942570 0  
  1626895114 485942570 0  
  1626895115 485942570 0  
  1626895116 485942570 0  
  1626895117 485942570 0  
  1626895118 485942570 0  
  1626895119 485942570 0  
  1626895120 485942570 0  
  1626895121 485942570 0  
  1626895122 485942570 0  
  1626895123 485942570 0  
  1626895124 485942570 0  
  1626895125 485942570 0  
  1626895126 485942570 0  
  1626895127 485942570 0  
  1626895128 485942570 0  
  1626895129 485942570 0  
  1626895130 485942570 0  
  1626895131 485942570 0  
  1626895132 485942570 0  
  1626895133 485942570 0  
  1626895134 485942570 0  
  1626895135 485942570 0  
  1626895136 485942570 0  
  1626895137 485942570 0  
  1626895138 485942570 0  
  1626895139 485942570 0  
  1626895140 485942570 0  
  1626895141 485942570 0  
  1626895142 485942570 0  
  1626895143 485942570 0  
  1626895144 485942570 0  
  1626895145 485942570 0  
  1626895146 485942570 0  
  1626895147 485942570 0  
  1626895148 485942570 0  
  1626895149 485942570 0  
  1626895150 485942570 0  
  1626895151 485942570 0  
  1626895152 485942570 0  
  1626895154 485942570 0  
  1626895155 485942570 0  
  1626895156 485942570 0  
  1626895157 485942570 0  
  1626895158 485942570 0  
  1626895159 485942570 0  
  1626895160 485942570 0  
  1626895161 485942570 0  
  1626895162 485942570 0  
  1626895163 485942570 0  
  1626895164 485942570 0  
  1626895165 485942570 0  
  1626895166 485942570 0  
  1626895167 485942570 0  
  1626895168 485942570 0  
  1626895169 485943166 0  
  1626895170 485943166 0  
  1626895171 485943166 0  
  1626895172 485943166 0  
  1626895173 485943166 0  
  1626895174 485943166 0  
  1626895175 485943166 0  
  1626895176 485943166 0  
  1626895177 485943166 0  
  1626895178 485943166 0  
  1626895179 485943166 0  
  1626895180 485943166 0  
  1626895181 485943166 0  
  1626895182 485943166 0  
  1626895183 485943166 0  
  1626895184 485943166 0  
  1626895185 485943166 0  
  1626895186 485943166 0  
  1626895187 485943166 0  
  1626895188 485943166 0  
  1626895189 485943166 0  
  1626895190 485943166 0  
  1626895191 485943166 0  
  1626895192 485943166 0  
  1626895194 485943166 0  
  1626895195 485943166 0  
  1626895196 485943166 0  
  1626895197 485943166 0  
  1626895198 485943166 0  
  1626895199 485943166 0  
  1626895200 485943166 0  
  1626895201 485943166 0  
  1626895202 485943166 0  
  1626895203 485943166 0  
  1626895204 485943166 0  
  1626895205 485943166 0  
  1626895206 485943166 0  
  1626895207 485943166 0  
  1626895208 485943166 0  
  1626895209 485943166 0  
  1626895210 485943166 0  
  1626895211 485943166 0  
  1626895212 485943166 0  
  1626895213 485943166 0  
  1626895214 485943166 0  
  1626895215 485943166 0  
  1626895216 485943166 0  
  1626895217 485943166 0  
  1626895218 485943166 0  
  1626895219 485943166 0  
  1626895220 485943166 0  
  1626895221 485943166 0  
  1626895222 485943166 0  
  1626895223 485943166 0  
  1626895224 485943166 0  
  1626895225 485943166 0  
  1626895226 485943166 0  
  1626895227 485943166 0  
  1626895228 485943166 0  
  1626895229 485943166 0  
  1626895230 485943166 0  
  1626895231 485943166 0  
  1626895232 485943166 0  
  1626895234 485943166 0  
  1626895235 485943166 0  
  1626895236 485943166 0  
  1626895237 485943523 0  
  1626895238 485943523 0  
  1626895239 485943523 0  
  1626895240 485943615 0  
  1626895241 485943615 0  
  1626895242 485943615 0  
  1626895243 485947924 0  
  1626895244 485948248 0  
  1626895245 485948956 0  
  1626895246 485948956 0  
  1626895247 485953589 0  
  1626895248 485953589 0  
  1626895249 485954297 0  
  1626895250 485954297 0  
  1626895251 485954585 0  
  1626895252 485963563 0  
  1626895253 485964843 0  
  1626895254 485964911 0  
  1626895255 485964911 0  
  1626895256 485964911 0  
  1626895257 485964911 0  
  1626895258 485964911 0  
  1626895259 485964911 0  
  1626895260 485964911 0  
  1626895261 485964911 0  
  1626895262 485964911 0  
  1626895263 485964911 0  
  1626895264 485964911 0  
  1626895265 485964911 0  
  1626895266 485964911 0  
  1626895267 485964911 0  
  1626895268 485964911 0  
  1626895269 485964911 0  
  1626895270 485964911 0  
  1626895271 485964911 0  
 