 1627422602 569482939 42898  
  1627422603 569482939 42898  
  1627422605 569482939 42898  
  1627422606 569482939 42898  
  1627422607 569482939 42898  
  1627422608 569482939 42898  
  1627422609 569482939 42898  
  1627422610 569482939 42898  
  1627422611 569482939 42898  
  1627422612 569482939 42898  
  1627422613 569482939 42898  
  1627422614 569483277 42898  
  1627422615 569483277 42898  
  1627422616 569483277 42898  
  1627422617 569483277 42898  
  1627422618 569483277 42898  
  1627422619 569483277 42898  
  1627422620 569483277 42898  
  1627422621 569483277 42898  
  1627422622 569483277 42898  
  1627422623 569483277 42898  
  1627422624 569483277 42898  
  1627422625 569483277 42898  
  1627422626 569483277 42898  
  1627422627 569483277 42898  
  1627422628 569483277 42898  
  1627422629 569483277 42898  
  1627422630 569483277 42898  
  1627422631 569483277 42898  
  1627422632 569483277 42898  
  1627422633 569483277 42898  
  1627422634 569483277 42898  
  1627422635 569483277 42898  
  1627422636 569483277 42898  
  1627422637 569483634 42898  
  1627422638 569483634 42898  
  1627422639 569483634 42898  
  1627422640 569483634 42898  
  1627422641 569483634 42898  
  1627422642 569483634 42898  
  1627422643 569483634 42898  
  1627422645 569483634 42898  
  1627422646 569483634 42898  
  1627422647 569483634 42898  
  1627422648 569483634 42898  
  1627422649 569483634 42898  
  1627422650 569483634 42898  
  1627422651 569483634 42898  
  1627422652 569483634 42898  
  1627422653 569483634 42898  
  1627422654 569483634 42898  
  1627422655 569483634 42898  
  1627422656 569483634 42898  
  1627422657 569483634 42898  
  1627422658 569483634 42898  
  1627422659 569483634 42898  
  1627422660 569483634 42898  
  1627422661 569483634 42898  
  1627422662 569483634 42898  
  1627422663 569483634 42898  
  1627422664 569483634 42898  
  1627422665 569483634 42898  
  1627422666 569483634 42898  
  1627422667 569483634 42898  
  1627422668 569483634 42898  
  1627422669 569483634 42898  
  1627422670 569483634 42898  
  1627422671 569483634 42898  
  1627422672 569483634 42898  
  1627422673 569483634 42898  
  1627422674 569483634 42898  
  1627422675 569483634 42898  
  1627422676 569483634 42898  
  1627422677 569483634 42898  
  1627422678 569483634 42898  
  1627422679 569485229 42898  
  1627422680 569485229 42898  
  1627422681 569485229 42898  
  1627422682 569485229 42898  
  1627422684 569485229 42898  
  1627422685 569485229 42898  
  1627422686 569485229 42898  
  1627422687 569485229 42898  
  1627422688 569485229 42898  
  1627422689 569485229 42898  
  1627422690 569485229 42898  
  1627422691 569485229 42898  
  1627422692 569485229 42898  
  1627422693 569485229 42898  
  1627422694 569485229 42898  
  1627422695 569485229 42898  
  1627422696 569485229 42898  
  1627422697 569485229 42898  
  1627422698 569485229 42898  
  1627422699 569485229 42898  
  1627422700 569485229 42898  
  1627422701 569485229 42898  
  1627422702 569485229 42898  
  1627422703 569485229 42898  
  1627422704 569485229 42898  
  1627422705 569485229 42898  
  1627422706 569485229 42898  
  1627422707 569485229 42898  
  1627422708 569485229 42898  
  1627422709 569485229 42898  
  1627422710 569485229 42898  
  1627422711 569485229 42898  
  1627422712 569485229 42898  
  1627422713 569485229 42898  
  1627422714 569485229 42898  
  1627422715 569485229 42898  
  1627422716 569485229 42898  
  1627422717 569485229 42898  
  1627422718 569485229 42898  
  1627422719 569485229 42898  
  1627422720 569485229 42898  
  1627422721 569485229 42898  
  1627422722 569485229 42898  
  1627422724 569485229 42898  
  1627422725 569485229 42898  
  1627422726 569489538 42898  
  1627422727 569489862 42898  
  1627422728 569489954 42898  
  1627422729 569490662 42898  
  1627422730 569490662 42898  
  1627422731 569490662 42898  
  1627422732 569490662 42898  
  1627422733 569490662 42898  
  1627422734 569490662 42898  
  1627422735 569490662 42898  
  1627422736 569490662 42898  
  1627422737 569490662 42898  
  1627422738 569490662 42898  
  1627422739 569490662 42898  
  1627422740 569490662 42898  
  1627422741 569490662 42898  
  1627422742 569490662 42898  
  1627422743 569490662 42898  
  1627422744 569490662 42898  
  1627422745 569490662 42898  
  1627422746 569490662 42898  
  1627422747 569490662 42898  
  1627422748 569490662 42898  
  1627422749 569490662 42898  
  1627422750 569490662 42898  
  1627422751 569490662 42898  
  1627422752 569490662 42898  
  1627422753 569494971 42898  
  1627422754 569495295 42898  
  1627422755 569496003 42898  
  1627422756 569496003 42898  
  1627422757 569496003 42898  
  1627422758 569496003 42898  
  1627422759 569496003 42898  
  1627422760 569496003 42898  
  1627422761 569496003 42898  
  1627422763 569496003 42898  
  1627422764 569496003 42898  
  1627422765 569496003 42898  
  1627422766 569496003 42898  
  1627422767 569496003 42898  
  1627422768 569496003 42898  
  1627422769 569496003 42898  
  1627422770 569496003 42898  
  1627422771 569496003 42898  
  1627422772 569496003 42898  
  1627422773 569496003 42898  
  1627422774 569496003 42898  
  1627422775 569496003 42898  
  1627422776 569496003 42898  
  1627422777 569496003 42898  
  1627422778 569496003 42898  
  1627422779 569496003 42898  
  1627422780 569496003 42898  
  1627422781 569496003 42898  
  1627422782 569496003 42898  
  1627422783 569496003 42898  
  1627422784 569496003 42898  
  1627422785 569496003 42898  
  1627422786 569496003 42898  
  1627422787 569496003 42898  
  1627422788 569496003 42898  
  1627422789 569496003 42898  
  1627422790 569496003 42898  
  1627422791 569496003 42898  
  1627422792 569496003 42898  
  1627422793 569496003 42898  
  1627422794 569496003 42898  
  1627422795 569496003 42898  
  1627422796 569497880 42898  
  1627422797 569504945 42898  
  1627422798 569505269 42898  
  1627422799 569506685 42898  
  1627422800 569506685 42898  
  1627422802 569506685 42898  
  1627422803 569506685 42898  
  1627422804 569506685 42898  
  1627422805 569506685 42898  
  1627422806 569506685 42898  
  1627422807 569506685 42898  
  1627422808 569506685 42898  
  1627422809 569506685 42898  
  1627422810 569506685 42898  
  1627422811 569506685 42898  
  1627422812 569506685 42898  
  1627422813 569506685 42898  
  1627422814 569506685 42898  
  1627422815 569506685 42898  
  1627422816 569506761 42898  
  1627422817 569506761 42898  
  1627422818 569506761 42898  
  1627422819 569506761 42898  
  1627422820 569506761 42898  
  1627422821 569506761 42898  
  1627422822 569506761 42898  
  1627422823 569506761 42898  
  1627422824 569506761 42898  
  1627422825 569506761 42898  
  1627422826 569506761 42898  
  1627422827 569506761 42898  
  1627422828 569506761 42898  
  1627422829 569506761 42898  
  1627422830 569506761 42898  
  1627422831 569506761 42898  
  1627422832 569506761 42898  
  1627422833 569506761 42898  
  1627422834 569506761 42898  
  1627422835 569506761 42898  
  1627422836 569511070 42898  
  1627422837 569511486 42898  
  1627422838 569512126 42898  
  1627422839 569512126 42898  
  1627422840 569512126 42898  
  1627422842 569512126 42898  
  1627422843 569512126 42898  
  1627422844 569512126 42898  
  1627422845 569512126 42898  
  1627422846 569512126 42898  
  1627422847 569512126 42898  
  1627422848 569512126 42898  
  1627422849 569512126 42898  
  1627422850 569512126 42898  
  1627422851 569512126 42898  
  1627422852 569512126 42898  
  1627422853 569512126 42898  
  1627422854 569512126 42898  
  1627422855 569512126 42898  
  1627422856 569512126 42898  
  1627422857 569512126 42898  
  1627422858 569512126 42898  
  1627422859 569512126 42898  
  1627422860 569512126 42898  
  1627422861 569512126 42898  
  1627422862 569512126 42898  
  1627422863 569512126 42898  
  1627422864 569512126 42898  
  1627422865 569512126 42898  
  1627422866 569512126 42898  
  1627422867 569512126 42898  
  1627422868 569512126 42898  
  1627422869 569512126 42898  
  1627422870 569512126 42898  
  1627422871 569512126 42898  
  1627422872 569512126 42898  
  1627422873 569512126 42898  
  1627422874 569512126 42898  
  1627422875 569512126 42898  
  1627422876 569512126 42898  
  1627422877 569512126 42898  
  1627422878 569512126 42898  
  1627422879 569512784 42898  
  1627422881 569512784 42898  
  1627422882 569512784 42898  
  1627422883 569512784 42898  
  1627422884 569512784 42898  
  1627422885 569512784 42898  
  1627422886 569512784 42898  
  1627422887 569512784 42898  
  1627422888 569512784 42898  
  1627422889 569512784 42898  
  1627422890 569512784 42898  
  1627422891 569512784 42898  
  1627422892 569512784 42898  
  1627422893 569512784 42898  
  1627422894 569512784 42898  
  1627422895 569512784 42898  
  1627422896 569512784 42898  
  1627422897 569512784 42898  
  1627422898 569512784 42898  
  1627422899 569512784 42898  
  1627422900 569512784 42898  
  1627422901 569512784 42898  
  1627422902 569512784 42898  
  1627422903 569512784 42898  
  1627422904 569512784 42898  
  1627422905 569512784 42898  
  1627422906 569512784 42898  
  1627422907 569512784 42898  
  1627422908 569512784 42898  
  1627422909 569512784 42898  
  1627422910 569512784 42898  
  1627422911 569512784 42898  
  1627422912 569512784 42898  
  1627422913 569512784 42898  
  1627422914 569512784 42898  
  1627422915 569512784 42898  
  1627422916 569512784 42898  
  1627422917 569512784 42898  
  1627422918 569512784 42898  
  1627422920 569512784 42898  
  1627422921 569512784 42898  
  1627422922 569512784 42898  
  1627422923 569512784 42898  
  1627422924 569512784 42898  
  1627422925 569512784 42898  
 