 1627031025 915279365 0  
  1627031026 915279365 0  
  1627031027 915279365 0  
  1627031028 915279365 0  
  1627031029 915279365 0  
  1627031030 915279365 0  
  1627031031 915279365 0  
  1627031032 915279365 0  
  1627031033 915283674 0  
  1627031034 915283998 0  
  1627031035 915283998 0  
  1627031036 915284706 0  
  1627031037 915284706 0  
  1627031038 915284706 0  
  1627031039 915284706 0  
  1627031040 915284706 0  
  1627031041 915284706 0  
  1627031042 915284706 0  
  1627031043 915284706 0  
  1627031044 915284706 0  
  1627031045 915284706 0  
  1627031046 915284706 0  
  1627031047 915284706 0  
  1627031048 915284706 0  
  1627031049 915284706 0  
  1627031050 915284706 0  
  1627031052 915284706 0  
  1627031053 915284706 0  
  1627031054 915284706 0  
  1627031055 915284706 0  
  1627031056 915284706 0  
  1627031057 915284706 0  
  1627031058 915284706 0  
  1627031059 915284706 0  
  1627031060 915284706 0  
  1627031061 915284706 0  
  1627031062 915284890 0  
  1627031063 915284890 0  
  1627031064 915284890 0  
  1627031065 915284890 0  
  1627031066 915284890 0  
  1627031067 915284890 0  
  1627031068 915284890 0  
  1627031069 915284890 0  
  1627031070 915284890 0  
  1627031071 915284890 0  
  1627031072 915284890 0  
  1627031073 915284890 0  
  1627031074 915284890 0  
  1627031075 915284890 0  
  1627031076 915284890 0  
  1627031077 915284890 0  
  1627031078 915284890 0  
  1627031079 915284890 0  
  1627031080 915284890 0  
  1627031081 915284890 0  
  1627031082 915284890 0  
  1627031083 915284890 0  
  1627031084 915284890 0  
  1627031085 915284890 0  
  1627031086 915284890 0  
  1627031087 915284890 0  
  1627031088 915284890 0  
  1627031089 915284890 0  
  1627031090 915284890 0  
  1627031092 915284890 0  
  1627031093 915284890 0  
  1627031094 915284890 0  
  1627031095 915284890 0  
  1627031096 915284890 0  
  1627031097 915284890 0  
  1627031098 915284890 0  
  1627031099 915284890 0  
  1627031100 915284890 0  
  1627031101 915284890 0  
  1627031102 915284890 0  
  1627031103 915284890 0  
  1627031104 915284890 0  
  1627031105 915284890 0  
  1627031106 915284890 0  
  1627031107 915284890 0  
  1627031108 915284890 0  
  1627031109 915284890 0  
  1627031110 915284890 0  
  1627031111 915284890 0  
  1627031112 915284890 0  
  1627031113 915284890 0  
  1627031114 915284890 0  
  1627031115 915284890 0  
  1627031116 915284890 0  
  1627031117 915284890 0  
  1627031118 915284890 0  
  1627031119 915284890 0  
  1627031120 915284890 0  
  1627031121 915284890 0  
  1627031122 915284890 0  
  1627031123 915284890 0  
  1627031124 915284890 0  
  1627031125 915284890 0  
  1627031126 915284890 0  
  1627031127 915284890 0  
  1627031128 915284890 0  
  1627031129 915284890 0  
  1627031130 915284890 0  
  1627031132 915284890 0  
  1627031133 915284890 0  
  1627031134 915285511 0  
  1627031135 915285511 0  
  1627031136 915285511 0  
  1627031137 915285511 0  
  1627031138 915285511 0  
  1627031139 915285511 0  
  1627031140 915289820 0  
  1627031141 915290144 0  
  1627031142 915290144 0  
  1627031143 915290852 0  
  1627031144 915295485 0  
  1627031145 915295485 0  
  1627031146 915296193 0  
  1627031147 915296193 0  
  1627031148 915296193 0  
  1627031149 915300758 0  
  1627031150 915300826 0  
  1627031151 915305843 0  
  1627031152 915306167 0  
  1627031153 915306875 0  
  1627031154 915306875 0  
  1627031155 915306875 0  
  1627031156 915306875 0  
  1627031157 915306875 0  
  1627031158 915306875 0  
  1627031159 915306875 0  
  1627031160 915306875 0  
  1627031161 915306875 0  
  1627031162 915306875 0  
  1627031163 915306875 0  
  1627031164 915306875 0  
  1627031165 915306875 0  
  1627031166 915306875 0  
  1627031167 915306875 0  
  1627031168 915306875 0  
  1627031169 915306875 0  
  1627031171 915307471 0  
  1627031172 915307471 0  
  1627031173 915307471 0  
  1627031174 915307471 0  
  1627031175 915307471 0  
  1627031176 915307471 0  
  1627031177 915307471 0  
  1627031178 915307471 0  
  1627031179 915307471 0  
  1627031180 915307471 0  
  1627031181 915307471 0  
  1627031182 915307471 0  
  1627031183 915307471 0  
  1627031184 915307471 0  
  1627031185 915307471 0  
  1627031186 915307471 0  
  1627031187 915307471 0  
  1627031188 915307471 0  
  1627031189 915307471 0  
  1627031190 915307563 0  
  1627031191 915307563 0  
  1627031192 915307563 0  
  1627031193 915307563 0  
  1627031194 915307563 0  
  1627031195 915307563 0  
  1627031196 915307563 0  
  1627031197 915307563 0  
  1627031198 915307563 0  
  1627031199 915307563 0  
  1627031200 915307563 0  
  1627031201 915307563 0  
  1627031202 915307563 0  
  1627031203 915307563 0  
  1627031204 915307563 0  
  1627031205 915307563 0  
  1627031206 915307563 0  
  1627031207 915307563 0  
  1627031208 915307563 0  
  1627031210 915307563 0  
  1627031211 915307563 0  
  1627031212 915307563 0  
  1627031213 915307563 0  
  1627031214 915307563 0  
  1627031215 915307563 0  
  1627031216 915307563 0  
  1627031217 915307563 0  
  1627031218 915307563 0  
  1627031219 915307563 0  
  1627031220 915307563 0  
  1627031221 915307563 0  
  1627031222 915307563 0  
  1627031223 915307563 0  
  1627031224 915307563 0  
  1627031225 915307563 0  
  1627031226 915307563 0  
  1627031227 915307563 0  
  1627031228 915307563 0  
  1627031229 915307563 0  
  1627031230 915307563 0  
  1627031231 915307563 0  
  1627031232 915307563 0  
  1627031233 915307563 0  
  1627031234 915307563 0  
  1627031235 915307563 0  
  1627031236 915307563 0  
  1627031237 915307563 0  
  1627031238 915307563 0  
  1627031239 915307563 0  
  1627031240 915307563 0  
  1627031241 915307563 0  
  1627031242 915307563 0  
  1627031243 915307563 0  
  1627031244 915307563 0  
  1627031245 915307563 0  
  1627031246 915307563 0  
  1627031247 915307563 0  
  1627031248 915307563 0  
  1627031250 915307563 0  
  1627031251 915307563 0  
  1627031252 915307563 0  
  1627031253 915307563 0  
  1627031254 915307563 0  
  1627031255 915307563 0  
  1627031256 915307563 0  
  1627031257 915307563 0  
  1627031258 915307563 0  
  1627031259 915307563 0  
  1627031260 915307563 0  
  1627031261 915307563 0  
  1627031262 915307563 0  
  1627031263 915307563 0  
  1627031264 915307563 0  
  1627031265 915307563 0  
  1627031266 915307563 0  
  1627031267 915307563 0  
  1627031268 915307563 0  
  1627031269 915307563 0  
  1627031270 915307563 0  
  1627031271 915307563 0  
  1627031272 915307563 0  
  1627031273 915307563 0  
  1627031274 915307563 0  
  1627031275 915307563 0  
  1627031276 915307563 0  
  1627031277 915307563 0  
  1627031278 915307563 0  
  1627031279 915307563 0  
  1627031280 915307563 0  
  1627031281 915307563 0  
  1627031282 915307563 0  
  1627031283 915307563 0  
  1627031284 915307563 0  
  1627031285 915307563 0  
  1627031286 915307563 0  
  1627031287 915307563 0  
  1627031288 915307563 0  
  1627031290 915307563 0  
  1627031291 915307563 0  
  1627031292 915307563 0  
  1627031293 915307563 0  
  1627031294 915307563 0  
  1627031295 915307563 0  
  1627031296 915307563 0  
  1627031297 915307563 0  
  1627031298 915307563 0  
  1627031299 915307563 0  
  1627031300 915307563 0  
  1627031301 915307563 0  
  1627031302 915307563 0  
  1627031303 915307563 0  
  1627031304 915307563 0  
  1627031305 915307563 0  
  1627031306 915307563 0  
  1627031307 915307563 0  
  1627031308 915307563 0  
  1627031309 915307563 0  
  1627031310 915307563 0  
  1627031311 915307563 0  
  1627031312 915307563 0  
  1627031313 915307563 0  
  1627031314 915307563 0  
  1627031315 915307563 0  
  1627031316 915307563 0  
  1627031317 915307563 0  
  1627031318 915307563 0  
  1627031319 915307563 0  
  1627031320 915307655 0  
  1627031321 915307655 0  
  1627031322 915307747 0  
  1627031323 915307747 0  
  1627031324 915307747 0  
  1627031325 915307747 0  
  1627031326 915307747 0  
  1627031327 915307747 0  
  1627031328 915307747 0  
  1627031330 915307747 0  
  1627031331 915307747 0  
  1627031332 915307747 0  
  1627031333 915307747 0  
  1627031334 915312056 0  
  1627031335 915312380 0  
  1627031336 915313088 0  
  1627031337 915313088 0  
  1627031338 915313088 0  
  1627031339 915313088 0  
  1627031340 915313088 0  
  1627031341 915313088 0  
  1627031342 915313088 0  
  1627031343 915313088 0  
  1627031344 915313088 0  
  1627031345 915313088 0  
  1627031346 915313088 0  
  1627031347 915313088 0  
  1627031348 915313088 0  
  1627031349 915313088 0  
  1627031350 915313088 0  
  1627031351 915313088 0  
  1627031352 915313088 0  
  1627031353 915313088 0  
  1627031354 915313088 0  
  1627031355 915313088 0  
  1627031356 915313088 0  
  1627031357 915313088 0  
  1627031358 915313088 0  
  1627031359 915313088 0  
  1627031360 915313088 0  
  1627031361 915313088 0  
  1627031362 915313088 0  
  1627031363 915313088 0  
  1627031364 915313088 0  
  1627031365 915313088 0  
  1627031366 915313088 0  
  1627031367 915313088 0  
  1627031368 915313088 0  
  1627031370 915313088 0  
  1627031371 915313684 0  
  1627031372 915313684 0  
  1627031373 915313684 0  
  1627031374 915313684 0  
  1627031375 915313684 0  
  1627031376 915313684 0  
  1627031377 915313684 0  
  1627031378 915313684 0  
  1627031379 915313684 0  
  1627031380 915313684 0  
  1627031381 915313684 0  
  1627031382 915313684 0  
  1627031383 915313684 0  
  1627031384 915313684 0  
  1627031385 915313684 0  
  1627031386 915313684 0  
  1627031387 915313684 0  
  1627031388 915313684 0  
  1627031389 915313684 0  
  1627031390 915313684 0  
  1627031391 915313684 0  
  1627031392 915313684 0  
  1627031393 915313684 0  
  1627031394 915313684 0  
  1627031395 915313684 0  
  1627031396 915313684 0  
  1627031397 915313684 0  
  1627031398 915313684 0  
  1627031399 915313684 0  
  1627031400 915313684 0  
  1627031401 915313684 0  
  1627031402 915313684 0  
  1627031403 915313684 0  
  1627031404 915313684 0  
  1627031405 915313684 0  
  1627031406 915313684 0  
  1627031407 915313684 0  
  1627031409 915313684 0  
  1627031410 915313684 0  
  1627031411 915313684 0  
  1627031412 915313684 0  
  1627031413 915313684 0  
  1627031414 915313684 0  
  1627031415 915313684 0  
  1627031416 915313684 0  
  1627031417 915313684 0  
  1627031418 915313684 0  
  1627031419 915313684 0  
  1627031420 915313684 0  
  1627031421 915313684 0  
  1627031422 915313684 0  
  1627031423 915313684 0  
  1627031424 915313684 0  
  1627031425 915313684 0  
  1627031426 915313684 0  
  1627031427 915313684 0  
  1627031428 915313684 0  
  1627031429 915313684 0  
  1627031430 915313684 0  
  1627031431 915313684 0  
  1627031432 915313684 0  
  1627031433 915313684 0  
  1627031434 915314476 0  
  1627031435 915314476 0  
  1627031436 915314476 0  
  1627031437 915314476 0  
  1627031438 915314476 0  
  1627031439 915316437 0  
  1627031440 915319109 0  
  1627031441 915319109 0  
  1627031442 915319817 0  
  1627031443 915324382 0  
  1627031444 915324450 0  
  1627031445 915325158 0  
  1627031446 915325158 0  
  1627031448 915325158 0  
  1627031449 915325158 0  
  1627031450 915329883 0  
  1627031451 915329883 0  
  1627031452 915335088 0  
  1627031453 915335728 0  
  1627031454 915335796 0  
  1627031455 915335796 0  
  1627031456 915335796 0  
  1627031457 915335796 0  
  1627031458 915335796 0  
  1627031459 915335796 0  
  1627031460 915335796 0  
  1627031461 915335796 0  
  1627031462 915335796 0  
  1627031463 915335796 0  
  1627031464 915335796 0  
  1627031465 915335796 0  
  1627031466 915335796 0  
  1627031467 915335796 0  
  1627031468 915335796 0  
  1627031469 915335796 0  
  1627031470 915335796 0  
  1627031471 915335796 0  
  1627031472 915335796 0  
  1627031473 915335796 0  
  1627031474 915335796 0  
  1627031475 915335796 0  
  1627031476 915335796 0  
  1627031477 915335796 0  
  1627031478 915335796 0  
  1627031479 915335796 0  
  1627031480 915335796 0  
  1627031481 915335796 0  
  1627031482 915335796 0  
  1627031483 915335796 0  
  1627031484 915335796 0  
  1627031485 915335796 0  
  1627031487 915335796 0  
  1627031488 915335796 0  
  1627031489 915335796 0  
  1627031490 915335796 0  
  1627031491 915335796 0  
  1627031492 915335796 0  
  1627031493 915335796 0  
  1627031494 915335796 0  
  1627031495 915335796 0  
  1627031496 915335796 0  
  1627031497 915335796 0  
  1627031498 915335796 0  
  1627031499 915335796 0  
  1627031500 915335796 0  
  1627031501 915335796 0  
  1627031502 915335796 0  
  1627031503 915335796 0  
  1627031504 915335796 0  
  1627031505 915335796 0  
  1627031506 915335796 0  
  1627031507 915335796 0  
  1627031508 915335796 0  
  1627031509 915335796 0  
  1627031510 915335796 0  
  1627031511 915335796 0  
  1627031512 915335796 0  
  1627031513 915335796 0  
  1627031514 915335796 0  
  1627031515 915335796 0  
  1627031516 915335796 0  
  1627031517 915335796 0  
  1627031518 915335796 0  
  1627031519 915335796 0  
  1627031520 915335796 0  
  1627031521 915335796 0  
  1627031522 915335796 0  
  1627031523 915335796 0  
  1627031524 915335796 0  
  1627031526 915335796 0  
  1627031527 915335796 0  
  1627031528 915335796 0  
  1627031529 915335796 0  
  1627031530 915335796 0  
  1627031531 915335796 0  
  1627031532 915335796 0  
  1627031533 915335796 0  
  1627031534 915335796 0  
  1627031535 915335796 0  
  1627031536 915335796 0  
  1627031537 915335796 0  
  1627031538 915335796 0  
  1627031539 915335796 0  
  1627031540 915335796 0  
  1627031541 915335796 0  
  1627031542 915335796 0  
  1627031543 915335796 0  
  1627031544 915335796 0  
  1627031545 915335796 0  
  1627031546 915335796 0  
  1627031547 915335796 0  
  1627031548 915335796 0  
  1627031549 915335796 0  
  1627031550 915335796 0  
  1627031551 915335796 0  
  1627031552 915335796 0  
  1627031553 915335796 0  
  1627031554 915335796 0  
  1627031555 915336202 0  
  1627031556 915336202 0  
  1627031557 915336202 0  
  1627031558 915336202 0  
  1627031559 915336202 0  
  1627031560 915336202 0  
  1627031561 915337358 0  
  1627031562 915337358 0  
  1627031563 915337358 0  
  1627031565 915337358 0  
  1627031566 915337358 0  
  1627031567 915337358 0  
  1627031568 915337358 0  
  1627031569 915337358 0  
  1627031570 915337358 0  
  1627031571 915337954 0  
  1627031572 915337954 0  
  1627031573 915337954 0  
  1627031574 915337954 0  
  1627031575 915337954 0  
  1627031576 915337954 0  
  1627031577 915337954 0  
  1627031578 915337954 0  
  1627031579 915338046 0  
  1627031580 915338138 0  
  1627031581 915338138 0  
  1627031582 915338138 0  
  1627031583 915338138 0  
  1627031584 915338138 0  
  1627031585 915338138 0  
  1627031586 915338138 0  
  1627031587 915338138 0  
  1627031588 915338138 0  
  1627031589 915338138 0  
  1627031590 915338138 0  
  1627031591 915338138 0  
  1627031592 915338138 0  
  1627031593 915338138 0  
  1627031594 915338138 0  
  1627031595 915338138 0  
  1627031596 915338138 0  
  1627031597 915338138 0  
  1627031598 915338138 0  
  1627031599 915338138 0  
  1627031600 915338138 0  
  1627031601 915338138 0  
  1627031602 915338138 0  
  1627031603 915338138 0  
  1627031605 915338138 0  
  1627031606 915338138 0  
  1627031607 915338138 0  
  1627031608 915338138 0  
  1627031609 915338138 0  
  1627031610 915338138 0  
  1627031611 915338138 0  
  1627031612 915338138 0  
  1627031613 915338138 0  
  1627031614 915338138 0  
  1627031615 915338138 0  
  1627031616 915338138 0  
  1627031617 915338138 0  
  1627031618 915338138 0  
  1627031619 915338138 0  
  1627031620 915338138 0  
  1627031621 915338138 0  
  1627031622 915338138 0  
  1627031623 915338138 0  
  1627031624 915338138 0  
  1627031625 915338138 0  
  1627031626 915338138 0  
  1627031627 915338138 0  
  1627031628 915338138 0  
  1627031629 915338138 0  
  1627031630 915338138 0  
  1627031631 915338138 0  
  1627031632 915338138 0  
  1627031633 915342447 0  
  1627031634 915342771 0  
  1627031635 915342771 0  
  1627031636 915343479 0  
  1627031637 915343479 0  
  1627031638 915343479 0  
  1627031639 915343479 0  
  1627031640 915343479 0  
  1627031641 915343479 0  
  1627031642 915343479 0  
  1627031643 915343817 0  
  1627031645 915343817 0  
  1627031646 915343817 0  
  1627031647 915343817 0  
  1627031648 915343817 0  
  1627031649 915343817 0  
  1627031650 915343817 0  
  1627031651 915343817 0  
  1627031652 915343817 0  
  1627031653 915343817 0  
  1627031654 915343817 0  
  1627031655 915343817 0  
  1627031656 915343817 0  
  1627031657 915343817 0  
  1627031658 915343817 0  
  1627031659 915343817 0  
  1627031660 915343817 0  
  1627031661 915343817 0  
  1627031662 915343817 0  
  1627031663 915343817 0  
  1627031664 915343817 0  
  1627031665 915343817 0  
  1627031666 915343817 0  
  1627031667 915343817 0  
  1627031668 915343817 0  
  1627031669 915343817 0  
  1627031670 915343817 0  
  1627031671 915343817 0  
  1627031672 915343817 0  
  1627031673 915343817 0  
  1627031674 915343817 0  
  1627031675 915343817 0  
  1627031676 915343817 0  
  1627031677 915343817 0  
  1627031678 915343817 0  
  1627031679 915343817 0  
  1627031680 915343817 0  
  1627031681 915343817 0  
  1627031682 915343817 0  
  1627031684 915343817 0  
  1627031685 915343817 0  
  1627031686 915343817 0  
  1627031687 915343817 0  
  1627031688 915343817 0  
  1627031689 915343817 0  
  1627031690 915343817 0  
  1627031691 915343817 0  
  1627031692 915343817 0  
  1627031693 915343817 0  
  1627031694 915343817 0  
  1627031695 915343817 0  
  1627031696 915343817 0  
  1627031697 915343817 0  
  1627031698 915343817 0  
  1627031699 915343817 0  
  1627031700 915343817 0  
  1627031701 915343817 0  
  1627031702 915343817 0  
  1627031703 915343817 0  
  1627031704 915343817 0  
  1627031705 915343817 0  
  1627031706 915343817 0  
  1627031707 915343817 0  
  1627031708 915343909 0  
  1627031709 915343909 0  
  1627031710 915343909 0  
  1627031711 915343909 0  
  1627031712 915343909 0  
  1627031713 915343909 0  
  1627031714 915343909 0  
  1627031715 915343909 0  
  1627031716 915343909 0  
  1627031717 915343909 0  
  1627031718 915343909 0  
  1627031719 915343909 0  
  1627031720 915343909 0  
  1627031721 915343909 0  
  1627031723 915343909 0  
  1627031724 915343909 0  
  1627031725 915343909 0  
  1627031726 915343909 0  
  1627031727 915343909 0  
  1627031728 915343909 0  
  1627031729 915343909 0  
  1627031730 915343909 0  
  1627031731 915343909 0  
  1627031732 915343909 0  
  1627031733 915343909 0  
  1627031734 915344266 0  
  1627031735 915344266 0  
  1627031736 915344266 0  
  1627031737 915344266 0  
  1627031738 915344266 0  
  1627031739 915344266 0  
  1627031740 915344266 0  
  1627031741 915348575 0  
  1627031742 915348899 0  
  1627031743 915349751 0  
  1627031744 915354240 0  
  1627031745 915354812 0  
  1627031746 915354812 0  
  1627031747 915354812 0  
  1627031748 915354812 0  
  1627031749 915359445 0  
  1627031750 915359445 0  
  1627031751 915364786 0  
  1627031752 915364786 0  
  1627031753 915365494 0  
  1627031754 915365494 0  
  1627031755 915365494 0  
  1627031756 915365494 0  
  1627031757 915365494 0  
  1627031758 915365494 0  
  1627031759 915365494 0  
  1627031760 915365494 0  
  1627031762 915365494 0  
  1627031763 915365494 0  
  1627031764 915365494 0  
  1627031765 915365494 0  
  1627031766 915365494 0  
  1627031767 915365494 0  
  1627031768 915365494 0  
  1627031769 915365494 0  
  1627031770 915365494 0  
  1627031771 915366090 0  
  1627031772 915366090 0  
  1627031773 915366090 0  
  1627031774 915366090 0  
  1627031775 915366090 0  
  1627031776 915366090 0  
  1627031777 915366090 0  
  1627031778 915366090 0  
  1627031779 915366090 0  
  1627031780 915366090 0  
  1627031781 915366090 0  
  1627031782 915366090 0  
  1627031783 915366090 0  
  1627031784 915366090 0  
  1627031785 915366090 0  
  1627031786 915366090 0  
  1627031787 915366090 0  
  1627031788 915366090 0  
  1627031789 915366090 0  
  1627031790 915366090 0  
  1627031791 915366090 0  
  1627031792 915366090 0  
  1627031793 915366428 0  
  1627031794 915366428 0  
  1627031795 915366428 0  
  1627031796 915366428 0  
  1627031797 915366428 0  
  1627031798 915366428 0  
  1627031799 915366428 0  
  1627031801 915366428 0  
  1627031802 915366428 0  
  1627031803 915366428 0  
  1627031804 915366428 0  
  1627031805 915366428 0  
  1627031806 915366428 0  
  1627031807 915366428 0  
  1627031808 915366428 0  
  1627031809 915366428 0  
  1627031810 915366428 0  
  1627031811 915366428 0  
  1627031812 915366428 0  
  1627031813 915366428 0  
  1627031814 915366428 0  
  1627031815 915366428 0  
  1627031816 915366428 0  
  1627031817 915366428 0  
  1627031818 915366428 0  
  1627031819 915366428 0  
  1627031820 915366428 0  
  1627031821 915366428 0  
  1627031822 915366428 0  
  1627031823 915366428 0  
  1627031824 915366428 0  
  1627031825 915366428 0  
  1627031826 915366428 0  
  1627031827 915366428 0  
  1627031828 915366428 0  
  1627031829 915366428 0  
  1627031830 915366428 0  
  1627031831 915366428 0  
  1627031832 915366428 0  
  1627031833 915366428 0  
  1627031834 915366428 0  
  1627031835 915366428 0  
  1627031836 915366428 0  
  1627031837 915366428 0  
  1627031838 915366612 0  
  1627031840 915366612 0  
  1627031841 915366612 0  
  1627031842 915366612 0  
  1627031843 915366612 0  
  1627031844 915366612 0  
  1627031845 915366612 0  
  1627031846 915366612 0  
  1627031847 915366612 0  
  1627031848 915366612 0  
  1627031849 915366612 0  
  1627031850 915366612 0  
  1627031851 915366612 0  
  1627031852 915366612 0  
  1627031853 915366612 0  
  1627031854 915366612 0  
  1627031855 915366612 0  
  1627031856 915366612 0  
  1627031857 915366612 0  
  1627031858 915366612 0  
  1627031859 915366612 0  
  1627031860 915366612 0  
  1627031861 915366612 0  
  1627031862 915366612 0  
  1627031863 915366612 0  
  1627031864 915366612 0  
  1627031865 915366612 0  
  1627031866 915366612 0  
  1627031867 915366612 0  
  1627031868 915366612 0  
  1627031869 915366612 0  
  1627031870 915366612 0  
  1627031871 915366612 0  
  1627031872 915366612 0  
  1627031873 915366612 0  
  1627031874 915366612 0  
  1627031875 915366612 0  
  1627031876 915366612 0  
  1627031877 915366612 0  
  1627031879 915366612 0  
  1627031880 915366612 0  
  1627031881 915366612 0  
  1627031882 915366612 0  
  1627031883 915366612 0  
  1627031884 915366612 0  
  1627031885 915366612 0  
  1627031886 915366612 0  
  1627031887 915366612 0  
  1627031888 915366612 0  
  1627031889 915366612 0  
  1627031890 915366612 0  
  1627031891 915366612 0  
  1627031892 915366612 0  
  1627031893 915366612 0  
  1627031894 915366612 0  
  1627031895 915366612 0  
  1627031896 915366612 0  
  1627031897 915366612 0  
  1627031898 915366612 0  
  1627031899 915366612 0  
  1627031900 915366612 0  
  1627031901 915366612 0  
  1627031902 915366612 0  
  1627031903 915366612 0  
  1627031904 915366612 0  
  1627031905 915366612 0  
  1627031906 915366612 0  
  1627031907 915366612 0  
  1627031908 915366612 0  
  1627031909 915366612 0  
  1627031910 915366612 0  
  1627031911 915366612 0  
  1627031912 915366612 0  
  1627031913 915366612 0  
  1627031914 915366612 0  
  1627031915 915366612 0  
  1627031916 915366612 0  
  1627031918 915366612 0  
  1627031919 915366612 0  
  1627031920 915366612 0  
  1627031921 915366612 0  
  1627031922 915366612 0  
  1627031923 915366612 0  
  1627031924 915366612 0  
  1627031925 915366612 0  
  1627031926 915366612 0  
  1627031927 915366612 0  
  1627031928 915366612 0  
  1627031929 915366612 0  
  1627031930 915366612 0  
  1627031931 915366612 0  
  1627031932 915366612 0  
  1627031933 915369509 0  
  1627031934 915371327 0  
  1627031935 915371327 0  
  1627031936 915372035 0  
  1627031937 915372035 0  
  1627031938 915372035 0  
  1627031939 915372035 0  
  1627031940 915372035 0  
  1627031941 915372035 0  
  1627031942 915372035 0  
  1627031943 915372373 0  
  1627031944 915372373 0  
  1627031945 915372373 0  
  1627031946 915372373 0  
  1627031947 915372373 0  
  1627031948 915372373 0  
  1627031949 915372373 0  
  1627031950 915372373 0  
  1627031951 915372373 0  
  1627031952 915372373 0  
  1627031953 915372373 0  
  1627031954 915372373 0  
  1627031955 915372373 0  
  1627031957 915372373 0  
  1627031958 915372373 0  
  1627031959 915372373 0  
  1627031960 915372373 0  
  1627031961 915372373 0  
  1627031962 915372373 0  
  1627031963 915372373 0  
  1627031964 915372373 0  
  1627031965 915372373 0  
  1627031966 915372373 0  
  1627031967 915372373 0  
  1627031968 915372465 0  
  1627031969 915372465 0  
  1627031970 915373061 0  
  1627031971 915373061 0  
  1627031972 915373061 0  
  1627031973 915373061 0  
  1627031974 915373061 0  
  1627031975 915373061 0  
  1627031976 915373061 0  
  1627031977 915373061 0  
  1627031978 915373061 0  
  1627031979 915373061 0  
  1627031980 915373061 0  
  1627031981 915373061 0  
  1627031982 915373061 0  
  1627031983 915373061 0  
  1627031984 915373061 0  
  1627031985 915373061 0  
  1627031986 915373061 0  
  1627031987 915373061 0  
  1627031988 915373061 0  
  1627031989 915373061 0  
  1627031990 915373061 0  
  1627031991 915373061 0  
  1627031992 915373061 0  
 