 1626888473 479962524 0  
  1626888474 479962524 0  
  1626888475 479962524 0  
  1626888476 479962524 0  
  1626888477 479965421 0  
  1626888478 479967157 0  
  1626888479 479967157 0  
  1626888480 479967797 0  
  1626888481 479967797 0  
  1626888482 479967797 0  
  1626888483 479967797 0  
  1626888484 479967797 0  
  1626888485 479967797 0  
  1626888486 479967797 0  
  1626888487 479967797 0  
  1626888488 479967797 0  
  1626888489 479967797 0  
  1626888490 479967889 0  
  1626888491 479967889 0  
  1626888492 479967889 0  
  1626888493 479967889 0  
  1626888494 479967889 0  
  1626888495 479967889 0  
  1626888496 479967889 0  
  1626888497 479967889 0  
  1626888498 479967889 0  
  1626888499 479967889 0  
  1626888500 479967889 0  
  1626888501 479967889 0  
  1626888502 479967889 0  
  1626888503 479967889 0  
  1626888504 479967889 0  
  1626888505 479967889 0  
  1626888506 479967889 0  
  1626888507 479967889 0  
  1626888509 479967889 0  
  1626888510 479967889 0  
  1626888511 479967889 0  
  1626888512 479967889 0  
  1626888513 479967889 0  
  1626888514 479967889 0  
  1626888515 479967889 0  
  1626888516 479967889 0  
  1626888517 479967889 0  
  1626888518 479967889 0  
  1626888519 479967889 0  
  1626888520 479967889 0  
  1626888521 479967889 0  
  1626888522 479967889 0  
  1626888523 479967889 0  
  1626888524 479967889 0  
  1626888525 479967889 0  
  1626888526 479967889 0  
  1626888527 479967889 0  
  1626888528 479967889 0  
  1626888529 479967889 0  
  1626888530 479967889 0  
  1626888531 479967889 0  
  1626888532 479967889 0  
  1626888533 479967889 0  
  1626888534 479967889 0  
  1626888535 479967889 0  
  1626888536 479967889 0  
  1626888537 479967889 0  
  1626888538 479967889 0  
  1626888539 479967889 0  
  1626888540 479967889 0  
  1626888541 479967889 0  
  1626888542 479967889 0  
  1626888543 479967889 0  
  1626888544 479967889 0  
  1626888545 479967889 0  
  1626888546 479967889 0  
  1626888547 479967889 0  
  1626888548 479967889 0  
  1626888550 479967889 0  
  1626888551 479967889 0  
  1626888552 479967889 0  
  1626888553 479967889 0  
  1626888554 479967889 0  
  1626888555 479967889 0  
  1626888556 479967889 0  
  1626888557 479967889 0  
  1626888558 479967889 0  
  1626888559 479967889 0  
  1626888560 479967889 0  
  1626888561 479967889 0  
  1626888562 479967889 0  
  1626888563 479967889 0  
  1626888564 479967889 0  
  1626888565 479967889 0  
  1626888566 479967889 0  
  1626888567 479967889 0  
  1626888568 479967889 0  
  1626888569 479967889 0  
  1626888570 479967889 0  
  1626888571 479967889 0  
  1626888572 479967889 0  
  1626888573 479967889 0  
  1626888574 479967889 0  
  1626888575 479967889 0  
  1626888576 479967889 0  
  1626888577 479967889 0  
  1626888578 479967889 0  
  1626888579 479967889 0  
  1626888580 479967889 0  
  1626888581 479967889 0  
  1626888582 479967889 0  
  1626888583 479967889 0  
  1626888584 479967889 0  
  1626888585 479967889 0  
  1626888586 479967889 0  
  1626888587 479967889 0  
  1626888589 479967889 0  
  1626888590 479967889 0  
  1626888591 479967889 0  
  1626888592 479967889 0  
  1626888593 479967889 0  
  1626888594 479967889 0  
  1626888595 479967889 0  
  1626888596 479967889 0  
  1626888597 479967889 0  
  1626888598 479967889 0  
  1626888599 479967889 0  
  1626888600 479967889 0  
  1626888601 479967889 0  
  1626888602 479967889 0  
  1626888603 479967889 0  
  1626888604 479967889 0  
  1626888605 479967889 0  
  1626888606 479967889 0  
  1626888607 479967889 0  
  1626888608 479967889 0  
  1626888609 479967889 0  
  1626888610 479967889 0  
  1626888611 479967889 0  
  1626888612 479967889 0  
  1626888613 479967889 0  
  1626888614 479967889 0  
  1626888615 479967889 0  
  1626888616 479967889 0  
  1626888617 479967889 0  
  1626888618 479967889 0  
  1626888619 479967981 0  
  1626888620 479967981 0  
  1626888621 479967981 0  
  1626888622 479967981 0  
  1626888623 479967981 0  
  1626888624 479967981 0  
  1626888625 479967981 0  
  1626888626 479967981 0  
  1626888627 479967981 0  
  1626888629 479967981 0  
  1626888630 479967981 0  
  1626888631 479967981 0  
  1626888632 479967981 0  
  1626888633 479967981 0  
  1626888634 479967981 0  
  1626888635 479967981 0  
  1626888636 479967981 0  
  1626888637 479967981 0  
  1626888638 479967981 0  
  1626888639 479967981 0  
  1626888640 479968338 0  
  1626888641 479968338 0  
  1626888642 479968338 0  
  1626888643 479968338 0  
  1626888644 479968338 0  
  1626888645 479970299 0  
  1626888646 479972971 0  
  1626888647 479972971 0  
  1626888648 479975640 0  
  1626888649 479978312 0  
  1626888650 479979020 0  
  1626888651 479979020 0  
  1626888652 479979020 0  
  1626888653 479979164 0  
  1626888654 479988286 0  
  1626888655 479988994 0  
  1626888656 479989702 0  
  1626888657 479989702 0  
  1626888658 479989702 0  
  1626888659 479989702 0  
  1626888660 479989702 0  
  1626888661 479989702 0  
  1626888662 479989702 0  
  1626888663 479989702 0  
  1626888664 479989702 0  
  1626888665 479994555 0  
  1626888666 479994555 0  
  1626888668 479995059 0  
  1626888669 479995655 0  
  1626888670 479995655 0  
  1626888671 479995655 0  
  1626888672 479995655 0  
  1626888673 479995655 0  
  1626888674 479995655 0  
  1626888675 479995655 0  
  1626888676 479995655 0  
  1626888677 479995655 0  
  1626888678 479995655 0  
  1626888679 479995655 0  
  1626888680 479995655 0  
  1626888681 479995655 0  
  1626888682 479995655 0  
  1626888683 479995655 0  
  1626888684 479995655 0  
  1626888685 479995655 0  
  1626888686 479995655 0  
  1626888687 479995655 0  
  1626888688 479995655 0  
  1626888689 479995655 0  
  1626888690 479995655 0  
  1626888691 479995655 0  
  1626888692 479995655 0  
  1626888693 479995655 0  
  1626888694 479995655 0  
  1626888695 479995655 0  
  1626888696 479995655 0  
  1626888697 479995655 0  
  1626888698 479995655 0  
  1626888699 479995655 0  
  1626888700 479995655 0  
  1626888701 479995655 0  
  1626888702 479995655 0  
  1626888703 479995655 0  
  1626888704 479995655 0  
  1626888705 479995655 0  
  1626888706 479995655 0  
  1626888708 479995655 0  
  1626888709 479995655 0  
  1626888710 479995655 0  
  1626888711 479995655 0  
  1626888712 479995655 0  
  1626888713 479995655 0  
  1626888714 479995655 0  
  1626888715 479995655 0  
  1626888716 479995655 0  
  1626888717 479995655 0  
  1626888718 479995655 0  
  1626888719 479995655 0  
  1626888720 479995655 0  
  1626888721 479995655 0  
  1626888722 479995655 0  
  1626888723 479995655 0  
  1626888724 479995655 0  
  1626888725 479995655 0  
  1626888726 479995655 0  
  1626888727 479995655 0  
  1626888728 479995655 0  
  1626888729 479995655 0  
  1626888730 479995655 0  
  1626888731 479995655 0  
  1626888732 479995655 0  
  1626888733 479995655 0  
  1626888734 479995655 0  
  1626888735 479995655 0  
  1626888736 479995655 0  
  1626888737 479995655 0  
  1626888738 479995655 0  
  1626888739 479995655 0  
  1626888740 479995655 0  
  1626888741 479995655 0  
  1626888742 479995655 0  
  1626888743 479995655 0  
  1626888744 479995655 0  
  1626888745 479995655 0  
  1626888747 479995655 0  
  1626888748 479995655 0  
  1626888749 479995655 0  
  1626888750 479995747 0  
  1626888751 479995747 0  
  1626888752 479995747 0  
  1626888753 479995747 0  
  1626888754 479995747 0  
  1626888755 479995747 0  
  1626888756 479995747 0  
  1626888757 479995747 0  
  1626888758 479995747 0  
  1626888759 479995747 0  
  1626888760 479995747 0  
  1626888761 479995747 0  
  1626888762 479995747 0  
  1626888763 479995747 0  
  1626888764 479995747 0  
  1626888765 479995747 0  
  1626888766 479995747 0  
  1626888767 479995747 0  
  1626888768 479995747 0  
  1626888769 479997342 0  
  1626888770 479997342 0  
  1626888771 479997342 0  
  1626888772 479997342 0  
  1626888773 479997342 0  
  1626888774 479997342 0  
  1626888775 480001651 0  
  1626888776 480001975 0  
  1626888777 480002615 0  
  1626888778 480002615 0  
  1626888779 480002615 0  
  1626888780 480002615 0  
  1626888781 480002615 0  
  1626888782 480002615 0  
  1626888783 480002615 0  
  1626888784 480002615 0  
  1626888785 480002615 0  
  1626888787 480002615 0  
  1626888788 480002615 0  
  1626888789 480002615 0  
  1626888790 480002615 0  
  1626888791 480002615 0  
  1626888792 480002615 0  
  1626888793 480002615 0  
  1626888794 480002615 0  
  1626888795 480002615 0  
  1626888796 480002615 0  
  1626888797 480002615 0  
  1626888798 480002707 0  
  1626888799 480002707 0  
  1626888800 480002707 0  
  1626888801 480002707 0  
  1626888802 480002707 0  
  1626888803 480002707 0  
  1626888804 480002707 0  
  1626888805 480002707 0  
  1626888806 480002707 0  
  1626888807 480002707 0  
  1626888808 480002707 0  
  1626888809 480002707 0  
  1626888810 480002707 0  
  1626888811 480002707 0  
  1626888812 480002707 0  
  1626888813 480002707 0  
  1626888814 480002707 0  
  1626888815 480002707 0  
 