 1627031025 499098746 0  
  1627031026 499098746 0  
  1627031027 499098746 0  
  1627031028 499098746 0  
  1627031029 499098746 0  
  1627031030 499098746 0  
  1627031031 499098746 0  
  1627031032 499098746 0  
  1627031033 499103055 0  
  1627031034 499103379 0  
  1627031035 499103379 0  
  1627031036 499104087 0  
  1627031037 499104087 0  
  1627031038 499104087 0  
  1627031039 499104087 0  
  1627031040 499104087 0  
  1627031041 499104087 0  
  1627031042 499104087 0  
  1627031043 499104087 0  
  1627031044 499104087 0  
  1627031045 499104087 0  
  1627031046 499104087 0  
  1627031047 499104087 0  
  1627031048 499104087 0  
  1627031049 499104087 0  
  1627031050 499104087 0  
  1627031051 499104087 0  
  1627031052 499104087 0  
  1627031053 499104087 0  
  1627031054 499104087 0  
  1627031055 499104087 0  
  1627031057 499104087 0  
  1627031058 499104087 0  
  1627031059 499104087 0  
  1627031060 499104087 0  
  1627031061 499104087 0  
  1627031062 499104087 0  
  1627031063 499104087 0  
  1627031064 499104087 0  
  1627031065 499104087 0  
  1627031066 499104087 0  
  1627031067 499104087 0  
  1627031068 499104087 0  
  1627031069 499104087 0  
  1627031070 499104087 0  
  1627031071 499104087 0  
  1627031072 499104087 0  
  1627031073 499104087 0  
  1627031074 499104087 0  
  1627031075 499104087 0  
  1627031076 499104087 0  
  1627031077 499104087 0  
  1627031078 499104087 0  
  1627031079 499104087 0  
  1627031080 499104087 0  
  1627031081 499104087 0  
  1627031082 499104087 0  
  1627031083 499104087 0  
  1627031084 499104087 0  
  1627031085 499104087 0  
  1627031086 499104087 0  
  1627031087 499104087 0  
  1627031088 499104087 0  
  1627031089 499104087 0  
  1627031090 499104087 0  
  1627031091 499104087 0  
  1627031092 499104087 0  
  1627031093 499104087 0  
  1627031094 499104087 0  
  1627031096 499104087 0  
  1627031097 499104087 0  
  1627031098 499104087 0  
  1627031099 499104087 0  
  1627031100 499104087 0  
  1627031101 499104087 0  
  1627031102 499104087 0  
  1627031103 499104087 0  
  1627031104 499104087 0  
  1627031105 499104179 0  
  1627031106 499104179 0  
  1627031107 499104179 0  
  1627031108 499104179 0  
  1627031109 499104179 0  
  1627031110 499104179 0  
  1627031111 499104179 0  
  1627031112 499104179 0  
  1627031113 499104179 0  
  1627031114 499104179 0  
  1627031115 499104179 0  
  1627031116 499104179 0  
  1627031117 499104179 0  
  1627031118 499104179 0  
  1627031119 499104179 0  
  1627031120 499104179 0  
  1627031121 499104179 0  
  1627031122 499104179 0  
  1627031123 499104179 0  
  1627031124 499104179 0  
  1627031125 499104179 0  
  1627031126 499104179 0  
  1627031127 499104179 0  
  1627031128 499104179 0  
  1627031129 499104179 0  
  1627031130 499104179 0  
  1627031131 499104179 0  
  1627031132 499104179 0  
  1627031133 499104179 0  
  1627031134 499104800 0  
  1627031136 499104800 0  
  1627031137 499104800 0  
  1627031138 499104800 0  
  1627031139 499104800 0  
  1627031140 499109109 0  
  1627031141 499109433 0  
  1627031142 499109433 0  
  1627031143 499110141 0  
  1627031144 499114774 0  
  1627031145 499114774 0  
  1627031146 499115482 0  
  1627031147 499115482 0  
  1627031148 499115482 0  
  1627031149 499119791 0  
  1627031150 499120115 0  
  1627031151 499124952 0  
  1627031152 499125456 0  
  1627031153 499126096 0  
  1627031154 499126096 0  
  1627031155 499126096 0  
  1627031156 499126096 0  
  1627031157 499126096 0  
  1627031158 499126096 0  
  1627031159 499126096 0  
  1627031160 499126096 0  
  1627031161 499126096 0  
  1627031162 499126096 0  
  1627031163 499126096 0  
  1627031164 499126096 0  
  1627031165 499126096 0  
  1627031166 499126188 0  
  1627031167 499126188 0  
  1627031168 499126188 0  
  1627031169 499126188 0  
  1627031170 499126784 0  
  1627031171 499126784 0  
  1627031172 499126784 0  
  1627031173 499126784 0  
  1627031175 499126784 0  
  1627031176 499126784 0  
  1627031177 499126784 0  
  1627031178 499126784 0  
  1627031179 499126784 0  
  1627031180 499126784 0  
  1627031181 499126784 0  
  1627031182 499126784 0  
  1627031183 499126784 0  
  1627031184 499126784 0  
  1627031185 499126784 0  
  1627031186 499126784 0  
  1627031187 499126784 0  
  1627031188 499126784 0  
  1627031189 499126784 0  
  1627031190 499126784 0  
  1627031191 499126784 0  
  1627031192 499126784 0  
  1627031193 499126784 0  
  1627031194 499126784 0  
  1627031195 499126784 0  
  1627031196 499126784 0  
  1627031197 499126784 0  
  1627031198 499126784 0  
  1627031199 499126784 0  
  1627031200 499126784 0  
  1627031201 499126784 0  
  1627031202 499126784 0  
  1627031203 499126784 0  
  1627031204 499126784 0  
  1627031205 499126784 0  
  1627031206 499126784 0  
  1627031207 499126784 0  
  1627031208 499126784 0  
  1627031209 499126784 0  
  1627031210 499126784 0  
  1627031211 499126784 0  
  1627031212 499126784 0  
  1627031214 499126784 0  
  1627031215 499126784 0  
  1627031216 499126784 0  
  1627031217 499126784 0  
  1627031218 499126784 0  
  1627031219 499126784 0  
  1627031220 499126784 0  
  1627031221 499126784 0  
  1627031222 499126784 0  
  1627031223 499126784 0  
  1627031224 499126784 0  
  1627031225 499126784 0  
  1627031226 499126784 0  
  1627031227 499126784 0  
  1627031228 499126784 0  
  1627031229 499126784 0  
  1627031230 499126784 0  
  1627031231 499126784 0  
  1627031232 499126784 0  
  1627031233 499126784 0  
  1627031234 499126784 0  
  1627031235 499126784 0  
  1627031236 499126784 0  
  1627031237 499126784 0  
  1627031238 499126784 0  
  1627031239 499126784 0  
  1627031240 499126784 0  
  1627031241 499126784 0  
  1627031242 499126784 0  
  1627031243 499126784 0  
  1627031244 499126784 0  
  1627031245 499126784 0  
  1627031246 499126784 0  
  1627031247 499126784 0  
  1627031248 499126784 0  
  1627031249 499126784 0  
  1627031250 499126784 0  
  1627031251 499126784 0  
  1627031253 499126784 0  
  1627031254 499126784 0  
  1627031255 499126784 0  
  1627031256 499126784 0  
  1627031257 499126784 0  
  1627031258 499126784 0  
  1627031259 499126784 0  
  1627031260 499126784 0  
  1627031261 499126784 0  
  1627031262 499126784 0  
  1627031263 499126784 0  
  1627031264 499126784 0  
  1627031265 499126784 0  
  1627031266 499126784 0  
  1627031267 499126784 0  
  1627031268 499126784 0  
  1627031269 499126784 0  
  1627031270 499126784 0  
  1627031271 499126784 0  
  1627031272 499126784 0  
  1627031273 499126784 0  
  1627031274 499126784 0  
  1627031275 499126784 0  
  1627031276 499126784 0  
  1627031277 499126784 0  
  1627031278 499126784 0  
  1627031279 499126784 0  
  1627031280 499126784 0  
  1627031281 499126784 0  
  1627031282 499126784 0  
  1627031283 499126784 0  
  1627031284 499126784 0  
  1627031285 499126784 0  
  1627031286 499126784 0  
  1627031287 499126784 0  
  1627031288 499126784 0  
  1627031289 499126784 0  
  1627031291 499126784 0  
  1627031292 499126784 0  
  1627031293 499126784 0  
  1627031294 499126784 0  
  1627031295 499126784 0  
  1627031296 499126784 0  
  1627031297 499126784 0  
  1627031298 499126784 0  
  1627031299 499126784 0  
  1627031300 499126784 0  
  1627031301 499126784 0  
  1627031302 499126784 0  
  1627031303 499126784 0  
  1627031304 499126784 0  
  1627031305 499126784 0  
  1627031306 499126784 0  
  1627031307 499126784 0  
  1627031308 499126784 0  
  1627031309 499126784 0  
  1627031310 499126784 0  
  1627031311 499126784 0  
  1627031312 499126784 0  
  1627031313 499126784 0  
  1627031314 499126784 0  
  1627031315 499126784 0  
  1627031316 499126784 0  
  1627031317 499126784 0  
  1627031318 499126784 0  
  1627031319 499126784 0  
  1627031320 499126784 0  
  1627031321 499126784 0  
  1627031322 499126784 0  
  1627031323 499126784 0  
  1627031324 499126784 0  
  1627031325 499126784 0  
  1627031326 499126784 0  
  1627031327 499126784 0  
  1627031328 499126784 0  
  1627031330 499126784 0  
  1627031331 499126784 0  
  1627031332 499126784 0  
  1627031333 499126784 0  
  1627031334 499131093 0  
  1627031335 499131417 0  
  1627031336 499132125 0  
  1627031337 499132125 0  
  1627031338 499132125 0  
  1627031339 499132125 0  
  1627031340 499132125 0  
  1627031341 499132125 0  
  1627031342 499132125 0  
  1627031343 499132125 0  
  1627031344 499132125 0  
  1627031345 499132125 0  
  1627031346 499132125 0  
  1627031347 499132125 0  
  1627031348 499132125 0  
  1627031349 499132125 0  
  1627031350 499132125 0  
  1627031351 499132125 0  
  1627031352 499132125 0  
  1627031353 499132125 0  
  1627031354 499132125 0  
  1627031355 499132125 0  
  1627031356 499132125 0  
  1627031357 499132125 0  
  1627031358 499132125 0  
  1627031359 499132125 0  
  1627031360 499132125 0  
  1627031361 499132125 0  
  1627031362 499132125 0  
  1627031363 499132125 0  
  1627031364 499132217 0  
  1627031365 499132217 0  
  1627031366 499132217 0  
  1627031367 499132217 0  
  1627031369 499132217 0  
  1627031370 499132217 0  
  1627031371 499132813 0  
  1627031372 499132813 0  
  1627031373 499132813 0  
  1627031374 499132813 0  
  1627031375 499132813 0  
  1627031376 499132813 0  
  1627031377 499132813 0  
  1627031378 499132813 0  
  1627031379 499132813 0  
  1627031380 499132813 0  
  1627031381 499132813 0  
  1627031382 499132813 0  
  1627031383 499132813 0  
  1627031384 499132813 0  
  1627031385 499132813 0  
  1627031386 499132813 0  
  1627031387 499132813 0  
  1627031388 499132813 0  
  1627031389 499132813 0  
  1627031390 499132813 0  
  1627031391 499132813 0  
  1627031392 499132813 0  
  1627031393 499132813 0  
  1627031394 499132813 0  
  1627031395 499132813 0  
  1627031396 499132813 0  
  1627031397 499132813 0  
  1627031398 499132813 0  
  1627031399 499132813 0  
  1627031400 499132813 0  
  1627031401 499132813 0  
  1627031402 499132813 0  
  1627031403 499132813 0  
  1627031404 499132813 0  
  1627031405 499132813 0  
  1627031406 499132813 0  
  1627031408 499132813 0  
  1627031409 499132813 0  
  1627031410 499132813 0  
  1627031411 499132813 0  
  1627031412 499132813 0  
  1627031413 499132813 0  
  1627031414 499132813 0  
  1627031415 499132813 0  
  1627031416 499132813 0  
  1627031417 499132813 0  
  1627031418 499132813 0  
  1627031419 499132813 0  
  1627031420 499132813 0  
  1627031421 499132813 0  
  1627031422 499132905 0  
  1627031423 499132905 0  
  1627031424 499132905 0  
  1627031425 499132905 0  
  1627031426 499132905 0  
  1627031427 499132905 0  
  1627031428 499132905 0  
  1627031429 499132905 0  
  1627031430 499132905 0  
  1627031431 499132905 0  
  1627031432 499132905 0  
  1627031433 499132905 0  
  1627031434 499133697 0  
  1627031435 499133697 0  
  1627031436 499133697 0  
  1627031437 499133697 0  
  1627031438 499133697 0  
  1627031439 499136594 0  
  1627031440 499138330 0  
  1627031441 499138330 0  
  1627031442 499139038 0  
  1627031443 499143671 0  
  1627031444 499143671 0  
  1627031446 499144379 0  
  1627031447 499144379 0  
  1627031448 499144379 0  
  1627031449 499144523 0  
  1627031450 499149012 0  
  1627031451 499149720 0  
  1627031452 499154353 0  
  1627031453 499155061 0  
  1627031454 499155061 0  
  1627031455 499155061 0  
  1627031456 499155061 0  
  1627031457 499155061 0  
  1627031458 499155061 0  
  1627031459 499155061 0  
  1627031460 499155061 0  
  1627031461 499155061 0  
  1627031462 499155061 0  
  1627031463 499155061 0  
  1627031464 499155061 0  
  1627031465 499155061 0  
  1627031466 499155061 0  
  1627031467 499155061 0  
  1627031468 499155061 0  
  1627031469 499155061 0  
  1627031470 499155061 0  
  1627031471 499155061 0  
  1627031472 499155061 0  
  1627031473 499155061 0  
  1627031474 499155061 0  
  1627031475 499155061 0  
  1627031476 499155061 0  
  1627031477 499155061 0  
  1627031478 499155061 0  
  1627031479 499155061 0  
  1627031480 499155061 0  
  1627031481 499155061 0  
  1627031482 499155061 0  
  1627031483 499155061 0  
  1627031485 499155061 0  
  1627031486 499155061 0  
  1627031487 499155061 0  
  1627031488 499155061 0  
  1627031489 499155061 0  
  1627031490 499155061 0  
  1627031491 499155061 0  
  1627031492 499155061 0  
  1627031493 499155061 0  
  1627031494 499155061 0  
  1627031495 499155061 0  
  1627031496 499155061 0  
  1627031497 499155061 0  
  1627031498 499155061 0  
  1627031499 499155061 0  
  1627031500 499155061 0  
  1627031501 499155061 0  
  1627031502 499155061 0  
  1627031503 499155061 0  
  1627031504 499155061 0  
  1627031505 499155061 0  
  1627031506 499155061 0  
  1627031507 499155061 0  
  1627031508 499155061 0  
  1627031509 499155061 0  
  1627031510 499155061 0  
  1627031511 499155061 0  
  1627031512 499155061 0  
  1627031513 499155061 0  
  1627031514 499155061 0  
  1627031515 499155061 0  
  1627031516 499155061 0  
  1627031517 499155061 0  
  1627031518 499155061 0  
  1627031519 499155061 0  
  1627031520 499155061 0  
  1627031521 499155061 0  
  1627031522 499155061 0  
  1627031523 499155061 0  
  1627031525 499155061 0  
  1627031526 499155061 0  
  1627031527 499155061 0  
  1627031528 499155061 0  
  1627031529 499155061 0  
  1627031530 499155061 0  
  1627031531 499155061 0  
  1627031532 499155061 0  
  1627031533 499155061 0  
  1627031534 499155061 0  
  1627031535 499155061 0  
  1627031536 499155061 0  
  1627031537 499155061 0  
  1627031538 499155061 0  
  1627031539 499155061 0  
  1627031540 499155061 0  
  1627031541 499155061 0  
  1627031542 499155061 0  
  1627031543 499155061 0  
  1627031544 499155061 0  
  1627031545 499155061 0  
  1627031546 499155061 0  
  1627031547 499155061 0  
  1627031548 499155061 0  
  1627031549 499155061 0  
  1627031550 499155061 0  
  1627031551 499155061 0  
  1627031552 499155061 0  
  1627031553 499155061 0  
  1627031554 499155061 0  
  1627031555 499155129 0  
  1627031556 499155129 0  
  1627031557 499155129 0  
  1627031558 499155129 0  
  1627031559 499155129 0  
  1627031560 499155129 0  
  1627031561 499156285 0  
  1627031562 499156285 0  
  1627031564 499156285 0  
  1627031565 499156285 0  
  1627031566 499156285 0  
  1627031567 499156285 0  
  1627031568 499156285 0  
  1627031569 499156285 0  
  1627031570 499156285 0  
  1627031571 499156881 0  
  1627031572 499156881 0  
  1627031573 499156881 0  
  1627031574 499156881 0  
  1627031575 499156881 0  
  1627031576 499156881 0  
  1627031577 499156881 0  
  1627031578 499156881 0  
  1627031579 499156881 0  
  1627031580 499156881 0  
  1627031581 499156881 0  
  1627031582 499156881 0  
  1627031583 499156881 0  
  1627031584 499156881 0  
  1627031585 499156881 0  
  1627031586 499156881 0  
  1627031587 499156881 0  
  1627031588 499156881 0  
  1627031589 499156881 0  
  1627031590 499156881 0  
  1627031591 499156881 0  
  1627031592 499156881 0  
  1627031593 499156881 0  
  1627031594 499156881 0  
  1627031595 499156881 0  
  1627031596 499156881 0  
  1627031597 499156881 0  
  1627031598 499156881 0  
  1627031599 499156881 0  
  1627031600 499156881 0  
  1627031601 499156881 0  
  1627031603 499156881 0  
  1627031604 499156881 0  
  1627031605 499156881 0  
  1627031606 499156881 0  
  1627031607 499156881 0  
  1627031608 499156881 0  
  1627031609 499156881 0  
  1627031610 499156881 0  
  1627031611 499156881 0  
  1627031612 499156881 0  
  1627031613 499156881 0  
  1627031614 499156881 0  
  1627031615 499156881 0  
  1627031616 499156881 0  
  1627031617 499156881 0  
  1627031618 499156881 0  
  1627031619 499156881 0  
  1627031620 499156881 0  
  1627031621 499156881 0  
  1627031622 499156881 0  
  1627031623 499156881 0  
  1627031624 499156881 0  
  1627031625 499156973 0  
  1627031626 499156973 0  
  1627031627 499156973 0  
  1627031628 499156973 0  
  1627031629 499156973 0  
  1627031630 499156973 0  
  1627031631 499156973 0  
  1627031632 499156973 0  
  1627031633 499161282 0  
  1627031634 499161606 0  
  1627031635 499161606 0  
  1627031636 499162314 0  
  1627031637 499162314 0  
  1627031638 499162314 0  
  1627031639 499162314 0  
  1627031640 499162314 0  
  1627031642 499162314 0  
  1627031643 499162314 0  
  1627031644 499162314 0  
  1627031645 499162314 0  
  1627031646 499162314 0  
  1627031647 499162314 0  
  1627031648 499162314 0  
  1627031649 499162314 0  
  1627031650 499162314 0  
  1627031651 499162314 0  
  1627031652 499162314 0  
  1627031653 499162314 0  
  1627031654 499162314 0  
  1627031655 499162314 0  
  1627031656 499162314 0  
  1627031657 499162314 0  
  1627031658 499162314 0  
  1627031659 499162314 0  
  1627031660 499162314 0  
  1627031661 499162314 0  
  1627031662 499162314 0  
  1627031663 499162314 0  
  1627031664 499162314 0  
  1627031665 499162314 0  
  1627031666 499162314 0  
  1627031667 499162314 0  
  1627031668 499162314 0  
  1627031669 499162314 0  
  1627031670 499162314 0  
  1627031671 499162314 0  
  1627031672 499162314 0  
  1627031673 499162314 0  
  1627031674 499162314 0  
  1627031675 499162314 0  
  1627031676 499162314 0  
  1627031677 499162314 0  
  1627031678 499162314 0  
  1627031679 499162314 0  
  1627031681 499162406 0  
  1627031682 499162406 0  
  1627031683 499162406 0  
  1627031684 499162406 0  
  1627031685 499162406 0  
  1627031686 499162406 0  
  1627031687 499162406 0  
  1627031688 499162406 0  
  1627031689 499162406 0  
  1627031690 499162406 0  
  1627031691 499162406 0  
  1627031692 499162406 0  
  1627031693 499162406 0  
  1627031694 499162406 0  
  1627031695 499162406 0  
  1627031696 499162406 0  
  1627031697 499162406 0  
  1627031698 499162406 0  
  1627031699 499162406 0  
  1627031700 499162406 0  
  1627031701 499162406 0  
  1627031702 499162406 0  
  1627031703 499162406 0  
  1627031704 499162406 0  
  1627031705 499162406 0  
  1627031706 499162406 0  
  1627031707 499162406 0  
  1627031708 499162406 0  
  1627031709 499162406 0  
  1627031710 499162406 0  
  1627031711 499162406 0  
  1627031712 499162406 0  
  1627031713 499162406 0  
  1627031714 499162406 0  
  1627031715 499162406 0  
  1627031716 499162406 0  
  1627031717 499162406 0  
  1627031718 499162406 0  
  1627031720 499162406 0  
  1627031721 499162406 0  
  1627031722 499162406 0  
  1627031723 499162406 0  
  1627031724 499162406 0  
  1627031725 499162406 0  
  1627031726 499162406 0  
  1627031727 499162406 0  
  1627031728 499162406 0  
  1627031729 499162406 0  
  1627031730 499162406 0  
  1627031731 499162406 0  
  1627031732 499162406 0  
  1627031733 499162406 0  
  1627031734 499162763 0  
  1627031735 499162763 0  
  1627031736 499162763 0  
  1627031737 499162763 0  
  1627031738 499162763 0  
  1627031739 499162763 0  
  1627031740 499162763 0  
  1627031741 499167396 0  
  1627031742 499167396 0  
  1627031743 499170065 0  
  1627031744 499172737 0  
  1627031745 499173445 0  
  1627031746 499173445 0  
  1627031747 499173445 0  
  1627031748 499173445 0  
  1627031749 499178214 0  
  1627031750 499178214 0  
  1627031751 499183555 0  
  1627031752 499183555 0  
  1627031753 499184195 0  
  1627031754 499184195 0  
  1627031755 499184195 0  
  1627031756 499184195 0  
  1627031758 499184195 0  
  1627031759 499184195 0  
  1627031760 499184195 0  
  1627031761 499184195 0  
  1627031762 499184195 0  
  1627031763 499184195 0  
  1627031764 499184195 0  
  1627031765 499184195 0  
  1627031766 499184195 0  
  1627031767 499184195 0  
  1627031768 499184195 0  
  1627031769 499184195 0  
  1627031770 499184195 0  
  1627031771 499184791 0  
  1627031772 499184791 0  
  1627031773 499184791 0  
  1627031774 499184791 0  
  1627031775 499184791 0  
  1627031776 499184791 0  
  1627031777 499184791 0  
  1627031778 499184791 0  
  1627031779 499184791 0  
  1627031780 499184791 0  
  1627031781 499184791 0  
  1627031782 499184791 0  
  1627031783 499184791 0  
  1627031784 499184791 0  
  1627031785 499184791 0  
  1627031786 499184791 0  
  1627031787 499184791 0  
  1627031788 499184791 0  
  1627031789 499184791 0  
  1627031790 499184791 0  
  1627031791 499184791 0  
  1627031792 499184791 0  
  1627031793 499184791 0  
  1627031794 499184791 0  
  1627031795 499184791 0  
  1627031797 499184791 0  
  1627031798 499184791 0  
  1627031799 499184791 0  
  1627031800 499184791 0  
  1627031801 499184791 0  
  1627031802 499184791 0  
  1627031803 499184791 0  
  1627031804 499184791 0  
  1627031805 499184791 0  
  1627031806 499184791 0  
  1627031807 499184791 0  
  1627031808 499184791 0  
  1627031809 499184791 0  
  1627031810 499184791 0  
  1627031811 499184791 0  
  1627031812 499184791 0  
  1627031813 499184791 0  
  1627031814 499184791 0  
  1627031815 499184791 0  
  1627031816 499184791 0  
  1627031817 499184791 0  
  1627031818 499184791 0  
  1627031819 499184791 0  
  1627031820 499184791 0  
  1627031821 499184791 0  
  1627031822 499184791 0  
  1627031823 499184791 0  
  1627031824 499184791 0  
  1627031825 499184791 0  
  1627031826 499185129 0  
  1627031827 499185129 0  
  1627031828 499185129 0  
  1627031829 499185129 0  
  1627031830 499185129 0  
  1627031831 499185129 0  
  1627031832 499185129 0  
  1627031833 499185129 0  
  1627031834 499185129 0  
  1627031835 499185129 0  
  1627031837 499185129 0  
  1627031838 499185129 0  
  1627031839 499185129 0  
  1627031840 499185129 0  
  1627031841 499185129 0  
  1627031842 499185129 0  
  1627031843 499185129 0  
  1627031844 499185129 0  
  1627031845 499185129 0  
  1627031846 499185129 0  
  1627031847 499185129 0  
  1627031848 499185129 0  
  1627031849 499185129 0  
  1627031850 499185129 0  
  1627031851 499185129 0  
  1627031852 499185129 0  
  1627031853 499185129 0  
  1627031854 499185129 0  
  1627031855 499185129 0  
  1627031856 499185129 0  
  1627031857 499185129 0  
  1627031858 499185129 0  
  1627031859 499185129 0  
  1627031860 499185129 0  
  1627031861 499185129 0  
  1627031862 499185129 0  
  1627031863 499185129 0  
  1627031864 499185129 0  
  1627031865 499185129 0  
  1627031866 499185129 0  
  1627031867 499185129 0  
  1627031868 499185129 0  
  1627031869 499185129 0  
  1627031870 499185129 0  
  1627031871 499185129 0  
  1627031872 499185129 0  
  1627031873 499185129 0  
  1627031874 499185129 0  
  1627031875 499185129 0  
  1627031877 499185129 0  
  1627031878 499185129 0  
  1627031879 499185129 0  
  1627031880 499185129 0  
  1627031881 499185129 0  
  1627031882 499185129 0  
  1627031883 499185129 0  
  1627031884 499185129 0  
  1627031885 499185221 0  
  1627031886 499185221 0  
  1627031887 499185221 0  
  1627031888 499185221 0  
  1627031889 499185277 0  
  1627031890 499185277 0  
  1627031891 499185277 0  
  1627031892 499185277 0  
  1627031893 499185277 0  
  1627031894 499185277 0  
  1627031895 499185277 0  
  1627031896 499185277 0  
  1627031897 499185277 0  
  1627031898 499185277 0  
  1627031899 499185277 0  
  1627031900 499185277 0  
  1627031901 499185277 0  
  1627031902 499185277 0  
  1627031903 499185277 0  
  1627031904 499185277 0  
  1627031905 499185277 0  
  1627031906 499185277 0  
  1627031907 499185277 0  
  1627031908 499185277 0  
  1627031909 499185277 0  
  1627031910 499185277 0  
  1627031911 499185277 0  
  1627031912 499185277 0  
  1627031913 499185277 0  
  1627031914 499185277 0  
  1627031915 499185277 0  
  1627031917 499185277 0  
  1627031918 499185277 0  
  1627031919 499185277 0  
  1627031920 499185277 0  
  1627031921 499185277 0  
  1627031922 499185277 0  
  1627031923 499185277 0  
  1627031924 499185277 0  
  1627031925 499185277 0  
  1627031926 499185277 0  
  1627031927 499185277 0  
  1627031928 499185277 0  
  1627031929 499185277 0  
  1627031930 499185277 0  
  1627031931 499185277 0  
  1627031932 499185277 0  
  1627031933 499188312 0  
  1627031934 499190048 0  
  1627031935 499190048 0  
  1627031936 499190756 0  
  1627031937 499190756 0  
  1627031938 499190756 0  
  1627031939 499190756 0  
  1627031940 499190848 0  
  1627031941 499190848 0  
  1627031942 499190848 0  
  1627031943 499191186 0  
  1627031944 499191186 0  
  1627031945 499191186 0  
  1627031946 499191186 0  
  1627031947 499191186 0  
  1627031948 499191186 0  
  1627031949 499191186 0  
  1627031950 499191186 0  
  1627031951 499191186 0  
  1627031952 499191186 0  
  1627031953 499191186 0  
  1627031954 499191186 0  
  1627031955 499191186 0  
  1627031957 499191186 0  
  1627031958 499191186 0  
  1627031959 499191186 0  
  1627031960 499191186 0  
  1627031961 499191186 0  
  1627031962 499191186 0  
  1627031963 499191186 0  
  1627031964 499191186 0  
  1627031965 499191186 0  
  1627031966 499191186 0  
  1627031967 499191186 0  
  1627031968 499191186 0  
  1627031969 499191186 0  
  1627031970 499191782 0  
  1627031971 499191782 0  
  1627031972 499191782 0  
  1627031973 499191782 0  
  1627031974 499191782 0  
  1627031975 499191782 0  
  1627031976 499191782 0  
  1627031977 499191782 0  
  1627031978 499191782 0  
  1627031979 499191782 0  
  1627031980 499191782 0  
  1627031981 499191782 0  
  1627031982 499191782 0  
  1627031983 499191782 0  
  1627031984 499191782 0  
  1627031985 499191782 0  
  1627031986 499191782 0  
  1627031987 499191782 0  
  1627031988 499191782 0  
  1627031989 499191782 0  
  1627031990 499191782 0  
  1627031991 499191782 0  
  1627031992 499191782 0  
 