 1627019565 504094702 0  
  1627019566 504094702 0  
  1627019567 504094702 0  
  1627019568 504094702 0  
  1627019569 504094702 0  
  1627019570 504094702 0  
  1627019571 504094702 0  
  1627019572 504094702 0  
  1627019573 504094702 0  
  1627019574 504094702 0  
  1627019575 504094702 0  
  1627019576 504094702 0  
  1627019577 504094702 0  
  1627019578 504094702 0  
  1627019579 504094702 0  
  1627019580 504094702 0  
  1627019581 504094702 0  
  1627019582 504094702 0  
  1627019583 504094702 0  
  1627019584 504094702 0  
  1627019585 504094702 0  
  1627019586 504094702 0  
  1627019587 504094702 0  
  1627019588 504094702 0  
  1627019589 504094702 0  
  1627019590 504094702 0  
  1627019591 504094702 0  
  1627019592 504094702 0  
  1627019593 504094702 0  
  1627019594 504094702 0  
  1627019595 504094702 0  
  1627019597 504094702 0  
  1627019598 504094702 0  
  1627019599 504094702 0  
  1627019600 504094702 0  
  1627019601 504094702 0  
  1627019602 504094702 0  
  1627019603 504094702 0  
  1627019604 504094702 0  
  1627019605 504094702 0  
  1627019606 504094702 0  
  1627019607 504094702 0  
  1627019608 504094702 0  
  1627019609 504094702 0  
  1627019610 504094702 0  
  1627019611 504094702 0  
  1627019612 504094702 0  
  1627019613 504094702 0  
  1627019614 504094702 0  
  1627019615 504094702 0  
  1627019616 504094702 0  
  1627019617 504094702 0  
  1627019618 504094702 0  
  1627019619 504099011 0  
  1627019620 504099335 0  
  1627019621 504099335 0  
  1627019622 504100043 0  
  1627019623 504100043 0  
  1627019624 504100043 0  
  1627019625 504100135 0  
  1627019626 504100135 0  
  1627019627 504100135 0  
  1627019628 504100135 0  
  1627019629 504100135 0  
  1627019630 504100135 0  
  1627019631 504100135 0  
  1627019632 504100135 0  
  1627019633 504100135 0  
  1627019634 504100135 0  
  1627019635 504100135 0  
  1627019637 504100135 0  
  1627019638 504100135 0  
  1627019639 504100135 0  
  1627019640 504100135 0  
  1627019641 504100135 0  
  1627019642 504100135 0  
  1627019643 504100135 0  
  1627019644 504100135 0  
  1627019645 504100135 0  
  1627019646 504100135 0  
  1627019647 504100135 0  
  1627019648 504100135 0  
  1627019649 504100135 0  
  1627019650 504100135 0  
  1627019651 504100135 0  
  1627019652 504100135 0  
  1627019653 504100135 0  
  1627019654 504100135 0  
  1627019655 504100135 0  
  1627019656 504100135 0  
  1627019657 504100135 0  
  1627019658 504100135 0  
  1627019659 504100135 0  
  1627019660 504100135 0  
  1627019661 504100135 0  
  1627019662 504100135 0  
  1627019663 504100135 0  
  1627019664 504100135 0  
  1627019665 504100135 0  
  1627019666 504100135 0  
  1627019667 504100135 0  
  1627019668 504100135 0  
  1627019669 504100135 0  
  1627019670 504100731 0  
  1627019671 504100731 0  
  1627019672 504100731 0  
  1627019673 504100731 0  
  1627019674 504100731 0  
  1627019676 504100731 0  
  1627019677 504100731 0  
  1627019678 504100731 0  
  1627019679 504100731 0  
  1627019680 504100731 0  
  1627019681 504100731 0  
  1627019682 504100731 0  
  1627019683 504100731 0  
  1627019684 504100731 0  
  1627019685 504100731 0  
  1627019686 504100731 0  
  1627019687 504100731 0  
  1627019688 504100731 0  
  1627019689 504100731 0  
  1627019690 504100731 0  
  1627019691 504100731 0  
  1627019692 504100731 0  
  1627019693 504100731 0  
  1627019694 504100731 0  
  1627019695 504100731 0  
  1627019696 504100731 0  
  1627019697 504100731 0  
  1627019698 504100731 0  
  1627019699 504100731 0  
  1627019700 504100731 0  
  1627019701 504100731 0  
  1627019702 504100731 0  
  1627019703 504100731 0  
  1627019704 504100731 0  
  1627019705 504100731 0  
  1627019706 504100731 0  
  1627019707 504100731 0  
  1627019708 504100731 0  
  1627019709 504100731 0  
  1627019710 504100731 0  
  1627019711 504100731 0  
  1627019712 504100731 0  
  1627019713 504100731 0  
  1627019714 504100731 0  
  1627019716 504100731 0  
  1627019717 504100731 0  
  1627019718 504100731 0  
  1627019719 504100731 0  
  1627019720 504100731 0  
  1627019721 504100731 0  
  1627019722 504100731 0  
  1627019723 504100731 0  
  1627019724 504100731 0  
  1627019725 504100731 0  
  1627019726 504100731 0  
  1627019727 504100731 0  
  1627019728 504100731 0  
  1627019729 504100731 0  
  1627019730 504100731 0  
  1627019731 504100731 0  
  1627019732 504100731 0  
  1627019733 504100731 0  
  1627019734 504100731 0  
  1627019735 504100731 0  
  1627019736 504100731 0  
  1627019737 504101088 0  
  1627019738 504101088 0  
  1627019739 504101088 0  
  1627019740 504101088 0  
  1627019741 504101088 0  
  1627019742 504101088 0  
  1627019743 504105397 0  
  1627019744 504105721 0  
  1627019745 504111062 0  
  1627019746 504111062 0  
  1627019747 504111702 0  
  1627019748 504111702 0  
  1627019749 504111702 0  
  1627019750 504111702 0  
  1627019751 504120968 0  
  1627019752 504120968 0  
  1627019753 504122384 0  
  1627019755 504122384 0  
  1627019756 504122384 0  
  1627019757 504122384 0  
  1627019758 504122384 0  
  1627019759 504122384 0  
  1627019760 504122384 0  
  1627019761 504122384 0  
  1627019762 504122384 0  
  1627019763 504122384 0  
  1627019764 504122384 0  
  1627019765 504122384 0  
  1627019766 504122384 0  
  1627019767 504122384 0  
  1627019768 504122384 0  
  1627019769 504122384 0  
  1627019770 504122384 0  
  1627019771 504122384 0  
  1627019772 504122384 0  
  1627019773 504122384 0  
  1627019774 504122384 0  
  1627019775 504122384 0  
  1627019776 504122384 0  
  1627019777 504122384 0  
  1627019778 504122384 0  
  1627019779 504122384 0  
  1627019780 504122384 0  
  1627019781 504122384 0  
  1627019782 504122384 0  
  1627019783 504122384 0  
  1627019784 504122384 0  
  1627019785 504122384 0  
  1627019786 504122384 0  
  1627019787 504122384 0  
  1627019788 504122384 0  
  1627019789 504122384 0  
  1627019790 504122384 0  
  1627019791 504122384 0  
  1627019792 504122384 0  
  1627019794 504122384 0  
  1627019795 504122384 0  
  1627019796 504122384 0  
  1627019797 504122384 0  
  1627019798 504122384 0  
  1627019799 504122384 0  
  1627019800 504122384 0  
  1627019801 504122384 0  
  1627019802 504122384 0  
  1627019803 504122384 0  
  1627019804 504122384 0  
  1627019805 504122384 0  
  1627019806 504122384 0  
  1627019807 504122384 0  
  1627019808 504122384 0  
  1627019809 504122384 0  
  1627019810 504122384 0  
  1627019811 504122384 0  
  1627019812 504122384 0  
  1627019813 504122384 0  
  1627019814 504122384 0  
  1627019815 504122384 0  
  1627019816 504122384 0  
  1627019817 504122384 0  
  1627019818 504122384 0  
  1627019819 504122384 0  
  1627019820 504122384 0  
  1627019821 504122384 0  
  1627019822 504122384 0  
  1627019823 504122384 0  
  1627019824 504122384 0  
  1627019825 504122384 0  
  1627019826 504122384 0  
  1627019827 504122384 0  
  1627019828 504122384 0  
  1627019829 504122384 0  
  1627019830 504122384 0  
  1627019831 504122384 0  
  1627019833 504122384 0  
  1627019834 504122384 0  
  1627019835 504122384 0  
  1627019836 504122384 0  
  1627019837 504122384 0  
  1627019838 504122384 0  
  1627019839 504122384 0  
  1627019840 504122384 0  
  1627019841 504122384 0  
  1627019842 504122384 0  
  1627019843 504122384 0  
  1627019844 504122384 0  
  1627019845 504122384 0  
  1627019846 504122384 0  
  1627019847 504122384 0  
  1627019848 504122384 0  
  1627019849 504122384 0  
  1627019850 504122384 0  
  1627019851 504122384 0  
  1627019852 504122384 0  
  1627019853 504122384 0  
  1627019854 504122384 0  
  1627019855 504122452 0  
  1627019856 504122452 0  
  1627019857 504122452 0  
  1627019858 504122452 0  
  1627019859 504122452 0  
  1627019860 504122452 0  
  1627019861 504123608 0  
  1627019862 504123608 0  
  1627019863 504123608 0  
  1627019864 504123608 0  
  1627019865 504123608 0  
  1627019866 504123608 0  
  1627019867 504123608 0  
  1627019868 504123608 0  
  1627019869 504123608 0  
  1627019870 504124204 0  
  1627019872 504124204 0  
  1627019873 504124204 0  
  1627019874 504124204 0  
  1627019875 504124204 0  
  1627019876 504124204 0  
  1627019877 504124204 0  
  1627019878 504124204 0  
  1627019879 504124204 0  
  1627019880 504124204 0  
  1627019881 504124204 0  
  1627019882 504124204 0  
  1627019883 504124204 0  
  1627019884 504124204 0  
  1627019885 504124204 0  
  1627019886 504124204 0  
  1627019887 504124204 0  
  1627019888 504124204 0  
  1627019889 504124204 0  
  1627019890 504124204 0  
  1627019891 504124204 0  
  1627019892 504124204 0  
  1627019893 504124204 0  
  1627019894 504124204 0  
  1627019895 504124204 0  
  1627019896 504124204 0  
  1627019897 504124204 0  
  1627019898 504124204 0  
  1627019899 504124204 0  
  1627019900 504124204 0  
  1627019901 504124204 0  
  1627019902 504124204 0  
  1627019903 504124204 0  
  1627019904 504124204 0  
  1627019905 504124204 0  
  1627019906 504124204 0  
  1627019907 504124204 0  
  1627019908 504124204 0  
  1627019909 504124204 0  
  1627019910 504124204 0  
  1627019912 504124204 0  
  1627019913 504124204 0  
  1627019914 504124204 0  
  1627019915 504124204 0  
  1627019916 504124204 0  
  1627019917 504124204 0  
  1627019918 504124204 0  
  1627019919 504128513 0  
  1627019920 504128837 0  
  1627019921 504129409 0  
  1627019922 504129477 0  
  1627019923 504129477 0  
  1627019924 504129477 0  
  1627019925 504129477 0  
  1627019926 504129477 0  
  1627019927 504129477 0  
  1627019928 504129477 0  
  1627019929 504129477 0  
  1627019930 504129477 0  
  1627019931 504129477 0  
  1627019932 504129477 0  
  1627019933 504129477 0  
  1627019934 504129477 0  
  1627019935 504129477 0  
  1627019936 504129477 0  
  1627019937 504129477 0  
  1627019938 504129477 0  
  1627019939 504129477 0  
  1627019940 504129477 0  
  1627019941 504129477 0  
  1627019942 504129477 0  
  1627019943 504129477 0  
  1627019944 504129477 0  
  1627019945 504129477 0  
  1627019946 504129477 0  
  1627019947 504129477 0  
  1627019948 504129477 0  
  1627019949 504129477 0  
  1627019951 504129477 0  
  1627019952 504129477 0  
  1627019953 504129477 0  
  1627019954 504129477 0  
  1627019955 504129477 0  
  1627019956 504129477 0  
  1627019957 504129477 0  
  1627019958 504129477 0  
  1627019959 504129477 0  
  1627019960 504129477 0  
  1627019961 504129477 0  
  1627019962 504129477 0  
  1627019963 504129477 0  
  1627019964 504129477 0  
  1627019965 504129477 0  
  1627019966 504129477 0  
  1627019967 504129477 0  
  1627019968 504129477 0  
  1627019969 504129477 0  
  1627019970 504129477 0  
  1627019971 504129477 0  
  1627019972 504129477 0  
  1627019973 504129477 0  
  1627019974 504129477 0  
  1627019975 504129477 0  
  1627019976 504129477 0  
  1627019977 504129477 0  
  1627019978 504129477 0  
  1627019979 504129477 0  
  1627019980 504129477 0  
  1627019981 504129477 0  
  1627019982 504129477 0  
  1627019983 504129477 0  
  1627019984 504129477 0  
  1627019985 504129477 0  
  1627019986 504129477 0  
  1627019987 504129477 0  
  1627019988 504129477 0  
  1627019990 504129477 0  
  1627019991 504129477 0  
  1627019992 504129477 0  
  1627019993 504129477 0  
  1627019994 504129477 0  
  1627019995 504129477 0  
  1627019996 504129477 0  
  1627019997 504129477 0  
  1627019998 504129477 0  
  1627019999 504129477 0  
  1627020000 504129477 0  
  1627020001 504129477 0  
  1627020002 504129477 0  
  1627020003 504129477 0  
  1627020004 504129477 0  
  1627020005 504129477 0  
  1627020006 504129477 0  
  1627020007 504129477 0  
  1627020008 504129477 0  
  1627020009 504129477 0  
  1627020010 504129477 0  
  1627020011 504129477 0  
  1627020012 504129477 0  
  1627020013 504129477 0  
  1627020014 504129477 0  
  1627020015 504129477 0  
  1627020016 504129477 0  
  1627020017 504129477 0  
  1627020018 504129477 0  
  1627020019 504129477 0  
  1627020020 504129477 0  
  1627020021 504129477 0  
  1627020022 504129477 0  
  1627020023 504129477 0  
  1627020024 504129477 0  
  1627020025 504129477 0  
  1627020026 504129477 0  
  1627020027 504129477 0  
  1627020028 504129569 0  
  1627020030 504129569 0  
  1627020031 504129569 0  
  1627020032 504129569 0  
  1627020033 504129569 0  
  1627020034 504129569 0  
  1627020035 504129569 0  
  1627020036 504129569 0  
  1627020037 504129926 0  
  1627020038 504129926 0  
  1627020039 504129926 0  
  1627020040 504129926 0  
  1627020041 504129926 0  
  1627020042 504129926 0  
  1627020043 504134235 0  
  1627020044 504134559 0  
  1627020045 504134860 0  
  1627020046 504139900 0  
  1627020047 504140608 0  
  1627020048 504140608 0  
  1627020049 504140608 0  
  1627020050 504140608 0  
  1627020051 504145173 0  
  1627020052 504149874 0  
  1627020053 504150446 0  
  1627020054 504151154 0  
  1627020055 504151154 0  
  1627020056 504151154 0  
  1627020057 504151154 0  
  1627020058 504151154 0  
  1627020059 504151154 0  
  1627020060 504151154 0  
  1627020061 504151154 0  
  1627020062 504151154 0  
  1627020063 504151154 0  
  1627020064 504151154 0  
  1627020065 504156007 0  
  1627020066 504156007 0  
  1627020067 504156511 0  
  1627020069 504156511 0  
  1627020070 504156511 0  
  1627020071 504157107 0  
  1627020072 504157107 0  
  1627020073 504157107 0  
  1627020074 504157107 0  
  1627020075 504157107 0  
  1627020076 504157107 0  
  1627020077 504157107 0  
  1627020078 504157107 0  
  1627020079 504157107 0  
  1627020080 504157107 0  
  1627020081 504157107 0  
  1627020082 504157107 0  
  1627020083 504157107 0  
  1627020084 504157107 0  
  1627020085 504157107 0  
  1627020086 504157107 0  
  1627020087 504157107 0  
  1627020088 504157107 0  
  1627020089 504157107 0  
  1627020090 504157107 0  
  1627020091 504157107 0  
  1627020092 504157107 0  
  1627020093 504157107 0  
  1627020094 504157107 0  
  1627020095 504157107 0  
  1627020096 504157107 0  
  1627020097 504157107 0  
  1627020098 504157107 0  
  1627020099 504157107 0  
  1627020100 504157107 0  
  1627020101 504157107 0  
  1627020102 504157107 0  
  1627020103 504157107 0  
  1627020104 504157107 0  
  1627020105 504157107 0  
  1627020106 504157107 0  
  1627020107 504157107 0  
  1627020109 504157107 0  
  1627020110 504157107 0  
  1627020111 504157107 0  
  1627020112 504157107 0  
  1627020113 504157107 0  
  1627020114 504157107 0  
  1627020115 504157107 0  
  1627020116 504157107 0  
  1627020117 504157107 0  
  1627020118 504157107 0  
  1627020119 504157107 0  
  1627020120 504157107 0  
  1627020121 504157107 0  
  1627020122 504157107 0  
  1627020123 504157107 0  
  1627020124 504157107 0  
  1627020125 504157107 0  
  1627020126 504157107 0  
  1627020127 504157107 0  
  1627020128 504157107 0  
  1627020129 504157107 0  
  1627020130 504157107 0  
  1627020131 504157107 0  
  1627020132 504157107 0  
  1627020133 504157107 0  
  1627020134 504157107 0  
  1627020135 504157107 0  
  1627020136 504157107 0  
  1627020137 504157107 0  
  1627020138 504157107 0  
  1627020139 504157107 0  
  1627020140 504157107 0  
  1627020141 504157107 0  
  1627020142 504157107 0  
  1627020143 504157107 0  
  1627020144 504157107 0  
  1627020145 504157199 0  
  1627020146 504157199 0  
  1627020147 504157199 0  
  1627020149 504157199 0  
  1627020150 504157199 0  
  1627020151 504157199 0  
  1627020152 504157199 0  
  1627020153 504157199 0  
  1627020154 504157199 0  
  1627020155 504157199 0  
  1627020156 504157199 0  
  1627020157 504157199 0  
  1627020158 504157199 0  
  1627020159 504157199 0  
  1627020160 504157199 0  
  1627020161 504157199 0  
  1627020162 504157199 0  
  1627020163 504157199 0  
  1627020164 504157199 0  
  1627020165 504157199 0  
  1627020166 504157199 0  
  1627020167 504157199 0  
  1627020168 504157199 0  
  1627020169 504157199 0  
  1627020170 504157199 0  
  1627020171 504157199 0  
  1627020172 504157199 0  
  1627020173 504157199 0  
  1627020174 504157199 0  
  1627020175 504157199 0  
  1627020176 504157199 0  
  1627020177 504157199 0  
  1627020178 504157199 0  
  1627020179 504157199 0  
  1627020180 504157199 0  
  1627020181 504157199 0  
  1627020182 504157199 0  
  1627020183 504157199 0  
  1627020184 504157199 0  
  1627020185 504157199 0  
  1627020186 504157199 0  
  1627020187 504157199 0  
  1627020189 504157199 0  
  1627020190 504157199 0  
  1627020191 504157199 0  
  1627020192 504157199 0  
  1627020193 504157199 0  
  1627020194 504157199 0  
  1627020195 504157199 0  
  1627020196 504157199 0  
  1627020197 504157199 0  
  1627020198 504157199 0  
  1627020199 504157199 0  
 