 1627014345 502986606 0  
  1627014346 502990915 0  
  1627014347 502991239 0  
  1627014348 502995872 0  
  1627014349 502996580 0  
  1627014350 502997288 0  
  1627014351 502997288 0  
  1627014352 502997380 0  
  1627014353 503001689 0  
  1627014354 503006646 0  
  1627014355 503007354 0  
  1627014356 503008062 0  
  1627014357 503008062 0  
  1627014358 503008062 0  
  1627014359 503008062 0  
  1627014360 503008062 0  
  1627014361 503008062 0  
  1627014362 503008062 0  
  1627014363 503008062 0  
  1627014364 503008062 0  
  1627014365 503008062 0  
  1627014366 503008062 0  
  1627014367 503008062 0  
  1627014368 503008062 0  
  1627014369 503008062 0  
  1627014370 503008062 0  
  1627014371 503008062 0  
  1627014372 503008062 0  
  1627014373 503008062 0  
  1627014374 503008062 0  
  1627014375 503008062 0  
  1627014376 503008062 0  
  1627014377 503008062 0  
  1627014378 503008062 0  
  1627014379 503008062 0  
  1627014380 503008062 0  
  1627014381 503008062 0  
  1627014383 503008062 0  
  1627014384 503008062 0  
  1627014385 503008062 0  
  1627014386 503008062 0  
  1627014387 503008062 0  
  1627014388 503008062 0  
  1627014389 503008062 0  
  1627014390 503008400 0  
  1627014391 503008400 0  
  1627014392 503008400 0  
  1627014393 503008492 0  
  1627014394 503008492 0  
  1627014395 503008492 0  
  1627014396 503008492 0  
  1627014397 503008492 0  
  1627014398 503008492 0  
  1627014399 503008492 0  
  1627014400 503008492 0  
  1627014401 503008492 0  
  1627014402 503008492 0  
  1627014403 503008492 0  
  1627014404 503008492 0  
  1627014405 503008492 0  
  1627014406 503008492 0  
  1627014407 503008492 0  
  1627014408 503008492 0  
  1627014409 503008492 0  
  1627014410 503008492 0  
  1627014411 503008492 0  
  1627014412 503008492 0  
  1627014413 503008492 0  
  1627014414 503008492 0  
  1627014415 503008492 0  
  1627014416 503008492 0  
  1627014417 503008492 0  
  1627014418 503008492 0  
  1627014419 503008492 0  
  1627014420 503008492 0  
  1627014421 503008492 0  
  1627014423 503008492 0  
  1627014424 503008492 0  
  1627014425 503008492 0  
  1627014426 503008492 0  
  1627014427 503008492 0  
  1627014428 503008492 0  
  1627014429 503008492 0  
  1627014430 503008492 0  
  1627014431 503008492 0  
  1627014432 503008492 0  
  1627014433 503008492 0  
  1627014434 503008492 0  
  1627014435 503008492 0  
  1627014436 503008492 0  
  1627014437 503008492 0  
  1627014438 503008492 0  
  1627014439 503008492 0  
  1627014440 503008492 0  
  1627014441 503008492 0  
  1627014442 503008492 0  
  1627014443 503008492 0  
  1627014444 503008492 0  
  1627014445 503008492 0  
  1627014446 503008492 0  
  1627014447 503008492 0  
  1627014448 503008492 0  
  1627014449 503008492 0  
  1627014450 503008492 0  
  1627014451 503008492 0  
  1627014452 503008492 0  
  1627014453 503008492 0  
  1627014454 503008492 0  
  1627014455 503008492 0  
  1627014456 503008492 0  
  1627014457 503008492 0  
  1627014458 503008492 0  
  1627014459 503008492 0  
  1627014460 503008492 0  
  1627014462 503008492 0  
  1627014463 503008492 0  
  1627014464 503008492 0  
  1627014465 503008492 0  
  1627014466 503008492 0  
  1627014467 503008492 0  
  1627014468 503008492 0  
  1627014469 503008492 0  
  1627014470 503008492 0  
  1627014471 503009088 0  
  1627014472 503009088 0  
  1627014473 503009088 0  
  1627014474 503009088 0  
  1627014475 503009088 0  
  1627014476 503009088 0  
  1627014477 503009088 0  
  1627014478 503009088 0  
  1627014479 503009088 0  
  1627014480 503009088 0  
  1627014481 503009088 0  
  1627014482 503009088 0  
  1627014483 503009156 0  
  1627014484 503009156 0  
  1627014485 503009156 0  
  1627014486 503009156 0  
  1627014487 503009156 0  
  1627014488 503009156 0  
  1627014489 503010312 0  
  1627014490 503010312 0  
  1627014491 503010312 0  
  1627014492 503010312 0  
  1627014493 503010312 0  
  1627014494 503010312 0  
  1627014495 503010312 0  
  1627014496 503010312 0  
  1627014497 503010312 0  
  1627014498 503010312 0  
  1627014499 503010312 0  
  1627014500 503010312 0  
  1627014502 503010312 0  
  1627014503 503010312 0  
  1627014504 503010312 0  
  1627014505 503010312 0  
  1627014506 503010312 0  
  1627014507 503010312 0  
  1627014508 503010312 0  
  1627014509 503010312 0  
  1627014510 503010312 0  
  1627014511 503010312 0  
  1627014512 503010312 0  
  1627014513 503010312 0  
  1627014514 503010312 0  
  1627014515 503010312 0  
  1627014516 503010312 0  
  1627014517 503010312 0  
  1627014518 503010312 0  
  1627014519 503010312 0  
  1627014520 503010312 0  
  1627014521 503014713 0  
  1627014522 503015037 0  
  1627014523 503015037 0  
  1627014524 503015677 0  
  1627014525 503015677 0  
  1627014526 503015677 0  
  1627014527 503015677 0  
  1627014528 503015677 0  
  1627014529 503015677 0  
  1627014530 503015677 0  
  1627014531 503015677 0  
  1627014532 503015677 0  
  1627014533 503015677 0  
  1627014534 503015677 0  
  1627014535 503015677 0  
  1627014536 503015677 0  
  1627014537 503015677 0  
  1627014538 503015677 0  
  1627014539 503016015 0  
  1627014540 503016015 0  
  1627014542 503016015 0  
  1627014543 503016015 0  
  1627014544 503016015 0  
  1627014545 503016015 0  
  1627014546 503016015 0  
  1627014547 503016015 0  
  1627014548 503016015 0  
  1627014549 503016015 0  
  1627014550 503016015 0  
  1627014551 503016015 0  
  1627014552 503016015 0  
  1627014553 503016015 0  
  1627014554 503016015 0  
  1627014555 503016015 0  
  1627014556 503016015 0  
  1627014557 503016015 0  
  1627014558 503016015 0  
  1627014559 503016015 0  
  1627014560 503016015 0  
  1627014561 503016015 0  
  1627014562 503016015 0  
  1627014563 503016015 0  
  1627014564 503016015 0  
  1627014565 503016015 0  
  1627014566 503016015 0  
  1627014567 503016015 0  
  1627014568 503016015 0  
  1627014569 503016015 0  
  1627014570 503016015 0  
  1627014571 503016015 0  
  1627014572 503016015 0  
  1627014573 503016015 0  
  1627014574 503016015 0  
  1627014575 503016015 0  
  1627014576 503016015 0  
  1627014577 503016015 0  
  1627014578 503016015 0  
  1627014579 503016015 0  
  1627014581 503016015 0  
  1627014582 503016015 0  
  1627014583 503016015 0  
  1627014584 503016015 0  
  1627014585 503016015 0  
  1627014586 503016015 0  
  1627014587 503016015 0  
  1627014588 503016015 0  
  1627014589 503016015 0  
  1627014590 503016015 0  
  1627014591 503016015 0  
  1627014592 503016015 0  
  1627014593 503016015 0  
  1627014594 503016015 0  
  1627014595 503016015 0  
  1627014596 503016015 0  
  1627014597 503016015 0  
  1627014598 503016015 0  
  1627014599 503016015 0  
  1627014600 503016015 0  
  1627014601 503016015 0  
  1627014602 503016015 0  
  1627014603 503016015 0  
  1627014604 503016015 0  
  1627014605 503016015 0  
  1627014606 503016015 0  
  1627014607 503016015 0  
  1627014608 503016015 0  
  1627014609 503016015 0  
  1627014610 503016015 0  
  1627014611 503016015 0  
  1627014612 503016107 0  
  1627014613 503016107 0  
  1627014614 503016107 0  
  1627014615 503016107 0  
  1627014616 503016107 0  
  1627014617 503016107 0  
  1627014618 503016107 0  
  1627014619 503016107 0  
  1627014621 503016107 0  
  1627014622 503016107 0  
  1627014623 503016107 0  
  1627014624 503016107 0  
  1627014625 503016107 0  
  1627014626 503016107 0  
  1627014627 503016107 0  
  1627014628 503016107 0  
  1627014629 503016107 0  
  1627014630 503016107 0  
  1627014631 503016107 0  
  1627014632 503016107 0  
  1627014633 503016107 0  
  1627014634 503016107 0  
  1627014635 503016107 0  
  1627014636 503016107 0  
  1627014637 503016107 0  
  1627014638 503016107 0  
  1627014639 503016107 0  
  1627014640 503016464 0  
  1627014641 503016464 0  
  1627014642 503016464 0  
  1627014643 503016464 0  
  1627014644 503016464 0  
  1627014645 503016608 0  
  1627014646 503021097 0  
  1627014647 503025730 0  
  1627014648 503026438 0  
  1627014649 503027146 0  
  1627014650 503027238 0  
  1627014651 503027238 0  
  1627014652 503027238 0  
  1627014653 503036000 0  
  1627014654 503036504 0  
  1627014655 503037920 0  
  1627014656 503037920 0  
  1627014657 503037920 0  
  1627014658 503037920 0  
  1627014659 503037920 0  
  1627014661 503037920 0  
  1627014662 503037920 0  
  1627014663 503037920 0  
  1627014664 503037920 0  
  1627014665 503042229 0  
  1627014666 503042637 0  
  1627014667 503043141 0  
 