 1626880642 476089775 0  
  1626880643 476089775 0  
  1626880644 476089775 0  
  1626880645 476089775 0  
  1626880646 476089775 0  
  1626880647 476089775 0  
  1626880648 476089775 0  
  1626880649 476089775 0  
  1626880650 476089775 0  
  1626880651 476089775 0  
  1626880652 476089867 0  
  1626880653 476089867 0  
  1626880654 476089867 0  
  1626880655 476089867 0  
  1626880656 476089867 0  
  1626880657 476089867 0  
  1626880658 476089867 0  
  1626880659 476089867 0  
  1626880660 476089867 0  
  1626880661 476089867 0  
  1626880662 476089867 0  
  1626880663 476089867 0  
  1626880664 476089867 0  
  1626880666 476089867 0  
  1626880667 476089867 0  
  1626880668 476089867 0  
  1626880669 476089867 0  
  1626880670 476089867 0  
  1626880671 476089867 0  
  1626880672 476089867 0  
  1626880673 476089867 0  
  1626880674 476091828 0  
  1626880675 476094500 0  
  1626880676 476094500 0  
  1626880677 476095208 0  
  1626880678 476095208 0  
  1626880679 476095208 0  
  1626880680 476095208 0  
  1626880681 476095208 0  
  1626880682 476095208 0  
  1626880683 476095208 0  
  1626880684 476095300 0  
  1626880685 476095300 0  
  1626880686 476095300 0  
  1626880687 476095300 0  
  1626880688 476095300 0  
  1626880689 476095300 0  
  1626880690 476095300 0  
  1626880691 476095300 0  
  1626880692 476095300 0  
  1626880693 476095300 0  
  1626880694 476095300 0  
  1626880695 476095300 0  
  1626880696 476095300 0  
  1626880697 476095392 0  
  1626880698 476095392 0  
  1626880699 476095392 0  
  1626880700 476095392 0  
  1626880701 476095392 0  
  1626880702 476095392 0  
  1626880703 476095392 0  
  1626880704 476095392 0  
  1626880706 476095392 0  
  1626880707 476095392 0  
  1626880708 476095392 0  
  1626880709 476095392 0  
  1626880710 476095392 0  
  1626880711 476095392 0  
  1626880712 476095392 0  
  1626880713 476095392 0  
  1626880714 476095392 0  
  1626880715 476095392 0  
  1626880716 476095484 0  
  1626880717 476095484 0  
  1626880718 476095484 0  
  1626880719 476095484 0  
  1626880720 476095484 0  
  1626880721 476095484 0  
  1626880722 476095484 0  
  1626880723 476095484 0  
  1626880724 476095484 0  
  1626880725 476095484 0  
  1626880726 476095484 0  
  1626880727 476095484 0  
  1626880728 476095484 0  
  1626880729 476095484 0  
  1626880730 476095484 0  
  1626880731 476095484 0  
  1626880732 476095484 0  
  1626880733 476095484 0  
  1626880734 476095484 0  
  1626880735 476095484 0  
  1626880736 476095484 0  
  1626880737 476095484 0  
  1626880738 476095484 0  
  1626880739 476095484 0  
  1626880740 476095484 0  
  1626880741 476095484 0  
  1626880742 476095484 0  
  1626880743 476095484 0  
  1626880745 476095484 0  
  1626880746 476095484 0  
  1626880747 476095484 0  
  1626880748 476095484 0  
  1626880749 476095576 0  
  1626880750 476095576 0  
  1626880751 476095576 0  
  1626880752 476095576 0  
  1626880753 476095576 0  
  1626880754 476095576 0  
  1626880755 476095576 0  
  1626880756 476095576 0  
  1626880757 476095576 0  
  1626880758 476095576 0  
  1626880759 476095576 0  
  1626880760 476095576 0  
  1626880761 476095668 0  
  1626880762 476095668 0  
  1626880763 476095668 0  
  1626880764 476095668 0  
  1626880765 476095668 0  
  1626880766 476095668 0  
  1626880767 476096258 0  
  1626880768 476096258 0  
  1626880769 476096258 0  
  1626880770 476096258 0  
  1626880771 476096258 0  
  1626880772 476096258 0  
  1626880773 476096258 0  
  1626880774 476096258 0  
  1626880775 476096258 0  
  1626880776 476096258 0  
  1626880777 476096258 0  
  1626880778 476096258 0  
  1626880779 476096258 0  
  1626880780 476096350 0  
  1626880781 476096350 0  
  1626880782 476096350 0  
  1626880783 476096350 0  
  1626880785 476096350 0  
  1626880786 476096350 0  
  1626880787 476096350 0  
  1626880788 476096350 0  
  1626880789 476096350 0  
  1626880790 476096350 0  
  1626880791 476096350 0  
  1626880792 476096350 0  
  1626880793 476096350 0  
  1626880794 476096350 0  
  1626880795 476096350 0  
  1626880796 476096350 0  
  1626880797 476096350 0  
  1626880798 476096350 0  
  1626880799 476096350 0  
  1626880800 476096350 0  
  1626880801 476096350 0  
  1626880802 476096350 0  
  1626880803 476096350 0  
  1626880804 476096350 0  
  1626880805 476096350 0  
  1626880806 476096350 0  
  1626880807 476096350 0  
  1626880808 476096350 0  
  1626880809 476096350 0  
  1626880810 476096350 0  
  1626880811 476096350 0  
  1626880812 476096350 0  
  1626880813 476096442 0  
  1626880814 476096442 0  
  1626880815 476096442 0  
  1626880816 476096442 0  
  1626880817 476096442 0  
  1626880818 476096442 0  
  1626880819 476096442 0  
  1626880820 476096442 0  
  1626880821 476096442 0  
  1626880822 476096442 0  
  1626880823 476096442 0  
  1626880825 476096442 0  
  1626880826 476096534 0  
  1626880827 476096534 0  
  1626880828 476096534 0  
  1626880829 476096534 0  
  1626880830 476096534 0  
  1626880831 476096534 0  
  1626880832 476096534 0  
  1626880833 476096534 0  
  1626880834 476096534 0  
  1626880835 476096534 0  
  1626880836 476096534 0  
  1626880837 476096534 0  
  1626880838 476096534 0  
  1626880839 476096534 0  
  1626880840 476096534 0  
  1626880841 476096534 0  
  1626880842 476096534 0  
  1626880843 476096534 0  
  1626880844 476097293 0  
  1626880845 476097385 0  
  1626880846 476097385 0  
  1626880847 476101950 0  
  1626880848 476102018 0  
  1626880849 476102590 0  
  1626880850 476106899 0  
  1626880851 476107223 0  
  1626880852 476107795 0  
  1626880853 476107795 0  
  1626880854 476107795 0  
  1626880855 476112428 0  
  1626880856 476117061 0  
  1626880857 476118409 0  
  1626880858 476118409 0  
  1626880859 476118409 0  
  1626880860 476118409 0  
  1626880861 476118409 0  
  1626880862 476118409 0  
  1626880864 476118409 0  
  1626880865 476118409 0  
  1626880866 476118409 0  
  1626880867 476118409 0  
  1626880868 476120004 0  
  1626880869 476120004 0  
  1626880870 476120004 0  
  1626880871 476120004 0  
  1626880872 476120004 0  
  1626880873 476120004 0  
  1626880874 476120004 0  
  1626880875 476120004 0  
  1626880876 476120004 0  
  1626880877 476120004 0  
  1626880878 476120096 0  
  1626880879 476120434 0  
  1626880880 476120434 0  
  1626880881 476120434 0  
  1626880882 476120434 0  
  1626880883 476120434 0  
  1626880884 476120434 0  
  1626880885 476120434 0  
  1626880886 476120434 0  
  1626880887 476120434 0  
  1626880888 476120434 0  
  1626880889 476120434 0  
  1626880890 476120434 0  
  1626880891 476120526 0  
  1626880892 476120526 0  
  1626880893 476120526 0  
  1626880894 476120526 0  
  1626880895 476120526 0  
  1626880896 476120526 0  
  1626880897 476120526 0  
  1626880898 476120526 0  
  1626880899 476120526 0  
  1626880900 476120526 0  
  1626880901 476120526 0  
  1626880902 476120526 0  
  1626880904 476120526 0  
  1626880905 476120526 0  
  1626880906 476120526 0  
  1626880907 476120526 0  
  1626880908 476120526 0  
  1626880909 476120526 0  
  1626880910 476120526 0  
  1626880911 476120526 0  
  1626880912 476120526 0  
  1626880913 476120864 0  
  1626880914 476120864 0  
  1626880915 476120864 0  
  1626880916 476120864 0  
  1626880917 476120864 0  
  1626880918 476120864 0  
  1626880919 476120864 0  
  1626880920 476120864 0  
  1626880921 476120864 0  
  1626880922 476120864 0  
  1626880923 476120864 0  
  1626880924 476120864 0  
  1626880925 476120864 0  
  1626880926 476120864 0  
  1626880927 476120864 0  
  1626880928 476120864 0  
  1626880929 476120864 0  
  1626880930 476120864 0  
  1626880931 476120864 0  
  1626880932 476120864 0  
  1626880933 476120864 0  
  1626880934 476120864 0  
  1626880935 476120864 0  
  1626880936 476120864 0  
  1626880937 476120864 0  
  1626880938 476120864 0  
  1626880939 476120864 0  
  1626880940 476120864 0  
  1626880941 476120864 0  
  1626880942 476120956 0  
  1626880944 476120956 0  
  1626880945 476120956 0  
  1626880946 476120956 0  
  1626880947 476120956 0  
  1626880948 476120956 0  
  1626880949 476120956 0  
  1626880950 476120956 0  
  1626880951 476120956 0  
  1626880952 476120956 0  
  1626880953 476120956 0  
  1626880954 476120956 0  
  1626880955 476120956 0  
  1626880956 476121048 0  
  1626880957 476121048 0  
  1626880958 476121048 0  
  1626880959 476121048 0  
  1626880960 476121048 0  
  1626880961 476121048 0  
  1626880962 476121048 0  
  1626880963 476121048 0  
  1626880964 476121048 0  
 