 1626877303 477438921 40724  
  1626877304 477438921 40724  
  1626877305 477438921 40724  
  1626877306 477438921 40724  
  1626877307 477438921 40724  
  1626877308 477438921 40724  
  1626877309 477438921 40724  
  1626877310 477438921 40724  
  1626877311 477438921 40724  
  1626877312 477438921 40724  
  1626877314 477439013 40724  
  1626877315 477439013 40724  
  1626877316 477439013 40724  
  1626877317 477439351 40724  
  1626877318 477439351 40724  
  1626877319 477439351 40724  
  1626877320 477439351 40724  
  1626877321 477439351 40724  
  1626877322 477439351 40724  
  1626877323 477439351 40724  
  1626877324 477439351 40724  
  1626877325 477439351 40724  
  1626877326 477439351 40724  
  1626877327 477439351 40724  
  1626877328 477439351 40724  
  1626877329 477439351 40724  
  1626877330 477439351 40724  
  1626877331 477439351 40724  
  1626877332 477439351 40724  
  1626877333 477439351 40724  
  1626877334 477439351 40724  
  1626877335 477439351 40724  
  1626877336 477439351 40724  
  1626877337 477439351 40724  
  1626877338 477439351 40724  
  1626877339 477439351 40724  
  1626877340 477439351 40724  
  1626877341 477439351 40724  
  1626877342 477439351 40724  
  1626877343 477439351 40724  
  1626877344 477439351 40724  
  1626877345 477439351 40724  
  1626877346 477439351 40724  
  1626877347 477439351 40724  
  1626877348 477439351 40724  
  1626877349 477439351 40724  
  1626877350 477439351 40724  
  1626877351 477439351 40724  
  1626877352 477439351 40724  
  1626877354 477439351 40724  
  1626877355 477439351 40724  
  1626877356 477439351 40724  
  1626877357 477439351 40724  
  1626877358 477439351 40724  
  1626877359 477439351 40724  
  1626877360 477439351 40724  
  1626877361 477439351 40724  
  1626877362 477439351 40724  
  1626877363 477439351 40724  
  1626877364 477439351 40724  
  1626877365 477439351 40724  
  1626877366 477439351 40724  
  1626877367 477439351 40724  
  1626877368 477439351 40724  
  1626877369 477439351 40724  
  1626877370 477439351 40724  
  1626877371 477439351 40724  
  1626877372 477443660 40724  
  1626877373 477443984 40724  
  1626877374 477444692 40724  
  1626877375 477444692 40724  
  1626877376 477444692 40724  
  1626877377 477444692 40724  
  1626877378 477444692 40724  
  1626877379 477444692 40724  
  1626877380 477444692 40724  
  1626877381 477444692 40724  
  1626877382 477444692 40724  
  1626877383 477444692 40724  
  1626877384 477444692 40724  
  1626877385 477444692 40724  
  1626877386 477444692 40724  
  1626877387 477444692 40724  
  1626877388 477444692 40724  
  1626877389 477444692 40724  
  1626877390 477444692 40724  
  1626877391 477444692 40724  
  1626877393 477444692 40724  
  1626877394 477444692 40724  
  1626877395 477444692 40724  
  1626877396 477444692 40724  
  1626877397 477444692 40724  
  1626877398 477444692 40724  
  1626877399 477444692 40724  
  1626877400 477444692 40724  
  1626877401 477444692 40724  
  1626877402 477444692 40724  
  1626877403 477444692 40724  
  1626877404 477444692 40724  
  1626877405 477444692 40724  
  1626877406 477444692 40724  
  1626877407 477444692 40724  
  1626877408 477444692 40724  
  1626877409 477444692 40724  
  1626877410 477444692 40724  
  1626877411 477444692 40724  
  1626877412 477444692 40724  
  1626877413 477444692 40724  
  1626877414 477444692 40724  
  1626877415 477444692 40724  
  1626877416 477444692 40724  
  1626877417 477444692 40724  
  1626877418 477444692 40724  
  1626877419 477444692 40724  
  1626877420 477444692 40724  
  1626877421 477444692 40724  
  1626877422 477444692 40724  
  1626877423 477444692 40724  
  1626877424 477444692 40724  
  1626877425 477444692 40724  
  1626877426 477445225 40724  
  1626877427 477445225 40724  
  1626877428 477445225 40724  
  1626877429 477445225 40724  
  1626877430 477445225 40724  
  1626877432 477445225 40724  
  1626877433 477445225 40724  
  1626877434 477445225 40724  
  1626877435 477445225 40724  
  1626877436 477445225 40724  
  1626877437 477445225 40724  
  1626877438 477445225 40724  
  1626877439 477445225 40724  
  1626877440 477445225 40724  
  1626877441 477445225 40724  
  1626877442 477445225 40724  
  1626877443 477445225 40724  
  1626877444 477445225 40724  
  1626877445 477445225 40724  
  1626877446 477445225 40724  
  1626877447 477445225 40724  
  1626877448 477445225 40724  
  1626877449 477445225 40724  
  1626877450 477445225 40724  
  1626877451 477445225 40724  
  1626877452 477445225 40724  
  1626877453 477445225 40724  
  1626877454 477445225 40724  
  1626877455 477445225 40724  
  1626877456 477445225 40724  
  1626877457 477445225 40724  
  1626877458 477445225 40724  
  1626877459 477445225 40724  
  1626877460 477445225 40724  
  1626877461 477445225 40724  
  1626877462 477445225 40724  
  1626877463 477445225 40724  
  1626877464 477445225 40724  
  1626877465 477445225 40724  
  1626877466 477445563 40724  
  1626877467 477445563 40724  
  1626877468 477446159 40724  
  1626877469 477446159 40724  
  1626877471 477446159 40724  
  1626877472 477446159 40724  
  1626877473 477446159 40724  
  1626877474 477446159 40724  
  1626877475 477446159 40724  
  1626877476 477446159 40724  
  1626877477 477446159 40724  
  1626877478 477446159 40724  
  1626877479 477446159 40724  
  1626877480 477446159 40724  
  1626877481 477446159 40724  
  1626877482 477446159 40724  
  1626877483 477446159 40724  
  1626877484 477446159 40724  
  1626877485 477446159 40724  
  1626877486 477446159 40724  
  1626877487 477446159 40724  
  1626877488 477446159 40724  
  1626877489 477446159 40724  
  1626877490 477446159 40724  
  1626877491 477446159 40724  
  1626877492 477446159 40724  
  1626877493 477446159 40724  
  1626877494 477446159 40724  
  1626877495 477446159 40724  
  1626877496 477446159 40724  
  1626877497 477446159 40724  
  1626877498 477446159 40724  
  1626877499 477446159 40724  
  1626877500 477446159 40724  
  1626877501 477446159 40724  
  1626877502 477446159 40724  
  1626877503 477446159 40724  
  1626877504 477446159 40724  
  1626877505 477446159 40724  
  1626877506 477446159 40724  
  1626877507 477446159 40724  
  1626877508 477446159 40724  
  1626877509 477446159 40724  
  1626877511 477446159 40724  
  1626877512 477446159 40724  
  1626877513 477446159 40724  
  1626877514 477446159 40724  
  1626877515 477446159 40724  
  1626877516 477446159 40724  
  1626877517 477446159 40724  
  1626877518 477446159 40724  
  1626877519 477446159 40724  
  1626877520 477446159 40724  
  1626877521 477446159 40724  
  1626877522 477446159 40724  
  1626877523 477446159 40724  
  1626877524 477446159 40724  
  1626877525 477446159 40724  
  1626877526 477446159 40724  
  1626877527 477446159 40724  
  1626877528 477446159 40724  
  1626877529 477446159 40724  
  1626877530 477446159 40724  
  1626877531 477446159 40724  
  1626877532 477446159 40724  
  1626877533 477446159 40724  
  1626877534 477446159 40724  
  1626877535 477446159 40724  
  1626877536 477446159 40724  
  1626877537 477446227 40724  
  1626877538 477446227 40724  
  1626877539 477446227 40724  
  1626877540 477446227 40724  
  1626877541 477446227 40724  
  1626877542 477446227 40724  
  1626877543 477447740 40724  
  1626877544 477447740 40724  
  1626877545 477452049 40724  
  1626877546 477452373 40724  
  1626877547 477452373 40724  
  1626877548 477457646 40724  
  1626877550 477457714 40724  
  1626877551 477458422 40724  
  1626877552 477458422 40724  
  1626877553 477458422 40724  
  1626877554 477458422 40724  
  1626877555 477467688 40724  
  1626877556 477467688 40724  
  1626877557 477469104 40724  
  1626877558 477469104 40724  
  1626877559 477469104 40724  
  1626877560 477469104 40724  
  1626877561 477469104 40724  
  1626877562 477469104 40724  
  1626877563 477469104 40724  
  1626877564 477469104 40724  
  1626877565 477469104 40724  
  1626877566 477469104 40724  
  1626877567 477469104 40724  
  1626877568 477469104 40724  
  1626877569 477469104 40724  
  1626877570 477469104 40724  
  1626877571 477469104 40724  
  1626877572 477469104 40724  
  1626877573 477469104 40724  
  1626877574 477469196 40724  
  1626877575 477469196 40724  
  1626877576 477469196 40724  
  1626877577 477469196 40724  
  1626877578 477469196 40724  
  1626877579 477469196 40724  
  1626877580 477469196 40724  
  1626877581 477469196 40724  
  1626877582 477469196 40724  
  1626877583 477469196 40724  
  1626877584 477469196 40724  
  1626877585 477469196 40724  
  1626877586 477469196 40724  
  1626877587 477469196 40724  
  1626877589 477469196 40724  
  1626877590 477469196 40724  
  1626877591 477469196 40724  
  1626877592 477469196 40724  
  1626877593 477469196 40724  
  1626877594 477469196 40724  
  1626877595 477469196 40724  
  1626877596 477469196 40724  
  1626877597 477469196 40724  
  1626877598 477469196 40724  
  1626877599 477469196 40724  
  1626877600 477469196 40724  
  1626877601 477469196 40724  
  1626877602 477469196 40724  
  1626877603 477469196 40724  
  1626877604 477469196 40724  
  1626877605 477469196 40724  
 