 1627433343 562718816 0  
  1627433344 562718816 0  
  1627433345 562718816 0  
  1627433346 562718816 0  
  1627433347 562718816 0  
  1627433348 562718816 0  
  1627433349 562718816 0  
  1627433350 562718816 0  
  1627433351 562718816 0  
  1627433352 562718816 0  
  1627433353 562718816 0  
  1627433354 562718816 0  
  1627433355 562718816 0  
  1627433356 562718816 0  
  1627433357 562718816 0  
  1627433358 562718816 0  
  1627433359 562718816 0  
  1627433360 562718816 0  
  1627433361 562718816 0  
  1627433362 562718816 0  
  1627433363 562718816 0  
  1627433364 562718816 0  
  1627433365 562718816 0  
  1627433366 562718816 0  
  1627433367 562718816 0  
  1627433368 562718816 0  
  1627433369 562718816 0  
  1627433370 562718816 0  
  1627433371 562718816 0  
  1627433373 562718816 0  
  1627433374 562718816 0  
  1627433375 562718816 0  
  1627433376 562718816 0  
  1627433377 562718816 0  
  1627433378 562718816 0  
  1627433379 562718816 0  
  1627433380 562718816 0  
  1627433381 562718816 0  
  1627433382 562718816 0  
  1627433383 562718816 0  
  1627433384 562718816 0  
  1627433385 562718816 0  
  1627433386 562718816 0  
  1627433387 562718816 0  
  1627433388 562718816 0  
  1627433389 562718816 0  
  1627433390 562718816 0  
  1627433391 562718816 0  
  1627433392 562718816 0  
  1627433393 562718816 0  
  1627433394 562718816 0  
  1627433395 562718816 0  
  1627433396 562718816 0  
  1627433397 562718816 0  
  1627433398 562718816 0  
  1627433399 562718816 0  
  1627433400 562718816 0  
  1627433401 562718816 0  
  1627433402 562718816 0  
  1627433403 562718816 0  
  1627433404 562718816 0  
  1627433405 562718816 0  
  1627433406 562718816 0  
  1627433407 562718816 0  
  1627433408 562718816 0  
  1627433409 562718816 0  
  1627433410 562718816 0  
  1627433411 562718816 0  
  1627433413 562718816 0  
  1627433414 562718816 0  
  1627433415 562718816 0  
  1627433416 562718816 0  
  1627433417 562718816 0  
  1627433418 562718816 0  
  1627433419 562718816 0  
  1627433420 562718816 0  
  1627433421 562718816 0  
  1627433422 562718816 0  
  1627433423 562718816 0  
  1627433424 562718816 0  
  1627433425 562718816 0  
  1627433426 562718816 0  
  1627433427 562718816 0  
  1627433428 562718816 0  
  1627433429 562718816 0  
  1627433430 562718816 0  
  1627433431 562718816 0  
  1627433432 562718816 0  
  1627433433 562718816 0  
  1627433434 562718816 0  
  1627433435 562718816 0  
  1627433436 562718816 0  
  1627433437 562718816 0  
  1627433438 562718816 0  
  1627433439 562718816 0  
  1627433440 562719173 0  
  1627433441 562719173 0  
  1627433442 562719173 0  
  1627433443 562719173 0  
  1627433444 562719173 0  
  1627433445 562719173 0  
  1627433446 562719173 0  
  1627433447 562719173 0  
  1627433448 562719173 0  
  1627433449 562719173 0  
  1627433450 562719173 0  
  1627433451 562719173 0  
  1627433452 562719173 0  
  1627433454 562719173 0  
  1627433455 562719173 0  
  1627433456 562719173 0  
  1627433457 562719173 0  
  1627433458 562719173 0  
  1627433459 562719173 0  
  1627433460 562719173 0  
  1627433461 562719173 0  
  1627433462 562719173 0  
  1627433463 562719173 0  
  1627433464 562719173 0  
  1627433465 562719173 0  
  1627433466 562719173 0  
  1627433467 562719173 0  
  1627433468 562719173 0  
  1627433469 562719173 0  
  1627433470 562719173 0  
  1627433471 562719173 0  
  1627433472 562719173 0  
  1627433473 562719173 0  
  1627433474 562719173 0  
  1627433475 562719173 0  
  1627433476 562719173 0  
  1627433477 562719173 0  
  1627433478 562719173 0  
  1627433479 562719769 0  
  1627433480 562719769 0  
  1627433481 562719769 0  
  1627433482 562719769 0  
  1627433483 562719769 0  
  1627433484 562719769 0  
  1627433485 562719769 0  
  1627433486 562719769 0  
  1627433487 562719769 0  
  1627433488 562719769 0  
  1627433489 562719769 0  
  1627433490 562719769 0  
  1627433491 562719769 0  
  1627433492 562719769 0  
  1627433494 562719769 0  
  1627433495 562719769 0  
  1627433496 562719769 0  
  1627433497 562719769 0  
  1627433498 562719769 0  
  1627433499 562719769 0  
  1627433500 562719769 0  
  1627433501 562719769 0  
  1627433502 562719769 0  
  1627433503 562719769 0  
  1627433504 562719769 0  
  1627433505 562719769 0  
  1627433506 562719769 0  
  1627433507 562719769 0  
  1627433508 562719769 0  
  1627433509 562719769 0  
  1627433510 562719769 0  
  1627433511 562719769 0  
  1627433512 562719769 0  
  1627433513 562719769 0  
  1627433514 562719769 0  
  1627433515 562719769 0  
  1627433516 562719769 0  
  1627433517 562719769 0  
  1627433518 562719769 0  
  1627433519 562719769 0  
  1627433520 562719769 0  
  1627433521 562719769 0  
  1627433522 562719769 0  
  1627433523 562719769 0  
  1627433524 562719769 0  
  1627433525 562719769 0  
  1627433526 562719769 0  
  1627433527 562719769 0  
  1627433528 562724402 0  
  1627433529 562724402 0  
  1627433530 562725110 0  
  1627433531 562725110 0  
  1627433532 562725110 0  
  1627433534 562725110 0  
  1627433535 562725110 0  
  1627433536 562725110 0  
  1627433537 562725110 0  
  1627433538 562725110 0  
  1627433539 562725110 0  
  1627433540 562725110 0  
  1627433541 562725110 0  
  1627433542 562725110 0  
  1627433543 562725110 0  
  1627433544 562725110 0  
  1627433545 562725110 0  
  1627433546 562725110 0  
  1627433547 562725110 0  
  1627433548 562725110 0  
  1627433549 562725110 0  
  1627433550 562725110 0  
  1627433551 562725110 0  
  1627433552 562725110 0  
  1627433553 562725110 0  
  1627433554 562725110 0  
  1627433555 562725110 0  
  1627433556 562729511 0  
  1627433557 562729835 0  
  1627433558 562730543 0  
  1627433559 562730543 0  
  1627433560 562730543 0  
  1627433561 562730543 0  
  1627433562 562730543 0  
  1627433563 562730543 0  
  1627433564 562730543 0  
  1627433565 562730543 0  
  1627433566 562730543 0  
  1627433567 562730543 0  
  1627433568 562730543 0  
  1627433569 562730543 0  
  1627433570 562730543 0  
  1627433571 562730543 0  
  1627433573 562730543 0  
  1627433574 562730543 0  
  1627433575 562730543 0  
  1627433576 562730543 0  
  1627433577 562730543 0  
  1627433578 562730543 0  
  1627433579 562730635 0  
  1627433580 562730635 0  
  1627433581 562730635 0  
  1627433582 562730635 0  
  1627433583 562730635 0  
  1627433584 562730635 0  
  1627433585 562730635 0  
  1627433586 562730635 0  
  1627433587 562730635 0  
  1627433588 562730635 0  
  1627433589 562730635 0  
  1627433590 562730635 0  
  1627433591 562730635 0  
  1627433592 562730635 0  
  1627433593 562730635 0  
  1627433594 562730635 0  
  1627433595 562730635 0  
  1627433596 562730635 0  
  1627433597 562730635 0  
  1627433598 562730635 0  
  1627433599 562736821 0  
  1627433600 562739901 0  
  1627433601 562739901 0  
  1627433602 562741045 0  
  1627433603 562741045 0  
  1627433604 562741045 0  
  1627433605 562741045 0  
  1627433606 562741045 0  
  1627433607 562741045 0  
  1627433608 562741045 0  
  1627433609 562741045 0  
  1627433610 562741045 0  
  1627433611 562741045 0  
  1627433613 562741045 0  
  1627433614 562741045 0  
  1627433615 562741045 0  
  1627433616 562741045 0  
  1627433617 562741045 0  
  1627433618 562741045 0  
  1627433619 562741045 0  
  1627433620 562741045 0  
  1627433621 562741045 0  
  1627433622 562741045 0  
  1627433623 562741045 0  
  1627433624 562741045 0  
  1627433625 562741045 0  
  1627433626 562741045 0  
  1627433627 562741045 0  
  1627433628 562741045 0  
  1627433629 562741045 0  
  1627433630 562741045 0  
  1627433631 562741045 0  
  1627433632 562741045 0  
  1627433633 562741045 0  
  1627433634 562741045 0  
  1627433635 562741045 0  
  1627433636 562741045 0  
  1627433637 562741045 0  
  1627433638 562743942 0  
  1627433639 562745678 0  
  1627433640 562745678 0  
  1627433641 562746386 0  
  1627433642 562746386 0  
  1627433643 562746386 0  
  1627433644 562746386 0  
  1627433645 562746386 0  
  1627433646 562746386 0  
  1627433647 562746386 0  
  1627433648 562746386 0  
  1627433649 562746386 0  
  1627433650 562746386 0  
  1627433651 562746386 0  
  1627433653 562746386 0  
  1627433654 562746386 0  
  1627433655 562746386 0  
  1627433656 562746386 0  
  1627433657 562746386 0  
  1627433658 562746386 0  
  1627433659 562746386 0  
  1627433660 562746386 0  
  1627433661 562746386 0  
  1627433662 562746386 0  
  1627433663 562746386 0  
  1627433664 562746386 0  
  1627433665 562746386 0  
 