 1626787328 460004678 77604  
  1626787329 460004678 77604  
  1626787330 460004678 77604  
  1626787331 460004678 77604  
  1626787332 460004678 77604  
  1626787333 460004678 77604  
  1626787334 460004678 77604  
  1626787335 460004678 77604  
  1626787336 460004678 77604  
  1626787337 460004678 77604  
  1626787338 460004678 77604  
  1626787339 460004678 77604  
  1626787340 460005016 77604  
  1626787341 460005016 77604  
  1626787342 460005016 77604  
  1626787343 460005016 77604  
  1626787344 460005016 77604  
  1626787345 460005016 77604  
  1626787346 460005016 77604  
  1626787347 460005016 77604  
  1626787348 460005016 77604  
  1626787349 460005016 77604  
  1626787350 460005016 77604  
  1626787352 460005016 77604  
  1626787353 460005016 77604  
  1626787354 460005016 77604  
  1626787355 460005016 77604  
  1626787356 460005016 77604  
  1626787357 460005016 77604  
  1626787358 460005016 77604  
  1626787359 460005016 77604  
  1626787360 460005016 77604  
  1626787361 460005016 77604  
  1626787362 460009325 77604  
  1626787363 460009649 77604  
  1626787364 460009649 77604  
  1626787365 460010357 77604  
  1626787366 460010357 77604  
  1626787367 460010357 77604  
  1626787368 460010357 77604  
  1626787369 460010357 77604  
  1626787370 460010357 77604  
  1626787371 460010449 77604  
  1626787372 460010449 77604  
  1626787373 460010449 77604  
  1626787374 460010449 77604  
  1626787375 460010449 77604  
  1626787376 460010449 77604  
  1626787377 460010449 77604  
  1626787378 460010449 77604  
  1626787379 460010449 77604  
  1626787380 460010449 77604  
  1626787381 460010449 77604  
  1626787382 460010449 77604  
  1626787383 460010449 77604  
  1626787384 460010449 77604  
  1626787385 460010449 77604  
  1626787386 460010449 77604  
  1626787387 460010449 77604  
  1626787388 460010449 77604  
  1626787389 460010449 77604  
  1626787391 460010449 77604  
  1626787392 460010449 77604  
  1626787393 460010449 77604  
  1626787394 460010449 77604  
  1626787395 460010449 77604  
  1626787396 460010449 77604  
  1626787397 460010449 77604  
  1626787398 460010449 77604  
  1626787399 460010449 77604  
  1626787400 460010449 77604  
  1626787401 460010449 77604  
  1626787402 460010449 77604  
  1626787403 460010449 77604  
  1626787404 460010449 77604  
  1626787405 460010449 77604  
  1626787406 460010449 77604  
  1626787407 460010449 77604  
  1626787408 460010449 77604  
  1626787409 460010449 77604  
  1626787410 460010449 77604  
  1626787411 460010449 77604  
  1626787412 460010449 77604  
  1626787413 460010449 77604  
  1626787414 460010449 77604  
  1626787415 460010449 77604  
  1626787416 460010449 77604  
  1626787417 460010449 77604  
  1626787418 460010449 77604  
  1626787419 460010449 77604  
  1626787420 460010449 77604  
  1626787421 460010449 77604  
  1626787422 460010449 77604  
  1626787423 460010449 77604  
  1626787424 460010449 77604  
  1626787425 460010449 77604  
  1626787426 460010449 77604  
  1626787427 460010449 77604  
  1626787428 460010449 77604  
  1626787430 460010449 77604  
  1626787431 460010449 77604  
  1626787432 460010449 77604  
  1626787433 460010449 77604  
  1626787434 460010449 77604  
  1626787435 460010449 77604  
  1626787436 460010449 77604  
  1626787437 460010449 77604  
  1626787438 460010449 77604  
  1626787439 460010449 77604  
  1626787440 460010449 77604  
  1626787441 460010449 77604  
  1626787442 460010449 77604  
  1626787443 460010449 77604  
  1626787444 460010449 77604  
  1626787445 460010449 77604  
  1626787446 460010449 77604  
  1626787447 460010449 77604  
  1626787448 460010449 77604  
  1626787449 460010449 77604  
  1626787450 460010449 77604  
  1626787451 460010449 77604  
  1626787452 460010449 77604  
  1626787453 460010449 77604  
  1626787454 460010449 77604  
  1626787455 460010449 77604  
  1626787456 460010449 77604  
  1626787457 460010449 77604  
  1626787458 460010449 77604  
  1626787459 460010449 77604  
  1626787460 460010449 77604  
  1626787461 460010449 77604  
  1626787462 460010449 77604  
  1626787463 460010449 77604  
  1626787464 460010449 77604  
  1626787465 460011045 77604  
  1626787466 460011045 77604  
  1626787467 460011045 77604  
  1626787469 460011045 77604  
  1626787470 460011045 77604  
  1626787471 460011045 77604  
  1626787472 460011045 77604  
  1626787473 460011045 77604  
  1626787474 460011045 77604  
  1626787475 460011045 77604  
  1626787476 460011045 77604  
  1626787477 460011045 77604  
  1626787478 460011045 77604  
  1626787479 460011045 77604  
  1626787480 460011045 77604  
  1626787481 460011045 77604  
  1626787482 460011045 77604  
  1626787483 460011045 77604  
  1626787484 460011045 77604  
  1626787485 460011045 77604  
  1626787486 460011045 77604  
  1626787487 460011045 77604  
  1626787488 460011045 77604  
  1626787489 460011045 77604  
  1626787490 460011045 77604  
  1626787491 460011045 77604  
  1626787492 460011045 77604  
  1626787493 460011045 77604  
  1626787494 460011045 77604  
  1626787495 460011045 77604  
  1626787496 460011045 77604  
  1626787497 460011045 77604  
  1626787498 460011045 77604  
  1626787499 460015678 77604  
  1626787500 460015678 77604  
  1626787501 460016318 77604  
  1626787502 460016318 77604  
  1626787503 460016318 77604  
  1626787504 460016318 77604  
  1626787505 460016318 77604  
  1626787506 460016318 77604  
  1626787508 460016318 77604  
  1626787509 460016318 77604  
  1626787510 460016318 77604  
  1626787511 460016318 77604  
  1626787512 460016318 77604  
  1626787513 460019215 77604  
  1626787514 460020951 77604  
  1626787515 460020951 77604  
  1626787516 460029189 77604  
  1626787517 460030925 77604  
  1626787518 460032341 77604  
  1626787519 460032341 77604  
  1626787520 460032341 77604  
  1626787521 460032341 77604  
  1626787522 460032341 77604  
  1626787523 460032341 77604  
  1626787524 460032341 77604  
  1626787525 460032341 77604  
  1626787526 460032341 77604  
  1626787527 460032341 77604  
  1626787528 460032341 77604  
  1626787529 460032341 77604  
  1626787530 460032341 77604  
  1626787531 460032698 77604  
  1626787532 460032698 77604  
  1626787533 460032698 77604  
  1626787534 460032698 77604  
  1626787535 460032698 77604  
  1626787536 460032698 77604  
  1626787537 460032698 77604  
  1626787538 460032698 77604  
  1626787539 460032698 77604  
  1626787540 460032698 77604  
  1626787541 460032698 77604  
  1626787542 460032698 77604  
  1626787543 460032698 77604  
  1626787544 460032698 77604  
  1626787545 460032698 77604  
  1626787547 460032698 77604  
  1626787548 460032698 77604  
  1626787549 460032698 77604  
  1626787550 460032698 77604  
  1626787551 460032698 77604  
  1626787552 460032698 77604  
  1626787553 460032698 77604  
  1626787554 460032698 77604  
  1626787555 460032698 77604  
  1626787556 460032698 77604  
  1626787557 460032698 77604  
  1626787558 460032698 77604  
  1626787559 460032698 77604  
  1626787560 460032698 77604  
  1626787561 460032698 77604  
  1626787562 460032698 77604  
  1626787563 460032698 77604  
  1626787564 460032698 77604  
  1626787565 460032698 77604  
  1626787566 460032698 77604  
  1626787567 460032698 77604  
  1626787568 460032698 77604  
  1626787569 460032698 77604  
  1626787570 460032698 77604  
  1626787571 460032698 77604  
  1626787572 460032698 77604  
  1626787573 460032698 77604  
  1626787574 460032698 77604  
  1626787575 460032698 77604  
  1626787576 460032698 77604  
  1626787577 460032698 77604  
  1626787578 460032698 77604  
  1626787579 460032698 77604  
  1626787580 460032698 77604  
  1626787581 460032698 77604  
  1626787582 460032698 77604  
  1626787583 460032698 77604  
  1626787584 460032698 77604  
  1626787586 460032698 77604  
  1626787587 460032698 77604  
  1626787588 460032698 77604  
  1626787589 460032698 77604  
  1626787590 460032698 77604  
  1626787591 460032698 77604  
  1626787592 460032698 77604  
  1626787593 460032698 77604  
  1626787594 460032698 77604  
  1626787595 460032698 77604  
  1626787596 460032698 77604  
  1626787597 460032698 77604  
  1626787598 460032698 77604  
  1626787599 460032698 77604  
  1626787600 460032698 77604  
  1626787601 460032698 77604  
  1626787602 460032698 77604  
  1626787603 460032698 77604  
  1626787604 460032698 77604  
  1626787605 460032698 77604  
  1626787606 460032698 77604  
  1626787607 460032698 77604  
  1626787608 460032698 77604  
  1626787609 460032698 77604  
  1626787610 460032698 77604  
  1626787611 460032698 77604  
  1626787612 460032698 77604  
  1626787613 460032698 77604  
  1626787614 460032698 77604  
  1626787615 460032698 77604  
  1626787616 460032698 77604  
  1626787617 460032698 77604  
  1626787618 460032698 77604  
  1626787619 460032698 77604  
  1626787620 460032698 77604  
  1626787621 460032698 77604  
  1626787622 460032698 77604  
  1626787623 460032698 77604  
  1626787625 460032698 77604  
  1626787626 460032698 77604  
  1626787627 460032698 77604  
  1626787628 460032698 77604  
  1626787629 460032698 77604  
  1626787630 460032790 77604  
  1626787631 460032790 77604  
  1626787632 460032790 77604  
  1626787633 460032790 77604  
  1626787634 460032790 77604  
  1626787635 460032790 77604  
  1626787636 460032790 77604  
  1626787637 460032790 77604  
  1626787638 460032790 77604  
  1626787639 460032790 77604  
  1626787640 460032790 77604  
  1626787641 460032790 77604  
  1626787642 460032790 77604  
  1626787643 460032790 77604  
  1626787644 460032790 77604  
  1626787645 460032790 77604  
  1626787646 460032790 77604  
  1626787647 460032790 77604  
  1626787648 460032790 77604  
  1626787649 460032790 77604  
  1626787650 460032790 77604  
 