 1626772259 458124858 115360  
  1626772260 458124858 115360  
  1626772261 458124858 115360  
  1626772262 458124858 115360  
  1626772263 458124858 115360  
  1626772264 458124858 115360  
  1626772265 458124858 115360  
  1626772266 458124950 115360  
  1626772267 458124950 115360  
  1626772268 458124950 115360  
  1626772269 458124950 115360  
  1626772270 458124950 115360  
  1626772271 458124950 115360  
  1626772272 458124950 115360  
  1626772273 458124950 115360  
  1626772274 458124950 115360  
  1626772275 458124950 115360  
  1626772276 458124950 115360  
  1626772277 458124950 115360  
  1626772278 458124950 115360  
  1626772279 458124950 115360  
  1626772280 458124950 115360  
  1626772281 458124950 115360  
  1626772282 458124950 115360  
  1626772283 458124950 115360  
  1626772284 458124950 115360  
  1626772285 458124950 115360  
  1626772286 458124950 115360  
  1626772287 458124950 115360  
  1626772288 458124950 115360  
  1626772289 458124950 115360  
  1626772290 458124950 115360  
  1626772291 458124950 115360  
  1626772292 458124950 115360  
  1626772294 458124950 115360  
  1626772295 458124950 115360  
  1626772296 458124950 115360  
  1626772297 458124950 115360  
  1626772298 458124950 115360  
  1626772299 458124950 115360  
  1626772300 458124950 115360  
  1626772301 458124950 115360  
  1626772302 458124950 115360  
  1626772303 458124950 115360  
  1626772304 458124950 115360  
  1626772305 458124950 115360  
  1626772306 458124950 115360  
  1626772307 458124950 115360  
  1626772308 458124950 115360  
  1626772309 458124950 115360  
  1626772310 458124950 115360  
  1626772311 458124950 115360  
  1626772312 458124950 115360  
  1626772313 458124950 115360  
  1626772314 458124950 115360  
  1626772315 458124950 115360  
  1626772316 458124950 115360  
  1626772317 458125042 115360  
  1626772318 458125042 115360  
  1626772319 458125042 115360  
  1626772320 458125042 115360  
  1626772321 458125042 115360  
  1626772322 458125042 115360  
  1626772323 458125042 115360  
  1626772324 458125042 115360  
  1626772325 458125042 115360  
  1626772326 458125042 115360  
  1626772327 458125042 115360  
  1626772328 458125042 115360  
  1626772329 458125042 115360  
  1626772330 458125134 115360  
  1626772331 458125134 115360  
  1626772333 458125134 115360  
  1626772334 458125134 115360  
  1626772335 458125134 115360  
  1626772336 458125134 115360  
  1626772337 458125134 115360  
  1626772338 458125134 115360  
  1626772339 458125134 115360  
  1626772340 458125134 115360  
  1626772341 458125134 115360  
  1626772342 458125134 115360  
  1626772343 458125134 115360  
  1626772344 458125134 115360  
  1626772345 458125134 115360  
  1626772346 458125134 115360  
  1626772347 458125134 115360  
  1626772348 458125134 115360  
  1626772349 458125134 115360  
  1626772350 458125134 115360  
  1626772351 458125134 115360  
  1626772352 458125134 115360  
  1626772353 458125134 115360  
  1626772354 458125134 115360  
  1626772355 458125134 115360  
  1626772356 458125134 115360  
  1626772357 458125134 115360  
  1626772358 458125134 115360  
  1626772359 458125134 115360  
  1626772360 458125134 115360  
  1626772361 458125134 115360  
  1626772362 458125134 115360  
  1626772363 458125134 115360  
  1626772364 458125134 115360  
  1626772365 458130295 115360  
  1626772366 458130363 115360  
  1626772367 458131071 115360  
  1626772368 458131071 115360  
  1626772369 458131071 115360  
  1626772370 458131071 115360  
  1626772371 458131071 115360  
  1626772373 458131071 115360  
  1626772374 458131071 115360  
  1626772375 458131071 115360  
  1626772376 458131071 115360  
  1626772377 458131071 115360  
  1626772378 458131071 115360  
  1626772379 458131071 115360  
  1626772380 458131071 115360  
  1626772381 458131071 115360  
  1626772382 458131071 115360  
  1626772383 458131071 115360  
  1626772384 458131071 115360  
  1626772385 458131071 115360  
  1626772386 458131071 115360  
  1626772387 458131071 115360  
  1626772388 458131071 115360  
  1626772389 458131071 115360  
  1626772390 458131071 115360  
  1626772391 458131071 115360  
  1626772392 458131071 115360  
  1626772393 458131071 115360  
  1626772394 458131071 115360  
  1626772395 458131231 115360  
  1626772396 458131231 115360  
  1626772397 458131231 115360  
  1626772398 458131231 115360  
  1626772399 458131231 115360  
  1626772400 458131231 115360  
  1626772401 458132387 115360  
  1626772402 458132387 115360  
  1626772403 458132387 115360  
  1626772404 458132387 115360  
  1626772405 458132387 115360  
  1626772406 458132387 115360  
  1626772407 458132387 115360  
  1626772408 458132387 115360  
  1626772409 458132387 115360  
  1626772410 458132387 115360  
  1626772412 458132387 115360  
  1626772413 458132387 115360  
  1626772414 458132387 115360  
  1626772415 458132387 115360  
  1626772416 458132387 115360  
  1626772417 458132387 115360  
  1626772418 458132387 115360  
  1626772419 458132387 115360  
  1626772420 458132387 115360  
  1626772421 458132387 115360  
  1626772422 458132387 115360  
  1626772423 458132387 115360  
  1626772424 458132387 115360  
  1626772425 458132387 115360  
  1626772426 458132387 115360  
  1626772427 458132387 115360  
  1626772428 458132387 115360  
  1626772429 458132387 115360  
  1626772430 458132387 115360  
  1626772431 458132387 115360  
  1626772432 458132387 115360  
  1626772433 458132387 115360  
  1626772434 458132387 115360  
  1626772435 458132387 115360  
  1626772436 458132387 115360  
  1626772437 458132387 115360  
  1626772438 458132387 115360  
  1626772439 458132387 115360  
  1626772440 458132387 115360  
  1626772441 458132387 115360  
  1626772442 458132387 115360  
  1626772443 458132387 115360  
  1626772444 458132387 115360  
  1626772445 458132479 115360  
  1626772446 458132479 115360  
  1626772447 458132479 115360  
  1626772448 458132479 115360  
  1626772449 458132479 115360  
  1626772450 458132479 115360  
  1626772452 458132479 115360  
  1626772453 458132479 115360  
  1626772454 458132479 115360  
  1626772455 458132479 115360  
  1626772456 458132479 115360  
  1626772457 458132479 115360  
  1626772458 458132479 115360  
  1626772459 458132479 115360  
  1626772460 458132479 115360  
  1626772461 458132479 115360  
  1626772462 458132479 115360  
  1626772463 458132479 115360  
  1626772464 458132479 115360  
  1626772465 458132479 115360  
  1626772466 458132479 115360  
  1626772467 458132479 115360  
  1626772468 458132479 115360  
  1626772469 458132479 115360  
  1626772470 458132479 115360  
  1626772471 458132479 115360  
  1626772472 458132479 115360  
  1626772473 458132479 115360  
  1626772474 458132479 115360  
  1626772475 458132479 115360  
  1626772476 458132479 115360  
  1626772477 458132479 115360  
  1626772478 458132479 115360  
  1626772479 458132479 115360  
  1626772480 458132479 115360  
  1626772481 458132479 115360  
  1626772482 458132479 115360  
  1626772483 458132479 115360  
  1626772484 458132479 115360  
  1626772485 458132479 115360  
  1626772486 458132479 115360  
  1626772487 458132479 115360  
  1626772488 458132479 115360  
  1626772489 458132479 115360  
  1626772490 458132479 115360  
  1626772492 458132479 115360  
  1626772493 458132479 115360  
  1626772494 458132479 115360  
  1626772495 458132479 115360  
  1626772496 458132479 115360  
  1626772497 458132479 115360  
  1626772498 458132479 115360  
  1626772499 458132479 115360  
  1626772500 458132479 115360  
  1626772501 458136788 115360  
  1626772502 458137112 115360  
  1626772503 458137820 115360  
  1626772504 458137820 115360  
  1626772505 458137820 115360  
  1626772506 458137820 115360  
  1626772507 458137820 115360  
  1626772508 458137820 115360  
  1626772509 458137820 115360  
  1626772510 458137820 115360  
  1626772511 458137820 115360  
  1626772512 458137820 115360  
  1626772513 458137820 115360  
  1626772514 458137820 115360  
  1626772515 458139697 115360  
  1626772516 458142453 115360  
  1626772517 458147086 115360  
  1626772518 458152427 115360  
  1626772519 458153135 115360  
  1626772520 458153843 115360  
  1626772521 458153843 115360  
  1626772522 458153843 115360  
  1626772523 458153935 115360  
  1626772524 458153935 115360  
  1626772525 458153935 115360  
  1626772526 458153935 115360  
  1626772527 458153935 115360  
  1626772528 458153935 115360  
  1626772529 458153935 115360  
  1626772530 458153935 115360  
  1626772532 458153935 115360  
  1626772533 458153935 115360  
  1626772534 458154292 115360  
  1626772535 458154292 115360  
  1626772536 458154292 115360  
  1626772537 458154292 115360  
  1626772538 458154292 115360  
  1626772539 458154292 115360  
  1626772540 458154292 115360  
  1626772541 458154292 115360  
  1626772542 458154292 115360  
  1626772543 458154292 115360  
  1626772544 458154292 115360  
  1626772545 458154292 115360  
  1626772546 458154292 115360  
  1626772547 458154292 115360  
  1626772548 458154292 115360  
  1626772549 458154292 115360  
  1626772550 458154292 115360  
  1626772551 458154292 115360  
  1626772552 458154292 115360  
  1626772553 458154292 115360  
  1626772554 458154292 115360  
  1626772555 458154292 115360  
  1626772556 458154292 115360  
  1626772557 458154292 115360  
  1626772558 458154292 115360  
  1626772559 458154292 115360  
  1626772560 458154292 115360  
  1626772561 458154292 115360  
  1626772562 458154292 115360  
  1626772563 458154292 115360  
  1626772564 458154292 115360  
  1626772565 458154292 115360  
  1626772566 458154888 115360  
  1626772567 458154888 115360  
  1626772568 458154888 115360  
  1626772569 458154888 115360  
  1626772570 458154888 115360  
  1626772572 458154888 115360  
  1626772573 458154888 115360  
  1626772574 458154980 115360  
  1626772575 458154980 115360  
  1626772576 458154980 115360  
  1626772577 458154980 115360  
  1626772578 458154980 115360  
  1626772579 458154980 115360  
  1626772580 458154980 115360  
  1626772581 458154980 115360  
  1626772582 458154980 115360  
  1626772583 458154980 115360  
  1626772584 458154980 115360  
  1626772585 458154980 115360  
  1626772586 458154980 115360  
  1626772587 458154980 115360  
  1626772588 458154980 115360  
  1626772589 458154980 115360  
  1626772590 458154980 115360  
  1626772591 458154980 115360  
  1626772592 458154980 115360  
  1626772593 458154980 115360  
  1626772594 458154980 115360  
  1626772595 458154980 115360  
  1626772596 458154980 115360  
  1626772597 458154980 115360  
  1626772598 458154980 115360  
  1626772599 458154980 115360  
  1626772600 458154980 115360  
  1626772601 458154980 115360  
 