 1626781492 462148645 0  
  1626781494 462148645 0  
  1626781495 462148645 0  
  1626781496 462148645 0  
  1626781497 462148983 0  
  1626781498 462148983 0  
  1626781499 462148983 0  
  1626781500 462148983 0  
  1626781501 462148983 0  
  1626781502 462148983 0  
  1626781503 462148983 0  
  1626781504 462151880 0  
  1626781505 462153616 0  
  1626781506 462153616 0  
  1626781507 462154256 0  
  1626781508 462154256 0  
  1626781509 462154256 0  
  1626781510 462154256 0  
  1626781511 462154256 0  
  1626781512 462154256 0  
  1626781513 462154256 0  
  1626781514 462154256 0  
  1626781515 462154256 0  
  1626781516 462154256 0  
  1626781517 462158565 0  
  1626781518 462158889 0  
  1626781519 462158889 0  
  1626781520 462164230 0  
  1626781521 462168863 0  
  1626781522 462170279 0  
  1626781523 462170279 0  
  1626781524 462170279 0  
  1626781525 462170279 0  
  1626781526 462170279 0  
  1626781527 462170279 0  
  1626781528 462170279 0  
  1626781529 462170279 0  
  1626781530 462170279 0  
  1626781532 462170279 0  
  1626781533 462170279 0  
  1626781534 462170279 0  
  1626781535 462170279 0  
  1626781536 462170279 0  
  1626781537 462170279 0  
  1626781538 462170279 0  
  1626781539 462170279 0  
  1626781540 462170636 0  
  1626781541 462170636 0  
  1626781542 462170636 0  
  1626781543 462170820 0  
  1626781544 462170820 0  
  1626781545 462170820 0  
  1626781546 462170820 0  
  1626781547 462170820 0  
  1626781548 462170820 0  
  1626781549 462170820 0  
  1626781550 462170820 0  
  1626781551 462170820 0  
  1626781552 462170820 0  
  1626781553 462170820 0  
  1626781554 462170820 0  
  1626781555 462170820 0  
  1626781556 462170820 0  
  1626781557 462170820 0  
  1626781558 462170820 0  
  1626781559 462170820 0  
  1626781560 462170820 0  
  1626781561 462170820 0  
  1626781562 462170820 0  
  1626781563 462170820 0  
  1626781564 462170820 0  
  1626781565 462170820 0  
  1626781566 462170820 0  
  1626781567 462170820 0  
  1626781568 462170820 0  
  1626781569 462170820 0  
  1626781571 462170820 0  
  1626781572 462170820 0  
  1626781573 462170820 0  
  1626781574 462170820 0  
  1626781575 462170820 0  
  1626781576 462170820 0  
  1626781577 462170820 0  
  1626781578 462170820 0  
  1626781579 462170820 0  
  1626781580 462170820 0  
  1626781581 462170820 0  
  1626781582 462170820 0  
  1626781583 462170820 0  
  1626781584 462170820 0  
  1626781585 462170820 0  
  1626781586 462170820 0  
  1626781587 462170820 0  
  1626781588 462170820 0  
  1626781589 462170820 0  
  1626781590 462170820 0  
  1626781591 462170820 0  
  1626781592 462170820 0  
  1626781593 462170820 0  
  1626781594 462170820 0  
  1626781595 462170820 0  
  1626781596 462170820 0  
  1626781597 462170820 0  
  1626781598 462170820 0  
  1626781599 462170820 0  
  1626781600 462170820 0  
  1626781601 462170820 0  
  1626781602 462170820 0  
  1626781603 462170820 0  
  1626781604 462170820 0  
  1626781605 462170820 0  
  1626781606 462170820 0  
  1626781607 462170820 0  
  1626781608 462170912 0  
  1626781609 462170912 0  
  1626781611 462170912 0  
  1626781612 462170912 0  
  1626781613 462170912 0  
  1626781614 462170912 0  
  1626781615 462170912 0  
  1626781616 462170912 0  
  1626781617 462170912 0  
  1626781618 462170912 0  
  1626781619 462170912 0  
  1626781620 462170912 0  
  1626781621 462170912 0  
  1626781622 462170912 0  
  1626781623 462170912 0  
  1626781624 462170912 0  
  1626781625 462170912 0  
  1626781626 462170912 0  
  1626781627 462170912 0  
  1626781628 462170912 0  
  1626781629 462170912 0  
  1626781630 462170912 0  
  1626781631 462170912 0  
  1626781632 462170912 0  
  1626781633 462170912 0  
  1626781634 462170912 0  
  1626781635 462170912 0  
  1626781636 462170912 0  
  1626781637 462170912 0  
  1626781638 462170912 0  
  1626781639 462170912 0  
  1626781640 462170912 0  
  1626781641 462170912 0  
  1626781642 462170912 0  
  1626781643 462170912 0  
  1626781644 462170912 0  
  1626781645 462170912 0  
  1626781646 462170912 0  
  1626781647 462171250 0  
  1626781648 462171250 0  
  1626781649 462171250 0  
  1626781651 462171250 0  
  1626781652 462171250 0  
  1626781653 462171250 0  
  1626781654 462171250 0  
  1626781655 462171250 0  
  1626781656 462171250 0  
  1626781657 462171250 0  
  1626781658 462171250 0  
  1626781659 462171250 0  
  1626781660 462171250 0  
  1626781661 462171250 0  
  1626781662 462171250 0  
  1626781663 462171250 0  
  1626781664 462171250 0  
  1626781665 462171250 0  
  1626781666 462171846 0  
  1626781667 462176155 0  
  1626781668 462176479 0  
  1626781669 462176479 0  
  1626781670 462177187 0  
  1626781671 462177187 0  
  1626781672 462177371 0  
  1626781673 462177371 0  
  1626781674 462177371 0  
  1626781675 462177371 0  
  1626781676 462177371 0  
  1626781677 462177371 0  
  1626781678 462177371 0  
  1626781679 462177371 0  
  1626781680 462177371 0  
  1626781681 462177371 0  
  1626781682 462177371 0  
  1626781683 462177371 0  
  1626781684 462177371 0  
  1626781685 462177371 0  
  1626781686 462177371 0  
  1626781687 462177371 0  
  1626781688 462177371 0  
  1626781690 462177371 0  
  1626781691 462177371 0  
  1626781692 462177371 0  
  1626781693 462177371 0  
  1626781694 462177371 0  
  1626781695 462177371 0  
  1626781696 462177371 0  
  1626781697 462177371 0  
  1626781698 462177371 0  
  1626781699 462177371 0  
  1626781700 462177371 0  
  1626781701 462177371 0  
  1626781702 462177371 0  
  1626781703 462177371 0  
  1626781704 462177371 0  
  1626781705 462177371 0  
  1626781706 462177371 0  
  1626781707 462177371 0  
  1626781708 462177371 0  
  1626781709 462177371 0  
  1626781710 462177371 0  
  1626781711 462177371 0  
  1626781712 462177453 0  
  1626781713 462177453 0  
  1626781714 462177453 0  
  1626781715 462177453 0  
  1626781716 462177453 0  
  1626781717 462177453 0  
  1626781718 462177453 0  
  1626781719 462177453 0  
  1626781720 462177453 0  
  1626781721 462177453 0  
  1626781722 462177453 0  
  1626781723 462177453 0  
  1626781724 462177453 0  
  1626781725 462177453 0  
  1626781726 462177453 0  
  1626781727 462177453 0  
  1626781728 462177453 0  
  1626781730 462177453 0  
  1626781731 462177453 0  
  1626781732 462177453 0  
  1626781733 462177453 0  
  1626781734 462177453 0  
  1626781735 462177453 0  
  1626781736 462177453 0  
  1626781737 462177637 0  
  1626781738 462177637 0  
  1626781739 462177637 0  
  1626781740 462177637 0  
  1626781741 462177637 0  
  1626781742 462177637 0  
  1626781743 462177637 0  
  1626781744 462177637 0  
  1626781745 462177637 0  
  1626781746 462177637 0  
  1626781747 462177637 0  
  1626781748 462177637 0  
  1626781749 462177637 0  
  1626781750 462177637 0  
  1626781751 462177637 0  
  1626781752 462177637 0  
  1626781753 462177637 0  
  1626781754 462177637 0  
  1626781755 462177637 0  
  1626781756 462177637 0  
  1626781757 462177637 0  
  1626781758 462177637 0  
  1626781759 462177637 0  
  1626781760 462177637 0  
  1626781761 462177637 0  
  1626781762 462177637 0  
  1626781763 462177637 0  
  1626781764 462177637 0  
  1626781765 462177637 0  
  1626781766 462177637 0  
  1626781767 462177637 0  
  1626781768 462177637 0  
  1626781770 462177637 0  
  1626781771 462177637 0  
  1626781772 462177637 0  
  1626781773 462177637 0  
  1626781774 462177637 0  
  1626781775 462177637 0  
  1626781776 462177637 0  
  1626781777 462177637 0  
  1626781778 462177637 0  
  1626781779 462177637 0  
  1626781780 462177637 0  
  1626781781 462177637 0  
  1626781782 462177637 0  
  1626781783 462177637 0  
  1626781784 462177637 0  
  1626781785 462177637 0  
  1626781786 462177637 0  
  1626781787 462177637 0  
  1626781788 462177637 0  
  1626781789 462177637 0  
  1626781790 462177637 0  
  1626781791 462177637 0  
  1626781792 462177637 0  
  1626781793 462177637 0  
  1626781794 462177637 0  
  1626781795 462177637 0  
  1626781796 462177637 0  
  1626781797 462177975 0  
  1626781798 462177975 0  
  1626781799 462177975 0  
  1626781800 462177975 0  
  1626781801 462178159 0  
  1626781802 462178159 0  
  1626781803 462182468 0  
  1626781804 462182792 0  
  1626781805 462183500 0  
  1626781806 462183500 0  
  1626781807 462183500 0  
  1626781809 462183500 0  
  1626781810 462183500 0  
  1626781811 462183500 0  
  1626781812 462183500 0  
  1626781813 462183500 0  
  1626781814 462183500 0  
  1626781815 462183500 0  
  1626781816 462183500 0  
  1626781817 462183500 0  
  1626781818 462187629 0  
  1626781819 462188133 0  
  1626781820 462192698 0  
  1626781821 462198107 0  
  1626781822 462198815 0  
  1626781823 462199523 0  
  1626781824 462199523 0  
  1626781825 462199523 0  
  1626781826 462199523 0  
  1626781827 462199523 0  
  1626781828 462199523 0  
  1626781829 462199523 0  
  1626781830 462199523 0  
  1626781831 462199523 0  
  1626781832 462199523 0  
  1626781833 462199523 0  
  1626781834 462199523 0  
  1626781835 462199523 0  
  1626781836 462199523 0  
  1626781837 462199523 0  
  1626781838 462199523 0  
  1626781839 462199523 0  
  1626781840 462439901 0  
  1626781841 462439901 0  
  1626781842 462439901 0  
  1626781843 462440020 0  
  1626781844 462440020 0  
  1626781845 462440020 0  
  1626781846 462440020 0  
  1626781847 462440020 0  
  1626781849 462440020 0  
  1626781850 462440020 0  
  1626781851 462440020 0  
  1626781852 462440020 0  
  1626781853 462440020 0  
  1626781854 462440020 0  
  1626781855 462440020 0  
  1626781856 462440020 0  
  1626781857 462440020 0  
  1626781858 462440020 0  
  1626781859 462440020 0  
  1626781860 462440020 0  
  1626781861 462440020 0  
  1626781862 462440020 0  
  1626781863 462440020 0  
  1626781864 462440020 0  
  1626781865 462440616 0  
  1626781866 462440708 0  
  1626781867 462440800 0  
  1626781868 462440800 0  
  1626781869 462440800 0  
  1626781870 462440800 0  
  1626781871 462440800 0  
  1626781872 462440800 0  
  1626781873 462440800 0  
  1626781874 462440800 0  
  1626781875 462440800 0  
  1626781876 462440800 0  
  1626781877 462440800 0  
  1626781878 462440800 0  
  1626781879 462440800 0  
  1626781880 462440800 0  
  1626781881 462440800 0  
  1626781882 462440800 0  
  1626781883 462440800 0  
  1626781884 462440800 0  
  1626781885 462440800 0  
  1626781886 462440800 0  
  1626781888 462440800 0  
  1626781889 462440800 0  
  1626781890 462440800 0  
  1626781891 462440800 0  
  1626781892 462440800 0  
  1626781893 462440800 0  
  1626781894 462440800 0  
  1626781895 462440800 0  
  1626781896 462440800 0  
  1626781897 462440800 0  
  1626781898 462440800 0  
  1626781899 462440800 0  
  1626781900 462440800 0  
  1626781901 462440800 0  
  1626781902 462440800 0  
  1626781903 462440800 0  
  1626781904 462440800 0  
  1626781905 462440800 0  
  1626781906 462440800 0  
  1626781907 462440800 0  
  1626781908 462440800 0  
  1626781909 462440800 0  
  1626781910 462440800 0  
  1626781911 462440800 0  
  1626781912 462440800 0  
  1626781913 462440800 0  
  1626781914 462440800 0  
  1626781915 462440800 0  
  1626781916 462440800 0  
  1626781917 462440800 0  
  1626781918 462440800 0  
  1626781919 462440800 0  
  1626781920 462440800 0  
  1626781921 462440800 0  
  1626781922 462440800 0  
  1626781923 462440800 0  
  1626781924 462440800 0  
  1626781925 462440800 0  
  1626781926 462440800 0  
  1626781927 462440800 0  
  1626781929 462440800 0  
  1626781930 462440800 0  
  1626781931 462440892 0  
  1626781932 462440984 0  
  1626781933 462440984 0  
  1626781934 462440984 0  
  1626781935 462440984 0  
  1626781936 462440984 0  
  1626781937 462440984 0  
  1626781938 462440984 0  
  1626781939 462440984 0  
  1626781940 462440984 0  
  1626781941 462440984 0  
  1626781942 462440984 0  
  1626781943 462440984 0  
  1626781944 462440984 0  
  1626781945 462440984 0  
  1626781946 462440984 0  
  1626781947 462440984 0  
  1626781948 462440984 0  
  1626781949 462440984 0  
  1626781950 462440984 0  
  1626781951 462440984 0  
  1626781952 462440984 0  
  1626781953 462440984 0  
  1626781954 462440984 0  
  1626781955 462440984 0  
  1626781956 462440984 0  
  1626781957 462440984 0  
  1626781958 462440984 0  
  1626781959 462440984 0  
  1626781960 462440984 0  
  1626781961 462440984 0  
  1626781962 462440984 0  
  1626781963 462440984 0  
  1626781964 462440984 0  
  1626781965 462440984 0  
  1626781966 462440984 0  
  1626781967 462445617 0  
  1626781969 462445617 0  
  1626781970 462446325 0  
  1626781971 462446325 0  
  1626781972 462446325 0  
  1626781973 462446325 0  
  1626781974 462446325 0  
  1626781975 462446325 0  
  1626781976 462446325 0  
  1626781977 462446325 0  
  1626781978 462446325 0  
  1626781979 462446325 0  
  1626781980 462446325 0  
  1626781981 462446325 0  
  1626781982 462446325 0  
  1626781983 462446325 0  
  1626781984 462446325 0  
  1626781985 462446325 0  
  1626781986 462446325 0  
  1626781987 462446325 0  
  1626781988 462446325 0  
  1626781989 462446325 0  
  1626781990 462446325 0  
  1626781991 462446325 0  
  1626781992 462446325 0  
  1626781993 462446325 0  
  1626781994 462446325 0  
  1626781995 462446417 0  
  1626781996 462446509 0  
  1626781997 462446509 0  
  1626781998 462446509 0  
  1626781999 462446509 0  
  1626782000 462446509 0  
  1626782001 462446509 0  
  1626782002 462446509 0  
  1626782003 462446509 0  
  1626782004 462446509 0  
  1626782005 462446509 0  
  1626782006 462446509 0  
  1626782008 462446509 0  
  1626782009 462446509 0  
  1626782010 462446509 0  
  1626782011 462446509 0  
  1626782012 462446509 0  
  1626782013 462446509 0  
  1626782014 462446509 0  
  1626782015 462446509 0  
  1626782016 462446509 0  
  1626782017 462446509 0  
  1626782018 462446509 0  
  1626782019 462446509 0  
  1626782020 462446509 0  
  1626782021 462446509 0  
  1626782022 462446509 0  
  1626782023 462446509 0  
  1626782024 462446509 0  
  1626782025 462446509 0  
  1626782026 462446509 0  
  1626782027 462446509 0  
  1626782028 462446509 0  
  1626782029 462446509 0  
  1626782030 462446509 0  
  1626782031 462446509 0  
  1626782032 462446509 0  
  1626782033 462446509 0  
  1626782034 462446509 0  
  1626782035 462446509 0  
  1626782036 462446509 0  
  1626782037 462446509 0  
  1626782038 462446509 0  
  1626782039 462446509 0  
  1626782040 462446509 0  
  1626782041 462446509 0  
  1626782042 462446509 0  
  1626782043 462446509 0  
  1626782044 462446509 0  
  1626782045 462446509 0  
  1626782047 462446509 0  
  1626782048 462446509 0  
  1626782049 462446509 0  
  1626782050 462446509 0  
  1626782051 462446509 0  
  1626782052 462446509 0  
  1626782053 462446509 0  
  1626782054 462446509 0  
  1626782055 462446509 0  
  1626782056 462446509 0  
  1626782057 462446509 0  
  1626782058 462446509 0  
  1626782059 462446509 0  
  1626782060 462446601 0  
  1626782061 462446693 0  
  1626782062 462446693 0  
  1626782063 462446693 0  
  1626782064 462446693 0  
  1626782065 462446693 0  
  1626782066 462447289 0  
  1626782067 462447289 0  
  1626782068 462447289 0  
  1626782069 462447289 0  
  1626782070 462447289 0  
  1626782071 462447289 0  
  1626782072 462447289 0  
  1626782073 462447289 0  
  1626782074 462447289 0  
  1626782075 462447289 0  
  1626782076 462447289 0  
  1626782077 462447289 0  
  1626782078 462447289 0  
  1626782079 462447289 0  
  1626782080 462447289 0  
  1626782081 462447289 0  
  1626782082 462447289 0  
  1626782083 462447289 0  
  1626782084 462447289 0  
  1626782085 462447289 0  
  1626782087 462447289 0  
  1626782088 462447289 0  
  1626782089 462447289 0  
  1626782090 462447289 0  
  1626782091 462447289 0  
  1626782092 462447289 0  
  1626782093 462447289 0  
  1626782094 462447289 0  
  1626782095 462447289 0  
  1626782096 462447289 0  
  1626782097 462447289 0  
  1626782098 462447289 0  
  1626782099 462447289 0  
  1626782100 462447289 0  
  1626782101 462447289 0  
  1626782102 462447289 0  
  1626782103 462447289 0  
  1626782104 462451598 0  
  1626782105 462451922 0  
  1626782106 462452426 0  
  1626782107 462452426 0  
  1626782108 462452426 0  
  1626782109 462452426 0  
  1626782110 462452426 0  
  1626782111 462452426 0  
  1626782112 462452426 0  
  1626782113 462452426 0  
  1626782114 462452426 0  
  1626782115 462452426 0  
  1626782116 462452426 0  
  1626782117 462452426 0  
  1626782118 462456991 0  
  1626782119 462461692 0  
  1626782120 462462544 0  
  1626782121 462467741 0  
  1626782122 462468449 0  
  1626782123 462468541 0  
  1626782124 462468541 0  
  1626782126 462468633 0  
  1626782127 462468633 0  
  1626782128 462468633 0  
 