 1626780986 459119078 0  
  1626780987 459119078 0  
  1626780988 459119078 0  
  1626780989 459119078 0  
  1626780991 459119078 0  
  1626780992 459119078 0  
  1626780993 459119078 0  
  1626780994 459119078 0  
  1626780995 459119078 0  
  1626780996 459119078 0  
  1626780997 459119078 0  
  1626780998 459119078 0  
  1626780999 459119078 0  
  1626781000 459119078 0  
  1626781001 459119078 0  
  1626781002 459119078 0  
  1626781003 459119078 0  
  1626781004 459119078 0  
  1626781005 459119078 0  
  1626781006 459119078 0  
  1626781007 459119078 0  
  1626781008 459119078 0  
  1626781009 459119078 0  
  1626781010 459119078 0  
  1626781011 459119078 0  
  1626781012 459119078 0  
  1626781013 459119078 0  
  1626781014 459119078 0  
  1626781015 459119078 0  
  1626781016 459119078 0  
  1626781017 459119078 0  
  1626781018 459119078 0  
  1626781019 459119078 0  
  1626781020 459119078 0  
  1626781021 459119170 0  
  1626781022 459119170 0  
  1626781023 459119170 0  
  1626781024 459119170 0  
  1626781025 459119170 0  
  1626781026 459119170 0  
  1626781027 459119170 0  
  1626781028 459119170 0  
  1626781030 459119170 0  
  1626781031 459119170 0  
  1626781032 459119170 0  
  1626781033 459119170 0  
  1626781034 459119170 0  
  1626781035 459119170 0  
  1626781036 459119170 0  
  1626781037 459119170 0  
  1626781038 459119170 0  
  1626781039 459119170 0  
  1626781040 459119170 0  
  1626781041 459119262 0  
  1626781042 459119262 0  
  1626781043 459119262 0  
  1626781044 459119262 0  
  1626781045 459119262 0  
  1626781046 459119262 0  
  1626781047 459119262 0  
  1626781048 459119262 0  
  1626781049 459119262 0  
  1626781050 459119262 0  
  1626781051 459119262 0  
  1626781052 459119262 0  
  1626781053 459119262 0  
  1626781054 459119262 0  
  1626781055 459119262 0  
  1626781056 459119262 0  
  1626781057 459119262 0  
  1626781058 459119262 0  
  1626781059 459119262 0  
  1626781060 459119262 0  
  1626781061 459119262 0  
  1626781062 459119262 0  
  1626781063 459119262 0  
  1626781064 459119262 0  
  1626781065 459119262 0  
  1626781066 459119262 0  
  1626781067 459119262 0  
  1626781069 459119262 0  
  1626781070 459119262 0  
  1626781071 459119262 0  
  1626781072 459119262 0  
  1626781073 459123571 0  
  1626781074 459123895 0  
  1626781075 459124603 0  
  1626781076 459124603 0  
  1626781077 459124603 0  
  1626781078 459124603 0  
  1626781079 459124603 0  
  1626781080 459124603 0  
  1626781081 459124603 0  
  1626781082 459124603 0  
  1626781083 459124603 0  
  1626781084 459124603 0  
  1626781085 459124603 0  
  1626781086 459124695 0  
  1626781087 459124695 0  
  1626781088 459124695 0  
  1626781089 459124695 0  
  1626781090 459124695 0  
  1626781091 459124695 0  
  1626781092 459124695 0  
  1626781093 459124695 0  
  1626781094 459124695 0  
  1626781095 459124695 0  
  1626781096 459124695 0  
  1626781097 459124695 0  
  1626781098 459124695 0  
  1626781099 459124695 0  
  1626781100 459124695 0  
  1626781101 459124695 0  
  1626781102 459124695 0  
  1626781103 459124695 0  
  1626781104 459124695 0  
  1626781105 459124787 0  
  1626781107 459124787 0  
  1626781108 459124787 0  
  1626781109 459124787 0  
  1626781110 459124787 0  
  1626781111 459124787 0  
  1626781112 459124787 0  
  1626781113 459124787 0  
  1626781114 459124787 0  
  1626781115 459124787 0  
  1626781116 459124787 0  
  1626781117 459124787 0  
  1626781118 459124787 0  
  1626781119 459124787 0  
  1626781120 459124787 0  
  1626781121 459124787 0  
  1626781122 459124787 0  
  1626781123 459124787 0  
  1626781124 459124787 0  
  1626781125 459124787 0  
  1626781126 459124787 0  
  1626781127 459124787 0  
  1626781128 459124787 0  
  1626781129 459124787 0  
  1626781130 459124787 0  
  1626781131 459124787 0  
  1626781132 459124787 0  
  1626781133 459124787 0  
  1626781134 459124787 0  
  1626781135 459124787 0  
  1626781136 459124787 0  
  1626781137 459124787 0  
  1626781138 459124787 0  
  1626781139 459124787 0  
  1626781140 459124787 0  
  1626781141 459124787 0  
  1626781142 459124787 0  
  1626781143 459124787 0  
  1626781145 459124787 0  
  1626781146 459124787 0  
  1626781147 459124787 0  
  1626781148 459124787 0  
  1626781149 459124787 0  
  1626781150 459124787 0  
  1626781151 459124787 0  
  1626781152 459124879 0  
  1626781153 459124879 0  
  1626781154 459124879 0  
  1626781155 459124879 0  
  1626781156 459124879 0  
  1626781157 459124879 0  
  1626781158 459124879 0  
  1626781159 459124879 0  
  1626781160 459124879 0  
  1626781161 459124879 0  
  1626781162 459124879 0  
  1626781163 459124879 0  
  1626781164 459124879 0  
  1626781165 459125605 0  
  1626781166 459125605 0  
  1626781167 459125605 0  
  1626781168 459125605 0  
  1626781169 459125605 0  
  1626781170 459125605 0  
  1626781171 459125697 0  
  1626781172 459125697 0  
  1626781173 459125697 0  
  1626781174 459125697 0  
  1626781175 459125697 0  
  1626781176 459125697 0  
  1626781177 459125697 0  
  1626781178 459125697 0  
  1626781179 459125697 0  
  1626781180 459125697 0  
  1626781181 459125697 0  
  1626781182 459125697 0  
  1626781184 459125697 0  
  1626781185 459125697 0  
  1626781186 459125697 0  
  1626781187 459125697 0  
  1626781188 459125697 0  
  1626781189 459125697 0  
  1626781190 459125697 0  
  1626781191 459125697 0  
  1626781192 459125697 0  
  1626781193 459125697 0  
  1626781194 459125697 0  
  1626781195 459125697 0  
  1626781196 459125697 0  
  1626781197 459125697 0  
  1626781198 459125697 0  
  1626781199 459125697 0  
  1626781200 459125697 0  
  1626781201 459125697 0  
  1626781202 459125697 0  
  1626781203 459125697 0  
  1626781204 459125697 0  
  1626781205 459125697 0  
  1626781206 459125697 0  
  1626781207 459125697 0  
  1626781208 459128594 0  
  1626781209 459130330 0  
  1626781210 459130330 0  
  1626781211 459131038 0  
  1626781212 459131038 0  
  1626781213 459131038 0  
  1626781214 459131038 0  
  1626781215 459131130 0  
  1626781216 459131130 0  
  1626781217 459131130 0  
  1626781218 459131130 0  
  1626781219 459131130 0  
  1626781220 459131130 0  
  1626781221 459131130 0  
  1626781223 459135439 0  
  1626781224 459140396 0  
  1626781225 459145737 0  
  1626781226 459146445 0  
  1626781227 459147153 0  
  1626781228 459147153 0  
  1626781229 459147153 0  
  1626781230 459147153 0  
  1626781231 459147153 0  
  1626781232 459147153 0  
  1626781233 459147153 0  
  1626781234 459147153 0  
  1626781235 459147245 0  
  1626781236 459147245 0  
  1626781237 459147313 0  
  1626781238 459147313 0  
  1626781239 459147313 0  
  1626781240 459147313 0  
  1626781241 459147313 0  
  1626781242 459147313 0  
  1626781243 459148894 0  
  1626781244 459148894 0  
  1626781245 459148894 0  
  1626781246 459148894 0  
  1626781247 459148894 0  
  1626781248 459148894 0  
  1626781249 459148894 0  
  1626781250 459148894 0  
  1626781251 459148894 0  
  1626781252 459148894 0  
  1626781253 459148894 0  
  1626781254 459148894 0  
  1626781255 459148894 0  
  1626781256 459148894 0  
  1626781257 459148894 0  
  1626781258 459148894 0  
  1626781259 459148894 0  
  1626781260 459148894 0  
  1626781261 459148894 0  
  1626781263 459148894 0  
  1626781264 459148894 0  
  1626781265 459148894 0  
  1626781266 459148894 0  
  1626781267 459148894 0  
  1626781268 459148894 0  
  1626781269 459148894 0  
  1626781270 459148894 0  
  1626781271 459148894 0  
  1626781272 459148894 0  
  1626781273 459148894 0  
  1626781274 459148894 0  
  1626781275 459148894 0  
  1626781276 459148894 0  
  1626781277 459148894 0  
  1626781278 459148894 0  
  1626781279 459148894 0  
  1626781280 459148894 0  
  1626781281 459148986 0  
  1626781282 459148986 0  
  1626781283 459148986 0  
  1626781284 459148986 0  
  1626781285 459148986 0  
  1626781286 459148986 0  
  1626781287 459148986 0  
  1626781288 459148986 0  
  1626781289 459148986 0  
  1626781290 459148986 0  
  1626781291 459148986 0  
  1626781292 459148986 0  
  1626781293 459148986 0  
  1626781294 459148986 0  
  1626781295 459148986 0  
  1626781296 459148986 0  
  1626781297 459148986 0  
  1626781298 459148986 0  
  1626781299 459148986 0  
  1626781300 459149078 0  
  1626781302 459149078 0  
  1626781303 459149078 0  
  1626781304 459149078 0  
  1626781305 459149078 0  
  1626781306 459149078 0  
  1626781307 459149078 0  
  1626781308 459149078 0  
  1626781309 459149078 0  
  1626781310 459149078 0  
  1626781311 459149078 0  
  1626781312 459149078 0  
  1626781313 459149078 0  
  1626781314 459149078 0  
  1626781315 459149078 0  
  1626781316 459149078 0  
  1626781317 459149078 0  
  1626781318 459149078 0  
  1626781319 459149078 0  
  1626781320 459149078 0  
  1626781321 459149078 0  
  1626781322 459149078 0  
  1626781323 459149078 0  
  1626781324 459149078 0  
  1626781325 459149078 0  
  1626781326 459149078 0  
  1626781327 459149078 0  
  1626781328 459149078 0  
  1626781329 459149078 0  
  1626781330 459149078 0  
  1626781331 459149078 0  
  1626781332 459149078 0  
  1626781333 459149078 0  
  1626781334 459149078 0  
  1626781335 459149078 0  
  1626781336 459149078 0  
  1626781337 459149078 0  
  1626781338 459149078 0  
  1626781339 459149078 0  
  1626781341 459149078 0  
  1626781342 459149078 0  
  1626781343 459149078 0  
  1626781344 459149078 0  
  1626781345 459149078 0  
  1626781346 459149170 0  
  1626781347 459149170 0  
  1626781348 459149170 0  
  1626781349 459149170 0  
  1626781350 459149170 0  
  1626781351 459149170 0  
  1626781352 459149170 0  
  1626781353 459149170 0  
  1626781354 459149170 0  
  1626781355 459149170 0  
  1626781356 459149170 0  
  1626781357 459149170 0  
  1626781358 459149170 0  
  1626781359 459149170 0  
  1626781360 459149170 0  
  1626781361 459149170 0  
  1626781362 459149170 0  
  1626781363 459149170 0  
  1626781364 459149170 0  
  1626781365 459149262 0  
  1626781366 459149920 0  
  1626781367 459149920 0  
  1626781368 459149920 0  
  1626781369 459149920 0  
  1626781370 459149920 0  
  1626781371 459149920 0  
  1626781372 459154229 0  
  1626781373 459154553 0  
  1626781374 459155261 0  
  1626781375 459155261 0  
  1626781376 459155261 0  
  1626781377 459155261 0  
  1626781378 459155261 0  
  1626781380 459155261 0  
  1626781381 459155261 0  
  1626781382 459155261 0  
  1626781383 459155261 0  
  1626781384 459155261 0  
  1626781385 459155261 0  
  1626781386 459155261 0  
  1626781387 459155261 0  
  1626781388 459155261 0  
  1626781389 459155261 0  
  1626781390 459155261 0  
  1626781391 459155261 0  
  1626781392 459155261 0  
  1626781393 459155261 0  
  1626781394 459155261 0  
  1626781395 459155261 0  
  1626781396 459155261 0  
  1626781397 459155261 0  
  1626781398 459155261 0  
  1626781399 459155261 0  
  1626781400 459155261 0  
  1626781401 459155261 0  
  1626781402 459155261 0  
  1626781403 459155261 0  
  1626781404 459155261 0  
  1626781405 459155261 0  
  1626781406 459155261 0  
  1626781407 459155261 0  
  1626781408 459155261 0  
  1626781409 459155261 0  
  1626781410 459155353 0  
  1626781411 459155353 0  
  1626781412 459155353 0  
  1626781413 459155353 0  
  1626781414 459155353 0  
  1626781415 459155353 0  
  1626781416 459155353 0  
  1626781417 459155353 0  
  1626781418 459155353 0  
  1626781420 459155353 0  
  1626781421 459155353 0  
  1626781422 459155353 0  
  1626781423 459155353 0  
  1626781424 459155353 0  
  1626781425 459155353 0  
  1626781426 459155353 0  
  1626781427 459155353 0  
  1626781428 459155353 0  
  1626781429 459155353 0  
  1626781430 459155445 0  
  1626781431 459155445 0  
  1626781432 459155445 0  
  1626781433 459155445 0  
  1626781434 459155445 0  
  1626781435 459155445 0  
  1626781436 459155445 0  
  1626781437 459155445 0  
  1626781438 459155445 0  
  1626781439 459155445 0  
  1626781440 459155445 0  
  1626781441 459155445 0  
  1626781442 459155445 0  
  1626781443 459155445 0  
  1626781444 459155445 0  
  1626781445 459155445 0  
  1626781446 459155445 0  
  1626781447 459155445 0  
  1626781448 459155445 0  
  1626781449 459155445 0  
  1626781450 459155445 0  
  1626781451 459155445 0  
  1626781452 459155445 0  
  1626781453 459155445 0  
  1626781454 459155445 0  
 