 1626884213 473484430 0  
  1626884214 473484430 0  
  1626884215 473484430 0  
  1626884216 473484430 0  
  1626884217 473484430 0  
  1626884218 473484430 0  
  1626884219 473484430 0  
  1626884220 473484430 0  
  1626884221 473484430 0  
  1626884222 473484430 0  
  1626884223 473484430 0  
  1626884224 473484430 0  
  1626884225 473484430 0  
  1626884226 473484430 0  
  1626884227 473484430 0  
  1626884228 473484430 0  
  1626884230 473484430 0  
  1626884231 473484430 0  
  1626884232 473484430 0  
  1626884233 473484430 0  
  1626884234 473484430 0  
  1626884235 473484430 0  
  1626884236 473484430 0  
  1626884237 473484430 0  
  1626884238 473484430 0  
  1626884239 473484430 0  
  1626884240 473484430 0  
  1626884241 473484430 0  
  1626884242 473484430 0  
  1626884243 473484430 0  
  1626884244 473484430 0  
  1626884245 473484430 0  
  1626884246 473484430 0  
  1626884247 473484430 0  
  1626884248 473484430 0  
  1626884249 473484430 0  
  1626884250 473484430 0  
  1626884251 473484430 0  
  1626884252 473484430 0  
  1626884253 473484430 0  
  1626884254 473484430 0  
  1626884255 473484430 0  
  1626884256 473484430 0  
  1626884257 473484430 0  
  1626884258 473484430 0  
  1626884259 473484430 0  
  1626884260 473484430 0  
  1626884261 473484430 0  
  1626884262 473484430 0  
  1626884263 473484430 0  
  1626884264 473484430 0  
  1626884265 473484430 0  
  1626884266 473484430 0  
  1626884267 473488739 0  
  1626884269 473489063 0  
  1626884270 473489703 0  
  1626884271 473489771 0  
  1626884272 473489771 0  
  1626884273 473489771 0  
  1626884274 473489771 0  
  1626884275 473489771 0  
  1626884276 473489771 0  
  1626884277 473489771 0  
  1626884278 473489771 0  
  1626884279 473489771 0  
  1626884280 473489771 0  
  1626884281 473489771 0  
  1626884282 473489771 0  
  1626884283 473489771 0  
  1626884284 473489771 0  
  1626884285 473489771 0  
  1626884286 473489771 0  
  1626884287 473489771 0  
  1626884288 473489827 0  
  1626884289 473489827 0  
  1626884290 473489827 0  
  1626884291 473489827 0  
  1626884292 473489827 0  
  1626884293 473489827 0  
  1626884294 473489827 0  
  1626884295 473489827 0  
  1626884296 473489827 0  
  1626884297 473489827 0  
  1626884298 473489827 0  
  1626884299 473489827 0  
  1626884300 473489827 0  
  1626884301 473489827 0  
  1626884302 473489827 0  
  1626884303 473489827 0  
  1626884304 473489827 0  
  1626884305 473489827 0  
  1626884306 473489827 0  
  1626884307 473489827 0  
  1626884309 473489827 0  
  1626884310 473489827 0  
  1626884311 473489827 0  
  1626884312 473489827 0  
  1626884313 473489827 0  
  1626884314 473489827 0  
  1626884315 473489827 0  
  1626884316 473489827 0  
  1626884317 473489827 0  
  1626884318 473489827 0  
  1626884319 473489827 0  
  1626884320 473489827 0  
  1626884321 473489827 0  
  1626884322 473489827 0  
  1626884323 473489827 0  
  1626884324 473489827 0  
  1626884325 473489827 0  
  1626884326 473489827 0  
  1626884327 473489827 0  
  1626884328 473489827 0  
  1626884329 473489827 0  
  1626884330 473489827 0  
  1626884331 473489827 0  
  1626884332 473489827 0  
  1626884333 473489919 0  
  1626884334 473489919 0  
  1626884335 473489919 0  
  1626884336 473489919 0  
  1626884337 473489919 0  
  1626884338 473489919 0  
  1626884339 473489919 0  
  1626884340 473489919 0  
  1626884341 473489919 0  
  1626884342 473489919 0  
  1626884343 473489919 0  
  1626884344 473489919 0  
  1626884345 473489919 0  
  1626884346 473489919 0  
  1626884347 473489919 0  
  1626884349 473489919 0  
  1626884350 473489919 0  
  1626884351 473489919 0  
  1626884352 473489919 0  
  1626884353 473489919 0  
  1626884354 473489919 0  
  1626884355 473489919 0  
  1626884356 473489919 0  
  1626884357 473489919 0  
  1626884358 473489919 0  
  1626884359 473489919 0  
  1626884360 473489919 0  
  1626884361 473489919 0  
  1626884362 473489919 0  
  1626884363 473489919 0  
  1626884364 473489919 0  
  1626884365 473489919 0  
  1626884366 473489919 0  
  1626884367 473490515 0  
  1626884368 473490515 0  
  1626884369 473490515 0  
  1626884370 473490515 0  
  1626884371 473490515 0  
  1626884372 473490515 0  
  1626884373 473490515 0  
  1626884374 473490515 0  
  1626884375 473490515 0  
  1626884376 473490515 0  
  1626884377 473490515 0  
  1626884378 473490515 0  
  1626884379 473490515 0  
  1626884380 473490515 0  
  1626884381 473490515 0  
  1626884382 473490515 0  
  1626884383 473490515 0  
  1626884384 473490515 0  
  1626884385 473490515 0  
  1626884386 473490515 0  
  1626884388 473490515 0  
  1626884389 473490515 0  
  1626884390 473490515 0  
  1626884391 473490515 0  
  1626884392 473490515 0  
  1626884393 473490515 0  
  1626884394 473490515 0  
  1626884395 473490607 0  
  1626884396 473490607 0  
  1626884397 473490607 0  
  1626884398 473490607 0  
  1626884399 473490607 0  
  1626884400 473490607 0  
  1626884401 473490607 0  
  1626884402 473490607 0  
  1626884403 473490607 0  
  1626884404 473490607 0  
  1626884405 473490607 0  
  1626884406 473490607 0  
  1626884407 473490607 0  
  1626884408 473490607 0  
  1626884409 473490607 0  
  1626884410 473490607 0  
  1626884411 473490607 0  
  1626884412 473490607 0  
  1626884413 473490607 0  
  1626884414 473490607 0  
  1626884415 473490607 0  
  1626884416 473490607 0  
  1626884417 473490607 0  
  1626884418 473490607 0  
  1626884419 473490607 0  
  1626884420 473490607 0  
  1626884421 473490607 0  
  1626884422 473490607 0  
  1626884423 473490607 0  
  1626884424 473490607 0  
  1626884425 473490607 0  
  1626884426 473490607 0  
  1626884428 473490607 0  
  1626884429 473490607 0  
  1626884430 473490607 0  
  1626884431 473490964 0  
  1626884432 473490964 0  
  1626884433 473490964 0  
  1626884434 473490964 0  
  1626884435 473490964 0  
  1626884436 473490964 0  
  1626884437 473490964 0  
  1626884438 473495273 0  
  1626884439 473495597 0  
  1626884440 473495597 0  
  1626884441 473496305 0  
  1626884442 473496305 0  
  1626884443 473500938 0  
  1626884444 473500938 0  
  1626884445 473501646 0  
  1626884446 473501646 0  
  1626884447 473505955 0  
  1626884448 473510912 0  
  1626884449 473511620 0  
  1626884450 473512328 0  
  1626884451 473512328 0  
  1626884452 473512328 0  
  1626884453 473512328 0  
  1626884454 473512328 0  
  1626884455 473512328 0  
  1626884456 473512328 0  
  1626884457 473512328 0  
  1626884458 473512328 0  
  1626884459 473512328 0  
  1626884460 473512328 0  
  1626884461 473512420 0  
  1626884462 473512420 0  
  1626884463 473512420 0  
  1626884464 473512420 0  
  1626884466 473512420 0  
  1626884467 473512420 0  
  1626884468 473512420 0  
  1626884469 473512420 0  
  1626884470 473512420 0  
  1626884471 473512420 0  
  1626884472 473512420 0  
  1626884473 473512420 0  
  1626884474 473512420 0  
  1626884475 473512420 0  
  1626884476 473512420 0  
  1626884477 473512420 0  
  1626884478 473512420 0  
  1626884479 473512420 0  
  1626884480 473512420 0  
  1626884481 473512420 0  
  1626884482 473512420 0  
  1626884483 473512420 0  
  1626884484 473512420 0  
  1626884485 473512420 0  
  1626884486 473512420 0  
  1626884487 473512420 0  
  1626884488 473512420 0  
  1626884489 473512420 0  
  1626884490 473512420 0  
  1626884491 473512420 0  
  1626884492 473512420 0  
  1626884493 473512420 0  
  1626884494 473512420 0  
  1626884495 473512420 0  
  1626884496 473512420 0  
  1626884497 473512420 0  
  1626884498 473512420 0  
  1626884499 473512420 0  
  1626884500 473512420 0  
  1626884501 473512420 0  
  1626884502 473512420 0  
  1626884503 473512420 0  
  1626884505 473512420 0  
  1626884506 473512420 0  
  1626884507 473512420 0  
  1626884508 473512420 0  
  1626884509 473512420 0  
  1626884510 473512420 0  
  1626884511 473512420 0  
  1626884512 473512420 0  
  1626884513 473512420 0  
  1626884514 473512420 0  
  1626884515 473512420 0  
  1626884516 473512420 0  
  1626884517 473512420 0  
  1626884518 473512420 0  
  1626884519 473512420 0  
  1626884520 473512420 0  
  1626884521 473512420 0  
  1626884522 473512420 0  
  1626884523 473512512 0  
  1626884524 473512512 0  
  1626884525 473512512 0  
  1626884526 473512512 0  
  1626884527 473512512 0  
  1626884528 473512512 0  
  1626884529 473512512 0  
  1626884530 473512512 0  
  1626884531 473512512 0  
  1626884532 473512512 0  
  1626884533 473512512 0  
  1626884534 473512512 0  
  1626884535 473512512 0  
 