 1627017945 502203452 0  
  1627017946 502207761 0  
  1627017947 502208085 0  
  1627017948 502212394 0  
  1627017949 502213426 0  
  1627017950 502214134 0  
  1627017951 502214134 0  
  1627017952 502214134 0  
  1627017953 502216011 0  
  1627017954 502223400 0  
  1627017955 502224108 0  
  1627017956 502224816 0  
  1627017957 502224816 0  
  1627017958 502224816 0  
  1627017959 502224816 0  
  1627017960 502224816 0  
  1627017961 502224816 0  
  1627017962 502224816 0  
  1627017963 502224816 0  
  1627017964 502224816 0  
  1627017965 502224816 0  
  1627017966 502224816 0  
  1627017967 502224816 0  
  1627017968 502224816 0  
  1627017969 502224816 0  
  1627017970 502224816 0  
  1627017971 502224816 0  
  1627017972 502224816 0  
  1627017973 502224816 0  
  1627017974 502224816 0  
  1627017975 502224816 0  
  1627017976 502224816 0  
  1627017977 502224816 0  
  1627017978 502224816 0  
  1627017979 502224816 0  
  1627017980 502224816 0  
  1627017982 502224816 0  
  1627017983 502224816 0  
  1627017984 502224816 0  
  1627017985 502224816 0  
  1627017986 502224816 0  
  1627017987 502224816 0  
  1627017988 502224816 0  
  1627017989 502224816 0  
  1627017990 502224816 0  
  1627017991 502224816 0  
  1627017992 502224816 0  
  1627017993 502224816 0  
  1627017994 502224816 0  
  1627017995 502224816 0  
  1627017996 502224816 0  
  1627017997 502224816 0  
  1627017998 502224816 0  
  1627017999 502224816 0  
  1627018000 502224816 0  
  1627018001 502224816 0  
  1627018002 502224816 0  
  1627018003 502224816 0  
  1627018004 502224816 0  
  1627018005 502224816 0  
  1627018006 502224816 0  
  1627018007 502224816 0  
  1627018008 502224816 0  
  1627018009 502224816 0  
  1627018010 502224816 0  
  1627018011 502224816 0  
  1627018012 502224816 0  
  1627018013 502224816 0  
  1627018014 502224816 0  
  1627018015 502224816 0  
  1627018016 502224816 0  
  1627018017 502224816 0  
  1627018018 502224816 0  
  1627018019 502224816 0  
  1627018020 502224816 0  
  1627018022 502224816 0  
  1627018023 502224816 0  
  1627018024 502224908 0  
  1627018025 502224908 0  
  1627018026 502224908 0  
  1627018027 502224908 0  
  1627018028 502224908 0  
  1627018029 502224908 0  
  1627018030 502224908 0  
  1627018031 502224908 0  
  1627018032 502224908 0  
  1627018033 502224908 0  
  1627018034 502224908 0  
  1627018035 502224908 0  
  1627018036 502224908 0  
  1627018037 502224908 0  
  1627018038 502224908 0  
  1627018039 502224908 0  
  1627018040 502224908 0  
  1627018041 502224908 0  
  1627018042 502224908 0  
  1627018043 502224908 0  
  1627018044 502224908 0  
  1627018045 502224908 0  
  1627018046 502224908 0  
  1627018047 502224908 0  
  1627018048 502224908 0  
  1627018049 502224908 0  
  1627018050 502224908 0  
  1627018051 502224908 0  
  1627018052 502224908 0  
  1627018053 502224908 0  
  1627018054 502224908 0  
  1627018055 502224908 0  
  1627018056 502224908 0  
  1627018057 502224908 0  
  1627018058 502224908 0  
  1627018059 502224908 0  
  1627018061 502224908 0  
  1627018062 502224908 0  
  1627018063 502224908 0  
  1627018064 502224908 0  
  1627018065 502224908 0  
  1627018066 502224908 0  
  1627018067 502224908 0  
  1627018068 502224908 0  
  1627018069 502224908 0  
  1627018070 502225504 0  
  1627018071 502225504 0  
  1627018072 502225504 0  
  1627018073 502225504 0  
  1627018074 502225504 0  
  1627018075 502225504 0  
  1627018076 502225504 0  
  1627018077 502225504 0  
  1627018078 502225504 0  
  1627018079 502225504 0  
  1627018080 502225504 0  
  1627018081 502225504 0  
  1627018082 502225504 0  
  1627018083 502225504 0  
  1627018084 502225504 0  
  1627018085 502225504 0  
  1627018086 502225504 0  
  1627018087 502225504 0  
  1627018088 502225504 0  
  1627018089 502225504 0  
  1627018090 502225504 0  
  1627018091 502225504 0  
  1627018092 502225504 0  
  1627018093 502225504 0  
  1627018094 502225504 0  
  1627018095 502225504 0  
  1627018096 502225504 0  
  1627018097 502225504 0  
  1627018098 502225504 0  
  1627018099 502225504 0  
  1627018101 502225504 0  
  1627018102 502225504 0  
  1627018103 502225504 0  
  1627018104 502225504 0  
  1627018105 502225504 0  
  1627018106 502225504 0  
  1627018107 502225504 0  
  1627018108 502225504 0  
  1627018109 502225504 0  
  1627018110 502225504 0  
  1627018111 502225504 0  
  1627018112 502225504 0  
  1627018113 502225504 0  
  1627018114 502225504 0  
  1627018115 502225504 0  
  1627018116 502225504 0  
  1627018117 502225504 0  
  1627018118 502225504 0  
  1627018119 502225504 0  
  1627018120 502225504 0  
  1627018121 502225504 0  
  1627018122 502230137 0  
  1627018123 502230137 0  
  1627018124 502230845 0  
  1627018125 502230845 0  
  1627018126 502230845 0  
  1627018127 502230845 0  
  1627018128 502230845 0  
  1627018129 502230845 0  
  1627018130 502230845 0  
  1627018131 502230845 0  
  1627018132 502230845 0  
  1627018133 502230845 0  
  1627018134 502230845 0  
  1627018135 502230845 0  
  1627018136 502230845 0  
  1627018137 502230845 0  
  1627018138 502230845 0  
  1627018139 502230845 0  
  1627018141 502230845 0  
  1627018142 502230845 0  
  1627018143 502230845 0  
  1627018144 502230845 0  
  1627018145 502230845 0  
  1627018146 502230845 0  
  1627018147 502230845 0  
  1627018148 502230845 0  
  1627018149 502230845 0  
  1627018150 502230845 0  
  1627018151 502230845 0  
  1627018152 502230845 0  
  1627018153 502230845 0  
  1627018154 502230845 0  
  1627018155 502230845 0  
  1627018156 502230845 0  
  1627018157 502230845 0  
  1627018158 502230845 0  
  1627018159 502230845 0  
  1627018160 502230845 0  
  1627018161 502230845 0  
  1627018162 502230845 0  
  1627018163 502230845 0  
  1627018164 502230845 0  
  1627018165 502230845 0  
  1627018166 502230845 0  
  1627018167 502230845 0  
  1627018168 502230845 0  
  1627018169 502230845 0  
  1627018170 502230845 0  
  1627018171 502230845 0  
  1627018172 502230845 0  
  1627018173 502230845 0  
  1627018174 502230845 0  
  1627018175 502230845 0  
  1627018176 502230845 0  
  1627018177 502230845 0  
  1627018178 502230845 0  
  1627018180 502230845 0  
  1627018181 502230845 0  
  1627018182 502230845 0  
  1627018183 502230845 0  
  1627018184 502230845 0  
  1627018185 502230845 0  
  1627018186 502230845 0  
  1627018187 502230845 0  
  1627018188 502230845 0  
  1627018189 502230845 0  
  1627018190 502230845 0  
  1627018191 502230845 0  
  1627018192 502230845 0  
  1627018193 502230845 0  
  1627018194 502230845 0  
  1627018195 502230845 0  
  1627018196 502230845 0  
  1627018197 502230845 0  
  1627018198 502230845 0  
  1627018199 502230845 0  
  1627018200 502230845 0  
  1627018201 502230845 0  
  1627018202 502230845 0  
  1627018203 502230845 0  
  1627018204 502230845 0  
  1627018205 502230845 0  
  1627018206 502230845 0  
  1627018207 502230845 0  
  1627018208 502230845 0  
  1627018209 502230845 0  
  1627018210 502230845 0  
  1627018211 502230845 0  
  1627018212 502230845 0  
  1627018213 502230845 0  
  1627018214 502230845 0  
  1627018215 502230845 0  
  1627018216 502230845 0  
  1627018217 502230845 0  
  1627018218 502230845 0  
  1627018220 502230965 0  
  1627018221 502230965 0  
  1627018222 502230965 0  
  1627018223 502230965 0  
  1627018224 502230965 0  
  1627018225 502230965 0  
  1627018226 502230965 0  
  1627018227 502230965 0  
  1627018228 502230965 0  
  1627018229 502230965 0  
  1627018230 502230965 0  
  1627018231 502230965 0  
  1627018232 502230965 0  
  1627018233 502230965 0  
  1627018234 502230965 0  
  1627018235 502230965 0  
  1627018236 502230965 0  
  1627018237 502230965 0  
  1627018238 502230965 0  
  1627018239 502230965 0  
  1627018240 502231322 0  
  1627018241 502231322 0  
  1627018242 502231322 0  
  1627018243 502231322 0  
  1627018244 502231322 0  
  1627018245 502235631 0  
  1627018246 502235955 0  
  1627018247 502241296 0  
  1627018248 502241296 0  
  1627018249 502242004 0  
  1627018250 502242004 0  
  1627018251 502242004 0  
  1627018252 502242004 0  
  1627018253 502246637 0  
  1627018254 502251270 0  
  1627018255 502252686 0  
  1627018256 502252686 0  
  1627018257 502252686 0  
  1627018259 502252686 0  
  1627018260 502252686 0  
  1627018261 502253024 0  
  1627018262 502253024 0  
  1627018263 502253024 0  
  1627018264 502253024 0  
  1627018265 502257741 0  
  1627018266 502257741 0  
  1627018267 502258245 0  
 