 1626880642 475915265 0  
  1626880643 475915265 0  
  1626880644 475915265 0  
  1626880645 475915265 0  
  1626880646 475915265 0  
  1626880647 475915265 0  
  1626880648 475915265 0  
  1626880649 475915265 0  
  1626880650 475915265 0  
  1626880651 475915265 0  
  1626880652 475915265 0  
  1626880653 475915265 0  
  1626880654 475915265 0  
  1626880655 475915265 0  
  1626880656 475915265 0  
  1626880657 475915265 0  
  1626880658 475915265 0  
  1626880659 475915265 0  
  1626880660 475915265 0  
  1626880661 475915265 0  
  1626880662 475915265 0  
  1626880663 475915265 0  
  1626880665 475915265 0  
  1626880666 475915265 0  
  1626880667 475915265 0  
  1626880668 475915265 0  
  1626880669 475915265 0  
  1626880670 475915265 0  
  1626880671 475915265 0  
  1626880672 475915265 0  
  1626880673 475915265 0  
  1626880674 475917226 0  
  1626880675 475919898 0  
  1626880676 475919898 0  
  1626880677 475920538 0  
  1626880678 475920538 0  
  1626880679 475920538 0  
  1626880680 475920538 0  
  1626880681 475920538 0  
  1626880682 475920538 0  
  1626880683 475920538 0  
  1626880684 475920538 0  
  1626880685 475920538 0  
  1626880686 475920538 0  
  1626880687 475920538 0  
  1626880688 475920538 0  
  1626880689 475920538 0  
  1626880690 475920538 0  
  1626880691 475920538 0  
  1626880692 475920538 0  
  1626880693 475920538 0  
  1626880694 475920538 0  
  1626880695 475920538 0  
  1626880696 475920538 0  
  1626880697 475920538 0  
  1626880698 475920538 0  
  1626880699 475920538 0  
  1626880700 475920538 0  
  1626880701 475920538 0  
  1626880703 475920538 0  
  1626880704 475920538 0  
  1626880705 475920538 0  
  1626880706 475920538 0  
  1626880707 475920538 0  
  1626880708 475920538 0  
  1626880709 475920538 0  
  1626880710 475920538 0  
  1626880711 475920538 0  
  1626880712 475920538 0  
  1626880713 475920538 0  
  1626880714 475920538 0  
  1626880715 475920538 0  
  1626880716 475920538 0  
  1626880717 475920538 0  
  1626880718 475920538 0  
  1626880719 475920538 0  
  1626880720 475920538 0  
  1626880721 475920538 0  
  1626880722 475920538 0  
  1626880723 475920538 0  
  1626880724 475920538 0  
  1626880725 475920538 0  
  1626880726 475920538 0  
  1626880727 475920538 0  
  1626880728 475920538 0  
  1626880729 475920538 0  
  1626880730 475920538 0  
  1626880731 475920538 0  
  1626880732 475920630 0  
  1626880733 475920630 0  
  1626880734 475920630 0  
  1626880735 475920630 0  
  1626880736 475920630 0  
  1626880737 475920630 0  
  1626880738 475920630 0  
  1626880739 475920630 0  
  1626880740 475920630 0  
  1626880742 475920630 0  
  1626880743 475920630 0  
  1626880744 475920630 0  
  1626880745 475920630 0  
  1626880746 475920630 0  
  1626880747 475920630 0  
  1626880748 475920630 0  
  1626880749 475920630 0  
  1626880750 475920630 0  
  1626880751 475920630 0  
  1626880752 475920630 0  
  1626880753 475920630 0  
  1626880754 475920630 0  
  1626880755 475920630 0  
  1626880756 475920630 0  
  1626880757 475920630 0  
  1626880758 475920630 0  
  1626880759 475920630 0  
  1626880760 475920630 0  
  1626880761 475920630 0  
  1626880762 475920630 0  
  1626880763 475920630 0  
  1626880764 475920630 0  
  1626880765 475920630 0  
  1626880766 475920630 0  
  1626880767 475921788 0  
  1626880768 475921788 0  
  1626880769 475921788 0  
  1626880770 475921880 0  
  1626880771 475921880 0  
  1626880772 475921880 0  
  1626880773 475921880 0  
  1626880774 475921880 0  
  1626880775 475921880 0  
  1626880776 475921880 0  
  1626880777 475921880 0  
  1626880778 475921880 0  
  1626880780 475921880 0  
  1626880781 475921880 0  
  1626880782 475921880 0  
  1626880783 475921880 0  
  1626880784 475921880 0  
  1626880785 475921880 0  
  1626880786 475921880 0  
  1626880787 475921880 0  
  1626880788 475921880 0  
  1626880789 475921880 0  
  1626880790 475921880 0  
  1626880791 475921880 0  
  1626880792 475921880 0  
  1626880793 475921880 0  
  1626880794 475921880 0  
  1626880795 475921880 0  
  1626880796 475921880 0  
  1626880797 475921880 0  
  1626880798 475921880 0  
  1626880799 475921880 0  
  1626880800 475921880 0  
  1626880801 475921880 0  
  1626880802 475921880 0  
  1626880803 475921880 0  
  1626880804 475921880 0  
  1626880805 475921880 0  
  1626880806 475921880 0  
  1626880807 475921880 0  
  1626880808 475921880 0  
  1626880809 475921880 0  
  1626880810 475921880 0  
  1626880811 475921880 0  
  1626880812 475921880 0  
  1626880813 475921880 0  
  1626880814 475921880 0  
  1626880815 475921880 0  
  1626880816 475921880 0  
  1626880817 475921880 0  
  1626880819 475921880 0  
  1626880820 475921880 0  
  1626880821 475921880 0  
  1626880822 475921880 0  
  1626880823 475921880 0  
  1626880824 475921880 0  
  1626880825 475921880 0  
  1626880826 475921880 0  
  1626880827 475921880 0  
  1626880828 475921880 0  
  1626880829 475921880 0  
  1626880830 475921880 0  
  1626880831 475921880 0  
  1626880832 475921880 0  
  1626880833 475921880 0  
  1626880834 475921880 0  
  1626880835 475921880 0  
  1626880836 475921880 0  
  1626880837 475921880 0  
  1626880838 475921880 0  
  1626880839 475921880 0  
  1626880840 475921880 0  
  1626880841 475921880 0  
  1626880842 475921880 0  
  1626880843 475921880 0  
  1626880844 475922639 0  
  1626880845 475922639 0  
  1626880846 475922783 0  
  1626880847 475927272 0  
  1626880848 475927272 0  
  1626880849 475927980 0  
  1626880850 475932613 0  
  1626880851 475932613 0  
  1626880852 475933321 0  
  1626880853 475933321 0  
  1626880854 475933321 0  
  1626880855 475939915 0  
  1626880857 475942587 0  
  1626880858 475944003 0  
  1626880859 475944003 0  
  1626880860 475944003 0  
  1626880861 475944003 0  
  1626880862 475944095 0  
  1626880863 475944095 0  
  1626880864 475944095 0  
  1626880865 475944095 0  
  1626880866 475944095 0  
  1626880867 475944095 0  
  1626880868 475945690 0  
  1626880869 475945690 0  
  1626880870 475945690 0  
  1626880871 475945690 0  
  1626880872 475945690 0  
  1626880873 475945690 0  
  1626880874 475945690 0  
  1626880875 475945690 0  
  1626880876 475945758 0  
  1626880877 475945758 0  
  1626880878 475945758 0  
  1626880879 475945758 0  
  1626880880 475945758 0  
  1626880881 475945758 0  
  1626880882 475945758 0  
  1626880883 475945758 0  
  1626880884 475945826 0  
  1626880885 475945826 0  
  1626880886 475945826 0  
  1626880887 475945826 0  
  1626880888 475945826 0  
  1626880889 475945826 0  
  1626880890 475945826 0  
  1626880891 475945826 0  
  1626880892 475945826 0  
  1626880893 475945826 0  
  1626880894 475945826 0  
  1626880896 475945826 0  
  1626880897 475945826 0  
  1626880898 475945826 0  
  1626880899 475945918 0  
  1626880900 475945918 0  
  1626880901 475945918 0  
  1626880902 475945918 0  
  1626880903 475945918 0  
  1626880904 475945918 0  
  1626880905 475945918 0  
  1626880906 475945918 0  
  1626880907 475945918 0  
  1626880908 475945918 0  
  1626880909 475945918 0  
  1626880910 475945918 0  
  1626880911 475945918 0  
  1626880912 475945918 0  
  1626880913 475945918 0  
  1626880914 475945918 0  
  1626880915 475945918 0  
  1626880916 475945918 0  
  1626880917 475945918 0  
  1626880918 475945918 0  
  1626880919 475945918 0  
  1626880920 475945918 0  
  1626880921 475945918 0  
  1626880922 475945918 0  
  1626880923 475945918 0  
  1626880924 475945918 0  
  1626880925 475945918 0  
  1626880926 475945918 0  
  1626880927 475945918 0  
  1626880928 475945918 0  
  1626880929 475945918 0  
  1626880930 475945918 0  
  1626880931 475945918 0  
  1626880932 475945918 0  
  1626880933 475945918 0  
  1626880934 475945918 0  
  1626880936 475945918 0  
  1626880937 475945918 0  
  1626880938 475945918 0  
  1626880939 475945918 0  
  1626880940 475945918 0  
  1626880941 475945918 0  
  1626880942 475945918 0  
  1626880943 475945918 0  
  1626880944 475945918 0  
  1626880945 475945918 0  
  1626880946 475945918 0  
  1626880947 475945918 0  
  1626880948 475945918 0  
  1626880949 475945918 0  
  1626880950 475945918 0  
  1626880951 475945918 0  
  1626880952 475945918 0  
  1626880953 475945918 0  
  1626880954 475945918 0  
  1626880955 475945918 0  
  1626880956 475945918 0  
  1626880957 475945918 0  
  1626880958 475945918 0  
  1626880959 475945918 0  
  1626880960 475945918 0  
  1626880961 475945918 0  
  1626880962 475945918 0  
  1626880963 475945918 0  
  1626880964 475945918 0  
 