 1626715996 451636804 0  
  1626715997 451636804 0  
  1626715998 451636804 0  
  1626715999 451636804 0  
  1626716000 451636804 0  
  1626716001 451636804 0  
  1626716002 451636804 0  
  1626716003 451636804 0  
  1626716004 451636804 0  
  1626716005 451636804 0  
  1626716006 451636804 0  
  1626716007 451636804 0  
  1626716008 451636804 0  
  1626716009 451636804 0  
  1626716010 451636804 0  
  1626716011 451636804 0  
  1626716012 451636804 0  
  1626716013 451636804 0  
  1626716014 451636804 0  
  1626716015 451636804 0  
  1626716016 451636804 0  
  1626716017 451636804 0  
  1626716018 451636804 0  
  1626716019 451636804 0  
  1626716020 451636804 0  
  1626716021 451636804 0  
  1626716022 451636804 0  
  1626716023 451636804 0  
  1626716024 451636804 0  
  1626716025 451636804 0  
  1626716027 451636804 0  
  1626716028 451636804 0  
  1626716029 451636804 0  
  1626716030 451636804 0  
  1626716031 451636804 0  
  1626716032 451636804 0  
  1626716033 451636804 0  
  1626716034 451636804 0  
  1626716035 451636804 0  
  1626716036 451636804 0  
  1626716037 451636804 0  
  1626716038 451636804 0  
  1626716039 451636804 0  
  1626716040 451636804 0  
  1626716041 451636804 0  
  1626716042 451636804 0  
  1626716043 451636804 0  
  1626716044 451636896 0  
  1626716045 451636896 0  
  1626716046 451636896 0  
  1626716047 451636896 0  
  1626716048 451636896 0  
  1626716049 451636896 0  
  1626716050 451636896 0  
  1626716051 451636896 0  
  1626716052 451636896 0  
  1626716053 451636896 0  
  1626716054 451636896 0  
  1626716055 451636896 0  
  1626716056 451636896 0  
  1626716057 451636896 0  
  1626716058 451636896 0  
  1626716059 451636896 0  
  1626716060 451636896 0  
  1626716061 451636896 0  
  1626716062 451636896 0  
  1626716063 451636896 0  
  1626716064 451636896 0  
  1626716065 451636896 0  
  1626716067 451636896 0  
  1626716068 451636896 0  
  1626716069 451636896 0  
  1626716070 451636896 0  
  1626716071 451636896 0  
  1626716072 451636896 0  
  1626716073 451636896 0  
  1626716074 451636896 0  
  1626716075 451636896 0  
  1626716076 451636896 0  
  1626716077 451636896 0  
  1626716078 451636896 0  
  1626716079 451636896 0  
  1626716080 451636896 0  
  1626716081 451636896 0  
  1626716082 451636896 0  
  1626716083 451636896 0  
  1626716084 451636896 0  
  1626716085 451636896 0  
  1626716086 451636896 0  
  1626716087 451636896 0  
  1626716088 451636896 0  
  1626716089 451636896 0  
  1626716090 451636896 0  
  1626716091 451636896 0  
  1626716092 451636896 0  
  1626716093 451636896 0  
  1626716094 451636896 0  
  1626716095 451636896 0  
  1626716096 451636896 0  
  1626716097 451636896 0  
  1626716098 451636896 0  
  1626716099 451636896 0  
  1626716100 451636896 0  
  1626716101 451636896 0  
  1626716102 451636896 0  
  1626716103 451636896 0  
  1626716104 451636896 0  
  1626716105 451636896 0  
  1626716107 451641205 0  
  1626716108 451641529 0  
  1626716109 451642237 0  
  1626716110 451642237 0  
  1626716111 451642237 0  
  1626716112 451642237 0  
  1626716113 451642237 0  
  1626716114 451642237 0  
  1626716115 451642237 0  
  1626716116 451642237 0  
  1626716117 451642237 0  
  1626716118 451642237 0  
  1626716119 451646870 0  
  1626716120 451646870 0  
  1626716121 451652211 0  
  1626716122 451652851 0  
  1626716123 451657552 0  
  1626716124 451657552 0  
  1626716125 451658260 0  
  1626716126 451658260 0  
  1626716127 451658260 0  
  1626716128 451658260 0  
  1626716129 451658260 0  
  1626716130 451658260 0  
  1626716131 451658260 0  
  1626716132 451658260 0  
  1626716133 451658260 0  
  1626716134 451658260 0  
  1626716135 451658260 0  
  1626716136 451658260 0  
  1626716137 451658260 0  
  1626716138 451658260 0  
  1626716139 451658260 0  
  1626716140 451658617 0  
  1626716141 451658617 0  
  1626716142 451658617 0  
  1626716143 451658617 0  
  1626716144 451658617 0  
  1626716145 451658617 0  
  1626716147 451658617 0  
  1626716148 451658617 0  
  1626716149 451658617 0  
  1626716150 451658617 0  
  1626716151 451658617 0  
  1626716152 451658617 0  
  1626716153 451658617 0  
  1626716154 451658617 0  
  1626716155 451658617 0  
  1626716156 451658709 0  
  1626716157 451658709 0  
  1626716158 451658709 0  
  1626716159 451658709 0  
  1626716160 451658709 0  
  1626716161 451658709 0  
  1626716162 451658709 0  
  1626716163 451658709 0  
  1626716164 451659299 0  
  1626716165 451659299 0  
  1626716166 451659299 0  
  1626716167 451659299 0  
  1626716168 451659299 0  
  1626716169 451659299 0  
  1626716170 451659299 0  
  1626716171 451659299 0  
  1626716172 451659391 0  
  1626716173 451659391 0  
  1626716174 451659391 0  
  1626716175 451659391 0  
  1626716176 451659391 0  
  1626716177 451659391 0  
  1626716178 451659391 0  
  1626716179 451659391 0  
  1626716180 451659391 0  
  1626716181 451659391 0  
  1626716182 451659391 0  
  1626716183 451659391 0  
  1626716184 451659391 0  
  1626716185 451659391 0  
  1626716187 451659391 0  
  1626716188 451659391 0  
  1626716189 451659391 0  
  1626716190 451659391 0  
  1626716191 451659391 0  
  1626716192 451659391 0  
  1626716193 451659391 0  
  1626716194 451659391 0  
  1626716195 451659391 0  
  1626716196 451659391 0  
  1626716197 451659391 0  
  1626716198 451659391 0  
  1626716199 451659391 0  
  1626716200 451659391 0  
  1626716201 451659391 0  
  1626716202 451659391 0  
  1626716203 451659391 0  
  1626716204 451659391 0  
  1626716205 451659391 0  
  1626716206 451659391 0  
  1626716207 451659391 0  
  1626716208 451659391 0  
  1626716209 451659391 0  
  1626716210 451659391 0  
  1626716211 451659391 0  
  1626716212 451659391 0  
  1626716213 451659391 0  
  1626716214 451659391 0  
  1626716215 451659391 0  
  1626716216 451659391 0  
  1626716217 451659391 0  
  1626716218 451659391 0  
  1626716219 451659391 0  
  1626716220 451659391 0  
  1626716221 451659391 0  
  1626716222 451659391 0  
  1626716223 451659391 0  
  1626716224 451659391 0  
  1626716225 451659391 0  
  1626716227 451659391 0  
  1626716228 451659391 0  
  1626716229 451659391 0  
  1626716230 451659391 0  
  1626716231 451659391 0  
  1626716232 451659391 0  
  1626716233 451659391 0  
  1626716234 451659391 0  
  1626716235 451659391 0  
  1626716236 451659391 0  
  1626716237 451659391 0  
  1626716238 451659391 0  
  1626716239 451659391 0  
  1626716240 451659391 0  
  1626716241 451659391 0  
  1626716242 451659391 0  
  1626716243 451659391 0  
  1626716244 451659391 0  
  1626716245 451659391 0  
  1626716246 451659391 0  
  1626716247 451659391 0  
  1626716248 451659391 0  
  1626716249 451659391 0  
  1626716250 451659391 0  
  1626716251 451659391 0  
  1626716252 451659391 0  
  1626716253 451659391 0  
  1626716254 451659391 0  
  1626716255 451659391 0  
  1626716256 451659391 0  
  1626716257 451659391 0  
  1626716258 451659391 0  
  1626716259 451659391 0  
  1626716260 451659391 0  
  1626716261 451659391 0  
  1626716262 451659391 0  
  1626716263 451659391 0  
  1626716264 451659391 0  
  1626716265 451659391 0  
  1626716267 451659391 0  
  1626716268 451659391 0  
  1626716269 451659391 0  
  1626716270 451659391 0  
  1626716271 451664024 0  
  1626716272 451664024 0  
  1626716273 451664732 0  
  1626716274 451664732 0  
  1626716275 451664732 0  
  1626716276 451664732 0  
  1626716277 451664732 0  
  1626716278 451664732 0  
  1626716279 451664732 0  
  1626716280 451664732 0  
  1626716281 451664732 0  
  1626716282 451664732 0  
  1626716283 451664732 0  
  1626716284 451664732 0  
  1626716285 451664732 0  
  1626716286 451664732 0  
  1626716287 451664732 0  
  1626716288 451664732 0  
  1626716289 451664732 0  
  1626716290 451664732 0  
  1626716291 451664732 0  
  1626716292 451664732 0  
  1626716293 451664732 0  
  1626716294 451664732 0  
  1626716295 451664732 0  
  1626716296 451664732 0  
  1626716297 451664732 0  
  1626716298 451664732 0  
  1626716299 451664732 0  
  1626716300 451664732 0  
  1626716301 451664732 0  
  1626716302 451664824 0  
  1626716303 451664824 0  
  1626716304 451664824 0  
  1626716305 451664824 0  
  1626716307 451664824 0  
  1626716308 451664824 0  
  1626716309 451664824 0  
  1626716310 451664824 0  
  1626716311 451664824 0  
  1626716312 451664824 0  
  1626716313 451664824 0  
  1626716314 451664824 0  
  1626716315 451664824 0  
  1626716316 451664824 0  
  1626716317 451664824 0  
  1626716318 451664824 0  
  1626716319 451664824 0  
  1626716320 451664824 0  
  1626716321 451664824 0  
  1626716322 451664824 0  
  1626716323 451664824 0  
  1626716324 451664824 0  
  1626716325 451664824 0  
  1626716326 451664824 0  
  1626716327 451664824 0  
  1626716328 451664824 0  
  1626716329 451664824 0  
  1626716330 451664824 0  
  1626716331 451664824 0  
  1626716332 451664824 0  
  1626716333 451664824 0  
  1626716334 451664824 0  
  1626716335 451664824 0  
  1626716336 451664824 0  
  1626716337 451664824 0  
  1626716338 451664824 0  
  1626716339 451664824 0  
  1626716340 451664824 0  
  1626716341 451664824 0  
  1626716342 451664824 0  
  1626716343 451664824 0  
  1626716344 451664824 0  
  1626716346 451664824 0  
  1626716347 451664824 0  
  1626716348 451664824 0  
  1626716349 451664824 0  
  1626716350 451664824 0  
  1626716351 451664824 0  
  1626716352 451664824 0  
  1626716353 451664824 0  
  1626716354 451664824 0  
  1626716355 451664824 0  
  1626716356 451664824 0  
  1626716357 451664824 0  
  1626716358 451664824 0  
  1626716359 451664824 0  
  1626716360 451664824 0  
  1626716361 451664824 0  
  1626716362 451664824 0  
  1626716363 451665420 0  
  1626716364 451665420 0  
  1626716365 451665420 0  
  1626716366 451665420 0  
  1626716367 451665420 0  
  1626716368 451665420 0  
  1626716369 451665420 0  
  1626716370 451665420 0  
  1626716371 451665420 0  
  1626716372 451665420 0  
  1626716373 451665420 0  
  1626716374 451665420 0  
  1626716375 451665420 0  
  1626716376 451665420 0  
  1626716377 451665420 0  
  1626716378 451665420 0  
  1626716379 451665420 0  
  1626716380 451665420 0  
 