 1626780566 458109510 0  
  1626780567 458109510 0  
  1626780568 458109510 0  
  1626780569 458109510 0  
  1626780570 458109510 0  
  1626780571 458109510 0  
  1626780573 458109510 0  
  1626780574 458109510 0  
  1626780575 458109510 0  
  1626780576 458109510 0  
  1626780577 458109602 0  
  1626780578 458109602 0  
  1626780579 458109602 0  
  1626780580 458109602 0  
  1626780581 458109602 0  
  1626780582 458109602 0  
  1626780583 458109602 0  
  1626780584 458109602 0  
  1626780585 458109602 0  
  1626780586 458109602 0  
  1626780587 458109602 0  
  1626780588 458109602 0  
  1626780589 458109602 0  
  1626780590 458109602 0  
  1626780591 458109602 0  
  1626780592 458109602 0  
  1626780593 458109602 0  
  1626780594 458109602 0  
  1626780595 458109602 0  
  1626780596 458109602 0  
  1626780597 458109940 0  
  1626780598 458109940 0  
  1626780599 458109940 0  
  1626780600 458109940 0  
  1626780601 458109940 0  
  1626780602 458109940 0  
  1626780603 458109940 0  
  1626780604 458109940 0  
  1626780605 458109940 0  
  1626780606 458109940 0  
  1626780607 458109940 0  
  1626780608 458109940 0  
  1626780609 458114249 0  
  1626780610 458114573 0  
  1626780612 458114573 0  
  1626780613 458115213 0  
  1626780614 458115213 0  
  1626780615 458115213 0  
  1626780616 458115213 0  
  1626780617 458115213 0  
  1626780618 458115213 0  
  1626780619 458115213 0  
  1626780620 458115213 0  
  1626780621 458115213 0  
  1626780622 458115213 0  
  1626780623 458124155 0  
  1626780624 458128788 0  
  1626780625 458130528 0  
  1626780626 458131168 0  
  1626780627 458131168 0  
  1626780628 458131168 0  
  1626780629 458131168 0  
  1626780630 458131168 0  
  1626780631 458131260 0  
  1626780632 458131260 0  
  1626780633 458131260 0  
  1626780634 458131260 0  
  1626780635 458131260 0  
  1626780636 458131260 0  
  1626780637 458131260 0  
  1626780638 458131260 0  
  1626780639 458131260 0  
  1626780640 458131260 0  
  1626780641 458131260 0  
  1626780642 458131260 0  
  1626780643 458131260 0  
  1626780644 458131260 0  
  1626780645 458131260 0  
  1626780646 458131617 0  
  1626780647 458131617 0  
  1626780648 458131617 0  
  1626780649 458131617 0  
  1626780651 458131617 0  
  1626780652 458131617 0  
  1626780653 458131617 0  
  1626780654 458131617 0  
  1626780655 458131617 0  
  1626780656 458131617 0  
  1626780657 458131617 0  
  1626780658 458131617 0  
  1626780659 458131617 0  
  1626780660 458131617 0  
  1626780661 458131617 0  
  1626780662 458131617 0  
  1626780663 458131617 0  
  1626780664 458131617 0  
  1626780665 458136516 0  
  1626780666 458136924 0  
  1626780667 458136924 0  
  1626780668 458137428 0  
  1626780669 458137428 0  
  1626780670 458137428 0  
  1626780671 458137428 0  
  1626780672 458137428 0  
  1626780673 458137428 0  
  1626780674 458137428 0  
  1626780675 458137428 0  
  1626780676 458137428 0  
  1626780677 458137428 0  
  1626780678 458137428 0  
  1626780679 458137428 0  
  1626780680 458137428 0  
  1626780681 458137428 0  
  1626780682 458137428 0  
  1626780683 458137428 0  
  1626780684 458137428 0  
  1626780685 458137428 0  
  1626780686 458137428 0  
  1626780687 458137428 0  
  1626780688 458137428 0  
  1626780689 458137428 0  
  1626780691 458137428 0  
  1626780692 458137428 0  
  1626780693 458137428 0  
  1626780694 458137428 0  
  1626780695 458137428 0  
  1626780696 458137428 0  
  1626780697 458137428 0  
  1626780698 458137428 0  
  1626780699 458137428 0  
  1626780700 458137428 0  
  1626780701 458137428 0  
  1626780702 458137428 0  
  1626780703 458137428 0  
  1626780704 458137428 0  
  1626780705 458137428 0  
  1626780706 458137428 0  
  1626780707 458137428 0  
  1626780708 458137428 0  
  1626780709 458137428 0  
  1626780710 458137428 0  
  1626780711 458137428 0  
  1626780712 458137428 0  
  1626780713 458137428 0  
  1626780714 458137428 0  
  1626780715 458137428 0  
  1626780716 458137428 0  
  1626780717 458137428 0  
  1626780718 458137428 0  
  1626780719 458137428 0  
  1626780720 458137428 0  
  1626780721 458137428 0  
  1626780722 458137428 0  
  1626780723 458137428 0  
  1626780724 458137428 0  
  1626780725 458137428 0  
  1626780726 458137428 0  
  1626780727 458137428 0  
  1626780728 458137428 0  
  1626780729 458137428 0  
  1626780731 458137428 0  
  1626780732 458137428 0  
  1626780733 458137428 0  
  1626780734 458137428 0  
  1626780735 458137428 0  
  1626780736 458137428 0  
  1626780737 458137428 0  
  1626780738 458137428 0  
  1626780739 458137428 0  
  1626780740 458137428 0  
  1626780741 458137428 0  
  1626780742 458137428 0  
  1626780743 458137428 0  
  1626780744 458137428 0  
  1626780745 458137428 0  
  1626780746 458137428 0  
  1626780747 458137766 0  
  1626780748 458137766 0  
  1626780749 458137766 0  
  1626780750 458137766 0  
  1626780751 458137766 0  
  1626780752 458137766 0  
  1626780753 458137766 0  
  1626780754 458137766 0  
  1626780755 458137766 0  
  1626780756 458137766 0  
  1626780757 458137766 0  
  1626780758 458137766 0  
  1626780759 458137766 0  
  1626780760 458137766 0  
  1626780761 458137766 0  
  1626780762 458137766 0  
  1626780763 458137766 0  
  1626780764 458137766 0  
  1626780765 458137766 0  
  1626780766 458137766 0  
  1626780767 458137766 0  
  1626780768 458137766 0  
  1626780769 458137766 0  
  1626780770 458137766 0  
  1626780772 458137910 0  
  1626780773 458142399 0  
  1626780774 458142399 0  
  1626780775 458143107 0  
  1626780776 458143107 0  
  1626780777 458143107 0  
  1626780778 458143107 0  
  1626780779 458143107 0  
  1626780780 458143107 0  
  1626780781 458143107 0  
  1626780782 458143107 0  
  1626780783 458143107 0  
  1626780784 458143107 0  
  1626780785 458143107 0  
  1626780786 458143107 0  
  1626780787 458143107 0  
  1626780788 458143107 0  
  1626780789 458143107 0  
  1626780790 458143107 0  
  1626780791 458143107 0  
  1626780792 458143107 0  
  1626780793 458143107 0  
  1626780794 458143107 0  
  1626780795 458143107 0  
  1626780796 458143107 0  
  1626780797 458143107 0  
  1626780798 458143107 0  
  1626780799 458143107 0  
  1626780800 458143107 0  
  1626780801 458143107 0  
  1626780802 458143107 0  
  1626780803 458143107 0  
  1626780804 458143107 0  
  1626780805 458143107 0  
  1626780806 458143107 0  
  1626780807 458143107 0  
  1626780808 458143107 0  
  1626780809 458143107 0  
  1626780810 458143107 0  
  1626780812 458143107 0  
  1626780813 458143107 0  
  1626780814 458143107 0  
  1626780815 458143107 0  
  1626780816 458143107 0  
  1626780817 458143107 0  
  1626780818 458143107 0  
  1626780819 458143107 0  
  1626780820 458143107 0  
  1626780821 458143107 0  
  1626780822 458143107 0  
  1626780823 458143107 0  
  1626780824 458143107 0  
  1626780825 458143107 0  
  1626780826 458143107 0  
  1626780827 458143107 0  
  1626780828 458143107 0  
  1626780829 458143107 0  
  1626780830 458143107 0  
  1626780831 458143107 0  
  1626780832 458143107 0  
  1626780833 458143107 0  
  1626780834 458143107 0  
  1626780835 458143107 0  
  1626780836 458143107 0  
  1626780837 458143107 0  
  1626780838 458143107 0  
  1626780839 458143107 0  
  1626780840 458143107 0  
  1626780841 458143107 0  
  1626780842 458143107 0  
  1626780843 458143107 0  
  1626780844 458143107 0  
  1626780845 458143107 0  
  1626780846 458143107 0  
  1626780847 458143107 0  
  1626780848 458143107 0  
  1626780849 458143107 0  
  1626780851 458143107 0  
  1626780852 458143107 0  
  1626780853 458143107 0  
  1626780854 458143107 0  
  1626780855 458143107 0  
  1626780856 458143107 0  
  1626780857 458143107 0  
  1626780858 458143107 0  
  1626780859 458143107 0  
  1626780860 458143107 0  
  1626780861 458143107 0  
  1626780862 458143107 0  
  1626780863 458143107 0  
  1626780864 458143107 0  
  1626780865 458143107 0  
  1626780866 458144702 0  
  1626780867 458144702 0  
  1626780868 458144702 0  
  1626780869 458144702 0  
  1626780870 458144702 0  
  1626780871 458144702 0  
  1626780872 458144702 0  
  1626780873 458144702 0  
  1626780874 458144702 0  
  1626780875 458144702 0  
  1626780876 458144702 0  
  1626780877 458144702 0  
  1626780878 458144702 0  
  1626780879 458144702 0  
  1626780880 458144702 0  
  1626780881 458144702 0  
  1626780882 458144702 0  
  1626780883 458144702 0  
  1626780884 458144702 0  
  1626780885 458144702 0  
  1626780886 458144702 0  
  1626780887 458144702 0  
  1626780888 458144702 0  
  1626780890 458144702 0  
  1626780891 458144794 0  
  1626780892 458144794 0  
  1626780893 458144794 0  
  1626780894 458144794 0  
  1626780895 458144794 0  
  1626780896 458144794 0  
  1626780897 458145132 0  
  1626780898 458145132 0  
  1626780899 458145132 0  
  1626780900 458145132 0  
  1626780901 458145132 0  
  1626780902 458145132 0  
  1626780903 458145132 0  
  1626780904 458145132 0  
  1626780905 458145132 0  
  1626780906 458145132 0  
  1626780907 458145132 0  
  1626780908 458145132 0  
  1626780909 458145276 0  
  1626780910 458149765 0  
  1626780911 458149765 0  
  1626780912 458150269 0  
  1626780913 458150269 0  
  1626780914 458150269 0  
  1626780915 458150269 0  
  1626780916 458150269 0  
  1626780917 458150269 0  
  1626780918 458150269 0  
  1626780919 458150269 0  
  1626780920 458150269 0  
  1626780921 458150269 0  
  1626780922 458154578 0  
  1626780923 458159535 0  
  1626780924 458164168 0  
  1626780925 458165448 0  
  1626780926 458166156 0  
  1626780927 458166156 0  
  1626780929 458166156 0  
  1626780930 458166156 0  
  1626780931 458166156 0  
  1626780932 458166156 0  
  1626780933 458166156 0  
  1626780934 458166156 0  
  1626780935 458166156 0  
  1626780936 458166156 0  
  1626780937 458166156 0  
  1626780938 458166156 0  
  1626780939 458166156 0  
  1626780940 458166156 0  
  1626780941 458166156 0  
  1626780942 458166156 0  
  1626780943 458166156 0  
  1626780944 458166156 0  
  1626780945 458166156 0  
  1626780946 458166513 0  
  1626780947 458166513 0  
  1626780948 458166513 0  
  1626780949 458166513 0  
  1626780950 458166513 0  
  1626780951 458166513 0  
 