 1626886793 474252340 0  
  1626886795 474252340 0  
  1626886796 474252340 0  
  1626886797 474252340 0  
  1626886798 474252340 0  
  1626886799 474252340 0  
  1626886800 474252340 0  
  1626886801 474252340 0  
  1626886802 474252340 0  
  1626886803 474252340 0  
  1626886804 474252340 0  
  1626886805 474252340 0  
  1626886806 474252340 0  
  1626886807 474252340 0  
  1626886808 474252340 0  
  1626886809 474252340 0  
  1626886810 474252340 0  
  1626886811 474252340 0  
  1626886812 474252340 0  
  1626886813 474252340 0  
  1626886814 474252340 0  
  1626886815 474252340 0  
  1626886816 474252340 0  
  1626886817 474252340 0  
  1626886818 474252340 0  
  1626886819 474252340 0  
  1626886820 474252340 0  
  1626886821 474252432 0  
  1626886822 474252432 0  
  1626886823 474252432 0  
  1626886824 474252432 0  
  1626886825 474252432 0  
  1626886826 474252432 0  
  1626886827 474252432 0  
  1626886828 474252432 0  
  1626886829 474252432 0  
  1626886830 474252432 0  
  1626886832 474252789 0  
  1626886833 474252789 0  
  1626886834 474252789 0  
  1626886835 474252789 0  
  1626886836 474252789 0  
  1626886837 474252881 0  
  1626886838 474257190 0  
  1626886839 474257514 0  
  1626886840 474257514 0  
  1626886841 474258222 0  
  1626886842 474258222 0  
  1626886843 474261119 0  
  1626886844 474262855 0  
  1626886845 474263563 0  
  1626886846 474263563 0  
  1626886847 474265524 0  
  1626886848 474272829 0  
  1626886849 474273537 0  
  1626886850 474274109 0  
  1626886851 474274109 0  
  1626886852 474274109 0  
  1626886853 474274109 0  
  1626886854 474274109 0  
  1626886855 474274109 0  
  1626886856 474274109 0  
  1626886857 474274109 0  
  1626886858 474274109 0  
  1626886859 474274109 0  
  1626886860 474274109 0  
  1626886861 474274109 0  
  1626886862 474274109 0  
  1626886863 474274109 0  
  1626886864 474275870 0  
  1626886865 474278962 0  
  1626886866 474278962 0  
  1626886867 474279466 0  
  1626886868 474279466 0  
  1626886869 474279466 0  
  1626886870 474279466 0  
  1626886872 474279466 0  
  1626886873 474279466 0  
  1626886874 474279466 0  
  1626886875 474279466 0  
  1626886876 474279466 0  
  1626886877 474279466 0  
  1626886878 474279466 0  
  1626886879 474279466 0  
  1626886880 474279466 0  
  1626886881 474279466 0  
  1626886882 474279466 0  
  1626886883 474279466 0  
  1626886884 474279466 0  
  1626886885 474279466 0  
  1626886886 474279466 0  
  1626886887 474279466 0  
  1626886888 474279466 0  
  1626886889 474279466 0  
  1626886890 474279466 0  
  1626886891 474279466 0  
  1626886892 474279466 0  
  1626886893 474279466 0  
  1626886894 474279466 0  
  1626886895 474279466 0  
  1626886896 474279466 0  
  1626886897 474279466 0  
  1626886898 474279466 0  
  1626886899 474279466 0  
  1626886900 474279558 0  
  1626886901 474279558 0  
  1626886902 474279558 0  
  1626886903 474279558 0  
  1626886904 474279558 0  
  1626886905 474279558 0  
  1626886906 474279558 0  
  1626886907 474279558 0  
  1626886908 474279558 0  
  1626886909 474279558 0  
  1626886910 474279558 0  
  1626886912 474279558 0  
  1626886913 474279558 0  
  1626886914 474279558 0  
  1626886915 474279558 0  
  1626886916 474279558 0  
  1626886917 474279558 0  
  1626886918 474279558 0  
  1626886919 474279558 0  
  1626886920 474279558 0  
  1626886921 474279558 0  
  1626886922 474279558 0  
  1626886923 474279558 0  
  1626886924 474279558 0  
  1626886925 474279558 0  
  1626886926 474279558 0  
  1626886927 474279558 0  
  1626886928 474279558 0  
  1626886929 474279558 0  
  1626886930 474279558 0  
  1626886931 474279558 0  
  1626886932 474279558 0  
  1626886933 474279558 0  
  1626886934 474279558 0  
  1626886935 474279558 0  
  1626886936 474279558 0  
  1626886937 474279558 0  
  1626886938 474279558 0  
  1626886939 474279558 0  
  1626886940 474279558 0  
  1626886941 474279558 0  
  1626886942 474279558 0  
  1626886943 474279558 0  
  1626886944 474279558 0  
  1626886945 474279558 0  
  1626886946 474279558 0  
  1626886947 474279558 0  
  1626886948 474279558 0  
  1626886949 474279650 0  
  1626886950 474279650 0  
  1626886952 474279650 0  
  1626886953 474279650 0  
  1626886954 474279650 0  
  1626886955 474279650 0  
  1626886956 474279650 0  
  1626886957 474279650 0  
  1626886958 474279650 0  
  1626886959 474279650 0  
  1626886960 474279650 0  
  1626886961 474279650 0  
  1626886962 474279650 0  
  1626886963 474279650 0  
  1626886964 474279650 0  
  1626886965 474279742 0  
  1626886966 474279742 0  
  1626886967 474279742 0  
  1626886968 474284375 0  
  1626886969 474284971 0  
  1626886970 474285679 0  
  1626886971 474285679 0  
  1626886972 474285679 0  
  1626886973 474285679 0  
  1626886974 474285679 0  
  1626886975 474285679 0  
  1626886976 474285679 0  
  1626886977 474285679 0  
  1626886978 474285679 0  
  1626886979 474285679 0  
  1626886980 474285679 0  
  1626886981 474285679 0  
  1626886982 474285679 0  
  1626886983 474285679 0  
  1626886984 474285679 0  
  1626886985 474285679 0  
  1626886986 474285679 0  
  1626886987 474285679 0  
  1626886988 474285679 0  
  1626886989 474285679 0  
  1626886991 474285679 0  
  1626886992 474285679 0  
  1626886993 474285679 0  
  1626886994 474285679 0  
  1626886995 474285679 0  
  1626886996 474285679 0  
  1626886997 474285679 0  
  1626886998 474285679 0  
  1626886999 474285679 0  
  1626887000 474285679 0  
  1626887001 474285679 0  
  1626887002 474285679 0  
  1626887003 474285679 0  
  1626887004 474285679 0  
  1626887005 474285679 0  
  1626887006 474285679 0  
  1626887007 474285679 0  
  1626887008 474285679 0  
  1626887009 474285679 0  
  1626887010 474285679 0  
  1626887011 474285679 0  
  1626887012 474285679 0  
  1626887013 474285679 0  
  1626887014 474285679 0  
  1626887015 474285679 0  
  1626887016 474285679 0  
  1626887017 474285679 0  
  1626887018 474285679 0  
  1626887019 474285679 0  
  1626887020 474285679 0  
  1626887021 474285679 0  
  1626887022 474285679 0  
  1626887023 474285679 0  
  1626887024 474285679 0  
  1626887025 474285679 0  
  1626887026 474285679 0  
  1626887027 474285679 0  
  1626887028 474285679 0  
  1626887030 474285771 0  
  1626887031 474285771 0  
  1626887032 474285771 0  
  1626887033 474285771 0  
  1626887034 474285771 0  
  1626887035 474285771 0  
  1626887036 474285771 0  
  1626887037 474285771 0  
  1626887038 474285771 0  
  1626887039 474285771 0  
  1626887040 474285771 0  
  1626887041 474285771 0  
  1626887042 474285771 0  
  1626887043 474285771 0  
  1626887044 474285771 0  
  1626887045 474285771 0  
  1626887046 474285771 0  
  1626887047 474285771 0  
  1626887048 474285771 0  
  1626887049 474285771 0  
  1626887050 474285771 0  
  1626887051 474285771 0  
  1626887052 474285771 0  
  1626887053 474285771 0  
  1626887054 474285771 0  
  1626887055 474285771 0  
  1626887056 474285771 0  
  1626887057 474285771 0  
  1626887058 474285771 0  
  1626887059 474285771 0  
  1626887060 474285771 0  
  1626887061 474285771 0  
  1626887062 474285771 0  
  1626887063 474285771 0  
  1626887064 474285771 0  
  1626887065 474285771 0  
  1626887066 474285771 0  
  1626887067 474285771 0  
  1626887069 474285771 0  
  1626887070 474285771 0  
  1626887071 474285771 0  
  1626887072 474285771 0  
  1626887073 474285771 0  
  1626887074 474285771 0  
  1626887075 474285771 0  
  1626887076 474285771 0  
  1626887077 474285771 0  
  1626887078 474285771 0  
  1626887079 474285863 0  
  1626887080 474285863 0  
  1626887081 474285863 0  
  1626887082 474285863 0  
  1626887083 474285863 0  
  1626887084 474285863 0  
  1626887085 474285863 0  
  1626887086 474285863 0  
  1626887087 474285863 0  
  1626887088 474285863 0  
  1626887089 474285863 0  
  1626887090 474285863 0  
  1626887091 474285863 0  
  1626887092 474285863 0  
  1626887093 474285863 0  
  1626887094 474285863 0  
  1626887095 474285955 0  
  1626887096 474285955 0  
  1626887097 474285955 0  
  1626887098 474285955 0  
  1626887099 474285955 0  
  1626887100 474285955 0  
  1626887101 474285955 0  
  1626887102 474285955 0  
  1626887103 474285955 0  
  1626887104 474285955 0  
  1626887105 474285955 0  
  1626887106 474285955 0  
  1626887107 474285955 0  
  1626887109 474285955 0  
  1626887110 474285955 0  
  1626887111 474285955 0  
  1626887112 474285955 0  
  1626887113 474285955 0  
  1626887114 474285955 0  
  1626887115 474285955 0  
  1626887116 474285955 0  
  1626887117 474285955 0  
  1626887118 474285955 0  
  1626887119 474285955 0  
  1626887120 474285955 0  
  1626887121 474285955 0  
  1626887122 474285955 0  
  1626887123 474285955 0  
  1626887124 474285955 0  
  1626887125 474285955 0  
  1626887126 474285955 0  
  1626887127 474285955 0  
  1626887128 474285955 0  
  1626887129 474285955 0  
  1626887130 474285955 0  
  1626887131 474286312 0  
  1626887132 474286312 0  
  1626887133 474286312 0  
  1626887134 474286312 0  
  1626887135 474286312 0  
  1626887136 474286312 0  
  1626887137 474290621 0  
  1626887138 474290945 0  
  1626887139 474290945 0  
  1626887140 474291585 0  
  1626887141 474291585 0  
  1626887142 474296218 0  
  1626887143 474296218 0  
  1626887144 474296926 0  
  1626887145 474296926 0  
  1626887146 474296926 0  
  1626887147 474301559 0  
  1626887149 474306328 0  
  1626887150 474307676 0  
  1626887151 474307744 0  
  1626887152 474307744 0  
  1626887153 474307744 0  
  1626887154 474307744 0  
  1626887155 474307744 0  
  1626887156 474307744 0  
  1626887157 474307744 0  
  1626887158 474307744 0  
  1626887159 474307744 0  
  1626887160 474307836 0  
  1626887161 474307836 0  
  1626887162 474307836 0  
  1626887163 474307836 0  
  1626887164 474307836 0  
  1626887165 474307836 0  
  1626887166 474307836 0  
  1626887167 474307918 0  
  1626887168 474307918 0  
  1626887169 474308514 0  
  1626887170 474308514 0  
  1626887171 474308514 0  
  1626887172 474308514 0  
  1626887173 474308514 0  
  1626887174 474308514 0  
  1626887175 474308514 0  
  1626887176 474308514 0  
  1626887177 474308514 0  
  1626887178 474308514 0  
  1626887179 474308514 0  
  1626887180 474308514 0  
  1626887181 474308514 0  
  1626887182 474308514 0  
  1626887183 474308514 0  
  1626887184 474308514 0  
  1626887185 474308514 0  
  1626887186 474308514 0  
  1626887187 474308514 0  
  1626887189 474308514 0  
  1626887190 474308514 0  
  1626887191 474308514 0  
  1626887192 474308514 0  
  1626887193 474308514 0  
  1626887194 474308514 0  
  1626887195 474308514 0  
  1626887196 474308514 0  
  1626887197 474308514 0  
  1626887198 474308514 0  
  1626887199 474308514 0  
  1626887200 474308514 0  
  1626887201 474308514 0  
  1626887202 474308514 0  
  1626887203 474308514 0  
  1626887204 474308514 0  
  1626887205 474308514 0  
  1626887206 474308514 0  
  1626887207 474308514 0  
  1626887208 474308514 0  
  1626887209 474308606 0  
  1626887210 474308606 0  
  1626887211 474308606 0  
  1626887212 474308944 0  
  1626887213 474308944 0  
  1626887214 474308944 0  
  1626887215 474308944 0  
  1626887216 474308944 0  
  1626887217 474308944 0  
  1626887218 474308944 0  
  1626887219 474308944 0  
  1626887220 474308944 0  
  1626887221 474308944 0  
  1626887222 474308944 0  
  1626887223 474308944 0  
  1626887224 474309036 0  
  1626887225 474309036 0  
  1626887226 474309036 0  
  1626887227 474309036 0  
  1626887229 474309036 0  
  1626887230 474309036 0  
  1626887231 474309036 0  
  1626887232 474309036 0  
  1626887233 474309036 0  
  1626887234 474309036 0  
  1626887235 474309036 0  
  1626887236 474309036 0  
  1626887237 474309036 0  
  1626887238 474309036 0  
  1626887239 474309036 0  
  1626887240 474309036 0  
  1626887241 474309036 0  
  1626887242 474309036 0  
  1626887243 474309036 0  
  1626887244 474309036 0  
  1626887245 474309036 0  
  1626887246 474309036 0  
  1626887247 474309036 0  
  1626887248 474309036 0  
  1626887249 474309036 0  
  1626887250 474309036 0  
  1626887251 474309036 0  
  1626887252 474309036 0  
  1626887253 474309036 0  
  1626887254 474309036 0  
  1626887255 474309036 0  
  1626887256 474309036 0  
  1626887257 474309036 0  
  1626887258 474309036 0  
  1626887259 474309036 0  
  1626887260 474309036 0  
  1626887261 474309036 0  
  1626887262 474309036 0  
  1626887263 474309036 0  
  1626887264 474309036 0  
  1626887265 474309036 0  
  1626887266 474309036 0  
  1626887268 474313345 0  
  1626887269 474313669 0  
  1626887270 474314377 0  
  1626887271 474314377 0  
  1626887272 474314377 0  
  1626887273 474314377 0  
  1626887274 474314377 0  
  1626887275 474314377 0  
  1626887276 474314377 0  
  1626887277 474314377 0  
  1626887278 474314377 0  
  1626887279 474314377 0  
  1626887280 474314377 0  
  1626887281 474314377 0  
  1626887282 474314377 0  
  1626887283 474314377 0  
  1626887284 474314377 0  
  1626887285 474314377 0  
  1626887286 474314377 0  
  1626887287 474314377 0  
  1626887288 474314377 0  
  1626887289 474314469 0  
  1626887290 474314469 0  
  1626887291 474314469 0  
  1626887292 474314469 0  
  1626887293 474314469 0  
  1626887294 474314469 0  
  1626887295 474314469 0  
  1626887296 474314469 0  
  1626887297 474314469 0  
  1626887298 474314469 0  
  1626887299 474314469 0  
  1626887300 474314469 0  
  1626887301 474314469 0  
  1626887302 474314469 0  
  1626887303 474314469 0  
  1626887304 474314469 0  
  1626887305 474314469 0  
  1626887307 474314469 0  
  1626887308 474314469 0  
  1626887309 474314469 0  
  1626887310 474314469 0  
  1626887311 474314469 0  
  1626887312 474314469 0  
  1626887313 474314469 0  
  1626887314 474314469 0  
  1626887315 474314469 0  
  1626887316 474314469 0  
  1626887317 474314469 0  
  1626887318 474314469 0  
  1626887319 474314469 0  
  1626887320 474314469 0  
  1626887321 474314469 0  
  1626887322 474314561 0  
  1626887323 474314561 0  
  1626887324 474314561 0  
  1626887325 474314561 0  
  1626887326 474314561 0  
  1626887327 474314561 0  
  1626887328 474314561 0  
  1626887329 474314561 0  
  1626887330 474314561 0  
  1626887331 474314561 0  
  1626887332 474314561 0  
  1626887333 474314561 0  
  1626887334 474314561 0  
  1626887335 474314561 0  
  1626887336 474314561 0  
  1626887337 474314561 0  
  1626887338 474314561 0  
  1626887339 474314653 0  
  1626887340 474314653 0  
  1626887341 474314653 0  
  1626887342 474314653 0  
  1626887343 474314653 0  
  1626887344 474314653 0  
  1626887346 474314653 0  
  1626887347 474314653 0  
  1626887348 474314653 0  
  1626887349 474314653 0  
  1626887350 474314653 0  
  1626887351 474314653 0  
  1626887352 474314653 0  
  1626887353 474314653 0  
  1626887354 474314745 0  
  1626887355 474314745 0  
  1626887356 474314745 0  
  1626887357 474314745 0  
  1626887358 474314745 0  
  1626887359 474314745 0  
  1626887360 474314745 0  
  1626887361 474314745 0  
  1626887362 474314745 0  
  1626887363 474315083 0  
  1626887364 474315083 0  
  1626887365 474315083 0  
  1626887366 474315083 0  
  1626887367 474315083 0  
  1626887368 474315679 0  
  1626887369 474315679 0  
  1626887370 474315679 0  
  1626887371 474315679 0  
  1626887372 474315679 0  
  1626887373 474315679 0  
  1626887374 474315679 0  
  1626887375 474315679 0  
  1626887376 474315679 0  
  1626887377 474315679 0  
  1626887378 474315679 0  
  1626887379 474315679 0  
  1626887380 474315679 0  
  1626887381 474315679 0  
  1626887382 474315679 0  
  1626887383 474315679 0  
  1626887385 474315679 0  
  1626887386 474315679 0  
  1626887387 474315771 0  
  1626887388 474315771 0  
  1626887389 474315771 0  
  1626887390 474315771 0  
  1626887391 474315771 0  
  1626887392 474315771 0  
  1626887393 474315771 0  
  1626887394 474315771 0  
  1626887395 474315771 0  
  1626887396 474315771 0  
  1626887397 474315771 0  
  1626887398 474315771 0  
  1626887399 474315771 0  
  1626887400 474315771 0  
  1626887401 474315771 0  
  1626887402 474315771 0  
  1626887403 474315771 0  
  1626887404 474315771 0  
  1626887405 474315771 0  
  1626887406 474315771 0  
  1626887407 474315771 0  
  1626887408 474315771 0  
  1626887409 474315771 0  
  1626887410 474315771 0  
  1626887411 474315771 0  
  1626887412 474315771 0  
  1626887413 474315771 0  
  1626887414 474315771 0  
  1626887415 474315771 0  
  1626887416 474315771 0  
  1626887417 474315771 0  
  1626887418 474315863 0  
  1626887419 474315863 0  
  1626887420 474315863 0  
  1626887421 474315863 0  
  1626887423 474315863 0  
  1626887424 474315863 0  
  1626887425 474315931 0  
  1626887426 474315931 0  
  1626887427 474315931 0  
  1626887428 474315931 0  
  1626887429 474315931 0  
  1626887430 474315931 0  
  1626887431 474317512 0  
  1626887432 474317512 0  
  1626887433 474317512 0  
  1626887434 474317512 0  
  1626887435 474317512 0  
  1626887436 474317512 0  
  1626887437 474317512 0  
  1626887438 474321641 0  
  1626887439 474322145 0  
  1626887440 474322145 0  
  1626887441 474322853 0  
  1626887442 474327162 0  
  1626887443 474327486 0  
  1626887444 474328194 0  
  1626887445 474328194 0  
  1626887446 474328194 0  
  1626887447 474334788 0  
  1626887448 474337460 0  
  1626887449 474338808 0  
  1626887450 474338808 0  
  1626887451 474338900 0  
  1626887452 474338900 0  
  1626887453 474338900 0  
  1626887454 474338900 0  
  1626887455 474338900 0  
  1626887456 474338900 0  
  1626887457 474338900 0  
  1626887458 474338900 0  
  1626887459 474338900 0  
  1626887460 474338900 0  
  1626887462 474338900 0  
  1626887463 474338900 0  
  1626887464 474338900 0  
  1626887465 474338900 0  
  1626887466 474338900 0  
  1626887467 474338900 0  
  1626887468 474338900 0  
  1626887469 474338900 0  
  1626887470 474338992 0  
  1626887471 474338992 0  
  1626887472 474338992 0  
  1626887473 474338992 0  
  1626887474 474338992 0  
  1626887475 474338992 0  
  1626887476 474338992 0  
  1626887477 474338992 0  
  1626887478 474338992 0  
  1626887479 474338992 0  
  1626887480 474338992 0  
  1626887481 474338992 0  
  1626887482 474338992 0  
  1626887483 474338992 0  
  1626887484 474339084 0  
  1626887485 474339084 0  
  1626887486 474339084 0  
  1626887487 474339084 0  
  1626887488 474339084 0  
  1626887489 474339084 0  
  1626887490 474339084 0  
  1626887491 474339084 0  
  1626887492 474339084 0  
  1626887493 474339084 0  
  1626887494 474339084 0  
  1626887495 474339084 0  
  1626887496 474339084 0  
  1626887497 474339084 0  
  1626887498 474339084 0  
  1626887499 474339084 0  
  1626887500 474339084 0  
  1626887502 474339084 0  
  1626887503 474339084 0  
  1626887504 474339084 0  
  1626887505 474339084 0  
  1626887506 474339084 0  
  1626887507 474339084 0  
  1626887508 474339084 0  
  1626887509 474339084 0  
  1626887510 474339084 0  
  1626887511 474339084 0  
  1626887512 474339084 0  
  1626887513 474339422 0  
  1626887514 474339422 0  
  1626887515 474339422 0  
  1626887516 474339514 0  
  1626887517 474339514 0  
  1626887518 474339514 0  
  1626887519 474339514 0  
  1626887520 474339514 0  
  1626887521 474339514 0  
  1626887522 474339514 0  
  1626887523 474339514 0  
  1626887524 474339514 0  
  1626887525 474339514 0  
  1626887526 474339514 0  
  1626887527 474339514 0  
  1626887528 474339514 0  
  1626887529 474339514 0  
  1626887530 474339514 0  
  1626887531 474339514 0  
  1626887532 474339514 0  
  1626887533 474339514 0  
  1626887534 474339514 0  
  1626887535 474339514 0  
  1626887536 474339514 0  
  1626887537 474339514 0  
  1626887538 474339514 0  
  1626887539 474339514 0  
  1626887540 474339514 0  
  1626887542 474339514 0  
  1626887543 474339514 0  
  1626887544 474339514 0  
  1626887545 474339514 0  
  1626887546 474339514 0  
  1626887547 474339514 0  
  1626887548 474339514 0  
  1626887549 474339606 0  
  1626887550 474339606 0  
  1626887551 474339606 0  
  1626887552 474339606 0  
  1626887553 474339606 0  
  1626887554 474339606 0  
  1626887555 474339606 0  
  1626887556 474339606 0  
  1626887557 474339606 0  
  1626887558 474339606 0  
  1626887559 474339606 0  
  1626887560 474339606 0  
  1626887561 474339606 0  
  1626887562 474339606 0  
  1626887563 474339606 0  
  1626887564 474339606 0  
  1626887565 474339606 0  
  1626887566 474339606 0  
  1626887567 474343915 0  
  1626887568 474344239 0  
  1626887569 474344835 0  
  1626887570 474345543 0  
  1626887571 474345543 0  
  1626887572 474345543 0  
  1626887573 474345543 0  
  1626887574 474345543 0  
  1626887575 474345543 0  
  1626887576 474345543 0  
  1626887577 474345543 0  
  1626887578 474345543 0  
  1626887579 474345543 0  
  1626887580 474345635 0  
  1626887581 474345635 0  
  1626887583 474345635 0  
  1626887584 474345635 0  
  1626887585 474345635 0  
  1626887586 474345635 0  
  1626887587 474345635 0  
  1626887588 474345635 0  
  1626887589 474345635 0  
  1626887590 474345635 0  
  1626887591 474345635 0  
  1626887592 474345635 0  
  1626887593 474345635 0  
  1626887594 474345635 0  
  1626887595 474345635 0  
  1626887596 474345635 0  
  1626887597 474345635 0  
  1626887598 474345635 0  
  1626887599 474345727 0  
  1626887600 474345727 0  
  1626887601 474345727 0  
  1626887602 474345727 0  
  1626887603 474345727 0  
  1626887604 474345727 0  
  1626887605 474345727 0  
  1626887606 474345727 0  
  1626887607 474345727 0  
  1626887608 474345727 0  
  1626887609 474345727 0  
  1626887610 474345727 0  
  1626887611 474345727 0  
  1626887612 474345819 0  
  1626887613 474345819 0  
  1626887614 474345819 0  
  1626887615 474345819 0  
  1626887616 474345819 0  
  1626887617 474345819 0  
  1626887618 474345819 0  
  1626887619 474345819 0  
  1626887620 474345819 0  
  1626887622 474345819 0  
  1626887623 474345819 0  
  1626887624 474345819 0  
  1626887625 474345819 0  
  1626887626 474345819 0  
  1626887627 474345819 0  
  1626887628 474345819 0  
  1626887629 474345819 0  
  1626887630 474345819 0  
  1626887631 474345819 0  
  1626887632 474345819 0  
  1626887633 474345819 0  
  1626887634 474345819 0  
  1626887635 474345819 0  
  1626887636 474345819 0  
  1626887637 474345819 0  
  1626887638 474345819 0  
  1626887639 474345819 0  
  1626887640 474345819 0  
  1626887641 474345819 0  
  1626887642 474345819 0  
  1626887643 474345819 0  
  1626887644 474345819 0  
  1626887645 474345911 0  
  1626887646 474345911 0  
  1626887647 474345911 0  
  1626887648 474345911 0  
  1626887649 474345911 0  
  1626887650 474345911 0  
  1626887651 474345911 0  
  1626887652 474345911 0  
  1626887653 474345911 0  
  1626887654 474345911 0  
  1626887655 474345911 0  
  1626887656 474345911 0  
  1626887657 474345911 0  
  1626887658 474345911 0  
  1626887659 474345911 0  
  1626887660 474345911 0  
  1626887662 474345911 0  
  1626887663 474346249 0  
  1626887664 474346249 0  
  1626887665 474346249 0  
  1626887666 474346249 0  
  1626887667 474346249 0  
  1626887668 474346249 0  
  1626887669 474346249 0  
  1626887670 474346249 0  
  1626887671 474346249 0  
  1626887672 474346249 0  
  1626887673 474346249 0  
  1626887674 474346249 0  
  1626887675 474346249 0  
  1626887676 474346249 0  
  1626887677 474346249 0  
  1626887678 474346341 0  
  1626887679 474346341 0  
  1626887680 474346341 0  
  1626887681 474346341 0  
  1626887682 474346341 0  
  1626887683 474346341 0  
  1626887684 474346341 0  
  1626887685 474346341 0  
  1626887686 474346341 0  
  1626887687 474346341 0  
  1626887688 474346341 0  
  1626887689 474346341 0  
  1626887690 474346341 0  
  1626887691 474346341 0  
  1626887692 474346341 0  
  1626887693 474346341 0  
  1626887694 474346341 0  
  1626887695 474346341 0  
  1626887696 474346341 0  
  1626887697 474346341 0  
  1626887698 474346341 0  
  1626887699 474346341 0  
  1626887700 474346341 0  
  1626887702 474346341 0  
  1626887703 474346341 0  
  1626887704 474346341 0  
  1626887705 474346341 0  
  1626887706 474346341 0  
  1626887707 474346341 0  
  1626887708 474346341 0  
  1626887709 474346341 0  
  1626887710 474346433 0  
  1626887711 474346433 0  
  1626887712 474346433 0  
  1626887713 474346433 0  
  1626887714 474346433 0  
  1626887715 474346433 0  
  1626887716 474346433 0  
  1626887717 474346433 0  
  1626887718 474346433 0  
  1626887719 474346433 0  
  1626887720 474346433 0  
  1626887721 474346433 0  
  1626887722 474346433 0  
  1626887723 474346433 0  
  1626887724 474346433 0  
  1626887725 474346433 0  
  1626887726 474346433 0  
  1626887727 474346433 0  
  1626887728 474346525 0  
  1626887729 474346525 0  
  1626887730 474346525 0  
  1626887731 474346882 0  
  1626887732 474346882 0  
  1626887733 474346882 0  
  1626887734 474346882 0  
  1626887735 474346882 0  
  1626887736 474346882 0  
  1626887737 474346882 0  
  1626887738 474351191 0  
  1626887739 474351515 0  
  1626887740 474352223 0  
  1626887741 474352223 0  
  1626887743 474356948 0  
  1626887744 474356948 0  
  1626887745 474357656 0  
  1626887746 474357656 0  
  1626887747 474357656 0  
  1626887748 474366854 0  
  1626887749 474366922 0  
  1626887750 474368338 0  
  1626887751 474368338 0  
  1626887752 474368338 0  
  1626887753 474368338 0  
  1626887754 474368338 0  
  1626887755 474368338 0  
  1626887756 474368338 0  
  1626887757 474368338 0  
  1626887758 474368338 0  
  1626887759 474368338 0  
  1626887760 474368338 0  
 