 1627433673 566616671 0  
  1627433674 566616671 0  
  1627433675 566616671 0  
  1627433676 566616671 0  
  1627433677 566616671 0  
  1627433678 566616671 0  
  1627433679 566616671 0  
  1627433680 566616671 0  
  1627433681 566616671 0  
  1627433682 566616671 0  
  1627433683 566616671 0  
  1627433684 566616671 0  
  1627433685 566616671 0  
  1627433686 566616671 0  
  1627433687 566616671 0  
  1627433688 566616671 0  
  1627433689 566616671 0  
  1627433690 566616671 0  
  1627433691 566616671 0  
  1627433692 566616671 0  
  1627433693 566616671 0  
  1627433694 566616671 0  
  1627433695 566616671 0  
  1627433696 566616671 0  
  1627433697 566616671 0  
  1627433698 566616671 0  
  1627433699 566616671 0  
  1627433700 566616671 0  
  1627433701 566616671 0  
  1627433702 566616671 0  
  1627433703 566616671 0  
  1627433704 566616671 0  
  1627433705 566616671 0  
  1627433707 566616671 0  
  1627433708 566616671 0  
  1627433709 566616671 0  
  1627433710 566616671 0  
  1627433711 566616671 0  
  1627433712 566616671 0  
  1627433713 566616671 0  
  1627433714 566616671 0  
  1627433715 566616671 0  
  1627433716 566616671 0  
  1627433717 566617009 0  
  1627433718 566617009 0  
  1627433719 566617009 0  
  1627433720 566617009 0  
  1627433721 566617009 0  
  1627433722 566617009 0  
  1627433723 566617009 0  
  1627433724 566617009 0  
  1627433725 566617009 0  
  1627433726 566617009 0  
  1627433727 566617009 0  
  1627433728 566617009 0  
  1627433729 566617009 0  
  1627433730 566617009 0  
  1627433731 566617009 0  
  1627433732 566617009 0  
  1627433733 566617009 0  
  1627433734 566617009 0  
  1627433735 566617009 0  
  1627433736 566617009 0  
  1627433737 566617009 0  
  1627433738 566617009 0  
  1627433739 566617009 0  
  1627433740 566617366 0  
  1627433741 566617366 0  
  1627433742 566617366 0  
  1627433743 566617366 0  
  1627433744 566617366 0  
  1627433745 566617366 0  
  1627433747 566617366 0  
  1627433748 566617366 0  
  1627433749 566617366 0  
  1627433750 566617366 0  
  1627433751 566617366 0  
  1627433752 566617366 0  
  1627433753 566617366 0  
  1627433754 566617366 0  
  1627433755 566617366 0  
  1627433756 566617366 0  
  1627433757 566617366 0  
  1627433758 566617366 0  
  1627433759 566617366 0  
  1627433760 566617366 0  
  1627433761 566617366 0  
  1627433762 566617366 0  
  1627433763 566617366 0  
  1627433764 566617366 0  
  1627433765 566617366 0  
  1627433766 566617366 0  
  1627433767 566617366 0  
  1627433768 566617366 0  
  1627433769 566617366 0  
  1627433770 566617366 0  
  1627433771 566617366 0  
  1627433772 566617366 0  
  1627433773 566617366 0  
  1627433774 566617366 0  
  1627433775 566617366 0  
  1627433776 566617366 0  
  1627433777 566617366 0  
  1627433778 566617366 0  
  1627433779 566617962 0  
  1627433780 566617962 0  
  1627433781 566617962 0  
  1627433782 566617962 0  
  1627433783 566617962 0  
  1627433784 566617962 0  
  1627433786 566617962 0  
  1627433787 566618054 0  
  1627433788 566618054 0  
  1627433789 566618054 0  
  1627433790 566618054 0  
  1627433791 566618054 0  
  1627433792 566618054 0  
  1627433793 566618054 0  
  1627433794 566618054 0  
  1627433795 566618054 0  
  1627433796 566618054 0  
  1627433797 566618054 0  
  1627433798 566618054 0  
  1627433799 566618054 0  
  1627433800 566618054 0  
  1627433801 566618054 0  
  1627433802 566618054 0  
  1627433803 566618054 0  
  1627433804 566618054 0  
  1627433805 566618054 0  
  1627433806 566618054 0  
  1627433807 566618054 0  
  1627433808 566618054 0  
  1627433809 566618054 0  
  1627433810 566618054 0  
  1627433811 566618054 0  
  1627433812 566618054 0  
  1627433813 566618054 0  
  1627433814 566618054 0  
  1627433815 566618054 0  
  1627433816 566618054 0  
  1627433817 566618054 0  
  1627433818 566618054 0  
  1627433819 566618054 0  
  1627433820 566618054 0  
  1627433821 566618054 0  
  1627433822 566618054 0  
  1627433823 566618054 0  
  1627433825 566618054 0  
  1627433826 566618054 0  
  1627433827 566622363 0  
  1627433828 566622687 0  
  1627433829 566622687 0  
  1627433830 566623395 0  
  1627433831 566623395 0  
  1627433832 566623395 0  
  1627433833 566623395 0  
  1627433834 566623395 0  
  1627433835 566623395 0  
  1627433836 566623395 0  
  1627433837 566623395 0  
  1627433838 566623395 0  
  1627433839 566623395 0  
  1627433840 566623395 0  
  1627433841 566623395 0  
  1627433842 566623395 0  
  1627433843 566623395 0  
  1627433844 566623395 0  
  1627433845 566623395 0  
  1627433846 566623395 0  
  1627433847 566623395 0  
  1627433848 566623395 0  
  1627433849 566623395 0  
  1627433850 566623395 0  
  1627433851 566623395 0  
  1627433852 566623395 0  
  1627433853 566623395 0  
  1627433854 566627704 0  
  1627433855 566628096 0  
  1627433856 566628804 0  
  1627433857 566628804 0  
  1627433858 566628804 0  
  1627433859 566628804 0  
  1627433860 566628804 0  
  1627433861 566629960 0  
  1627433862 566629960 0  
  1627433864 566629960 0  
  1627433865 566629960 0  
  1627433866 566629960 0  
  1627433867 566630298 0  
  1627433868 566630298 0  
  1627433869 566630298 0  
  1627433870 566630298 0  
  1627433871 566630298 0  
  1627433872 566630298 0  
  1627433873 566630298 0  
  1627433874 566630298 0  
  1627433875 566630298 0  
  1627433876 566630298 0  
  1627433877 566630390 0  
  1627433878 566630390 0  
  1627433879 566630390 0  
  1627433880 566630390 0  
  1627433881 566630390 0  
  1627433882 566630390 0  
  1627433883 566630390 0  
  1627433884 566630390 0  
  1627433885 566630390 0  
  1627433886 566630390 0  
  1627433887 566630390 0  
  1627433888 566630390 0  
  1627433889 566630390 0  
  1627433890 566630390 0  
  1627433891 566630390 0  
  1627433892 566630390 0  
  1627433893 566630390 0  
  1627433894 566630390 0  
  1627433895 566630390 0  
  1627433896 566630390 0  
  1627433897 566634699 0  
  1627433898 566639656 0  
  1627433899 566640364 0  
  1627433900 566640936 0  
  1627433901 566640936 0  
  1627433903 566640936 0  
  1627433904 566640936 0  
  1627433905 566640936 0  
  1627433906 566640936 0  
  1627433907 566640936 0  
  1627433908 566640936 0  
  1627433909 566640936 0  
  1627433910 566640936 0  
  1627433911 566640936 0  
  1627433912 566640936 0  
  1627433913 566640936 0  
  1627433914 566640936 0  
  1627433915 566641028 0  
  1627433916 566641028 0  
  1627433917 566641028 0  
  1627433918 566641028 0  
  1627433919 566641028 0  
  1627433920 566641028 0  
  1627433921 566641028 0  
  1627433922 566641028 0  
  1627433923 566641028 0  
  1627433924 566641028 0  
  1627433925 566641028 0  
  1627433926 566641028 0  
  1627433927 566641028 0  
  1627433928 566641028 0  
  1627433929 566641028 0  
  1627433930 566641028 0  
  1627433931 566641028 0  
  1627433932 566641028 0  
  1627433933 566641028 0  
  1627433934 566641028 0  
  1627433935 566641028 0  
  1627433936 566645337 0  
  1627433937 566645661 0  
  1627433938 566646369 0  
  1627433939 566646369 0  
  1627433940 566646369 0  
  1627433942 566646369 0  
  1627433943 566646369 0  
  1627433944 566646369 0  
  1627433945 566646369 0  
  1627433946 566646369 0  
  1627433947 566646369 0  
  1627433948 566646369 0  
  1627433949 566646369 0  
  1627433950 566646369 0  
  1627433951 566646369 0  
  1627433952 566646369 0  
  1627433953 566646369 0  
  1627433954 566646369 0  
  1627433955 566646369 0  
  1627433956 566646369 0  
  1627433957 566646369 0  
  1627433958 566646369 0  
  1627433959 566646369 0  
  1627433960 566646369 0  
  1627433961 566646369 0  
  1627433962 566646369 0  
  1627433963 566646369 0  
  1627433964 566646369 0  
  1627433965 566646369 0  
  1627433966 566646369 0  
  1627433967 566646369 0  
  1627433968 566646369 0  
  1627433969 566646369 0  
  1627433970 566646369 0  
  1627433971 566646369 0  
  1627433972 566646369 0  
  1627433973 566646369 0  
  1627433974 566646369 0  
  1627433975 566646445 0  
  1627433976 566646445 0  
  1627433977 566646445 0  
  1627433978 566646445 0  
  1627433979 566647041 0  
  1627433981 566647041 0  
  1627433982 566647041 0  
  1627433983 566647041 0  
  1627433984 566647041 0  
  1627433985 566647041 0  
  1627433986 566647041 0  
  1627433987 566647041 0  
  1627433988 566647041 0  
  1627433989 566647041 0  
  1627433990 566647041 0  
  1627433991 566647041 0  
  1627433992 566647041 0  
  1627433993 566647041 0  
  1627433994 566647041 0  
  1627433995 566647041 0  
  1627433996 566647041 0  
  1627433997 566647041 0  
  1627433998 566647041 0  
  1627433999 566647041 0  
  1627434000 566647041 0  
  1627434001 566647041 0  
  1627434002 566647041 0  
  1627434003 566647041 0  
  1627434004 566647041 0  
  1627434005 566647041 0  
  1627434006 566647041 0  
  1627434007 566647041 0  
  1627434008 566647041 0  
  1627434009 566647041 0  
  1627434010 566647041 0  
  1627434011 566647041 0  
  1627434012 566647041 0  
  1627434013 566647041 0  
  1627434014 566647041 0  
  1627434015 566647041 0  
 