 1627024803 499909161 0  
  1627024804 499909161 0  
  1627024805 499909161 0  
  1627024806 499909161 0  
  1627024807 499909161 0  
  1627024808 499909161 0  
  1627024809 499909161 0  
  1627024810 499909161 0  
  1627024811 499909161 0  
  1627024812 499909161 0  
  1627024813 499909161 0  
  1627024814 499909161 0  
  1627024815 499909161 0  
  1627024816 499909161 0  
  1627024817 499909161 0  
  1627024818 499909161 0  
  1627024819 499909161 0  
  1627024820 499909161 0  
  1627024821 499909161 0  
  1627024822 499909161 0  
  1627024823 499909161 0  
  1627024824 499909161 0  
  1627024825 499909161 0  
  1627024826 499909161 0  
  1627024827 499909161 0  
  1627024828 499909161 0  
  1627024829 499909161 0  
  1627024831 499909161 0  
  1627024832 499909161 0  
  1627024833 499909161 0  
  1627024834 499909161 0  
  1627024835 499909253 0  
  1627024836 499909253 0  
  1627024837 499909253 0  
  1627024838 499909253 0  
  1627024839 499909253 0  
  1627024840 499909253 0  
  1627024841 499909253 0  
  1627024842 499909253 0  
  1627024843 499909610 0  
  1627024844 499909610 0  
  1627024845 499909610 0  
  1627024846 499909610 0  
  1627024847 499909610 0  
  1627024848 499911571 0  
  1627024849 499914243 0  
  1627024850 499918876 0  
  1627024851 499919584 0  
  1627024852 499920292 0  
  1627024853 499920292 0  
  1627024854 499920292 0  
  1627024855 499920292 0  
  1627024856 499929054 0  
  1627024857 499930266 0  
  1627024858 499930906 0  
  1627024859 499930906 0  
  1627024860 499930906 0  
  1627024861 499930906 0  
  1627024862 499930906 0  
  1627024863 499930906 0  
  1627024864 499930906 0  
  1627024865 499930906 0  
  1627024866 499930906 0  
  1627024867 499930906 0  
  1627024868 499930906 0  
  1627024869 499930906 0  
  1627024871 499930906 0  
  1627024872 499930906 0  
  1627024873 499930906 0  
  1627024874 499930906 0  
  1627024875 499930906 0  
  1627024876 499930906 0  
  1627024877 499930906 0  
  1627024878 499930906 0  
  1627024879 499930906 0  
  1627024880 499930906 0  
  1627024881 499930906 0  
  1627024882 499930906 0  
  1627024883 499930906 0  
  1627024884 499930906 0  
  1627024885 499930906 0  
  1627024886 499930906 0  
  1627024887 499930906 0  
  1627024888 499930906 0  
  1627024889 499930906 0  
  1627024890 499930906 0  
  1627024891 499931244 0  
  1627024892 499931244 0  
  1627024893 499931244 0  
  1627024894 499931244 0  
  1627024895 499931244 0  
  1627024896 499931244 0  
  1627024897 499931244 0  
  1627024898 499931244 0  
  1627024899 499931244 0  
  1627024900 499931244 0  
  1627024901 499931244 0  
  1627024902 499931244 0  
  1627024903 499931244 0  
  1627024904 499931244 0  
  1627024905 499931244 0  
  1627024906 499931244 0  
  1627024907 499931244 0  
  1627024908 499931244 0  
  1627024910 499931244 0  
  1627024911 499931244 0  
  1627024912 499931244 0  
  1627024913 499931244 0  
  1627024914 499931244 0  
  1627024915 499931244 0  
  1627024916 499931244 0  
  1627024917 499931244 0  
  1627024918 499931244 0  
  1627024919 499931244 0  
  1627024920 499931244 0  
  1627024921 499931244 0  
  1627024922 499931244 0  
  1627024923 499931244 0  
  1627024924 499931244 0  
  1627024925 499931244 0  
  1627024926 499931244 0  
  1627024927 499931244 0  
  1627024928 499931244 0  
  1627024929 499931244 0  
  1627024930 499931244 0  
  1627024931 499931244 0  
  1627024932 499931244 0  
  1627024933 499931244 0  
  1627024934 499931244 0  
  1627024935 499931244 0  
  1627024936 499931244 0  
  1627024937 499931244 0  
  1627024938 499931244 0  
  1627024939 499931244 0  
  1627024940 499931244 0  
  1627024941 499931244 0  
  1627024942 499931244 0  
  1627024943 499931244 0  
  1627024944 499931244 0  
  1627024945 499931244 0  
  1627024946 499931244 0  
  1627024947 499931244 0  
  1627024948 499931244 0  
  1627024950 499931244 0  
  1627024951 499931244 0  
  1627024952 499931244 0  
  1627024953 499931244 0  
  1627024954 499931244 0  
  1627024955 499931244 0  
  1627024956 499931244 0  
  1627024957 499931244 0  
  1627024958 499931244 0  
  1627024959 499931244 0  
  1627024960 499931244 0  
  1627024961 499931244 0  
  1627024962 499931244 0  
  1627024963 499931244 0  
  1627024964 499931244 0  
  1627024965 499931244 0  
  1627024966 499931244 0  
  1627024967 499931244 0  
  1627024968 499931244 0  
  1627024969 499931244 0  
  1627024970 499931902 0  
  1627024971 499931902 0  
  1627024972 499931902 0  
  1627024973 499931902 0  
  1627024974 499931902 0  
  1627024975 499931902 0  
  1627024976 499931902 0  
  1627024977 499931902 0  
  1627024978 499931902 0  
  1627024979 499931902 0  
  1627024980 499931902 0  
  1627024981 499931902 0  
  1627024982 499931902 0  
  1627024983 499931902 0  
  1627024984 499931902 0  
  1627024985 499931902 0  
  1627024986 499931902 0  
  1627024987 499931902 0  
  1627024989 499931902 0  
  1627024990 499931902 0  
  1627024991 499931902 0  
  1627024992 499931902 0  
  1627024993 499931902 0  
  1627024994 499931902 0  
  1627024995 499931902 0  
  1627024996 499931902 0  
  1627024997 499931902 0  
  1627024998 499931902 0  
  1627024999 499931902 0  
  1627025000 499931902 0  
  1627025001 499931902 0  
  1627025002 499931902 0  
  1627025003 499931902 0  
  1627025004 499931902 0  
  1627025005 499931902 0  
  1627025006 499931902 0  
  1627025007 499931902 0  
  1627025008 499931902 0  
  1627025009 499931902 0  
  1627025010 499931902 0  
  1627025011 499931902 0  
  1627025012 499931902 0  
  1627025013 499931902 0  
  1627025014 499931902 0  
  1627025015 499931902 0  
  1627025016 499931902 0  
  1627025017 499931902 0  
  1627025018 499931902 0  
  1627025019 499931902 0  
  1627025020 499931902 0  
  1627025021 499931902 0  
  1627025022 499931902 0  
  1627025023 499931902 0  
  1627025024 499936535 0  
  1627025025 499936535 0  
  1627025026 499937243 0  
  1627025027 499937243 0  
  1627025029 499937243 0  
  1627025030 499937243 0  
  1627025031 499937243 0  
  1627025032 499937243 0  
  1627025033 499937243 0  
  1627025034 499937243 0  
  1627025035 499937243 0  
  1627025036 499937243 0  
  1627025037 499937243 0  
  1627025038 499937243 0  
  1627025039 499937243 0  
  1627025040 499937243 0  
  1627025041 499937581 0  
  1627025042 499937581 0  
  1627025043 499937581 0  
  1627025044 499937581 0  
  1627025045 499937581 0  
  1627025046 499937581 0  
  1627025047 499937581 0  
  1627025048 499937581 0  
  1627025049 499937581 0  
  1627025050 499937581 0  
  1627025051 499937581 0  
  1627025052 499937581 0  
  1627025053 499937581 0  
  1627025054 499937581 0  
  1627025055 499937581 0  
  1627025056 499937581 0  
  1627025057 499937581 0  
  1627025058 499937581 0  
  1627025059 499937581 0  
  1627025060 499937581 0  
  1627025061 499937581 0  
  1627025062 499937581 0  
  1627025063 499937581 0  
  1627025064 499937581 0  
  1627025065 499937581 0  
  1627025066 499937581 0  
  1627025068 499937581 0  
  1627025069 499937581 0  
  1627025070 499937581 0  
  1627025071 499937581 0  
  1627025072 499937581 0  
  1627025073 499937581 0  
  1627025074 499937581 0  
  1627025075 499937581 0  
  1627025076 499937581 0  
  1627025077 499937581 0  
  1627025078 499937581 0  
  1627025079 499937581 0  
  1627025080 499937581 0  
  1627025081 499937581 0  
  1627025082 499937581 0  
  1627025083 499937581 0  
  1627025084 499937581 0  
  1627025085 499937581 0  
  1627025086 499937581 0  
  1627025087 499937581 0  
  1627025088 499937581 0  
  1627025089 499937581 0  
  1627025090 499937581 0  
  1627025091 499937673 0  
  1627025092 499937673 0  
  1627025093 499937673 0  
  1627025094 499937673 0  
  1627025095 499937673 0  
  1627025096 499937673 0  
  1627025097 499937673 0  
  1627025098 499937673 0  
  1627025099 499937673 0  
  1627025100 499937673 0  
  1627025101 499937673 0  
  1627025102 499937673 0  
  1627025103 499937673 0  
  1627025104 499937673 0  
  1627025105 499937673 0  
  1627025107 499937765 0  
  1627025108 499937765 0  
  1627025109 499937765 0  
  1627025110 499937765 0  
  1627025111 499937765 0  
  1627025112 499937765 0  
  1627025113 499937765 0  
  1627025114 499937765 0  
  1627025115 499937765 0  
  1627025116 499937765 0  
  1627025117 499937765 0  
  1627025118 499937765 0  
  1627025119 499937765 0  
  1627025120 499937765 0  
  1627025121 499937765 0  
  1627025122 499937765 0  
  1627025123 499937765 0  
  1627025124 499937765 0  
  1627025125 499937765 0  
 