 1627027425 514870452 177343  
  1627027426 514870452 177343  
  1627027427 514870452 177343  
  1627027428 514870452 177343  
  1627027429 514870452 177343  
  1627027430 514873349 177343  
  1627027431 514875085 177343  
  1627027432 514875085 177343  
  1627027433 514875793 177343  
  1627027434 514875793 177343  
  1627027435 514875793 177343  
  1627027436 514875793 177343  
  1627027437 514875793 177343  
  1627027438 514875793 177343  
  1627027439 514875793 177343  
  1627027440 514875793 177343  
  1627027441 514875793 177343  
  1627027442 514876131 177343  
  1627027443 514876131 177343  
  1627027444 514876131 177343  
  1627027445 514876131 177343  
  1627027446 514876131 177343  
  1627027447 514876131 177343  
  1627027449 514876131 177343  
  1627027450 514876131 177343  
  1627027451 514876131 177343  
  1627027452 514876131 177343  
  1627027453 514876131 177343  
  1627027454 514876131 177343  
  1627027455 514876131 177343  
  1627027456 514876131 177343  
  1627027457 514876131 177343  
  1627027458 514876131 177343  
  1627027459 514876131 177343  
  1627027460 514876131 177343  
  1627027461 514876131 177343  
  1627027462 514876131 177343  
  1627027463 514876131 177343  
  1627027464 514876131 177343  
  1627027465 514876131 177343  
  1627027466 514876131 177343  
  1627027467 514876131 177343  
  1627027468 514876131 177343  
  1627027469 514876131 177343  
  1627027470 514876131 177343  
  1627027471 514876131 177343  
  1627027472 514876131 177343  
  1627027473 514876131 177343  
  1627027474 514876131 177343  
  1627027475 514876131 177343  
  1627027476 514876131 177343  
  1627027477 514876131 177343  
  1627027478 514876131 177343  
  1627027479 514876131 177343  
  1627027480 514876131 177343  
  1627027481 514876131 177343  
  1627027482 514876131 177343  
  1627027483 514876131 177343  
  1627027484 514876131 177343  
  1627027485 514876131 177343  
  1627027486 514876131 177343  
  1627027487 514876131 177343  
  1627027489 514876131 177343  
  1627027490 514876131 177343  
  1627027491 514876131 177343  
  1627027492 514876131 177343  
  1627027493 514876131 177343  
  1627027494 514876131 177343  
  1627027495 514876131 177343  
  1627027496 514876131 177343  
  1627027497 514876131 177343  
  1627027498 514876131 177343  
  1627027499 514876131 177343  
  1627027500 514876131 177343  
  1627027501 514876131 177343  
  1627027502 514876131 177343  
  1627027503 514876131 177343  
  1627027504 514876131 177343  
  1627027505 514876131 177343  
  1627027506 514876131 177343  
  1627027507 514876131 177343  
  1627027508 514876131 177343  
  1627027509 514876131 177343  
  1627027510 514876131 177343  
  1627027511 514876131 177343  
  1627027512 514876131 177343  
  1627027513 514876131 177343  
  1627027514 514876131 177343  
  1627027515 514876131 177343  
  1627027516 514876131 177343  
  1627027517 514876131 177343  
  1627027518 514876131 177343  
  1627027519 514876131 177343  
  1627027520 514876131 177343  
  1627027521 514876131 177343  
  1627027522 514876131 177343  
  1627027523 514876131 177343  
  1627027524 514876131 177343  
  1627027525 514876131 177343  
  1627027526 514876131 177343  
  1627027527 514876131 177343  
  1627027529 514876131 177343  
  1627027530 514876131 177343  
  1627027531 514876488 177343  
  1627027532 514876488 177343  
  1627027533 514876488 177343  
  1627027534 514876488 177343  
  1627027535 514876488 177343  
  1627027536 514876488 177343  
  1627027537 514876488 177343  
  1627027538 514881121 177343  
  1627027539 514881121 177343  
  1627027540 514881829 177343  
  1627027541 514881829 177343  
  1627027542 514886462 177343  
  1627027543 514887102 177343  
  1627027544 514887170 177343  
  1627027545 514887170 177343  
  1627027546 514887170 177343  
  1627027547 514887170 177343  
  1627027548 514891803 177343  
  1627027549 514894004 177343  
  1627027550 514897144 177343  
  1627027551 514897852 177343  
  1627027552 514897852 177343  
  1627027553 514897852 177343  
  1627027554 514897852 177343  
  1627027555 514897852 177343  
  1627027556 514897852 177343  
  1627027557 514897852 177343  
  1627027558 514897852 177343  
  1627027559 514897852 177343  
  1627027560 514897852 177343  
  1627027561 514897852 177343  
  1627027562 514897852 177343  
  1627027563 514897852 177343  
  1627027564 514897852 177343  
  1627027565 514897852 177343  
  1627027566 514897852 177343  
  1627027568 514897852 177343  
  1627027569 514897852 177343  
  1627027570 514897852 177343  
  1627027571 514898448 177343  
  1627027572 514898448 177343  
  1627027573 514898448 177343  
  1627027574 514898448 177343  
  1627027575 514898448 177343  
  1627027576 514898448 177343  
  1627027577 514898448 177343  
  1627027578 514898448 177343  
  1627027579 514898448 177343  
  1627027580 514898448 177343  
  1627027581 514898448 177343  
  1627027582 514898448 177343  
  1627027583 514898448 177343  
  1627027584 514898448 177343  
  1627027585 514898448 177343  
  1627027586 514898448 177343  
  1627027587 514898448 177343  
  1627027588 514898448 177343  
  1627027589 514898448 177343  
  1627027590 514898448 177343  
  1627027591 514898786 177343  
  1627027592 514898786 177343  
  1627027593 514898786 177343  
  1627027594 514898786 177343  
  1627027595 514898786 177343  
  1627027596 514898786 177343  
  1627027597 514898786 177343  
  1627027598 514898786 177343  
  1627027599 514898786 177343  
  1627027600 514898786 177343  
  1627027601 514898786 177343  
  1627027602 514898786 177343  
  1627027603 514898786 177343  
  1627027604 514898786 177343  
  1627027605 514898786 177343  
  1627027607 514898786 177343  
  1627027608 514898786 177343  
  1627027609 514898786 177343  
  1627027610 514898786 177343  
  1627027611 514898786 177343  
  1627027612 514898786 177343  
  1627027613 514898786 177343  
  1627027614 514898786 177343  
  1627027615 514898786 177343  
  1627027616 514898878 177343  
  1627027617 514898878 177343  
  1627027618 514898878 177343  
  1627027619 514898878 177343  
  1627027620 514898878 177343  
  1627027621 514898878 177343  
  1627027622 514898878 177343  
  1627027623 514898878 177343  
  1627027624 514898878 177343  
  1627027625 514898878 177343  
  1627027626 514898878 177343  
  1627027627 514898878 177343  
  1627027628 514898878 177343  
  1627027629 514898878 177343  
  1627027630 514898878 177343  
  1627027631 514898878 177343  
  1627027632 514898878 177343  
  1627027633 514898878 177343  
  1627027634 514898878 177343  
  1627027635 514898878 177343  
  1627027636 514898878 177343  
  1627027637 514898878 177343  
  1627027638 514898878 177343  
  1627027639 514898878 177343  
  1627027640 514898878 177343  
  1627027641 514898878 177343  
  1627027642 514898878 177343  
  1627027643 514898878 177343  
  1627027644 514898878 177343  
  1627027645 514898878 177343  
  1627027647 514898878 177343  
  1627027648 514898878 177343  
  1627027649 514898878 177343  
  1627027650 514898878 177343  
  1627027651 514898878 177343  
  1627027652 514898878 177343  
  1627027653 514898878 177343  
  1627027654 514898878 177343  
  1627027655 514898878 177343  
  1627027656 514898878 177343  
  1627027657 514898878 177343  
  1627027658 514898878 177343  
  1627027659 514898878 177343  
  1627027660 514898878 177343  
  1627027661 514898878 177343  
  1627027662 514898878 177343  
  1627027663 514898878 177343  
  1627027664 514898878 177343  
  1627027665 514898878 177343  
  1627027666 514898878 177343  
  1627027667 514898878 177343  
  1627027668 514898878 177343  
  1627027669 514898878 177343  
  1627027670 514898878 177343  
  1627027671 514898878 177343  
  1627027672 514898878 177343  
  1627027673 514898878 177343  
  1627027674 514898878 177343  
  1627027675 514898878 177343  
  1627027676 514898878 177343  
  1627027677 514898878 177343  
  1627027678 514898878 177343  
  1627027679 514898878 177343  
  1627027680 514898878 177343  
  1627027681 514898878 177343  
  1627027682 514898878 177343  
  1627027683 514898878 177343  
  1627027684 514898878 177343  
  1627027685 514898878 177343  
  1627027687 514898878 177343  
  1627027688 514898878 177343  
  1627027689 514898878 177343  
  1627027690 514898878 177343  
  1627027691 514898878 177343  
  1627027692 514898878 177343  
  1627027693 514898878 177343  
  1627027694 514898878 177343  
  1627027695 514898878 177343  
  1627027696 514898878 177343  
  1627027697 514898878 177343  
  1627027698 514898878 177343  
  1627027699 514898878 177343  
  1627027700 514898878 177343  
  1627027701 514898878 177343  
  1627027702 514898878 177343  
  1627027703 514898878 177343  
  1627027704 514898878 177343  
  1627027705 514898878 177343  
  1627027706 514898878 177343  
  1627027707 514898878 177343  
  1627027708 514898878 177343  
  1627027709 514898878 177343  
  1627027710 514898878 177343  
  1627027711 514898878 177343  
  1627027712 514898878 177343  
  1627027713 514898878 177343  
  1627027714 514898878 177343  
  1627027715 514898878 177343  
  1627027716 514898878 177343  
  1627027717 514898878 177343  
  1627027718 514898878 177343  
  1627027719 514898878 177343  
  1627027720 514898878 177343  
  1627027721 514898878 177343  
  1627027722 514898878 177343  
  1627027723 514898878 177343  
  1627027724 514898878 177343  
  1627027726 514898878 177343  
  1627027727 514898878 177343  
  1627027728 514898878 177343  
  1627027729 514898878 177343  
  1627027730 514898878 177343  
  1627027731 514900755 177343  
  1627027732 514903511 177343  
  1627027733 514903511 177343  
  1627027734 514904151 177343  
  1627027735 514904151 177343  
  1627027736 514904151 177343  
  1627027737 514904151 177343  
  1627027738 514904151 177343  
  1627027739 514904151 177343  
  1627027740 514904151 177343  
  1627027741 514904151 177343  
  1627027742 514904151 177343  
  1627027743 514904489 177343  
  1627027744 514904489 177343  
  1627027745 514904489 177343  
  1627027746 514904489 177343  
  1627027747 514904489 177343  
  1627027748 514904489 177343  
  1627027749 514904489 177343  
  1627027750 514904489 177343  
  1627027751 514904489 177343  
  1627027752 514904489 177343  
  1627027753 514904489 177343  
  1627027754 514904489 177343  
  1627027755 514904489 177343  
  1627027756 514904489 177343  
  1627027757 514904489 177343  
  1627027758 514904489 177343  
  1627027759 514904489 177343  
  1627027760 514904489 177343  
  1627027761 514904489 177343  
  1627027762 514904489 177343  
  1627027763 514904489 177343  
  1627027764 514904489 177343  
  1627027766 514904489 177343  
  1627027767 514904489 177343  
  1627027768 514904489 177343  
  1627027769 514904489 177343  
  1627027770 514905085 177343  
  1627027771 514905085 177343  
  1627027772 514905085 177343  
  1627027773 514905085 177343  
  1627027774 514905085 177343  
  1627027775 514905085 177343  
  1627027776 514905085 177343  
  1627027777 514905085 177343  
  1627027778 514905085 177343  
  1627027779 514905085 177343  
  1627027780 514905085 177343  
  1627027781 514905085 177343  
  1627027782 514905085 177343  
  1627027783 514905085 177343  
  1627027784 514905085 177343  
  1627027785 514905085 177343  
  1627027786 514905085 177343  
  1627027787 514905085 177343  
  1627027788 514905085 177343  
  1627027789 514905085 177343  
  1627027790 514905085 177343  
  1627027791 514905085 177343  
  1627027792 514905085 177343  
  1627027793 514905085 177343  
  1627027794 514905085 177343  
  1627027795 514905085 177343  
  1627027796 514905085 177343  
  1627027797 514905085 177343  
  1627027798 514905085 177343  
  1627027799 514905085 177343  
  1627027800 514905085 177343  
  1627027801 514905085 177343  
  1627027802 514905085 177343  
  1627027804 514905085 177343  
  1627027805 514905085 177343  
  1627027806 514905085 177343  
  1627027807 514905085 177343  
  1627027808 514905085 177343  
  1627027809 514905085 177343  
  1627027810 514905085 177343  
  1627027811 514905085 177343  
  1627027812 514905085 177343  
  1627027813 514905085 177343  
  1627027814 514905085 177343  
  1627027815 514905085 177343  
  1627027816 514905085 177343  
  1627027817 514905085 177343  
  1627027818 514905085 177343  
  1627027819 514905085 177343  
  1627027820 514905085 177343  
  1627027821 514905085 177343  
  1627027822 514905085 177343  
  1627027823 514905085 177343  
  1627027824 514905085 177343  
  1627027825 514905085 177343  
  1627027826 514905085 177343  
  1627027827 514905085 177343  
  1627027828 514905085 177343  
  1627027829 514905085 177343  
  1627027830 514905085 177343  
  1627027831 514905721 177343  
  1627027832 514905721 177343  
  1627027833 514905721 177343  
  1627027834 514905721 177343  
  1627027835 514905721 177343  
  1627027836 514905721 177343  
  1627027837 514905721 177343  
  1627027838 514910030 177343  
  1627027839 514910354 177343  
  1627027840 514911062 177343  
  1627027841 514915695 177343  
  1627027843 514915695 177343  
  1627027844 514916199 177343  
  1627027845 514916199 177343  
  1627027846 514916199 177343  
  1627027847 514916199 177343  
  1627027848 514918076 177343  
  1627027849 514920832 177343  
  1627027850 514926173 177343  
  1627027851 514926173 177343  
  1627027852 514926881 177343  
  1627027853 514926881 177343  
  1627027854 514926881 177343  
  1627027855 514926881 177343  
  1627027856 514926881 177343  
  1627027857 514926881 177343  
  1627027858 514926881 177343  
  1627027859 514926881 177343  
  1627027860 514926881 177343  
  1627027861 514926881 177343  
  1627027862 514926881 177343  
  1627027863 514926881 177343  
  1627027864 514926881 177343  
  1627027865 514926881 177343  
  1627027866 514926881 177343  
  1627027867 514926881 177343  
  1627027868 514926881 177343  
  1627027869 514926881 177343  
  1627027870 514926881 177343  
  1627027871 514926881 177343  
  1627027872 514926881 177343  
  1627027873 514926881 177343  
  1627027874 514926881 177343  
  1627027875 514926881 177343  
  1627027876 514926881 177343  
  1627027877 514926881 177343  
  1627027878 514926881 177343  
  1627027879 514926881 177343  
  1627027880 514926881 177343  
  1627027882 514926881 177343  
  1627027883 514926881 177343  
  1627027884 514926881 177343  
  1627027885 514926881 177343  
  1627027886 514926881 177343  
  1627027887 514926881 177343  
  1627027888 514926881 177343  
  1627027889 514926881 177343  
  1627027890 514926881 177343  
  1627027891 514926973 177343  
  1627027892 514926973 177343  
  1627027893 514927311 177343  
  1627027894 514927311 177343  
  1627027895 514927311 177343  
  1627027896 514927311 177343  
  1627027897 514927311 177343  
  1627027898 514927311 177343  
  1627027899 514927311 177343  
  1627027900 514927311 177343  
  1627027901 514927311 177343  
  1627027902 514927311 177343  
  1627027903 514927311 177343  
  1627027904 514927311 177343  
  1627027905 514927311 177343  
  1627027906 514927311 177343  
  1627027907 514927311 177343  
  1627027908 514927311 177343  
  1627027909 514927311 177343  
  1627027910 514927311 177343  
  1627027911 514927311 177343  
  1627027912 514927311 177343  
  1627027913 514927311 177343  
  1627027914 514927311 177343  
  1627027915 514927311 177343  
  1627027916 514927311 177343  
  1627027917 514927311 177343  
  1627027918 514927311 177343  
  1627027919 514927311 177343  
  1627027921 514927311 177343  
  1627027922 514927311 177343  
  1627027923 514927311 177343  
  1627027924 514927311 177343  
  1627027925 514927311 177343  
  1627027926 514927311 177343  
  1627027927 514927311 177343  
  1627027928 514927311 177343  
  1627027929 514927311 177343  
  1627027930 514927311 177343  
  1627027931 514927311 177343  
  1627027932 514927311 177343  
  1627027933 514927311 177343  
  1627027934 514927311 177343  
  1627027935 514927311 177343  
  1627027936 514927311 177343  
  1627027937 514927311 177343  
  1627027938 514927311 177343  
  1627027939 514927311 177343  
  1627027940 514927311 177343  
  1627027941 514927311 177343  
  1627027942 514927311 177343  
  1627027943 514927311 177343  
  1627027944 514927311 177343  
  1627027945 514927311 177343  
  1627027946 514927311 177343  
  1627027947 514927311 177343  
  1627027948 514927311 177343  
  1627027949 514927311 177343  
  1627027950 514927311 177343  
  1627027951 514927311 177343  
  1627027952 514927311 177343  
  1627027953 514927311 177343  
  1627027954 514927311 177343  
  1627027955 514927311 177343  
  1627027956 514927311 177343  
  1627027957 514927311 177343  
  1627027959 514927311 177343  
  1627027960 514927311 177343  
  1627027961 514927311 177343  
  1627027962 514927311 177343  
  1627027963 514927311 177343  
  1627027964 514927311 177343  
  1627027965 514927311 177343  
  1627027966 514927311 177343  
  1627027967 514927311 177343  
  1627027968 514927311 177343  
  1627027969 514927311 177343  
  1627027970 514927311 177343  
  1627027971 514927907 177343  
  1627027972 514927907 177343  
  1627027973 514927975 177343  
  1627027974 514927975 177343  
  1627027975 514927975 177343  
  1627027976 514927975 177343  
  1627027977 514927975 177343  
  1627027978 514927975 177343  
  1627027979 514929199 177343  
  1627027980 514929199 177343  
  1627027981 514929199 177343  
  1627027982 514929199 177343  
  1627027983 514929199 177343  
  1627027984 514929199 177343  
  1627027985 514929199 177343  
  1627027986 514929199 177343  
  1627027987 514929199 177343  
  1627027988 514929199 177343  
  1627027989 514929199 177343  
  1627027990 514929199 177343  
  1627027991 514929199 177343  
  1627027992 514929199 177343  
  1627027993 514929199 177343  
  1627027994 514929199 177343  
  1627027995 514929199 177343  
  1627027996 514929199 177343  
  1627027998 514929199 177343  
  1627027999 514929199 177343  
  1627028000 514929199 177343  
  1627028001 514929199 177343  
  1627028002 514929199 177343  
  1627028003 514929199 177343  
  1627028004 514929199 177343  
  1627028005 514929199 177343  
  1627028006 514929199 177343  
  1627028007 514929199 177343  
  1627028008 514929199 177343  
  1627028009 514929199 177343  
  1627028010 514929199 177343  
  1627028011 514929199 177343  
  1627028012 514929199 177343  
  1627028013 514929199 177343  
  1627028014 514929199 177343  
  1627028015 514929199 177343  
  1627028016 514929199 177343  
  1627028017 514929199 177343  
  1627028018 514929199 177343  
  1627028019 514929199 177343  
  1627028020 514929199 177343  
  1627028021 514929199 177343  
  1627028022 514929199 177343  
  1627028023 514929199 177343  
  1627028024 514929199 177343  
  1627028025 514929199 177343  
  1627028026 514929199 177343  
  1627028027 514929199 177343  
  1627028028 514929199 177343  
  1627028029 514929199 177343  
  1627028030 514929343 177343  
  1627028031 514933832 177343  
  1627028032 514933832 177343  
  1627028033 514934540 177343  
  1627028034 514934540 177343  
  1627028035 514934540 177343  
  1627028037 514934540 177343  
  1627028038 514934540 177343  
  1627028039 514934540 177343  
  1627028040 514934540 177343  
  1627028041 514934540 177343  
  1627028042 514934540 177343  
  1627028043 514934878 177343  
  1627028044 514934878 177343  
  1627028045 514934878 177343  
  1627028046 514934878 177343  
  1627028047 514934878 177343  
  1627028048 514934878 177343  
  1627028049 514934878 177343  
  1627028050 514934878 177343  
  1627028051 514934878 177343  
  1627028052 514934878 177343  
  1627028053 514934878 177343  
  1627028054 514934878 177343  
  1627028055 514934878 177343  
  1627028056 514934878 177343  
  1627028057 514934878 177343  
  1627028058 514934878 177343  
  1627028059 514934878 177343  
  1627028060 514934878 177343  
  1627028061 514934878 177343  
  1627028062 514934878 177343  
  1627028063 514934878 177343  
  1627028064 514934878 177343  
  1627028065 514934878 177343  
  1627028066 514934878 177343  
  1627028067 514934878 177343  
  1627028068 514934878 177343  
  1627028069 514934878 177343  
  1627028070 514934878 177343  
  1627028071 514934878 177343  
  1627028072 514934878 177343  
  1627028073 514934878 177343  
  1627028074 514934878 177343  
  1627028076 514934878 177343  
  1627028077 514934878 177343  
  1627028078 514934878 177343  
  1627028079 514934878 177343  
  1627028080 514934878 177343  
  1627028081 514934878 177343  
  1627028082 514934878 177343  
  1627028083 514934878 177343  
  1627028084 514934878 177343  
  1627028085 514934878 177343  
  1627028086 514934878 177343  
  1627028087 514934878 177343  
  1627028088 514934878 177343  
  1627028089 514934878 177343  
  1627028090 514934878 177343  
  1627028091 514934878 177343  
  1627028092 514934878 177343  
  1627028093 514934878 177343  
  1627028094 514934878 177343  
  1627028095 514934878 177343  
  1627028096 514934878 177343  
  1627028097 514934878 177343  
  1627028098 514934878 177343  
  1627028099 514934878 177343  
  1627028100 514934878 177343  
  1627028101 514934878 177343  
  1627028102 514934878 177343  
  1627028103 514934878 177343  
  1627028104 514934878 177343  
  1627028105 514934878 177343  
  1627028106 514934878 177343  
  1627028107 514934878 177343  
  1627028108 514934878 177343  
  1627028109 514934878 177343  
  1627028110 514934878 177343  
  1627028111 514934878 177343  
  1627028112 514934878 177343  
  1627028113 514934878 177343  
  1627028115 514934878 177343  
  1627028116 514934878 177343  
  1627028117 514934878 177343  
  1627028118 514934878 177343  
  1627028119 514934878 177343  
  1627028120 514934878 177343  
  1627028121 514934878 177343  
  1627028122 514934878 177343  
  1627028123 514934878 177343  
  1627028124 514934878 177343  
  1627028125 514934878 177343  
  1627028126 514934878 177343  
  1627028127 514934878 177343  
  1627028128 514934878 177343  
  1627028129 514934878 177343  
  1627028130 514934878 177343  
  1627028131 514935235 177343  
  1627028132 514935235 177343  
  1627028133 514935235 177343  
  1627028134 514935235 177343  
  1627028135 514935235 177343  
  1627028136 514935235 177343  
  1627028137 514935235 177343  
  1627028138 514939544 177343  
  1627028139 514939868 177343  
  1627028140 514940576 177343  
  1627028141 514944705 177343  
  1627028142 514945209 177343  
  1627028143 514945781 177343  
  1627028144 514945781 177343  
  1627028145 514945781 177343  
  1627028146 514945781 177343  
  1627028147 514950414 177343  
  1627028148 514950414 177343  
  1627028149 514955755 177343  
  1627028150 514955755 177343  
  1627028151 514956463 177343  
  1627028153 514956463 177343  
  1627028154 514956463 177343  
  1627028155 514956463 177343  
  1627028156 514956463 177343  
  1627028157 514956463 177343  
  1627028158 514956463 177343  
  1627028159 514956463 177343  
  1627028160 514956463 177343  
  1627028161 514956463 177343  
  1627028162 514956463 177343  
  1627028163 514956463 177343  
  1627028164 514956463 177343  
  1627028165 514956463 177343  
  1627028166 514956463 177343  
  1627028167 514956463 177343  
  1627028168 514956463 177343  
  1627028169 514956463 177343  
  1627028170 514957059 177343  
  1627028171 514957059 177343  
  1627028172 514957059 177343  
  1627028173 514957059 177343  
  1627028174 514957059 177343  
  1627028175 514957059 177343  
  1627028176 514957059 177343  
  1627028177 514957059 177343  
  1627028178 514957059 177343  
  1627028179 514957059 177343  
  1627028180 514957059 177343  
  1627028181 514957059 177343  
  1627028182 514957059 177343  
  1627028183 514957059 177343  
  1627028184 514957059 177343  
  1627028185 514957059 177343  
  1627028186 514957059 177343  
  1627028187 514957059 177343  
  1627028188 514957059 177343  
  1627028189 514957059 177343  
  1627028190 514957059 177343  
  1627028191 514957059 177343  
  1627028193 514957059 177343  
  1627028194 514957059 177343  
  1627028195 514957059 177343  
  1627028196 514957059 177343  
  1627028197 514957059 177343  
  1627028198 514957059 177343  
  1627028199 514957059 177343  
  1627028200 514957059 177343  
  1627028201 514957059 177343  
  1627028202 514957059 177343  
  1627028203 514957059 177343  
  1627028204 514957059 177343  
  1627028205 514957059 177343  
  1627028206 514957059 177343  
  1627028207 514957059 177343  
  1627028208 514957059 177343  
  1627028209 514957059 177343  
  1627028210 514957059 177343  
  1627028211 514957059 177343  
  1627028212 514957059 177343  
  1627028213 514957059 177343  
  1627028214 514957059 177343  
  1627028215 514957059 177343  
  1627028216 514957059 177343  
  1627028217 514957059 177343  
  1627028218 514957059 177343  
  1627028219 514957059 177343  
  1627028220 514957059 177343  
  1627028221 514957059 177343  
  1627028222 514957059 177343  
  1627028223 514957059 177343  
  1627028224 514957059 177343  
  1627028225 514957059 177343  
  1627028226 514957059 177343  
  1627028227 514957059 177343  
  1627028228 514957059 177343  
  1627028229 514957059 177343  
  1627028230 514957059 177343  
  1627028231 514957059 177343  
  1627028233 514957059 177343  
  1627028234 514957059 177343  
  1627028235 514957059 177343  
  1627028236 514957059 177343  
  1627028237 514957059 177343  
  1627028238 514957059 177343  
  1627028239 514957059 177343  
  1627028240 514957059 177343  
  1627028241 514957059 177343  
  1627028242 514957059 177343  
  1627028243 514957059 177343  
  1627028244 514957059 177343  
  1627028245 514957059 177343  
  1627028246 514957059 177343  
  1627028247 514957059 177343  
  1627028248 514957059 177343  
  1627028249 514957059 177343  
  1627028250 514957059 177343  
  1627028251 514957059 177343  
  1627028252 514957059 177343  
  1627028253 514957059 177343  
  1627028254 514957059 177343  
  1627028255 514957059 177343  
  1627028256 514957059 177343  
  1627028257 514957059 177343  
  1627028258 514957059 177343  
  1627028259 514957059 177343  
  1627028260 514957059 177343  
  1627028261 514957059 177343  
  1627028262 514957059 177343  
  1627028263 514957059 177343  
  1627028264 514957059 177343  
  1627028265 514957059 177343  
  1627028266 514957059 177343  
  1627028267 514957059 177343  
  1627028268 514957059 177343  
  1627028269 514957059 177343  
  1627028270 514957059 177343  
  1627028272 514957059 177343  
  1627028273 514957059 177343  
  1627028274 514957059 177343  
  1627028275 514957059 177343  
  1627028276 514957059 177343  
  1627028277 514957059 177343  
  1627028278 514957059 177343  
  1627028279 514957059 177343  
  1627028280 514957059 177343  
  1627028281 514957059 177343  
  1627028282 514957059 177343  
  1627028283 514957059 177343  
  1627028284 514957059 177343  
  1627028285 514957059 177343  
  1627028286 514957059 177343  
  1627028287 514957059 177343  
  1627028288 514957059 177343  
  1627028289 514957059 177343  
  1627028290 514957059 177343  
  1627028291 514957059 177343  
  1627028292 514957059 177343  
  1627028293 514957059 177343  
  1627028294 514957059 177343  
  1627028295 514957059 177343  
  1627028296 514957059 177343  
  1627028297 514957059 177343  
  1627028298 514957059 177343  
  1627028299 514957059 177343  
  1627028300 514957059 177343  
  1627028301 514957059 177343  
  1627028302 514957059 177343  
  1627028303 514957059 177343  
  1627028304 514957059 177343  
  1627028305 514957059 177343  
  1627028306 514957059 177343  
  1627028307 514957059 177343  
  1627028308 514957059 177343  
  1627028309 514957059 177343  
  1627028310 514957059 177343  
  1627028312 514957059 177343  
  1627028313 514957059 177343  
  1627028314 514957059 177343  
  1627028315 514957059 177343  
  1627028316 514957059 177343  
  1627028317 514957059 177343  
  1627028318 514957059 177343  
  1627028319 514957059 177343  
  1627028320 514957059 177343  
  1627028321 514957059 177343  
  1627028322 514957059 177343  
  1627028323 514957059 177343  
  1627028324 514957059 177343  
  1627028325 514957059 177343  
  1627028326 514957059 177343  
  1627028327 514957059 177343  
  1627028328 514957059 177343  
  1627028329 514957059 177343  
  1627028330 514957059 177343  
  1627028331 514961368 177343  
  1627028332 514961692 177343  
  1627028333 514962400 177343  
  1627028334 514962400 177343  
  1627028335 514962400 177343  
  1627028336 514962400 177343  
  1627028337 514962400 177343  
  1627028338 514962400 177343  
  1627028339 514962400 177343  
  1627028340 514962400 177343  
  1627028341 514962400 177343  
  1627028342 514962400 177343  
  1627028343 514962400 177343  
  1627028344 514962400 177343  
  1627028345 514962400 177343  
  1627028346 514962400 177343  
  1627028347 514962400 177343  
  1627028348 514962400 177343  
  1627028349 514962400 177343  
  1627028350 514962400 177343  
  1627028352 514962400 177343  
  1627028353 514962400 177343  
  1627028354 514962400 177343  
  1627028355 514962400 177343  
  1627028356 514962400 177343  
  1627028357 514962400 177343  
  1627028358 514962400 177343  
  1627028359 514962400 177343  
  1627028360 514962400 177343  
  1627028361 514962400 177343  
  1627028362 514962400 177343  
  1627028363 514962400 177343  
  1627028364 514962400 177343  
  1627028365 514962400 177343  
  1627028366 514962400 177343  
  1627028367 514962400 177343  
  1627028368 514962400 177343  
  1627028369 514962400 177343  
  1627028370 514962996 177343  
  1627028371 514962996 177343  
  1627028372 514962996 177343  
  1627028373 514962996 177343  
  1627028374 514962996 177343  
  1627028375 514962996 177343  
  1627028376 514962996 177343  
  1627028377 514962996 177343  
  1627028378 514962996 177343  
  1627028379 514962996 177343  
  1627028380 514962996 177343  
  1627028381 514962996 177343  
  1627028382 514962996 177343  
  1627028383 514962996 177343  
  1627028384 514962996 177343  
  1627028385 514962996 177343  
  1627028386 514962996 177343  
  1627028387 514962996 177343  
  1627028388 514962996 177343  
  1627028389 514962996 177343  
  1627028391 514962996 177343  
  1627028392 514962996 177343  
  1627028393 514962996 177343  
 