 1626768353 463386074 39409  
  1626768354 463386074 39409  
  1626768355 463386074 39409  
  1626768356 463386074 39409  
  1626768357 463386074 39409  
  1626768358 463386074 39409  
  1626768359 463386074 39409  
  1626768360 463386074 39409  
  1626768361 463386074 39409  
  1626768362 463386074 39409  
  1626768363 463386074 39409  
  1626768365 463386074 39409  
  1626768366 463386074 39409  
  1626768367 463386074 39409  
  1626768368 463386074 39409  
  1626768369 463386074 39409  
  1626768370 463386074 39409  
  1626768371 463386074 39409  
  1626768372 463386074 39409  
  1626768373 463386074 39409  
  1626768374 463386074 39409  
  1626768375 463386074 39409  
  1626768376 463386074 39409  
  1626768377 463386074 39409  
  1626768378 463386074 39409  
  1626768379 463386074 39409  
  1626768380 463386074 39409  
  1626768381 463386074 39409  
  1626768382 463386074 39409  
  1626768383 463386074 39409  
  1626768384 463386074 39409  
  1626768385 463386074 39409  
  1626768386 463386074 39409  
  1626768387 463386074 39409  
  1626768388 463386166 39409  
  1626768389 463386166 39409  
  1626768390 463386166 39409  
  1626768391 463386166 39409  
  1626768392 463386166 39409  
  1626768393 463386166 39409  
  1626768394 463386166 39409  
  1626768395 463386166 39409  
  1626768396 463386166 39409  
  1626768397 463386166 39409  
  1626768398 463386166 39409  
  1626768399 463386166 39409  
  1626768400 463386166 39409  
  1626768401 463386166 39409  
  1626768402 463386166 39409  
  1626768404 463386166 39409  
  1626768405 463386166 39409  
  1626768406 463386166 39409  
  1626768407 463386166 39409  
  1626768408 463386166 39409  
  1626768409 463386166 39409  
  1626768410 463386166 39409  
  1626768411 463386166 39409  
  1626768412 463386166 39409  
  1626768413 463386166 39409  
  1626768414 463386166 39409  
  1626768415 463386166 39409  
  1626768416 463386166 39409  
  1626768417 463386166 39409  
  1626768418 463386166 39409  
  1626768419 463386166 39409  
  1626768420 463386166 39409  
  1626768421 463386166 39409  
  1626768422 463386166 39409  
  1626768423 463386166 39409  
  1626768424 463386166 39409  
  1626768425 463386166 39409  
  1626768426 463386166 39409  
  1626768427 463386166 39409  
  1626768428 463386166 39409  
  1626768429 463386166 39409  
  1626768430 463386166 39409  
  1626768431 463386166 39409  
  1626768432 463386166 39409  
  1626768433 463386166 39409  
  1626768434 463386166 39409  
  1626768435 463386166 39409  
  1626768436 463386166 39409  
  1626768437 463386166 39409  
  1626768438 463386166 39409  
  1626768439 463386166 39409  
  1626768440 463386166 39409  
  1626768442 463386166 39409  
  1626768443 463386166 39409  
  1626768444 463386166 39409  
  1626768445 463386166 39409  
  1626768446 463386166 39409  
  1626768447 463386166 39409  
  1626768448 463386166 39409  
  1626768449 463386166 39409  
  1626768450 463386166 39409  
  1626768451 463386166 39409  
  1626768452 463386166 39409  
  1626768453 463386258 39409  
  1626768454 463386258 39409  
  1626768455 463386258 39409  
  1626768456 463386258 39409  
  1626768457 463386258 39409  
  1626768458 463386258 39409  
  1626768459 463386258 39409  
  1626768460 463386258 39409  
  1626768461 463386258 39409  
  1626768462 463386258 39409  
  1626768463 463386258 39409  
  1626768464 463386258 39409  
  1626768465 463386854 39409  
  1626768466 463391163 39409  
  1626768467 463391487 39409  
  1626768468 463391487 39409  
  1626768469 463392059 39409  
  1626768470 463392059 39409  
  1626768471 463392059 39409  
  1626768472 463392059 39409  
  1626768473 463392059 39409  
  1626768474 463392059 39409  
  1626768475 463392059 39409  
  1626768476 463392059 39409  
  1626768477 463392059 39409  
  1626768478 463392059 39409  
  1626768479 463392059 39409  
  1626768481 463392059 39409  
  1626768482 463392059 39409  
  1626768483 463392059 39409  
  1626768484 463392059 39409  
  1626768485 463392059 39409  
  1626768486 463392059 39409  
  1626768487 463392059 39409  
  1626768488 463392059 39409  
  1626768489 463392059 39409  
  1626768490 463392059 39409  
  1626768491 463392059 39409  
  1626768492 463392059 39409  
  1626768493 463392059 39409  
  1626768494 463392059 39409  
  1626768495 463392059 39409  
  1626768496 463392059 39409  
  1626768497 463392059 39409  
  1626768498 463392059 39409  
  1626768499 463392059 39409  
  1626768500 463392059 39409  
  1626768501 463392059 39409  
  1626768502 463392059 39409  
  1626768503 463392059 39409  
  1626768504 463392059 39409  
  1626768505 463392059 39409  
  1626768506 463392059 39409  
  1626768507 463392059 39409  
  1626768508 463392059 39409  
  1626768509 463392059 39409  
  1626768510 463392059 39409  
  1626768511 463392059 39409  
  1626768512 463392059 39409  
  1626768513 463392059 39409  
  1626768514 463392059 39409  
  1626768515 463392059 39409  
  1626768516 463392059 39409  
  1626768517 463392151 39409  
  1626768519 463392151 39409  
  1626768520 463392151 39409  
  1626768521 463392151 39409  
  1626768522 463392151 39409  
  1626768523 463392151 39409  
  1626768524 463392151 39409  
  1626768525 463392151 39409  
  1626768526 463392151 39409  
  1626768527 463392151 39409  
  1626768528 463392151 39409  
  1626768529 463392151 39409  
  1626768530 463392151 39409  
  1626768531 463392151 39409  
  1626768532 463392151 39409  
  1626768533 463392151 39409  
  1626768534 463392151 39409  
  1626768535 463392151 39409  
  1626768536 463392151 39409  
  1626768537 463392151 39409  
  1626768538 463392151 39409  
  1626768539 463392151 39409  
  1626768540 463392151 39409  
  1626768541 463392151 39409  
  1626768542 463392151 39409  
  1626768543 463392151 39409  
  1626768544 463392151 39409  
  1626768545 463392151 39409  
  1626768546 463392151 39409  
  1626768547 463392151 39409  
  1626768548 463392151 39409  
  1626768549 463392151 39409  
  1626768550 463392151 39409  
  1626768551 463392151 39409  
  1626768552 463392151 39409  
  1626768553 463392151 39409  
  1626768554 463392151 39409  
  1626768555 463392151 39409  
  1626768557 463392151 39409  
  1626768558 463392151 39409  
  1626768559 463392151 39409  
  1626768560 463392151 39409  
  1626768561 463392151 39409  
  1626768562 463392151 39409  
  1626768563 463392151 39409  
  1626768564 463392151 39409  
  1626768565 463392151 39409  
  1626768566 463392151 39409  
  1626768567 463392151 39409  
  1626768568 463392151 39409  
  1626768569 463392151 39409  
  1626768570 463392151 39409  
  1626768571 463392151 39409  
  1626768572 463392151 39409  
  1626768573 463392151 39409  
  1626768574 463392151 39409  
  1626768575 463392151 39409  
  1626768576 463392151 39409  
  1626768577 463392151 39409  
  1626768578 463392151 39409  
  1626768579 463392151 39409  
  1626768580 463392151 39409  
  1626768581 463392243 39409  
  1626768582 463392243 39409  
  1626768583 463392243 39409  
  1626768584 463392243 39409  
  1626768585 463392243 39409  
  1626768586 463392243 39409  
  1626768587 463392243 39409  
  1626768588 463392243 39409  
  1626768589 463392243 39409  
  1626768590 463392243 39409  
  1626768591 463392243 39409  
  1626768592 463392335 39409  
  1626768593 463392335 39409  
  1626768594 463392335 39409  
  1626768596 463392335 39409  
  1626768597 463392335 39409  
  1626768598 463392335 39409  
  1626768599 463392335 39409  
  1626768600 463392335 39409  
  1626768601 463392335 39409  
  1626768602 463392335 39409  
  1626768603 463392335 39409  
  1626768604 463396644 39409  
  1626768605 463396968 39409  
  1626768606 463396968 39409  
  1626768607 463397676 39409  
  1626768608 463397676 39409  
  1626768609 463397676 39409  
  1626768610 463397676 39409  
  1626768611 463397676 39409  
  1626768612 463397676 39409  
  1626768613 463397676 39409  
  1626768614 463397676 39409  
  1626768615 463397676 39409  
  1626768616 463397676 39409  
  1626768617 463400573 39409  
  1626768618 463402309 39409  
  1626768619 463402309 39409  
  1626768620 463407650 39409  
  1626768621 463412283 39409  
  1626768622 463412991 39409  
  1626768623 463413699 39409  
  1626768624 463413699 39409  
  1626768625 463413699 39409  
  1626768626 463413699 39409  
  1626768627 463413699 39409  
  1626768628 463413699 39409  
  1626768629 463413699 39409  
  1626768630 463413699 39409  
  1626768631 463413767 39409  
  1626768632 463413767 39409  
  1626768634 463413767 39409  
  1626768635 463413767 39409  
  1626768636 463413767 39409  
  1626768637 463415348 39409  
  1626768638 463415348 39409  
  1626768639 463415348 39409  
  1626768640 463415348 39409  
  1626768641 463415348 39409  
  1626768642 463415348 39409  
  1626768643 463415348 39409  
  1626768644 463415348 39409  
  1626768645 463415348 39409  
  1626768646 463415440 39409  
  1626768647 463415440 39409  
  1626768648 463415440 39409  
  1626768649 463415440 39409  
  1626768650 463415440 39409  
  1626768651 463415440 39409  
  1626768652 463415440 39409  
  1626768653 463415440 39409  
  1626768654 463415440 39409  
  1626768655 463415440 39409  
  1626768656 463415440 39409  
  1626768657 463415440 39409  
  1626768658 463415440 39409  
  1626768659 463415440 39409  
  1626768660 463415440 39409  
  1626768661 463415440 39409  
  1626768662 463415440 39409  
  1626768663 463415440 39409  
  1626768664 463415440 39409  
  1626768665 463417035 39409  
  1626768666 463417035 39409  
  1626768667 463417035 39409  
  1626768668 463417035 39409  
  1626768669 463417035 39409  
  1626768670 463417035 39409  
  1626768671 463417035 39409  
  1626768673 463417035 39409  
  1626768674 463417035 39409  
  1626768675 463417035 39409  
  1626768676 463417035 39409  
 