 1627438653 1385368739 15381283  
  1627438654 1385368739 15381283  
  1627438655 1385368739 15381283  
  1627438656 1385368739 15381283  
  1627438657 1385368739 15381283  
  1627438658 1385368739 15381283  
  1627438659 1385368739 15381283  
  1627438660 1385368739 15381283  
  1627438661 1385368739 15381283  
  1627438662 1385368739 15381283  
  1627438663 1385368739 15381283  
  1627438664 1385368739 15381283  
  1627438665 1385368739 15381283  
  1627438666 1385368739 15381283  
  1627438667 1385368739 15381283  
  1627438668 1385368739 15381283  
  1627438669 1385369077 15381283  
  1627438670 1385369077 15381283  
  1627438671 1385369077 15381283  
  1627438672 1385369077 15381283  
  1627438673 1385369077 15381283  
  1627438674 1385369077 15381283  
  1627438675 1385369077 15381283  
  1627438676 1385369077 15381283  
  1627438678 1385369077 15381283  
  1627438679 1385369077 15381283  
  1627438680 1385369077 15381283  
  1627438681 1385369077 15381283  
  1627438682 1385369077 15381283  
  1627438683 1385369077 15381283  
  1627438684 1385369077 15381283  
  1627438685 1385369077 15381283  
  1627438686 1385369077 15381283  
  1627438687 1385369077 15381283  
  1627438688 1385369077 15381283  
  1627438689 1385369077 15381283  
  1627438690 1385369077 15381283  
  1627438691 1385369077 15381283  
  1627438692 1385373386 15381283  
  1627438693 1385373710 15381283  
  1627438694 1385379051 15381283  
  1627438695 1385379051 15381283  
  1627438696 1385379759 15381283  
  1627438697 1385379759 15381283  
  1627438698 1385379759 15381283  
  1627438699 1385379759 15381283  
  1627438700 1385379759 15381283  
  1627438701 1385379759 15381283  
  1627438702 1385379759 15381283  
  1627438703 1385379759 15381283  
  1627438704 1385379759 15381283  
  1627438705 1385379759 15381283  
  1627438706 1385379759 15381283  
  1627438707 1385379759 15381283  
  1627438708 1385379759 15381283  
  1627438709 1385379759 15381283  
  1627438710 1385379759 15381283  
  1627438711 1385379759 15381283  
  1627438712 1385379759 15381283  
  1627438713 1385379759 15381283  
  1627438714 1385379759 15381283  
  1627438715 1385379759 15381283  
  1627438716 1385379759 15381283  
  1627438718 1385379759 15381283  
  1627438719 1385379759 15381283  
  1627438720 1385379759 15381283  
  1627438721 1385379759 15381283  
  1627438722 1385379759 15381283  
  1627438723 1385379759 15381283  
  1627438724 1385379759 15381283  
  1627438725 1385379759 15381283  
  1627438726 1385379759 15381283  
  1627438727 1385379759 15381283  
  1627438728 1385379759 15381283  
  1627438729 1385379759 15381283  
  1627438730 1385379759 15381283  
  1627438731 1385384068 15381283  
  1627438732 1385384392 15381283  
  1627438733 1385385032 15381283  
  1627438734 1385385032 15381283  
  1627438735 1385385032 15381283  
  1627438736 1385385032 15381283  
  1627438737 1385385032 15381283  
  1627438738 1385385032 15381283  
  1627438739 1385385032 15381283  
  1627438740 1385385032 15381283  
  1627438741 1385385032 15381283  
  1627438742 1385385032 15381283  
  1627438743 1385385032 15381283  
  1627438744 1385385032 15381283  
  1627438745 1385385032 15381283  
  1627438746 1385385032 15381283  
  1627438747 1385385032 15381283  
  1627438748 1385385032 15381283  
  1627438749 1385385032 15381283  
  1627438750 1385385032 15381283  
  1627438751 1385385032 15381283  
  1627438752 1385385032 15381283  
  1627438753 1385385032 15381283  
  1627438754 1385385032 15381283  
  1627438755 1385385032 15381283  
  1627438756 1385385032 15381283  
  1627438758 1385385032 15381283  
  1627438759 1385385032 15381283  
  1627438760 1385385032 15381283  
  1627438761 1385385032 15381283  
  1627438762 1385385032 15381283  
  1627438763 1385385032 15381283  
  1627438764 1385385032 15381283  
  1627438765 1385385032 15381283  
  1627438766 1385385032 15381283  
  1627438767 1385385032 15381283  
  1627438768 1385385032 15381283  
  1627438769 1385385032 15381283  
  1627438770 1385385032 15381283  
  1627438771 1385385032 15381283  
  1627438772 1385385032 15381283  
  1627438773 1385385032 15381283  
  1627438774 1385385032 15381283  
  1627438775 1385385032 15381283  
  1627438776 1385385032 15381283  
  1627438777 1385385032 15381283  
  1627438778 1385385032 15381283  
  1627438779 1385415907 15381283  
  1627438780 1385415907 15381283  
  1627438781 1385415907 15381283  
  1627438782 1385415907 15381283  
  1627438783 1385415907 15381283  
  1627438784 1385415907 15381283  
  1627438785 1385415907 15381283  
  1627438786 1385415907 15381283  
  1627438787 1385415907 15381283  
  1627438788 1385415907 15381283  
  1627438789 1385415907 15381283  
  1627438790 1385415907 15381283  
  1627438791 1385415907 15381283  
  1627438792 1385415907 15381283  
  1627438793 1385415907 15381283  
  1627438794 1385415907 15381283  
  1627438795 1385415907 15381283  
  1627438797 1385415907 15381283  
  1627438798 1385415907 15381283  
  1627438799 1385415907 15381283  
  1627438800 1385415907 15381283  
  1627438801 1385415907 15381283  
  1627438802 1385415907 15381283  
  1627438803 1385415999 15381283  
  1627438804 1385415999 15381283  
  1627438805 1385415999 15381283  
  1627438806 1385415999 15381283  
  1627438807 1385415999 15381283  
  1627438808 1385415999 15381283  
  1627438809 1385415999 15381283  
  1627438810 1385415999 15381283  
  1627438811 1385415999 15381283  
  1627438812 1385415999 15381283  
  1627438813 1385415999 15381283  
  1627438814 1385415999 15381283  
  1627438815 1385415999 15381283  
  1627438816 1385415999 15381283  
  1627438817 1385415999 15381283  
  1627438818 1385415999 15381283  
  1627438819 1385416337 15381283  
  1627438820 1385416337 15381283  
  1627438821 1385416337 15381283  
  1627438822 1385416337 15381283  
  1627438823 1385416337 15381283  
  1627438824 1385416337 15381283  
  1627438825 1385416337 15381283  
  1627438826 1385416337 15381283  
  1627438827 1385416337 15381283  
  1627438828 1385416337 15381283  
  1627438829 1385416337 15381283  
  1627438830 1385416337 15381283  
  1627438831 1385416694 15381283  
  1627438832 1385416694 15381283  
  1627438833 1385416694 15381283  
  1627438834 1385416694 15381283  
  1627438836 1385416694 15381283  
  1627438837 1385416694 15381283  
  1627438838 1385416694 15381283  
  1627438839 1385416694 15381283  
  1627438840 1385416694 15381283  
  1627438841 1385416694 15381283  
  1627438842 1385416694 15381283  
  1627438843 1385416694 15381283  
  1627438844 1385416694 15381283  
  1627438845 1385416694 15381283  
  1627438846 1385416694 15381283  
  1627438847 1385416694 15381283  
  1627438848 1385416694 15381283  
  1627438849 1385416694 15381283  
  1627438850 1385416694 15381283  
  1627438851 1385416694 15381283  
  1627438852 1385416694 15381283  
  1627438853 1385416694 15381283  
  1627438854 1385416694 15381283  
  1627438855 1385416694 15381283  
  1627438856 1385416694 15381283  
  1627438857 1385416694 15381283  
  1627438858 1385416694 15381283  
  1627438859 1385416694 15381283  
  1627438860 1385416694 15381283  
  1627438861 1385416694 15381283  
  1627438862 1385416694 15381283  
  1627438863 1385416694 15381283  
  1627438864 1385416694 15381283  
  1627438865 1385416694 15381283  
  1627438866 1385416694 15381283  
  1627438867 1385416694 15381283  
  1627438868 1385416694 15381283  
  1627438869 1385416694 15381283  
  1627438870 1385416694 15381283  
  1627438871 1385416694 15381283  
  1627438872 1385416786 15381283  
  1627438873 1385416786 15381283  
  1627438875 1385416786 15381283  
  1627438876 1385416786 15381283  
  1627438877 1385416786 15381283  
  1627438878 1385416786 15381283  
  1627438879 1385416786 15381283  
  1627438880 1385416786 15381283  
  1627438881 1385416786 15381283  
  1627438882 1385416786 15381283  
  1627438883 1385416786 15381283  
  1627438884 1385416786 15381283  
  1627438885 1385416786 15381283  
  1627438886 1385416786 15381283  
  1627438887 1385416786 15381283  
  1627438888 1385416786 15381283  
  1627438889 1385416786 15381283  
  1627438890 1385416786 15381283  
  1627438891 1385416786 15381283  
  1627438892 1385416786 15381283  
  1627438893 1385416786 15381283  
  1627438894 1385416786 15381283  
  1627438895 1385416786 15381283  
  1627438896 1385416786 15381283  
  1627438897 1385416786 15381283  
  1627438898 1385416786 15381283  
  1627438899 1385416786 15381283  
  1627438900 1385416786 15381283  
  1627438901 1385416786 15381283  
  1627438902 1385416786 15381283  
  1627438903 1385416786 15381283  
  1627438904 1385416786 15381283  
  1627438905 1385416786 15381283  
  1627438906 1385416786 15381283  
  1627438907 1385416786 15381283  
  1627438908 1385416786 15381283  
  1627438909 1385416786 15381283  
  1627438910 1385416786 15381283  
  1627438911 1385416786 15381283  
  1627438912 1385416786 15381283  
  1627438914 1385416786 15381283  
  1627438915 1385416786 15381283  
  1627438916 1385416786 15381283  
  1627438917 1385416786 15381283  
  1627438918 1385416786 15381283  
  1627438919 1385416786 15381283  
  1627438920 1385416786 15381283  
  1627438921 1385421095 15381283  
  1627438922 1385421419 15381283  
  1627438923 1385422127 15381283  
  1627438924 1385422127 15381283  
  1627438925 1385422127 15381283  
  1627438926 1385422127 15381283  
  1627438927 1385422127 15381283  
  1627438928 1385422127 15381283  
  1627438929 1385422127 15381283  
  1627438930 1385422127 15381283  
  1627438931 1385422127 15381283  
  1627438932 1385422127 15381283  
  1627438933 1385422127 15381283  
  1627438934 1385422127 15381283  
  1627438935 1385422127 15381283  
  1627438936 1385422127 15381283  
  1627438937 1385422127 15381283  
  1627438938 1385422127 15381283  
  1627438939 1385422127 15381283  
  1627438940 1385422127 15381283  
  1627438941 1385422127 15381283  
  1627438942 1385422127 15381283  
  1627438943 1385422127 15381283  
  1627438944 1385422127 15381283  
  1627438945 1385422127 15381283  
  1627438946 1385422127 15381283  
  1627438947 1385422127 15381283  
  1627438948 1385426436 15381283  
  1627438949 1385426760 15381283  
  1627438950 1385426760 15381283  
  1627438951 1385427468 15381283  
  1627438952 1385427468 15381283  
  1627438954 1385427468 15381283  
  1627438955 1385427468 15381283  
  1627438956 1385427468 15381283  
  1627438957 1385427468 15381283  
  1627438958 1385427468 15381283  
  1627438959 1385427468 15381283  
  1627438960 1385427468 15381283  
  1627438961 1385427468 15381283  
  1627438962 1385427468 15381283  
  1627438963 1385427468 15381283  
  1627438964 1385427468 15381283  
  1627438965 1385427468 15381283  
  1627438966 1385427468 15381283  
  1627438967 1385427468 15381283  
  1627438968 1385427468 15381283  
  1627438969 1385427806 15381283  
  1627438970 1385427806 15381283  
  1627438971 1385427806 15381283  
  1627438972 1385427806 15381283  
  1627438973 1385427806 15381283  
  1627438974 1385427806 15381283  
  1627438975 1385427806 15381283  
  1627438976 1385427806 15381283  
  1627438977 1385427806 15381283  
  1627438978 1385427806 15381283  
  1627438979 1385427806 15381283  
  1627438980 1385458613 15381283  
  1627438981 1385458613 15381283  
  1627438982 1385458613 15381283  
  1627438983 1385458613 15381283  
  1627438984 1385458613 15381283  
  1627438985 1385458613 15381283  
  1627438986 1385458613 15381283  
  1627438987 1385458613 15381283  
  1627438988 1385458613 15381283  
  1627438989 1385458613 15381283  
  1627438990 1385458613 15381283  
  1627438991 1385460574 15381283  
  1627438993 1385463246 15381283  
  1627438994 1385467375 15381283  
  1627438995 1385468587 15381283  
  1627438996 1385469295 15381283  
  1627438997 1385469295 15381283  
  1627438998 1385469295 15381283  
  1627438999 1385469295 15381283  
  1627439000 1385469295 15381283  
  1627439001 1385469295 15381283  
  1627439002 1385469295 15381283  
  1627439003 1385469295 15381283  
  1627439004 1385469295 15381283  
  1627439005 1385469295 15381283  
  1627439006 1385469295 15381283  
  1627439007 1385469295 15381283  
  1627439008 1385469295 15381283  
  1627439009 1385469295 15381283  
  1627439010 1385469295 15381283  
  1627439011 1385469295 15381283  
  1627439012 1385469295 15381283  
  1627439013 1385469295 15381283  
  1627439014 1385469295 15381283  
  1627439015 1385469295 15381283  
  1627439016 1385469295 15381283  
  1627439017 1385469295 15381283  
  1627439018 1385469295 15381283  
  1627439019 1385469295 15381283  
  1627439020 1385469295 15381283  
  1627439021 1385469295 15381283  
  1627439022 1385469295 15381283  
  1627439023 1385469295 15381283  
  1627439024 1385469295 15381283  
  1627439025 1385469295 15381283  
  1627439026 1385469295 15381283  
  1627439027 1385469295 15381283  
  1627439028 1385469295 15381283  
  1627439029 1385469295 15381283  
  1627439030 1385473604 15381283  
  1627439032 1385473928 15381283  
  1627439033 1385474568 15381283  
  1627439034 1385474636 15381283  
  1627439035 1385474636 15381283  
  1627439036 1385474636 15381283  
  1627439037 1385474636 15381283  
  1627439038 1385474636 15381283  
  1627439039 1385474636 15381283  
  1627439040 1385474636 15381283  
  1627439041 1385474636 15381283  
  1627439042 1385474636 15381283  
  1627439043 1385474636 15381283  
  1627439044 1385474636 15381283  
  1627439045 1385474636 15381283  
  1627439046 1385474636 15381283  
  1627439047 1385474636 15381283  
  1627439048 1385474636 15381283  
  1627439049 1385474636 15381283  
  1627439050 1385474636 15381283  
  1627439051 1385474636 15381283  
  1627439052 1385474636 15381283  
  1627439053 1385474636 15381283  
  1627439054 1385474636 15381283  
  1627439055 1385474636 15381283  
  1627439056 1385474636 15381283  
  1627439057 1385474636 15381283  
  1627439058 1385474636 15381283  
  1627439059 1385474636 15381283  
  1627439060 1385474636 15381283  
  1627439061 1385474636 15381283  
  1627439062 1385474636 15381283  
  1627439063 1385474636 15381283  
  1627439064 1385474636 15381283  
  1627439065 1385474636 15381283  
  1627439066 1385474636 15381283  
  1627439067 1385474636 15381283  
  1627439068 1385474636 15381283  
  1627439069 1385474636 15381283  
  1627439071 1385474636 15381283  
  1627439072 1385474636 15381283  
  1627439073 1385474636 15381283  
  1627439074 1385474636 15381283  
  1627439075 1385474636 15381283  
  1627439076 1385474636 15381283  
  1627439077 1385474636 15381283  
  1627439078 1385474636 15381283  
  1627439079 1385474636 15381283  
  1627439080 1385474636 15381283  
  1627439081 1385474636 15381283  
  1627439082 1385474636 15381283  
  1627439083 1385474636 15381283  
  1627439084 1385474636 15381283  
  1627439085 1385474636 15381283  
  1627439086 1385474636 15381283  
  1627439087 1385474636 15381283  
  1627439088 1385474636 15381283  
  1627439089 1385474636 15381283  
  1627439090 1385474636 15381283  
  1627439091 1385474636 15381283  
  1627439092 1385474636 15381283  
  1627439093 1385474636 15381283  
  1627439094 1385474636 15381283  
  1627439095 1385474636 15381283  
  1627439096 1385474636 15381283  
  1627439097 1385474636 15381283  
  1627439098 1385474636 15381283  
  1627439099 1385474636 15381283  
  1627439100 1385474636 15381283  
  1627439101 1385474636 15381283  
  1627439102 1385474636 15381283  
  1627439103 1385474636 15381283  
  1627439104 1385474636 15381283  
  1627439105 1385474636 15381283  
  1627439106 1385474636 15381283  
  1627439107 1385474636 15381283  
  1627439108 1385474636 15381283  
  1627439110 1385474636 15381283  
  1627439111 1385474636 15381283  
  1627439112 1385474636 15381283  
  1627439113 1385474636 15381283  
  1627439114 1385474636 15381283  
  1627439115 1385474636 15381283  
  1627439116 1385474636 15381283  
  1627439117 1385474636 15381283  
  1627439118 1385474636 15381283  
  1627439119 1385474636 15381283  
  1627439120 1385474636 15381283  
  1627439121 1385474636 15381283  
  1627439122 1385474636 15381283  
  1627439123 1385474636 15381283  
  1627439124 1385474636 15381283  
  1627439125 1385474636 15381283  
  1627439126 1385474636 15381283  
  1627439127 1385474636 15381283  
  1627439128 1385474636 15381283  
  1627439129 1385474636 15381283  
  1627439130 1385474636 15381283  
  1627439131 1385474993 15381283  
  1627439132 1385475085 15381283  
  1627439133 1385475085 15381283  
  1627439134 1385475085 15381283  
  1627439135 1385475085 15381283  
  1627439136 1385475085 15381283  
  1627439137 1385475085 15381283  
  1627439138 1385475085 15381283  
  1627439139 1385475085 15381283  
  1627439140 1385475085 15381283  
  1627439141 1385475085 15381283  
  1627439142 1385475085 15381283  
  1627439143 1385475085 15381283  
  1627439144 1385475085 15381283  
  1627439145 1385475085 15381283  
  1627439146 1385475085 15381283  
  1627439147 1385475085 15381283  
  1627439148 1385475085 15381283  
  1627439150 1385475085 15381283  
  1627439151 1385475085 15381283  
  1627439152 1385475085 15381283  
  1627439153 1385475085 15381283  
  1627439154 1385475085 15381283  
  1627439155 1385475085 15381283  
  1627439156 1385475085 15381283  
  1627439157 1385475085 15381283  
  1627439158 1385475085 15381283  
  1627439159 1385475085 15381283  
  1627439160 1385475085 15381283  
  1627439161 1385475085 15381283  
  1627439162 1385475085 15381283  
  1627439163 1385475085 15381283  
  1627439164 1385475085 15381283  
  1627439165 1385475085 15381283  
  1627439166 1385475085 15381283  
  1627439167 1385475085 15381283  
  1627439168 1385475085 15381283  
  1627439169 1385475085 15381283  
  1627439170 1385475085 15381283  
  1627439171 1385475085 15381283  
  1627439172 1385475085 15381283  
  1627439173 1385475085 15381283  
  1627439174 1385475085 15381283  
  1627439175 1385475085 15381283  
  1627439176 1385475085 15381283  
  1627439177 1385475085 15381283  
  1627439178 1385475085 15381283  
  1627439179 1385505892 15381283  
  1627439180 1385505892 15381283  
  1627439181 1385505892 15381283  
  1627439182 1385505892 15381283  
  1627439183 1385505892 15381283  
  1627439184 1385505892 15381283  
  1627439185 1385505892 15381283  
  1627439186 1385505892 15381283  
  1627439187 1385505892 15381283  
  1627439188 1385505892 15381283  
  1627439190 1385505892 15381283  
  1627439191 1385505892 15381283  
  1627439192 1385505892 15381283  
  1627439193 1385505892 15381283  
  1627439194 1385505892 15381283  
  1627439195 1385505892 15381283  
  1627439196 1385505892 15381283  
  1627439197 1385505892 15381283  
  1627439198 1385505892 15381283  
  1627439199 1385505892 15381283  
  1627439200 1385505892 15381283  
  1627439201 1385505892 15381283  
  1627439202 1385505892 15381283  
  1627439203 1385505892 15381283  
  1627439204 1385505892 15381283  
  1627439205 1385505892 15381283  
  1627439206 1385505892 15381283  
  1627439207 1385505892 15381283  
  1627439208 1385505892 15381283  
  1627439209 1385505892 15381283  
  1627439210 1385505892 15381283  
  1627439211 1385505892 15381283  
  1627439212 1385505892 15381283  
  1627439213 1385505892 15381283  
  1627439214 1385505892 15381283  
  1627439215 1385505892 15381283  
  1627439216 1385505892 15381283  
  1627439217 1385505892 15381283  
  1627439218 1385505892 15381283  
  1627439219 1385505892 15381283  
  1627439220 1385510201 15381283  
  1627439221 1385510525 15381283  
  1627439222 1385511233 15381283  
  1627439223 1385511233 15381283  
  1627439224 1385511233 15381283  
  1627439225 1385511233 15381283  
  1627439226 1385511233 15381283  
  1627439227 1385511233 15381283  
  1627439228 1385511233 15381283  
  1627439230 1385511233 15381283  
  1627439231 1385511233 15381283  
  1627439232 1385511233 15381283  
  1627439233 1385511233 15381283  
  1627439234 1385511233 15381283  
  1627439235 1385511233 15381283  
  1627439236 1385511233 15381283  
  1627439237 1385511233 15381283  
  1627439238 1385511233 15381283  
  1627439239 1385511233 15381283  
  1627439240 1385511233 15381283  
  1627439241 1385511233 15381283  
  1627439242 1385511233 15381283  
  1627439243 1385511233 15381283  
  1627439244 1385511233 15381283  
  1627439245 1385511233 15381283  
  1627439246 1385511233 15381283  
  1627439247 1385511233 15381283  
  1627439248 1385513110 15381283  
  1627439249 1385515866 15381283  
  1627439250 1385515866 15381283  
  1627439251 1385516574 15381283  
  1627439252 1385516574 15381283  
  1627439253 1385516574 15381283  
  1627439254 1385516574 15381283  
  1627439255 1385516642 15381283  
  1627439256 1385516642 15381283  
  1627439257 1385516642 15381283  
  1627439258 1385516642 15381283  
  1627439259 1385516642 15381283  
  1627439260 1385516642 15381283  
  1627439261 1385517798 15381283  
  1627439262 1385517798 15381283  
  1627439263 1385517798 15381283  
  1627439264 1385517798 15381283  
  1627439265 1385517798 15381283  
  1627439266 1385517798 15381283  
  1627439267 1385517798 15381283  
  1627439269 1385517798 15381283  
  1627439270 1385517798 15381283  
  1627439271 1385517798 15381283  
  1627439272 1385517798 15381283  
  1627439273 1385517798 15381283  
  1627439274 1385517798 15381283  
  1627439275 1385517798 15381283  
  1627439276 1385517798 15381283  
  1627439277 1385517798 15381283  
  1627439278 1385517798 15381283  
  1627439279 1385517798 15381283  
  1627439280 1385517798 15381283  
  1627439281 1385517798 15381283  
  1627439282 1385517798 15381283  
  1627439283 1385517798 15381283  
  1627439284 1385517798 15381283  
  1627439285 1385517798 15381283  
  1627439286 1385517798 15381283  
  1627439287 1385517798 15381283  
  1627439288 1385518656 15381283  
 