 1627432983 547965632 0  
  1627432984 547965632 0  
  1627432985 547965632 0  
  1627432986 547965632 0  
  1627432987 547965632 0  
  1627432988 547965632 0  
  1627432989 547965632 0  
  1627432990 547965632 0  
  1627432991 547965632 0  
  1627432992 547970265 0  
  1627432993 547972026 0  
  1627432994 547975606 0  
  1627432995 547976314 0  
  1627432996 547976314 0  
  1627432997 547976314 0  
  1627432998 547976314 0  
  1627432999 547976314 0  
  1627433000 547976314 0  
  1627433001 547976314 0  
  1627433002 547976314 0  
  1627433003 547976314 0  
  1627433004 547976314 0  
  1627433005 547976314 0  
  1627433006 547976314 0  
  1627433007 547976314 0  
  1627433008 547976314 0  
  1627433009 547976314 0  
  1627433010 547976314 0  
  1627433011 547976314 0  
  1627433012 547976314 0  
  1627433013 547976314 0  
  1627433014 547976314 0  
  1627433016 547976314 0  
  1627433017 547976314 0  
  1627433018 547976314 0  
  1627433019 547976314 0  
  1627433020 547976314 0  
  1627433021 547976314 0  
  1627433022 547976314 0  
  1627433023 547976314 0  
  1627433024 547976314 0  
  1627433025 547976314 0  
  1627433026 547976314 0  
  1627433027 547976314 0  
  1627433028 547976314 0  
  1627433029 547976314 0  
  1627433030 547976314 0  
  1627433031 547980623 0  
  1627433032 547980947 0  
  1627433033 547981655 0  
  1627433034 547981655 0  
  1627433035 547981655 0  
  1627433036 547981655 0  
  1627433037 547981655 0  
  1627433038 547981655 0  
  1627433039 547981655 0  
  1627433040 547981655 0  
  1627433041 547981655 0  
  1627433042 547981655 0  
  1627433043 547981655 0  
  1627433044 547981655 0  
  1627433045 547981655 0  
  1627433046 547981655 0  
  1627433047 547981655 0  
  1627433048 547981655 0  
  1627433049 547981655 0  
  1627433050 547981655 0  
  1627433051 547981655 0  
  1627433052 547981655 0  
  1627433053 547981655 0  
  1627433054 547981655 0  
  1627433056 547981655 0  
  1627433057 547981655 0  
  1627433058 547981655 0  
  1627433059 547981655 0  
  1627433060 547981655 0  
  1627433061 547981655 0  
  1627433062 547981655 0  
  1627433063 547981655 0  
  1627433064 547981655 0  
  1627433065 547981655 0  
  1627433066 547981655 0  
  1627433067 547981655 0  
  1627433068 547981655 0  
  1627433069 547981655 0  
  1627433070 547981655 0  
  1627433071 547981655 0  
  1627433072 547981655 0  
  1627433073 547981655 0  
  1627433074 547981655 0  
  1627433075 547981655 0  
  1627433076 547981655 0  
  1627433077 547981655 0  
  1627433078 547981655 0  
  1627433079 547981655 0  
  1627433080 547981655 0  
  1627433081 547981655 0  
  1627433082 547981655 0  
  1627433083 547981655 0  
  1627433084 547981655 0  
  1627433085 547981655 0  
  1627433086 547981655 0  
  1627433087 547981655 0  
  1627433088 547981655 0  
  1627433089 547981655 0  
  1627433090 547981655 0  
  1627433091 547981655 0  
  1627433092 547981655 0  
  1627433093 547981655 0  
  1627433094 547981655 0  
  1627433096 547981655 0  
  1627433097 547981655 0  
  1627433098 547981655 0  
  1627433099 547981655 0  
  1627433100 547981655 0  
  1627433101 547981655 0  
  1627433102 547981747 0  
  1627433103 547981747 0  
  1627433104 547981747 0  
  1627433105 547981747 0  
  1627433106 547981747 0  
  1627433107 547981747 0  
  1627433108 547981747 0  
  1627433109 547981747 0  
  1627433110 547981747 0  
  1627433111 547981747 0  
  1627433112 547981747 0  
  1627433113 547981747 0  
  1627433114 547981747 0  
  1627433115 547981747 0  
  1627433116 547981747 0  
  1627433117 547981747 0  
  1627433118 547981747 0  
  1627433119 547981747 0  
  1627433120 547981747 0  
  1627433121 547981747 0  
  1627433122 547981747 0  
  1627433123 547981747 0  
  1627433124 547981747 0  
  1627433125 547981747 0  
  1627433126 547981747 0  
  1627433127 547981747 0  
  1627433128 547981747 0  
  1627433129 547981747 0  
  1627433130 547981747 0  
  1627433131 547982104 0  
  1627433132 547982104 0  
  1627433133 547982104 0  
  1627433134 547982104 0  
  1627433136 547982104 0  
  1627433137 547982104 0  
  1627433138 547982104 0  
  1627433139 547982104 0  
  1627433140 547982104 0  
  1627433141 547982104 0  
  1627433142 547982104 0  
  1627433143 547982104 0  
  1627433144 547982104 0  
  1627433145 547982104 0  
  1627433146 547982104 0  
  1627433147 547982104 0  
  1627433148 547982104 0  
  1627433149 547982104 0  
  1627433150 547982104 0  
  1627433151 547982104 0  
  1627433152 547982104 0  
  1627433153 547982104 0  
  1627433154 547982104 0  
  1627433155 547982104 0  
  1627433156 547982104 0  
  1627433157 547982104 0  
  1627433158 547982104 0  
  1627433159 547982104 0  
  1627433160 547982104 0  
  1627433161 547982104 0  
  1627433162 547982104 0  
  1627433163 547982104 0  
  1627433164 547982104 0  
  1627433165 547982104 0  
  1627433166 547982104 0  
  1627433167 547982104 0  
  1627433168 547982104 0  
  1627433169 547982104 0  
  1627433170 547982104 0  
  1627433171 547982104 0  
  1627433172 547982104 0  
  1627433173 547982104 0  
  1627433175 547982104 0  
  1627433176 547982104 0  
  1627433177 547982104 0  
  1627433178 547982104 0  
  1627433179 547982104 0  
  1627433180 547982700 0  
  1627433181 547982700 0  
  1627433182 547982700 0  
  1627433183 547982700 0  
  1627433184 547982700 0  
  1627433185 547982700 0  
  1627433186 547982700 0  
  1627433187 547982700 0  
  1627433188 547982700 0  
  1627433189 547982700 0  
  1627433190 547982700 0  
  1627433191 547982700 0  
  1627433192 547982700 0  
  1627433193 547982700 0  
  1627433194 547982700 0  
  1627433195 547982700 0  
  1627433196 547982700 0  
  1627433197 547982700 0  
  1627433198 547982700 0  
  1627433199 547982700 0  
  1627433200 547982700 0  
  1627433201 547982700 0  
  1627433202 547982700 0  
  1627433203 547982700 0  
  1627433204 547982700 0  
  1627433205 547982700 0  
  1627433206 547982700 0  
  1627433207 547982700 0  
  1627433208 547982700 0  
  1627433209 547982700 0  
  1627433210 547982700 0  
  1627433211 547982700 0  
  1627433212 547982700 0  
  1627433213 547982700 0  
  1627433215 547982700 0  
  1627433216 547982700 0  
  1627433217 547982700 0  
  1627433218 547982700 0  
  1627433219 547982760 0  
  1627433220 547982760 0  
  1627433221 547987069 0  
  1627433222 547987393 0  
  1627433223 547988101 0  
  1627433224 547988101 0  
  1627433225 547988101 0  
  1627433226 547988101 0  
  1627433227 547988101 0  
  1627433228 547988101 0  
  1627433229 547988101 0  
  1627433230 547988101 0  
  1627433231 547988101 0  
  1627433232 547988101 0  
  1627433233 547988101 0  
  1627433234 547988101 0  
  1627433235 547988101 0  
  1627433236 547988101 0  
  1627433237 547988101 0  
  1627433238 547988101 0  
  1627433239 547988101 0  
  1627433240 547988101 0  
  1627433241 547988101 0  
  1627433242 547988101 0  
  1627433243 547988101 0  
  1627433244 547988101 0  
  1627433245 547988101 0  
  1627433246 547988101 0  
  1627433247 547988101 0  
  1627433248 547992410 0  
  1627433249 547992734 0  
  1627433250 547992734 0  
  1627433251 547993442 0  
  1627433252 547993442 0  
  1627433253 547993442 0  
  1627433255 547993442 0  
  1627433256 547993442 0  
  1627433257 547993442 0  
  1627433258 547993442 0  
  1627433259 547993442 0  
  1627433260 547993442 0  
  1627433261 547993442 0  
  1627433262 547993442 0  
  1627433263 547993442 0  
  1627433264 547993442 0  
  1627433265 547993442 0  
  1627433266 547993442 0  
  1627433267 547993442 0  
  1627433268 547993442 0  
  1627433269 547993442 0  
  1627433270 547993442 0  
  1627433271 547993442 0  
  1627433272 547993442 0  
  1627433273 547993442 0  
  1627433274 547993442 0  
  1627433275 547993442 0  
  1627433276 547993442 0  
  1627433277 547993442 0  
  1627433278 547993554 0  
  1627433279 547993554 0  
  1627433280 547993554 0  
  1627433281 547993554 0  
  1627433282 547993554 0  
  1627433283 547993554 0  
  1627433284 547993554 0  
  1627433285 547993554 0  
  1627433286 547993554 0  
  1627433287 547993554 0  
  1627433288 547993554 0  
  1627433289 547993554 0  
  1627433290 547993554 0  
  1627433291 547997863 0  
  1627433292 547998187 0  
  1627433294 548003460 0  
  1627433295 548003528 0  
  1627433296 548004236 0  
  1627433297 548004236 0  
  1627433298 548004236 0  
  1627433299 548004236 0  
  1627433300 548004236 0  
  1627433301 548004236 0  
  1627433302 548004236 0  
  1627433303 548004236 0  
  1627433304 548004236 0  
  1627433305 548004236 0  
 