 1627023825 498904873 0  
  1627023826 498904873 0  
  1627023827 498904873 0  
  1627023828 498905445 0  
  1627023829 498905445 0  
  1627023830 498905445 0  
  1627023831 498905445 0  
  1627023832 498905445 0  
  1627023833 498905445 0  
  1627023834 498905445 0  
  1627023835 498905445 0  
  1627023836 498905445 0  
  1627023837 498905537 0  
  1627023838 498905537 0  
  1627023839 498905537 0  
  1627023840 498905537 0  
  1627023841 498905537 0  
  1627023842 498905537 0  
  1627023843 498905537 0  
  1627023844 498905537 0  
  1627023845 498905537 0  
  1627023846 498905537 0  
  1627023847 498905537 0  
  1627023848 498905537 0  
  1627023849 498905537 0  
  1627023850 498905537 0  
  1627023851 498905537 0  
  1627023853 498905537 0  
  1627023854 498905537 0  
  1627023855 498905537 0  
  1627023856 498905537 0  
  1627023857 498905537 0  
  1627023858 498905537 0  
  1627023859 498905537 0  
  1627023860 498905537 0  
  1627023861 498905537 0  
  1627023862 498905537 0  
  1627023863 498905537 0  
  1627023864 498905537 0  
  1627023865 498905537 0  
  1627023866 498905537 0  
  1627023867 498905537 0  
  1627023868 498905537 0  
  1627023869 498905537 0  
  1627023870 498905537 0  
  1627023871 498905537 0  
  1627023872 498905537 0  
  1627023873 498905537 0  
  1627023874 498905537 0  
  1627023875 498905537 0  
  1627023876 498905537 0  
  1627023877 498905537 0  
  1627023878 498905537 0  
  1627023879 498905537 0  
  1627023880 498905537 0  
  1627023881 498905537 0  
  1627023882 498905537 0  
  1627023883 498905537 0  
  1627023884 498905537 0  
  1627023885 498905537 0  
  1627023886 498905537 0  
  1627023887 498905537 0  
  1627023888 498905537 0  
  1627023889 498905537 0  
  1627023890 498905537 0  
  1627023892 498905537 0  
  1627023893 498905537 0  
  1627023894 498905537 0  
  1627023895 498905537 0  
  1627023896 498905537 0  
  1627023897 498905537 0  
  1627023898 498905537 0  
  1627023899 498905537 0  
  1627023900 498905537 0  
  1627023901 498905537 0  
  1627023902 498905537 0  
  1627023903 498905537 0  
  1627023904 498905537 0  
  1627023905 498905537 0  
  1627023906 498905537 0  
  1627023907 498905537 0  
  1627023908 498905537 0  
  1627023909 498905537 0  
  1627023910 498905537 0  
  1627023911 498905537 0  
  1627023912 498905537 0  
  1627023913 498905537 0  
  1627023914 498905537 0  
  1627023915 498905537 0  
  1627023916 498905537 0  
  1627023917 498905537 0  
  1627023918 498905537 0  
  1627023919 498905537 0  
  1627023920 498905537 0  
  1627023921 498905537 0  
  1627023922 498905537 0  
  1627023923 498905537 0  
  1627023924 498905537 0  
  1627023925 498905537 0  
  1627023926 498905537 0  
  1627023927 498905537 0  
  1627023928 498905537 0  
  1627023929 498905537 0  
  1627023930 498905537 0  
  1627023932 498905537 0  
  1627023933 498905537 0  
  1627023934 498905537 0  
  1627023935 498905537 0  
  1627023936 498905537 0  
  1627023937 498905537 0  
  1627023938 498905537 0  
  1627023939 498905537 0  
  1627023940 498905537 0  
  1627023941 498905537 0  
  1627023942 498905537 0  
  1627023943 498905894 0  
  1627023944 498905894 0  
  1627023945 498905894 0  
  1627023946 498905894 0  
  1627023947 498910203 0  
  1627023948 498910527 0  
  1627023949 498912488 0  
  1627023950 498915868 0  
  1627023951 498916508 0  
  1627023952 498916508 0  
  1627023953 498916508 0  
  1627023954 498916508 0  
  1627023955 498921073 0  
  1627023956 498925774 0  
  1627023957 498926482 0  
  1627023958 498927190 0  
  1627023959 498927190 0  
  1627023960 498927190 0  
  1627023961 498927190 0  
  1627023962 498927190 0  
  1627023963 498927190 0  
  1627023964 498927190 0  
  1627023965 498927190 0  
  1627023966 498927190 0  
  1627023967 498927190 0  
  1627023968 498927190 0  
  1627023969 498927190 0  
  1627023971 498927780 0  
  1627023972 498927780 0  
  1627023973 498927780 0  
  1627023974 498927780 0  
  1627023975 498927780 0  
  1627023976 498927780 0  
  1627023977 498927780 0  
  1627023978 498927780 0  
  1627023979 498927780 0  
  1627023980 498927780 0  
  1627023981 498927780 0  
  1627023982 498927780 0  
  1627023983 498927780 0  
  1627023984 498927780 0  
  1627023985 498927780 0  
  1627023986 498927780 0  
  1627023987 498927780 0  
  1627023988 498927780 0  
  1627023989 498927780 0  
  1627023990 498927780 0  
  1627023991 498927780 0  
  1627023992 498927780 0  
  1627023993 498927780 0  
  1627023994 498927780 0  
  1627023995 498927780 0  
  1627023996 498927780 0  
  1627023997 498927780 0  
  1627023998 498927780 0  
  1627023999 498927780 0  
  1627024000 498927780 0  
  1627024001 498927780 0  
  1627024002 498927780 0  
  1627024003 498927780 0  
  1627024004 498927780 0  
  1627024005 498927780 0  
  1627024006 498927780 0  
  1627024007 498927780 0  
  1627024008 498927780 0  
  1627024010 498927780 0  
  1627024011 498927780 0  
  1627024012 498927780 0  
  1627024013 498927780 0  
  1627024014 498927780 0  
  1627024015 498927780 0  
  1627024016 498927780 0  
  1627024017 498927780 0  
  1627024018 498927780 0  
  1627024019 498927780 0  
  1627024020 498927780 0  
  1627024021 498927780 0  
  1627024022 498927780 0  
  1627024023 498927780 0  
  1627024024 498927780 0  
  1627024025 498927780 0  
  1627024026 498927780 0  
  1627024027 498927780 0  
  1627024028 498927780 0  
  1627024029 498927780 0  
  1627024030 498927780 0  
  1627024031 498927780 0  
  1627024032 498927780 0  
  1627024033 498927780 0  
  1627024034 498927780 0  
  1627024035 498927780 0  
  1627024036 498927780 0  
  1627024037 498927780 0  
  1627024038 498927780 0  
  1627024039 498927780 0  
  1627024040 498927780 0  
  1627024041 498927780 0  
  1627024042 498927780 0  
  1627024043 498927780 0  
  1627024044 498927780 0  
  1627024045 498927780 0  
  1627024046 498927780 0  
  1627024047 498927780 0  
  1627024048 498927780 0  
  1627024050 498927780 0  
  1627024051 498927780 0  
  1627024052 498927780 0  
  1627024053 498927780 0  
  1627024054 498927780 0  
  1627024055 498927780 0  
  1627024056 498927780 0  
  1627024057 498927780 0  
  1627024058 498927780 0  
  1627024059 498927780 0  
  1627024060 498927780 0  
  1627024061 498927780 0  
  1627024062 498927780 0  
  1627024063 498927780 0  
  1627024064 498927780 0  
  1627024065 498927780 0  
  1627024066 498927780 0  
  1627024067 498927780 0  
  1627024068 498927780 0  
  1627024069 498927780 0  
  1627024070 498927780 0  
  1627024071 498927780 0  
  1627024072 498927780 0  
  1627024073 498927780 0  
  1627024074 498927780 0  
  1627024075 498927780 0  
  1627024076 498927780 0  
  1627024077 498927780 0  
  1627024078 498927780 0  
  1627024079 498927780 0  
  1627024080 498927780 0  
  1627024081 498927780 0  
  1627024082 498927780 0  
  1627024083 498927780 0  
  1627024084 498927780 0  
  1627024085 498927780 0  
  1627024086 498927780 0  
  1627024088 498927780 0  
  1627024089 498927780 0  
  1627024090 498927780 0  
  1627024091 498927780 0  
  1627024092 498927780 0  
  1627024093 498927780 0  
  1627024094 498927780 0  
  1627024095 498927780 0  
  1627024096 498927872 0  
  1627024097 498927872 0  
  1627024098 498927872 0  
  1627024099 498927872 0  
  1627024100 498927872 0  
  1627024101 498927872 0  
  1627024102 498927872 0  
  1627024103 498927872 0  
  1627024104 498927872 0  
  1627024105 498927872 0  
  1627024106 498927872 0  
  1627024107 498927872 0  
  1627024108 498927872 0  
  1627024109 498927872 0  
  1627024110 498927872 0  
  1627024111 498927872 0  
  1627024112 498927872 0  
  1627024113 498927872 0  
  1627024114 498927872 0  
  1627024115 498927872 0  
  1627024116 498927872 0  
  1627024117 498927872 0  
  1627024118 498927872 0  
  1627024119 498927872 0  
  1627024120 498927872 0  
  1627024121 498927872 0  
  1627024122 498927872 0  
  1627024123 498932181 0  
  1627024124 498932505 0  
  1627024125 498933145 0  
  1627024126 498933145 0  
  1627024128 498933145 0  
  1627024129 498933145 0  
  1627024130 498933145 0  
  1627024131 498933145 0  
  1627024132 498933145 0  
  1627024133 498933145 0  
  1627024134 498933145 0  
  1627024135 498933145 0  
  1627024136 498933145 0  
  1627024137 498933145 0  
  1627024138 498933145 0  
  1627024139 498933145 0  
  1627024140 498933145 0  
  1627024141 498933145 0  
  1627024142 498933145 0  
  1627024143 498933145 0  
  1627024144 498933145 0  
  1627024145 498933145 0  
  1627024146 498933145 0  
  1627024147 498933145 0  
  1627024148 498933145 0  
  1627024149 498933145 0  
  1627024150 498933145 0  
  1627024151 498933145 0  
  1627024152 498933145 0  
  1627024153 498933145 0  
  1627024154 498933145 0  
  1627024155 498933145 0  
  1627024156 498933145 0  
  1627024157 498933145 0  
  1627024158 498933145 0  
  1627024159 498933145 0  
  1627024160 498933145 0  
  1627024161 498933145 0  
  1627024162 498933145 0  
  1627024163 498933145 0  
  1627024164 498933145 0  
  1627024165 498933145 0  
  1627024167 498933145 0  
  1627024168 498933145 0  
  1627024169 498933145 0  
  1627024170 498933735 0  
  1627024171 498933735 0  
  1627024172 498933735 0  
  1627024173 498933735 0  
  1627024174 498933735 0  
  1627024175 498933735 0  
  1627024176 498933735 0  
  1627024177 498933735 0  
  1627024178 498933735 0  
  1627024179 498933735 0  
  1627024180 498933735 0  
  1627024181 498933735 0  
  1627024182 498933735 0  
  1627024183 498933735 0  
  1627024184 498933735 0  
  1627024185 498933735 0  
  1627024186 498933735 0  
  1627024187 498933735 0  
  1627024188 498933735 0  
  1627024189 498933735 0  
  1627024190 498933735 0  
  1627024191 498933735 0  
  1627024192 498933735 0  
  1627024193 498933735 0  
  1627024194 498933735 0  
  1627024195 498933735 0  
  1627024196 498933735 0  
  1627024197 498933735 0  
  1627024198 498933735 0  
  1627024199 498933735 0  
  1627024200 498933735 0  
  1627024201 498933735 0  
  1627024202 498933735 0  
  1627024203 498933735 0  
  1627024204 498933735 0  
  1627024206 498933735 0  
  1627024207 498933735 0  
  1627024208 498933735 0  
  1627024209 498933735 0  
  1627024210 498933735 0  
  1627024211 498933735 0  
  1627024212 498933735 0  
  1627024213 498933827 0  
  1627024214 498933827 0  
  1627024215 498933827 0  
  1627024216 498933827 0  
  1627024217 498933827 0  
  1627024218 498933827 0  
  1627024219 498933827 0  
  1627024220 498933827 0  
  1627024221 498933827 0  
  1627024222 498933827 0  
  1627024223 498933827 0  
  1627024224 498933827 0  
  1627024225 498933827 0  
  1627024226 498933827 0  
  1627024227 498933827 0  
  1627024228 498933827 0  
  1627024229 498933827 0  
  1627024230 498933827 0  
  1627024231 498933827 0  
  1627024232 498933827 0  
  1627024233 498933827 0  
  1627024234 498933827 0  
  1627024235 498933827 0  
  1627024236 498933827 0  
  1627024237 498933827 0  
  1627024238 498933827 0  
  1627024239 498933827 0  
  1627024240 498933827 0  
  1627024241 498933827 0  
  1627024242 498933827 0  
  1627024243 498934184 0  
  1627024245 498934184 0  
  1627024246 498934184 0  
  1627024247 498934184 0  
  1627024248 498937081 0  
  1627024249 498938817 0  
  1627024250 498943450 0  
  1627024251 498944158 0  
  1627024252 498944866 0  
  1627024253 498944866 0  
  1627024254 498944866 0  
  1627024255 498944866 0  
  1627024256 498951376 0  
  1627024257 498954132 0  
  1627024258 498955548 0  
  1627024259 498955548 0  
  1627024260 498955548 0  
  1627024261 498955548 0  
  1627024262 498955548 0  
  1627024263 498955548 0  
  1627024264 498955548 0  
  1627024265 498955548 0  
  1627024266 498955548 0  
  1627024267 498955548 0  
  1627024268 498955548 0  
  1627024269 498955548 0  
  1627024270 498955548 0  
  1627024271 498955548 0  
  1627024272 498955548 0  
  1627024273 498955548 0  
  1627024274 498955548 0  
  1627024275 498955548 0  
  1627024276 498955548 0  
  1627024277 498955548 0  
  1627024278 498955548 0  
  1627024279 498955548 0  
  1627024280 498955548 0  
  1627024281 498955548 0  
  1627024282 498955548 0  
  1627024284 498955548 0  
  1627024285 498955548 0  
  1627024286 498955548 0  
  1627024287 498955548 0  
  1627024288 498955548 0  
  1627024289 498955548 0  
  1627024290 498955548 0  
  1627024291 498955548 0  
  1627024292 498955548 0  
  1627024293 498955548 0  
  1627024294 498955548 0  
  1627024295 498955548 0  
  1627024296 498955548 0  
  1627024297 498955548 0  
  1627024298 498955548 0  
  1627024299 498955548 0  
  1627024300 498955548 0  
  1627024301 498955548 0  
  1627024302 498955548 0  
  1627024303 498955548 0  
  1627024304 498955548 0  
  1627024305 498955548 0  
  1627024306 498955548 0  
  1627024307 498955548 0  
  1627024308 498955548 0  
  1627024309 498955548 0  
  1627024310 498955548 0  
  1627024311 498955548 0  
  1627024312 498955548 0  
  1627024313 498955548 0  
  1627024314 498955548 0  
  1627024315 498955548 0  
  1627024316 498955548 0  
  1627024317 498955548 0  
  1627024318 498955548 0  
  1627024319 498955548 0  
  1627024320 498955548 0  
  1627024321 498955548 0  
  1627024323 498955548 0  
  1627024324 498955548 0  
  1627024325 498955548 0  
  1627024326 498955548 0  
  1627024327 498955548 0  
  1627024328 498955548 0  
  1627024329 498955548 0  
  1627024330 498955548 0  
  1627024331 498955548 0  
  1627024332 498955548 0  
  1627024333 498955548 0  
  1627024334 498955548 0  
  1627024335 498955548 0  
  1627024336 498955548 0  
  1627024337 498955548 0  
  1627024338 498955548 0  
  1627024339 498955548 0  
  1627024340 498955548 0  
  1627024341 498955548 0  
  1627024342 498955548 0  
  1627024343 498955548 0  
  1627024344 498955548 0  
  1627024345 498955548 0  
  1627024346 498955548 0  
  1627024347 498955548 0  
  1627024348 498955548 0  
  1627024349 498955548 0  
  1627024350 498955548 0  
  1627024351 498955548 0  
  1627024352 498955548 0  
  1627024353 498955640 0  
  1627024354 498955640 0  
  1627024355 498955640 0  
  1627024356 498955640 0  
  1627024357 498955640 0  
  1627024358 498955640 0  
  1627024359 498955640 0  
  1627024360 498955640 0  
  1627024362 498955640 0  
  1627024363 498955640 0  
  1627024364 498955640 0  
  1627024365 498955640 0  
  1627024366 498955640 0  
  1627024367 498955640 0  
  1627024368 498955640 0  
  1627024369 498955640 0  
  1627024370 498955640 0  
  1627024371 498956298 0  
  1627024372 498956298 0  
  1627024373 498956298 0  
  1627024374 498956298 0  
  1627024375 498956298 0  
  1627024376 498956298 0  
  1627024377 498956298 0  
  1627024378 498956298 0  
  1627024379 498956298 0  
  1627024380 498956298 0  
  1627024381 498956298 0  
  1627024382 498956298 0  
  1627024383 498956298 0  
  1627024384 498956298 0  
  1627024385 498956298 0  
  1627024386 498956298 0  
  1627024387 498956298 0  
  1627024388 498956298 0  
  1627024389 498956298 0  
  1627024390 498956298 0  
  1627024391 498956298 0  
  1627024392 498956298 0  
  1627024393 498956298 0  
  1627024394 498956298 0  
  1627024395 498956298 0  
  1627024396 498956298 0  
  1627024397 498956298 0  
  1627024398 498956298 0  
  1627024399 498956366 0  
  1627024401 498956366 0  
  1627024402 498956366 0  
  1627024403 498956366 0  
  1627024404 498956366 0  
  1627024405 498956366 0  
  1627024406 498957828 0  
  1627024407 498957828 0  
  1627024408 498957828 0  
  1627024409 498957828 0  
  1627024410 498957828 0  
  1627024411 498957828 0  
  1627024412 498957828 0  
  1627024413 498957828 0  
  1627024414 498957828 0  
  1627024415 498957828 0  
  1627024416 498957828 0  
  1627024417 498957828 0  
  1627024418 498957828 0  
  1627024419 498957828 0  
  1627024420 498957828 0  
  1627024421 498957828 0  
  1627024422 498957828 0  
  1627024423 498962137 0  
  1627024424 498962461 0  
  1627024425 498962461 0  
  1627024426 498963169 0  
  1627024427 498963169 0  
  1627024428 498963169 0  
  1627024429 498963169 0  
  1627024430 498963169 0  
  1627024431 498963169 0  
  1627024432 498963169 0  
  1627024433 498963169 0  
  1627024434 498963169 0  
  1627024435 498963169 0  
  1627024436 498963169 0  
  1627024437 498963169 0  
  1627024439 498963169 0  
  1627024440 498963169 0  
  1627024441 498963169 0  
  1627024442 498963169 0  
  1627024443 498963169 0  
  1627024444 498963169 0  
  1627024445 498963169 0  
  1627024446 498963169 0  
  1627024447 498963169 0  
  1627024448 498963169 0  
  1627024449 498963169 0  
  1627024450 498963169 0  
  1627024451 498963169 0  
  1627024452 498963169 0  
  1627024453 498963169 0  
  1627024454 498963169 0  
  1627024455 498963169 0  
  1627024456 498963169 0  
  1627024457 498963169 0  
  1627024458 498963169 0  
  1627024459 498963169 0  
  1627024460 498963169 0  
  1627024461 498963169 0  
  1627024462 498963169 0  
  1627024463 498963169 0  
  1627024464 498963169 0  
  1627024465 498963169 0  
  1627024466 498963169 0  
  1627024467 498963169 0  
  1627024468 498963169 0  
  1627024469 498963169 0  
  1627024470 498963169 0  
  1627024471 498963169 0  
  1627024472 498963169 0  
  1627024473 498963169 0  
  1627024474 498963169 0  
  1627024475 498963169 0  
  1627024476 498963169 0  
  1627024477 498963169 0  
  1627024479 498963169 0  
  1627024480 498963169 0  
  1627024481 498963169 0  
  1627024482 498963169 0  
  1627024483 498963169 0  
  1627024484 498963169 0  
  1627024485 498963169 0  
  1627024486 498963169 0  
  1627024487 498963169 0  
  1627024488 498963169 0  
  1627024489 498963169 0  
  1627024490 498963169 0  
  1627024491 498963169 0  
  1627024492 498963169 0  
  1627024493 498963169 0  
  1627024494 498963169 0  
  1627024495 498963169 0  
  1627024496 498963169 0  
  1627024497 498963169 0  
  1627024498 498963169 0  
  1627024499 498963169 0  
  1627024500 498963169 0  
  1627024501 498963169 0  
  1627024502 498963169 0  
  1627024503 498963169 0  
  1627024504 498963169 0  
  1627024505 498963169 0  
  1627024506 498963169 0  
  1627024507 498963169 0  
  1627024508 498963169 0  
  1627024509 498963169 0  
  1627024510 498963169 0  
  1627024511 498963169 0  
  1627024512 498963169 0  
  1627024513 498963169 0  
  1627024514 498963169 0  
  1627024515 498963169 0  
  1627024516 498963169 0  
  1627024518 498963169 0  
  1627024519 498963169 0  
  1627024520 498963169 0  
  1627024521 498963169 0  
  1627024522 498963169 0  
  1627024523 498963169 0  
  1627024524 498963169 0  
  1627024525 498963169 0  
  1627024526 498963169 0  
  1627024527 498963169 0  
  1627024528 498963169 0  
  1627024529 498963169 0  
  1627024530 498963169 0  
  1627024531 498963169 0  
  1627024532 498963169 0  
  1627024533 498963169 0  
  1627024534 498963169 0  
  1627024535 498963169 0  
  1627024536 498963169 0  
  1627024537 498963169 0  
  1627024538 498963169 0  
  1627024539 498963169 0  
  1627024540 498963169 0  
  1627024541 498963169 0  
  1627024542 498963169 0  
  1627024543 498963526 0  
  1627024544 498963526 0  
  1627024545 498963526 0  
  1627024546 498963526 0  
  1627024547 498963526 0  
  1627024548 498968159 0  
  1627024549 498972468 0  
  1627024550 498973500 0  
  1627024551 498974208 0  
  1627024552 498974208 0  
  1627024553 498974208 0  
  1627024554 498974208 0  
  1627024555 498978841 0  
  1627024557 498983474 0  
  1627024558 498984182 0  
  1627024559 498984822 0  
  1627024560 498984822 0  
  1627024561 498984822 0  
  1627024562 498984822 0  
  1627024563 498984822 0  
  1627024564 498984822 0  
  1627024565 498984822 0  
  1627024566 498984822 0  
  1627024567 498984822 0  
  1627024568 498984822 0  
  1627024569 498984822 0  
  1627024570 498985480 0  
  1627024571 498985480 0  
  1627024572 498985480 0  
  1627024573 498985480 0  
  1627024574 498985480 0  
  1627024575 498985480 0  
  1627024576 498985480 0  
  1627024577 498985480 0  
  1627024578 498985480 0  
  1627024579 498985480 0  
  1627024580 498985480 0  
  1627024581 498985480 0  
  1627024582 498985480 0  
  1627024583 498985480 0  
  1627024584 498985480 0  
  1627024585 498985480 0  
  1627024586 498985480 0  
  1627024587 498985480 0  
  1627024588 498985480 0  
  1627024589 498985480 0  
  1627024590 498985480 0  
  1627024591 498985480 0  
  1627024592 498985480 0  
  1627024593 498985480 0  
  1627024594 498985480 0  
  1627024596 498985480 0  
  1627024597 498985480 0  
  1627024598 498985480 0  
  1627024599 498985480 0  
  1627024600 498985480 0  
  1627024601 498985480 0  
  1627024602 498985480 0  
  1627024603 498985480 0  
  1627024604 498985480 0  
  1627024605 498985480 0  
  1627024606 498985480 0  
  1627024607 498985562 0  
  1627024608 498985562 0  
  1627024609 498985562 0  
  1627024610 498985562 0  
  1627024611 498985562 0  
  1627024612 498985654 0  
  1627024613 498985654 0  
  1627024614 498985654 0  
  1627024615 498985654 0  
  1627024616 498985654 0  
  1627024617 498985654 0  
  1627024618 498985654 0  
  1627024619 498985654 0  
  1627024620 498985654 0  
  1627024621 498985654 0  
  1627024622 498985654 0  
  1627024623 498985654 0  
  1627024624 498985654 0  
  1627024625 498985654 0  
  1627024626 498985654 0  
  1627024627 498985654 0  
  1627024628 498985654 0  
  1627024629 498985654 0  
  1627024630 498985654 0  
  1627024631 498985654 0  
  1627024632 498985654 0  
  1627024633 498985654 0  
  1627024635 498985654 0  
  1627024636 498985654 0  
  1627024637 498985654 0  
  1627024638 498985654 0  
  1627024639 498985654 0  
  1627024640 498985654 0  
  1627024641 498985654 0  
  1627024642 498985654 0  
  1627024643 498985654 0  
  1627024644 498985654 0  
  1627024645 498985654 0  
  1627024646 498985654 0  
  1627024647 498985654 0  
  1627024648 498985654 0  
  1627024649 498985654 0  
  1627024650 498985654 0  
  1627024651 498985654 0  
  1627024652 498985654 0  
  1627024653 498985654 0  
  1627024654 498985654 0  
  1627024655 498985654 0  
  1627024656 498985654 0  
  1627024657 498985654 0  
  1627024658 498985654 0  
  1627024659 498985654 0  
  1627024660 498985654 0  
  1627024661 498985654 0  
  1627024662 498985654 0  
  1627024663 498985654 0  
  1627024664 498985654 0  
  1627024665 498985654 0  
  1627024666 498985654 0  
  1627024667 498985654 0  
  1627024668 498985654 0  
  1627024669 498985654 0  
  1627024670 498985654 0  
  1627024671 498985654 0  
  1627024672 498985654 0  
  1627024674 498985654 0  
  1627024675 498985654 0  
  1627024676 498985654 0  
  1627024677 498985654 0  
  1627024678 498985654 0  
  1627024679 498985654 0  
  1627024680 498985654 0  
  1627024681 498985654 0  
  1627024682 498985654 0  
  1627024683 498985654 0  
  1627024684 498985992 0  
  1627024685 498985992 0  
  1627024686 498985992 0  
  1627024687 498985992 0  
  1627024688 498985992 0  
  1627024689 498985992 0  
  1627024690 498985992 0  
  1627024691 498985992 0  
  1627024692 498985992 0  
  1627024693 498985992 0  
  1627024694 498985992 0  
  1627024695 498985992 0  
  1627024696 498985992 0  
  1627024697 498985992 0  
  1627024698 498985992 0  
  1627024699 498985992 0  
  1627024700 498985992 0  
  1627024701 498985992 0  
  1627024702 498985992 0  
  1627024703 498985992 0  
  1627024704 498985992 0  
  1627024705 498985992 0  
  1627024706 498985992 0  
  1627024707 498985992 0  
  1627024708 498985992 0  
  1627024709 498985992 0  
  1627024710 498985992 0  
  1627024711 498985992 0  
  1627024712 498985992 0  
  1627024714 498985992 0  
  1627024715 498985992 0  
  1627024716 498985992 0  
  1627024717 498985992 0  
  1627024718 498985992 0  
  1627024719 498985992 0  
  1627024720 498985992 0  
  1627024721 498985992 0  
  1627024722 498985992 0  
  1627024723 498987953 0  
  1627024724 498990625 0  
  1627024725 498990625 0  
  1627024726 498991333 0  
  1627024727 498991333 0  
  1627024728 498991333 0  
  1627024729 498991333 0  
  1627024730 498991425 0  
  1627024731 498991425 0  
  1627024732 498991425 0  
  1627024733 498991425 0  
  1627024734 498991425 0  
  1627024735 498991425 0  
  1627024736 498991425 0  
  1627024737 498991425 0  
  1627024738 498991425 0  
  1627024739 498991425 0  
  1627024740 498991763 0  
  1627024741 498991763 0  
  1627024742 498991763 0  
  1627024743 498991763 0  
  1627024744 498991763 0  
  1627024745 498991763 0  
  1627024746 498991763 0  
  1627024747 498991763 0  
  1627024748 498991763 0  
  1627024749 498991763 0  
  1627024750 498991763 0  
  1627024751 498991763 0  
  1627024752 498991763 0  
  1627024754 498991763 0  
  1627024755 498991763 0  
  1627024756 498991763 0  
  1627024757 498991763 0  
  1627024758 498991763 0  
  1627024759 498991763 0  
  1627024760 498991763 0  
  1627024761 498991763 0  
  1627024762 498991763 0  
  1627024763 498991763 0  
  1627024764 498991763 0  
  1627024765 498991763 0  
  1627024766 498991763 0  
  1627024767 498991763 0  
  1627024768 498991763 0  
  1627024769 498991763 0  
  1627024770 498993358 0  
  1627024771 498993358 0  
  1627024772 498993358 0  
  1627024773 498993358 0  
  1627024774 498993358 0  
  1627024775 498993358 0  
  1627024776 498993358 0  
  1627024777 498993358 0  
  1627024778 498993358 0  
  1627024779 498993358 0  
  1627024780 498993358 0  
  1627024781 498993358 0  
  1627024782 498993358 0  
  1627024783 498993358 0  
  1627024784 498993358 0  
  1627024785 498993358 0  
  1627024786 498993358 0  
  1627024787 498993358 0  
  1627024788 498993358 0  
  1627024789 498993358 0  
  1627024790 498993358 0  
  1627024791 498993358 0  
 