 1627436643 558239076 0  
  1627436644 558239076 0  
  1627436645 558239076 0  
  1627436646 558239076 0  
  1627436647 558239076 0  
  1627436648 558239076 0  
  1627436649 558239076 0  
  1627436650 558239076 0  
  1627436651 558239076 0  
  1627436652 558239076 0  
  1627436653 558239076 0  
  1627436654 558239076 0  
  1627436655 558239076 0  
  1627436656 558239076 0  
  1627436657 558239076 0  
  1627436658 558239076 0  
  1627436659 558239076 0  
  1627436660 558239076 0  
  1627436661 558239076 0  
  1627436662 558239076 0  
  1627436663 558239076 0  
  1627436664 558239076 0  
  1627436665 558239076 0  
  1627436666 558239076 0  
  1627436667 558239076 0  
  1627436668 558239076 0  
  1627436670 558239168 0  
  1627436671 558239168 0  
  1627436672 558239168 0  
  1627436673 558239168 0  
  1627436674 558239168 0  
  1627436675 558239168 0  
  1627436676 558239168 0  
  1627436677 558239168 0  
  1627436678 558239168 0  
  1627436679 558239168 0  
  1627436680 558240763 0  
  1627436681 558240763 0  
  1627436682 558240763 0  
  1627436683 558240763 0  
  1627436684 558240763 0  
  1627436685 558240763 0  
  1627436686 558240763 0  
  1627436687 558240763 0  
  1627436688 558240763 0  
  1627436689 558240763 0  
  1627436690 558240763 0  
  1627436691 558240763 0  
  1627436692 558240763 0  
  1627436693 558240763 0  
  1627436694 558240763 0  
  1627436695 558240763 0  
  1627436696 558240763 0  
  1627436697 558240763 0  
  1627436698 558240763 0  
  1627436699 558240763 0  
  1627436700 558240763 0  
  1627436701 558240763 0  
  1627436702 558240763 0  
  1627436703 558240763 0  
  1627436704 558240763 0  
  1627436705 558240763 0  
  1627436706 558240763 0  
  1627436707 558240763 0  
  1627436708 558240763 0  
  1627436710 558240763 0  
  1627436711 558240763 0  
  1627436712 558240763 0  
  1627436713 558240763 0  
  1627436714 558240763 0  
  1627436715 558240763 0  
  1627436716 558240763 0  
  1627436717 558240763 0  
  1627436718 558240763 0  
  1627436719 558241101 0  
  1627436720 558241101 0  
  1627436721 558241101 0  
  1627436722 558241101 0  
  1627436723 558241101 0  
  1627436724 558241101 0  
  1627436725 558241101 0  
  1627436726 558241101 0  
  1627436727 558241101 0  
  1627436728 558241101 0  
  1627436729 558241101 0  
  1627436730 558241101 0  
  1627436731 558241101 0  
  1627436732 558241101 0  
  1627436733 558241101 0  
  1627436734 558241101 0  
  1627436735 558241101 0  
  1627436736 558241101 0  
  1627436737 558333941 0  
  1627436738 558487421 0  
  1627436739 558487421 0  
  1627436740 558487540 0  
  1627436741 558487540 0  
  1627436742 558487540 0  
  1627436743 558487540 0  
  1627436744 558487540 0  
  1627436745 558487540 0  
  1627436746 558487540 0  
  1627436747 558487540 0  
  1627436749 558487540 0  
  1627436750 558487540 0  
  1627436751 558487540 0  
  1627436752 558487540 0  
  1627436753 558487540 0  
  1627436754 558487540 0  
  1627436755 558487540 0  
  1627436756 558487540 0  
  1627436757 558487540 0  
  1627436758 558487540 0  
  1627436759 558487540 0  
  1627436760 558487540 0  
  1627436761 558487540 0  
  1627436762 558487540 0  
  1627436763 558487540 0  
  1627436764 558487540 0  
  1627436765 558487540 0  
  1627436766 558487540 0  
  1627436767 558487540 0  
  1627436768 558487540 0  
  1627436769 558487540 0  
  1627436770 558487540 0  
  1627436771 558487540 0  
  1627436772 558487540 0  
  1627436773 558487540 0  
  1627436774 558487540 0  
  1627436775 558487540 0  
  1627436776 558487540 0  
  1627436777 558487540 0  
  1627436778 558487540 0  
  1627436779 558487540 0  
  1627436780 558487540 0  
  1627436781 558487540 0  
  1627436782 558487540 0  
  1627436783 558487540 0  
  1627436784 558487540 0  
  1627436785 558487540 0  
  1627436786 558487540 0  
  1627436787 558487540 0  
  1627436789 558487540 0  
  1627436790 558487540 0  
  1627436791 558487540 0  
  1627436792 558487540 0  
  1627436793 558487540 0  
  1627436794 558487540 0  
  1627436795 558487540 0  
  1627436796 558487540 0  
  1627436797 558487540 0  
  1627436798 558487540 0  
  1627436799 558487540 0  
  1627436800 558487540 0  
  1627436801 558487540 0  
  1627436802 558487540 0  
  1627436803 558487540 0  
  1627436804 558487540 0  
  1627436805 558487540 0  
  1627436806 558487540 0  
  1627436807 558487540 0  
  1627436808 558487540 0  
  1627436809 558487540 0  
  1627436810 558487540 0  
  1627436811 558487540 0  
  1627436812 558487540 0  
  1627436813 558487540 0  
  1627436814 558487540 0  
  1627436815 558487540 0  
  1627436816 558487540 0  
  1627436817 558487540 0  
  1627436818 558487540 0  
  1627436819 558487540 0  
  1627436820 558487540 0  
  1627436821 558487540 0  
  1627436822 558487540 0  
  1627436823 558487540 0  
  1627436824 558487540 0  
  1627436825 558491849 0  
  1627436826 558492173 0  
  1627436827 558492173 0  
  1627436829 558492881 0  
  1627436830 558492881 0  
  1627436831 558492881 0  
  1627436832 558492881 0  
  1627436833 558492881 0  
  1627436834 558492881 0  
  1627436835 558492973 0  
  1627436836 558492973 0  
  1627436837 558492973 0  
  1627436838 558492973 0  
  1627436839 558492973 0  
  1627436840 558492973 0  
  1627436841 558492973 0  
  1627436842 558492973 0  
  1627436843 558492973 0  
  1627436844 558492973 0  
  1627436845 558492973 0  
  1627436846 558492973 0  
  1627436847 558492973 0  
  1627436848 558492973 0  
  1627436849 558492973 0  
  1627436850 558492973 0  
  1627436851 558492973 0  
  1627436852 558492973 0  
  1627436853 558497282 0  
  1627436854 558497606 0  
  1627436855 558498314 0  
  1627436856 558498314 0  
  1627436857 558498314 0  
  1627436858 558498314 0  
  1627436859 558498314 0  
  1627436860 558498314 0  
  1627436861 558498314 0  
  1627436862 558498314 0  
  1627436863 558498314 0  
  1627436864 558498314 0  
  1627436865 558498314 0  
  1627436866 558498314 0  
  1627436867 558498314 0  
  1627436869 558498652 0  
  1627436870 558498652 0  
  1627436871 558498652 0  
  1627436872 558498652 0  
  1627436873 558498652 0  
  1627436874 558498652 0  
  1627436875 558498652 0  
  1627436876 558498652 0  
  1627436877 558498652 0  
  1627436878 558498652 0  
  1627436879 558499310 0  
  1627436880 558499310 0  
  1627436881 558499310 0  
  1627436882 558499310 0  
  1627436883 558499310 0  
  1627436884 558499310 0  
  1627436885 558499310 0  
  1627436886 558499310 0  
  1627436887 558499310 0  
  1627436888 558499310 0  
  1627436889 558499310 0  
  1627436890 558499310 0  
  1627436891 558499310 0  
  1627436892 558499310 0  
  1627436893 558499310 0  
  1627436894 558499310 0  
  1627436895 558499310 0  
  1627436896 558502207 0  
  1627436897 558508576 0  
  1627436898 558508576 0  
  1627436899 558509992 0  
  1627436900 558509992 0  
  1627436901 558509992 0  
  1627436902 558509992 0  
  1627436903 558509992 0  
  1627436904 558509992 0  
  1627436905 558509992 0  
  1627436906 558509992 0  
  1627436908 558509992 0  
  1627436909 558509992 0  
  1627436910 558509992 0  
  1627436911 558509992 0  
  1627436912 558509992 0  
  1627436913 558509992 0  
  1627436914 558509992 0  
  1627436915 558509992 0  
  1627436916 558509992 0  
  1627436917 558509992 0  
  1627436918 558509992 0  
  1627436919 558509992 0  
  1627436920 558509992 0  
  1627436921 558509992 0  
  1627436922 558509992 0  
  1627436923 558509992 0  
  1627436924 558509992 0  
  1627436925 558509992 0  
  1627436926 558509992 0  
  1627436927 558509992 0  
  1627436928 558510084 0  
  1627436929 558510084 0  
  1627436930 558510084 0  
  1627436931 558510084 0  
  1627436932 558510084 0  
  1627436933 558510084 0  
  1627436934 558510084 0  
  1627436935 558512981 0  
  1627436936 558514717 0  
  1627436937 558514717 0  
  1627436938 558515425 0  
  1627436939 558515425 0  
  1627436940 558515425 0  
  1627436941 558515425 0  
  1627436942 558515425 0  
  1627436943 558515425 0  
  1627436944 558515425 0  
  1627436945 558515425 0  
  1627436946 558515425 0  
  1627436948 558515425 0  
  1627436949 558515425 0  
  1627436950 558515425 0  
  1627436951 558515425 0  
  1627436952 558515425 0  
  1627436953 558515425 0  
  1627436954 558515425 0  
  1627436955 558515425 0  
  1627436956 558515425 0  
  1627436957 558515425 0  
  1627436958 558515425 0  
  1627436959 558515425 0  
  1627436960 558515425 0  
  1627436961 558515425 0  
  1627436962 558515425 0  
  1627436963 558515425 0  
  1627436964 558515425 0  
  1627436965 558515425 0  
 