 1626877640 478788561 38476  
  1626877641 478788561 38476  
  1626877642 478788561 38476  
  1626877643 478788561 38476  
  1626877644 478788561 38476  
  1626877645 478788561 38476  
  1626877646 478788561 38476  
  1626877647 478788561 38476  
  1626877648 478788561 38476  
  1626877649 478788561 38476  
  1626877650 478788561 38476  
  1626877651 478788561 38476  
  1626877652 478788561 38476  
  1626877653 478788561 38476  
  1626877654 478788561 38476  
  1626877655 478788629 38476  
  1626877656 478788629 38476  
  1626877657 478788629 38476  
  1626877658 478788629 38476  
  1626877659 478788629 38476  
  1626877660 478788629 38476  
  1626877661 478789785 38476  
  1626877662 478789785 38476  
  1626877663 478789785 38476  
  1626877664 478789785 38476  
  1626877665 478789785 38476  
  1626877666 478789785 38476  
  1626877667 478789785 38476  
  1626877668 478791746 38476  
  1626877669 478794418 38476  
  1626877670 478794418 38476  
  1626877671 478795126 38476  
  1626877672 478795126 38476  
  1626877673 478795126 38476  
  1626877674 478795126 38476  
  1626877675 478795126 38476  
  1626877677 478795126 38476  
  1626877678 478795126 38476  
  1626877679 478795126 38476  
  1626877680 478795126 38476  
  1626877681 478795126 38476  
  1626877682 478795126 38476  
  1626877683 478795126 38476  
  1626877684 478795126 38476  
  1626877685 478795126 38476  
  1626877686 478795126 38476  
  1626877687 478795126 38476  
  1626877688 478795126 38476  
  1626877689 478795126 38476  
  1626877690 478795126 38476  
  1626877691 478795126 38476  
  1626877692 478795126 38476  
  1626877693 478795126 38476  
  1626877694 478795126 38476  
  1626877695 478795126 38476  
  1626877696 478795126 38476  
  1626877697 478795126 38476  
  1626877698 478795126 38476  
  1626877699 478795126 38476  
  1626877700 478795126 38476  
  1626877701 478795126 38476  
  1626877702 478795126 38476  
  1626877703 478795126 38476  
  1626877704 478795126 38476  
  1626877705 478795126 38476  
  1626877706 478795126 38476  
  1626877707 478795126 38476  
  1626877708 478795126 38476  
  1626877709 478795126 38476  
  1626877710 478795126 38476  
  1626877711 478795126 38476  
  1626877712 478795126 38476  
  1626877713 478795126 38476  
  1626877714 478795126 38476  
  1626877715 478795126 38476  
  1626877716 478795126 38476  
  1626877718 478795126 38476  
  1626877719 478795126 38476  
  1626877720 478795126 38476  
  1626877721 478795126 38476  
  1626877722 478795126 38476  
  1626877723 478795126 38476  
  1626877724 478795126 38476  
  1626877725 478795126 38476  
  1626877726 478795126 38476  
  1626877727 478795126 38476  
  1626877728 478795126 38476  
  1626877729 478795126 38476  
  1626877730 478795126 38476  
  1626877731 478795126 38476  
  1626877732 478795126 38476  
  1626877733 478795126 38476  
  1626877734 478795126 38476  
  1626877735 478795126 38476  
  1626877736 478795126 38476  
  1626877737 478795126 38476  
  1626877738 478795126 38476  
  1626877739 478795218 38476  
  1626877740 478795218 38476  
  1626877741 478795218 38476  
  1626877742 478795218 38476  
  1626877743 478795218 38476  
  1626877744 478795218 38476  
  1626877745 478795218 38476  
  1626877746 478795218 38476  
  1626877747 478795218 38476  
  1626877748 478795218 38476  
  1626877749 478795218 38476  
  1626877750 478795218 38476  
  1626877751 478795218 38476  
  1626877752 478795218 38476  
  1626877753 478795218 38476  
  1626877754 478795218 38476  
  1626877755 478795218 38476  
  1626877756 478795218 38476  
  1626877758 478795218 38476  
  1626877759 478795218 38476  
  1626877760 478795218 38476  
  1626877761 478795218 38476  
  1626877762 478795218 38476  
  1626877763 478795218 38476  
  1626877764 478795218 38476  
  1626877765 478795218 38476  
  1626877766 478795218 38476  
  1626877767 478795218 38476  
  1626877768 478795814 38476  
  1626877769 478795814 38476  
  1626877770 478795814 38476  
  1626877771 478795814 38476  
  1626877772 478795814 38476  
  1626877773 478795814 38476  
  1626877774 478795814 38476  
  1626877775 478795814 38476  
  1626877776 478795814 38476  
  1626877777 478795814 38476  
  1626877778 478795814 38476  
  1626877779 478795814 38476  
  1626877780 478795814 38476  
  1626877781 478795814 38476  
  1626877782 478795814 38476  
  1626877783 478795814 38476  
  1626877784 478795814 38476  
  1626877785 478795814 38476  
  1626877786 478795814 38476  
  1626877787 478795814 38476  
  1626877788 478795814 38476  
  1626877789 478795814 38476  
  1626877790 478795814 38476  
  1626877791 478795814 38476  
  1626877792 478795814 38476  
  1626877793 478795814 38476  
  1626877794 478795814 38476  
  1626877795 478795814 38476  
  1626877796 478795814 38476  
  1626877798 478795814 38476  
  1626877799 478795814 38476  
  1626877800 478795814 38476  
  1626877801 478795814 38476  
  1626877802 478795814 38476  
  1626877803 478795814 38476  
  1626877804 478795814 38476  
  1626877805 478795814 38476  
  1626877806 478795814 38476  
  1626877807 478795814 38476  
  1626877808 478795814 38476  
  1626877809 478795814 38476  
  1626877810 478795814 38476  
  1626877811 478795814 38476  
  1626877812 478795814 38476  
  1626877813 478795814 38476  
  1626877814 478795814 38476  
  1626877815 478795814 38476  
  1626877816 478795814 38476  
  1626877817 478795814 38476  
  1626877818 478795814 38476  
  1626877819 478795814 38476  
  1626877820 478795814 38476  
  1626877821 478795814 38476  
  1626877822 478795814 38476  
  1626877823 478795814 38476  
  1626877824 478795906 38476  
  1626877825 478795906 38476  
  1626877826 478795906 38476  
  1626877827 478795906 38476  
  1626877828 478795906 38476  
  1626877829 478795906 38476  
  1626877830 478795906 38476  
  1626877831 478795906 38476  
  1626877832 478795906 38476  
  1626877833 478795906 38476  
  1626877834 478795906 38476  
  1626877835 478795906 38476  
  1626877836 478795906 38476  
  1626877838 478796263 38476  
  1626877839 478796263 38476  
  1626877840 478796263 38476  
  1626877841 478796263 38476  
  1626877842 478800572 38476  
  1626877843 478800896 38476  
  1626877844 478801536 38476  
  1626877845 478801536 38476  
  1626877846 478801536 38476  
  1626877847 478806169 38476  
  1626877848 478806169 38476  
  1626877849 478806877 38476  
  1626877850 478806877 38476  
  1626877851 478806877 38476  
  1626877852 478816143 38476  
  1626877853 478816143 38476  
  1626877854 478817559 38476  
  1626877855 478817559 38476  
  1626877856 478817559 38476  
  1626877857 478817559 38476  
  1626877858 478817559 38476  
  1626877859 478817559 38476  
  1626877860 478817559 38476  
  1626877861 478817559 38476  
  1626877862 478817559 38476  
  1626877863 478817559 38476  
  1626877864 478817771 38476  
  1626877865 478822276 38476  
  1626877866 478822276 38476  
  1626877867 478822780 38476  
  1626877868 478822780 38476  
  1626877869 478822780 38476  
  1626877870 478822780 38476  
  1626877871 478822780 38476  
  1626877872 478822780 38476  
  1626877873 478822780 38476  
  1626877874 478822780 38476  
  1626877875 478822780 38476  
  1626877876 478822780 38476  
  1626877878 478822780 38476  
  1626877879 478822780 38476  
  1626877880 478822780 38476  
  1626877881 478822780 38476  
  1626877882 478822780 38476  
  1626877883 478822780 38476  
  1626877884 478822780 38476  
  1626877885 478822780 38476  
  1626877886 478822780 38476  
  1626877887 478822780 38476  
  1626877888 478822780 38476  
  1626877889 478822780 38476  
  1626877890 478822780 38476  
  1626877891 478822780 38476  
  1626877892 478822780 38476  
  1626877893 478822780 38476  
  1626877894 478822780 38476  
  1626877895 478822780 38476  
  1626877896 478822780 38476  
  1626877897 478822780 38476  
  1626877898 478822780 38476  
  1626877899 478822780 38476  
  1626877900 478822780 38476  
  1626877901 478822780 38476  
  1626877902 478822780 38476  
  1626877903 478822780 38476  
  1626877904 478822780 38476  
  1626877905 478822780 38476  
  1626877906 478822780 38476  
  1626877907 478822780 38476  
  1626877908 478822780 38476  
  1626877909 478822780 38476  
  1626877910 478822780 38476  
  1626877911 478822780 38476  
  1626877912 478822780 38476  
  1626877913 478822780 38476  
  1626877914 478822780 38476  
  1626877915 478822780 38476  
  1626877916 478822780 38476  
  1626877918 478822780 38476  
  1626877919 478822780 38476  
  1626877920 478822780 38476  
  1626877921 478822780 38476  
  1626877922 478822780 38476  
  1626877923 478822780 38476  
  1626877924 478822780 38476  
  1626877925 478822780 38476  
  1626877926 478822780 38476  
  1626877927 478822780 38476  
  1626877928 478822780 38476  
  1626877929 478822780 38476  
  1626877930 478822780 38476  
  1626877931 478822780 38476  
  1626877932 478822780 38476  
  1626877933 478822780 38476  
  1626877934 478822780 38476  
  1626877935 478822780 38476  
  1626877936 478822780 38476  
  1626877937 478822780 38476  
  1626877938 478822780 38476  
  1626877939 478822780 38476  
  1626877940 478822780 38476  
  1626877941 478822780 38476  
 