 1627438143 549010105 0  
  1627438144 549010105 0  
  1627438145 549010105 0  
  1627438146 549010105 0  
  1627438147 549010105 0  
  1627438148 549010105 0  
  1627438149 549010105 0  
  1627438150 549010105 0  
  1627438151 549010105 0  
  1627438152 549010105 0  
  1627438153 549010105 0  
  1627438154 549010105 0  
  1627438155 549010105 0  
  1627438156 549010105 0  
  1627438157 549010105 0  
  1627438158 549010105 0  
  1627438159 549010105 0  
  1627438160 549010105 0  
  1627438161 549010105 0  
  1627438162 549010105 0  
  1627438163 549010105 0  
  1627438164 549010105 0  
  1627438165 549010105 0  
  1627438166 549010105 0  
  1627438167 549010105 0  
  1627438168 549010105 0  
  1627438169 549010105 0  
  1627438171 549010105 0  
  1627438172 549010105 0  
  1627438173 549010105 0  
  1627438174 549010105 0  
  1627438175 549010105 0  
  1627438176 549010105 0  
  1627438177 549010105 0  
  1627438178 549010105 0  
  1627438179 549010105 0  
  1627438180 549010105 0  
  1627438181 549010105 0  
  1627438182 549010105 0  
  1627438183 549010105 0  
  1627438184 549010105 0  
  1627438185 549010105 0  
  1627438186 549010105 0  
  1627438187 549010105 0  
  1627438188 549010105 0  
  1627438189 549010105 0  
  1627438190 549010105 0  
  1627438191 549010197 0  
  1627438192 549010197 0  
  1627438193 549010197 0  
  1627438194 549010197 0  
  1627438195 549010197 0  
  1627438196 549010197 0  
  1627438197 549010197 0  
  1627438198 549010197 0  
  1627438199 549010197 0  
  1627438200 549010197 0  
  1627438201 549010197 0  
  1627438202 549010197 0  
  1627438203 549010197 0  
  1627438204 549010197 0  
  1627438205 549010197 0  
  1627438206 549010197 0  
  1627438207 549010197 0  
  1627438208 549010197 0  
  1627438210 549010197 0  
  1627438211 549010197 0  
  1627438212 549010197 0  
  1627438213 549010197 0  
  1627438214 549010197 0  
  1627438215 549010197 0  
  1627438216 549010197 0  
  1627438217 549010197 0  
  1627438218 549010535 0  
  1627438219 549010535 0  
  1627438220 549010535 0  
  1627438221 549010535 0  
  1627438222 549010535 0  
  1627438223 549010535 0  
  1627438224 549010535 0  
  1627438225 549010535 0  
  1627438226 549010535 0  
  1627438227 549010535 0  
  1627438228 549010535 0  
  1627438229 549010535 0  
  1627438230 549010535 0  
  1627438231 549010892 0  
  1627438232 549010892 0  
  1627438233 549010892 0  
  1627438234 549010892 0  
  1627438235 549010892 0  
  1627438236 549010892 0  
  1627438237 549010892 0  
  1627438238 549010892 0  
  1627438239 549010892 0  
  1627438240 549010892 0  
  1627438241 549010892 0  
  1627438242 549010892 0  
  1627438243 549010892 0  
  1627438244 549010892 0  
  1627438245 549010892 0  
  1627438246 549010892 0  
  1627438247 549010892 0  
  1627438249 549010892 0  
  1627438250 549010892 0  
  1627438251 549010892 0  
  1627438252 549010892 0  
  1627438253 549010892 0  
  1627438254 549010892 0  
  1627438255 549010892 0  
  1627438256 549010892 0  
  1627438257 549010892 0  
  1627438258 549010892 0  
  1627438259 549010892 0  
  1627438260 549010892 0  
  1627438261 549010892 0  
  1627438262 549010892 0  
  1627438263 549010892 0  
  1627438264 549010892 0  
  1627438265 549010892 0  
  1627438266 549010892 0  
  1627438267 549010892 0  
  1627438268 549010892 0  
  1627438269 549010892 0  
  1627438270 549010892 0  
  1627438271 549010892 0  
  1627438272 549010892 0  
  1627438273 549010892 0  
  1627438274 549010892 0  
  1627438275 549010892 0  
  1627438276 549010892 0  
  1627438277 549010892 0  
  1627438278 549010892 0  
  1627438279 549011488 0  
  1627438280 549011488 0  
  1627438281 549011488 0  
  1627438282 549011488 0  
  1627438283 549011488 0  
  1627438284 549011488 0  
  1627438285 549011488 0  
  1627438286 549011488 0  
  1627438288 549011488 0  
  1627438289 549011488 0  
  1627438290 549011488 0  
  1627438291 549011488 0  
  1627438292 549011488 0  
  1627438293 549011488 0  
  1627438294 549011488 0  
  1627438295 549011488 0  
  1627438296 549011488 0  
  1627438297 549011488 0  
  1627438298 549011488 0  
  1627438299 549011488 0  
  1627438300 549011488 0  
  1627438301 549011488 0  
  1627438302 549011488 0  
  1627438303 549011488 0  
  1627438304 549011488 0  
  1627438305 549011488 0  
  1627438306 549011488 0  
  1627438307 549011488 0  
  1627438308 549011488 0  
  1627438309 549011488 0  
  1627438310 549011488 0  
  1627438311 549011488 0  
  1627438312 549011548 0  
  1627438313 549011548 0  
  1627438314 549011548 0  
  1627438315 549011548 0  
  1627438316 549011548 0  
  1627438317 549011548 0  
  1627438318 549011640 0  
  1627438319 549011640 0  
  1627438320 549016041 0  
  1627438321 549016365 0  
  1627438322 549016365 0  
  1627438323 549017073 0  
  1627438324 549017073 0  
  1627438325 549017073 0  
  1627438326 549017073 0  
  1627438328 549017073 0  
  1627438329 549017073 0  
  1627438330 549017073 0  
  1627438331 549017073 0  
  1627438332 549017073 0  
  1627438333 549017073 0  
  1627438334 549017073 0  
  1627438335 549017073 0  
  1627438336 549017073 0  
  1627438337 549017073 0  
  1627438338 549017073 0  
  1627438339 549017073 0  
  1627438340 549017073 0  
  1627438341 549017073 0  
  1627438342 549017073 0  
  1627438343 549017073 0  
  1627438344 549017073 0  
  1627438345 549017073 0  
  1627438346 549017073 0  
  1627438347 549017073 0  
  1627438348 549017073 0  
  1627438349 549021638 0  
  1627438350 549021706 0  
  1627438351 549022414 0  
  1627438352 549022414 0  
  1627438353 549022414 0  
  1627438354 549022414 0  
  1627438355 549022482 0  
  1627438356 549022482 0  
  1627438357 549022482 0  
  1627438358 549022482 0  
  1627438359 549022482 0  
  1627438360 549022482 0  
  1627438361 549023638 0  
  1627438362 549023638 0  
  1627438363 549023638 0  
  1627438364 549023638 0  
  1627438365 549023638 0  
  1627438367 549023698 0  
  1627438368 549023698 0  
  1627438369 549023698 0  
  1627438370 549023698 0  
  1627438371 549023698 0  
  1627438372 549023698 0  
  1627438373 549023698 0  
  1627438374 549023698 0  
  1627438375 549023698 0  
  1627438376 549023698 0  
  1627438377 549023698 0  
  1627438378 549023698 0  
  1627438379 549023698 0  
  1627438380 549023698 0  
  1627438381 549023698 0  
  1627438382 549023698 0  
  1627438383 549023698 0  
  1627438384 549023698 0  
  1627438385 549023698 0  
  1627438386 549023698 0  
  1627438387 549023698 0  
  1627438388 549023698 0  
  1627438389 549023698 0  
  1627438390 549023698 0  
  1627438391 549028007 0  
  1627438392 549028331 0  
  1627438393 549032964 0  
  1627438394 549033672 0  
  1627438395 549034244 0  
  1627438396 549034244 0  
  1627438397 549034244 0  
  1627438398 549034244 0  
  1627438399 549034244 0  
  1627438400 549034244 0  
  1627438401 549034244 0  
  1627438402 549034244 0  
  1627438403 549034244 0  
  1627438405 549034244 0  
  1627438406 549034244 0  
  1627438407 549034244 0  
  1627438408 549034244 0  
  1627438409 549034244 0  
  1627438410 549034244 0  
  1627438411 549034244 0  
  1627438412 549034244 0  
  1627438413 549034244 0  
  1627438414 549034244 0  
  1627438415 549034244 0  
  1627438416 549034244 0  
  1627438417 549034244 0  
  1627438418 549034244 0  
  1627438419 549034244 0  
  1627438420 549034304 0  
  1627438421 549034304 0  
  1627438422 549034304 0  
  1627438423 549034304 0  
  1627438424 549034304 0  
  1627438425 549034304 0  
  1627438426 549034304 0  
  1627438427 549034304 0  
  1627438428 549034304 0  
  1627438429 549034304 0  
  1627438430 549037201 0  
  1627438431 549038937 0  
  1627438432 549038937 0  
  1627438433 549039645 0  
  1627438434 549039645 0  
  1627438435 549039645 0  
  1627438436 549039645 0  
  1627438437 549039645 0  
  1627438438 549039645 0  
  1627438439 549039645 0  
  1627438440 549039645 0  
  1627438441 549039645 0  
  1627438442 549039645 0  
  1627438444 549039645 0  
  1627438445 549039645 0  
  1627438446 549039645 0  
  1627438447 549039645 0  
  1627438448 549039645 0  
  1627438449 549039645 0  
  1627438450 549039737 0  
  1627438451 549039737 0  
  1627438452 549039737 0  
  1627438453 549039737 0  
  1627438454 549039737 0  
  1627438455 549039737 0  
  1627438456 549039737 0  
  1627438457 549039737 0  
  1627438458 549039737 0  
  1627438459 549039737 0  
  1627438460 549039737 0  
  1627438461 549039737 0  
  1627438462 549039737 0  
  1627438463 549039737 0  
  1627438464 549039737 0  
  1627438465 549039737 0  
  1627438466 549039737 0  
  1627438467 549039737 0  
  1627438468 549039737 0  
  1627438469 549039737 0  
  1627438470 549039737 0  
  1627438471 549039737 0  
  1627438472 549039737 0  
  1627438473 549039737 0  
  1627438474 549039737 0  
  1627438475 549039737 0  
  1627438476 549039737 0  
  1627438477 549039737 0  
  1627438478 549039737 0  
  1627438479 549040333 0  
  1627438480 549040333 0  
  1627438481 549040333 0  
  1627438483 549040333 0  
  1627438484 549040333 0  
  1627438485 549040333 0  
  1627438486 549040333 0  
  1627438487 549040333 0  
  1627438488 549040333 0  
  1627438489 549040333 0  
  1627438490 549040333 0  
  1627438491 549040333 0  
  1627438492 549040333 0  
  1627438493 549040333 0  
  1627438494 549040333 0  
  1627438495 549040333 0  
  1627438496 549040333 0  
  1627438497 549040333 0  
  1627438498 549040333 0  
  1627438499 549040333 0  
  1627438500 549040333 0  
  1627438501 549040333 0  
  1627438502 549040333 0  
  1627438503 549040333 0  
  1627438504 549040333 0  
  1627438505 549040333 0  
  1627438506 549040333 0  
  1627438507 549040333 0  
  1627438508 549040333 0  
  1627438509 549040333 0  
  1627438510 549040333 0  
  1627438511 549040333 0  
  1627438512 549040333 0  
  1627438513 549040333 0  
  1627438514 549040333 0  
  1627438515 549040333 0  
  1627438516 549040333 0  
  1627438517 549040333 0  
  1627438518 549040333 0  
  1627438519 549040333 0  
  1627438520 549040333 0  
  1627438522 549040333 0  
  1627438523 549040333 0  
  1627438524 549040333 0  
  1627438525 549040333 0  
  1627438526 549040333 0  
  1627438527 549040333 0  
  1627438528 549040333 0  
  1627438529 549040333 0  
  1627438530 549040333 0  
  1627438531 549040690 0  
  1627438532 549040690 0  
  1627438533 549040690 0  
  1627438534 549040690 0  
  1627438535 549040690 0  
  1627438536 549040690 0  
  1627438537 549040690 0  
  1627438538 549040690 0  
  1627438539 549040690 0  
  1627438540 549040690 0  
  1627438541 549040690 0  
  1627438542 549040690 0  
  1627438543 549040690 0  
  1627438544 549040690 0  
  1627438545 549040690 0  
  1627438546 549040690 0  
  1627438547 549040690 0  
  1627438548 549040690 0  
  1627438549 549040690 0  
  1627438550 549040690 0  
  1627438551 549040690 0  
  1627438552 549040690 0  
  1627438553 549040690 0  
  1627438554 549040690 0  
  1627438555 549040690 0  
  1627438556 549040690 0  
  1627438557 549040690 0  
  1627438558 549040690 0  
  1627438559 549040690 0  
  1627438561 549040690 0  
  1627438562 549040690 0  
  1627438563 549040690 0  
  1627438564 549040690 0  
  1627438565 549040690 0  
  1627438566 549040690 0  
  1627438567 549040690 0  
  1627438568 549040690 0  
  1627438569 549040690 0  
  1627438570 549040690 0  
  1627438571 549040690 0  
  1627438572 549040690 0  
  1627438573 549040690 0  
  1627438574 549040690 0  
  1627438575 549040690 0  
  1627438576 549040690 0  
  1627438577 549040690 0  
  1627438578 549040782 0  
  1627438579 549042377 0  
  1627438580 549042377 0  
  1627438581 549042377 0  
  1627438582 549042377 0  
  1627438583 549042377 0  
  1627438584 549042377 0  
  1627438585 549042377 0  
  1627438586 549042377 0  
  1627438587 549042377 0  
  1627438588 549042377 0  
  1627438589 549042377 0  
  1627438590 549042377 0  
  1627438591 549042377 0  
  1627438592 549042377 0  
  1627438593 549042377 0  
  1627438594 549042377 0  
  1627438595 549042377 0  
  1627438596 549042377 0  
  1627438597 549042377 0  
  1627438598 549042377 0  
  1627438600 549042377 0  
  1627438601 549042377 0  
  1627438602 549042377 0  
  1627438603 549042377 0  
  1627438604 549042377 0  
  1627438605 549042377 0  
  1627438606 549042377 0  
  1627438607 549042377 0  
  1627438608 549042377 0  
  1627438609 549042377 0  
  1627438610 549042377 0  
  1627438611 549042377 0  
 