 1626780986 458753836 0  
  1626780987 458753836 0  
  1626780988 458753836 0  
  1626780989 458753836 0  
  1626780990 458753836 0  
  1626780991 458753836 0  
  1626780992 458753836 0  
  1626780994 458753836 0  
  1626780995 458753836 0  
  1626780996 458753836 0  
  1626780997 458753836 0  
  1626780998 458753836 0  
  1626780999 458753836 0  
  1626781000 458753836 0  
  1626781001 458753836 0  
  1626781002 458753836 0  
  1626781003 458753836 0  
  1626781004 458753836 0  
  1626781005 458753836 0  
  1626781006 458753836 0  
  1626781007 458753836 0  
  1626781008 458753836 0  
  1626781009 458753836 0  
  1626781010 458753928 0  
  1626781011 458753928 0  
  1626781012 458753928 0  
  1626781013 458753928 0  
  1626781014 458753928 0  
  1626781015 458753928 0  
  1626781016 458753928 0  
  1626781017 458753928 0  
  1626781018 458753928 0  
  1626781019 458753928 0  
  1626781020 458753928 0  
  1626781021 458753928 0  
  1626781022 458753928 0  
  1626781023 458753928 0  
  1626781024 458753928 0  
  1626781025 458753928 0  
  1626781026 458753928 0  
  1626781027 458753928 0  
  1626781028 458753928 0  
  1626781029 458754020 0  
  1626781030 458754020 0  
  1626781031 458754020 0  
  1626781032 458754020 0  
  1626781034 458754020 0  
  1626781035 458754020 0  
  1626781036 458754020 0  
  1626781037 458754020 0  
  1626781038 458754020 0  
  1626781039 458754020 0  
  1626781040 458754020 0  
  1626781041 458754020 0  
  1626781042 458754020 0  
  1626781043 458754020 0  
  1626781044 458754020 0  
  1626781045 458754020 0  
  1626781046 458754020 0  
  1626781047 458754020 0  
  1626781048 458754020 0  
  1626781049 458754020 0  
  1626781050 458754020 0  
  1626781051 458754020 0  
  1626781052 458754020 0  
  1626781053 458754020 0  
  1626781054 458754020 0  
  1626781055 458754020 0  
  1626781056 458754020 0  
  1626781057 458754020 0  
  1626781058 458754020 0  
  1626781059 458754020 0  
  1626781060 458754020 0  
  1626781061 458754020 0  
  1626781062 458754020 0  
  1626781063 458754020 0  
  1626781064 458754020 0  
  1626781065 458754020 0  
  1626781066 458754020 0  
  1626781067 458754020 0  
  1626781068 458754020 0  
  1626781069 458754020 0  
  1626781070 458754020 0  
  1626781071 458754020 0  
  1626781072 458758329 0  
  1626781074 458758653 0  
  1626781075 458758653 0  
  1626781076 458759361 0  
  1626781077 458759361 0  
  1626781078 458759361 0  
  1626781079 458759361 0  
  1626781080 458759361 0  
  1626781081 458759361 0  
  1626781082 458759361 0  
  1626781083 458759361 0  
  1626781084 458759361 0  
  1626781085 458759361 0  
  1626781086 458759361 0  
  1626781087 458759361 0  
  1626781088 458759361 0  
  1626781089 458759361 0  
  1626781090 458759361 0  
  1626781091 458759361 0  
  1626781092 458759361 0  
  1626781093 458759361 0  
  1626781094 458759361 0  
  1626781095 458759361 0  
  1626781096 458759361 0  
  1626781097 458759361 0  
  1626781098 458759361 0  
  1626781099 458759361 0  
  1626781100 458759361 0  
  1626781101 458759361 0  
  1626781102 458759361 0  
  1626781103 458759361 0  
  1626781104 458759361 0  
  1626781105 458759361 0  
  1626781106 458759361 0  
  1626781107 458759361 0  
  1626781108 458759361 0  
  1626781109 458759361 0  
  1626781110 458759361 0  
  1626781111 458759361 0  
  1626781112 458759361 0  
  1626781114 458759361 0  
  1626781115 458759361 0  
  1626781116 458759361 0  
  1626781117 458759361 0  
  1626781118 458759361 0  
  1626781119 458759361 0  
  1626781120 458759361 0  
  1626781121 458759361 0  
  1626781122 458759361 0  
  1626781123 458759361 0  
  1626781124 458759361 0  
  1626781125 458759361 0  
  1626781126 458759361 0  
  1626781127 458759361 0  
  1626781128 458759361 0  
  1626781129 458759361 0  
  1626781130 458759361 0  
  1626781131 458759361 0  
  1626781132 458759361 0  
  1626781133 458759361 0  
  1626781134 458759361 0  
  1626781135 458759361 0  
  1626781136 458759361 0  
  1626781137 458759361 0  
  1626781138 458759361 0  
  1626781139 458759453 0  
  1626781140 458759453 0  
  1626781141 458759453 0  
  1626781142 458759453 0  
  1626781143 458759453 0  
  1626781144 458759453 0  
  1626781145 458759453 0  
  1626781146 458759453 0  
  1626781147 458759453 0  
  1626781148 458759453 0  
  1626781149 458759453 0  
  1626781150 458759453 0  
  1626781151 458759453 0  
  1626781152 458759453 0  
  1626781154 458759453 0  
  1626781155 458759453 0  
  1626781156 458759453 0  
  1626781157 458759453 0  
  1626781158 458759453 0  
  1626781159 458759453 0  
  1626781160 458759545 0  
  1626781161 458759545 0  
  1626781162 458759545 0  
  1626781163 458759545 0  
  1626781164 458759545 0  
  1626781165 458759545 0  
  1626781166 458760203 0  
  1626781167 458760203 0  
  1626781168 458760203 0  
  1626781169 458760203 0  
  1626781170 458760203 0  
  1626781171 458760203 0  
  1626781172 458760203 0  
  1626781173 458760203 0  
  1626781174 458760203 0  
  1626781175 458760203 0  
  1626781176 458760203 0  
  1626781177 458760203 0  
  1626781178 458760203 0  
  1626781179 458760203 0  
  1626781180 458760203 0  
  1626781181 458760203 0  
  1626781182 458760203 0  
  1626781183 458760203 0  
  1626781184 458760203 0  
  1626781185 458760203 0  
  1626781186 458760203 0  
  1626781187 458760203 0  
  1626781188 458760203 0  
  1626781189 458760203 0  
  1626781190 458760203 0  
  1626781191 458760203 0  
  1626781192 458760203 0  
  1626781194 458760203 0  
  1626781195 458760203 0  
  1626781196 458760203 0  
  1626781197 458760203 0  
  1626781198 458760203 0  
  1626781199 458760203 0  
  1626781200 458760203 0  
  1626781201 458760203 0  
  1626781202 458760203 0  
  1626781203 458760203 0  
  1626781204 458760203 0  
  1626781205 458760203 0  
  1626781206 458760203 0  
  1626781207 458760203 0  
  1626781208 458760203 0  
  1626781209 458764836 0  
  1626781210 458764836 0  
  1626781211 458765544 0  
  1626781212 458765544 0  
  1626781213 458765544 0  
  1626781214 458765544 0  
  1626781215 458765544 0  
  1626781216 458765544 0  
  1626781217 458765544 0  
  1626781218 458765544 0  
  1626781219 458765544 0  
  1626781220 458765544 0  
  1626781221 458765544 0  
  1626781222 458769853 0  
  1626781223 458772138 0  
  1626781224 458779119 0  
  1626781225 458780723 0  
  1626781226 458781295 0  
  1626781227 458781295 0  
  1626781228 458781295 0  
  1626781229 458781295 0  
  1626781230 458781295 0  
  1626781231 458781295 0  
  1626781233 458781295 0  
  1626781234 458781295 0  
  1626781235 458781295 0  
  1626781236 458781295 0  
  1626781237 458781295 0  
  1626781238 458781295 0  
  1626781239 458781295 0  
  1626781240 458781295 0  
  1626781241 458781295 0  
  1626781242 458781295 0  
  1626781243 458781652 0  
  1626781244 458781652 0  
  1626781245 458781652 0  
  1626781246 458781652 0  
  1626781247 458781652 0  
  1626781248 458781652 0  
  1626781249 458781652 0  
  1626781250 458781652 0  
  1626781251 458781652 0  
  1626781252 458781652 0  
  1626781253 458781652 0  
  1626781254 458781652 0  
  1626781255 458781652 0  
  1626781256 458781652 0  
  1626781257 458781652 0  
  1626781258 458781652 0  
  1626781259 458781652 0  
  1626781260 458781652 0  
  1626781261 458781652 0  
  1626781262 458781652 0  
  1626781263 458781652 0  
  1626781264 458781652 0  
  1626781265 458781652 0  
  1626781266 458781652 0  
  1626781267 458781652 0  
  1626781268 458781744 0  
  1626781269 458781744 0  
  1626781270 458781744 0  
  1626781271 458781744 0  
  1626781273 458781744 0  
  1626781274 458781744 0  
  1626781275 458781744 0  
  1626781276 458781744 0  
  1626781277 458781744 0  
  1626781278 458781744 0  
  1626781279 458781744 0  
  1626781280 458781744 0  
  1626781281 458781744 0  
  1626781282 458781744 0  
  1626781283 458781744 0  
  1626781284 458781744 0  
  1626781285 458781744 0  
  1626781286 458781744 0  
  1626781287 458781744 0  
  1626781288 458781744 0  
  1626781289 458781836 0  
  1626781290 458781836 0  
  1626781291 458781836 0  
  1626781292 458781836 0  
  1626781293 458781836 0  
  1626781294 458781836 0  
  1626781295 458781836 0  
  1626781296 458781836 0  
  1626781297 458781836 0  
  1626781298 458781836 0  
  1626781299 458781836 0  
  1626781300 458781836 0  
  1626781301 458781836 0  
  1626781302 458781836 0  
  1626781303 458781836 0  
  1626781304 458781836 0  
  1626781305 458781836 0  
  1626781306 458781836 0  
  1626781307 458781836 0  
  1626781308 458781836 0  
  1626781309 458781836 0  
  1626781310 458781836 0  
  1626781311 458781836 0  
  1626781313 458781836 0  
  1626781314 458781836 0  
  1626781315 458781836 0  
  1626781316 458781836 0  
  1626781317 458781836 0  
  1626781318 458781836 0  
  1626781319 458781836 0  
  1626781320 458781836 0  
  1626781321 458781836 0  
  1626781322 458781836 0  
  1626781323 458781836 0  
  1626781324 458781836 0  
  1626781325 458781836 0  
  1626781326 458781836 0  
  1626781327 458781836 0  
  1626781328 458781836 0  
  1626781329 458781836 0  
  1626781330 458781836 0  
  1626781331 458781836 0  
  1626781332 458781836 0  
  1626781333 458781836 0  
  1626781334 458781836 0  
  1626781335 458781836 0  
  1626781336 458781836 0  
  1626781337 458781836 0  
  1626781338 458781836 0  
  1626781339 458781836 0  
  1626781340 458781836 0  
  1626781341 458781836 0  
  1626781342 458781836 0  
  1626781343 458781836 0  
  1626781344 458781836 0  
  1626781345 458781836 0  
  1626781346 458781836 0  
  1626781347 458781836 0  
  1626781348 458781836 0  
  1626781349 458781836 0  
  1626781350 458781836 0  
  1626781351 458781836 0  
  1626781353 458781836 0  
  1626781354 458781836 0  
  1626781355 458781904 0  
  1626781356 458781904 0  
  1626781357 458781904 0  
  1626781358 458781904 0  
  1626781359 458781904 0  
  1626781360 458781904 0  
  1626781361 458783060 0  
  1626781362 458783060 0  
  1626781363 458783060 0  
  1626781364 458783060 0  
  1626781365 458783060 0  
  1626781366 458783650 0  
  1626781367 458783650 0  
  1626781368 458783650 0  
  1626781369 458783650 0  
  1626781370 458783650 0  
  1626781371 458783650 0  
  1626781372 458787959 0  
  1626781373 458788283 0  
  1626781374 458788923 0  
  1626781375 458788991 0  
  1626781376 458788991 0  
  1626781377 458788991 0  
  1626781378 458788991 0  
  1626781379 458788991 0  
  1626781380 458788991 0  
  1626781381 458788991 0  
  1626781382 458788991 0  
  1626781383 458788991 0  
  1626781384 458788991 0  
  1626781385 458788991 0  
  1626781386 458788991 0  
  1626781387 458788991 0  
  1626781388 458788991 0  
  1626781389 458788991 0  
  1626781390 458788991 0  
  1626781391 458788991 0  
  1626781393 458788991 0  
  1626781394 458788991 0  
  1626781395 458788991 0  
  1626781396 458788991 0  
  1626781397 458788991 0  
  1626781398 458789083 0  
  1626781399 458789083 0  
  1626781400 458789083 0  
  1626781401 458789083 0  
  1626781402 458789083 0  
  1626781403 458789083 0  
  1626781404 458789083 0  
  1626781405 458789083 0  
  1626781406 458789083 0  
  1626781407 458789083 0  
  1626781408 458789083 0  
  1626781409 458789083 0  
  1626781410 458789083 0  
  1626781411 458789083 0  
  1626781412 458789083 0  
  1626781413 458789083 0  
  1626781414 458789083 0  
  1626781415 458789083 0  
  1626781416 458789083 0  
  1626781417 458789175 0  
  1626781418 458789175 0  
  1626781419 458789175 0  
  1626781420 458789175 0  
  1626781421 458789175 0  
  1626781422 458789175 0  
  1626781423 458789175 0  
  1626781424 458789175 0  
  1626781425 458789175 0  
  1626781426 458789175 0  
  1626781427 458789175 0  
  1626781428 458789175 0  
  1626781429 458789175 0  
  1626781430 458789175 0  
  1626781431 458789175 0  
  1626781433 458789175 0  
  1626781434 458789175 0  
  1626781435 458789175 0  
  1626781436 458789175 0  
  1626781437 458789175 0  
  1626781438 458789175 0  
  1626781439 458789175 0  
  1626781440 458789175 0  
  1626781441 458789175 0  
  1626781442 458789175 0  
  1626781443 458789175 0  
  1626781444 458789175 0  
  1626781445 458789175 0  
  1626781446 458789175 0  
  1626781447 458789175 0  
  1626781448 458789175 0  
  1626781449 458789175 0  
  1626781450 458789175 0  
  1626781451 458789175 0  
  1626781452 458789175 0  
  1626781453 458789175 0  
  1626781454 458789175 0  
  1626781455 458789175 0  
  1626781456 458789175 0  
 