 1627017945 497934553 0  
  1627017946 497934553 0  
  1627017947 497934553 0  
  1627017948 497934697 0  
  1627017949 497939186 0  
  1627017950 497943819 0  
  1627017951 497944527 0  
  1627017952 497945235 0  
  1627017953 497945235 0  
  1627017954 497945235 0  
  1627017955 497949544 0  
  1627017956 497954501 0  
  1627017957 497955209 0  
  1627017958 497955917 0  
  1627017959 497955917 0  
  1627017960 497955917 0  
  1627017961 497955917 0  
  1627017962 497955917 0  
  1627017963 497955917 0  
  1627017964 497955917 0  
  1627017965 497955917 0  
  1627017966 497955917 0  
  1627017967 497955917 0  
  1627017968 497955917 0  
  1627017969 497955917 0  
  1627017970 497955917 0  
  1627017971 497955917 0  
  1627017972 497955917 0  
  1627017973 497955917 0  
  1627017974 497955917 0  
  1627017975 497955917 0  
  1627017976 497955917 0  
  1627017977 497955917 0  
  1627017978 497955917 0  
  1627017979 497955917 0  
  1627017981 497955917 0  
  1627017982 497955917 0  
  1627017983 497955917 0  
  1627017984 497955917 0  
  1627017985 497955917 0  
  1627017986 497955917 0  
  1627017987 497955917 0  
  1627017988 497955917 0  
  1627017989 497955917 0  
  1627017990 497956255 0  
  1627017991 497956255 0  
  1627017992 497956255 0  
  1627017993 497956255 0  
  1627017994 497956255 0  
  1627017995 497956255 0  
  1627017996 497956255 0  
  1627017997 497956255 0  
  1627017998 497956255 0  
  1627017999 497956255 0  
  1627018000 497956255 0  
  1627018001 497956255 0  
  1627018002 497956255 0  
  1627018003 497956255 0  
  1627018004 497956255 0  
  1627018005 497956255 0  
  1627018006 497956347 0  
  1627018007 497956347 0  
  1627018008 497956347 0  
  1627018009 497956347 0  
  1627018010 497956347 0  
  1627018011 497956347 0  
  1627018012 497956347 0  
  1627018013 497956347 0  
  1627018014 497956347 0  
  1627018015 497956347 0  
  1627018016 497956347 0  
  1627018017 497956347 0  
  1627018018 497956347 0  
  1627018019 497956347 0  
  1627018021 497956347 0  
  1627018022 497956347 0  
  1627018023 497956347 0  
  1627018024 497956347 0  
  1627018025 497956347 0  
  1627018026 497956347 0  
  1627018027 497956347 0  
  1627018028 497956347 0  
  1627018029 497956347 0  
  1627018030 497956347 0  
  1627018031 497956347 0  
  1627018032 497956347 0  
  1627018033 497956347 0  
  1627018034 497956347 0  
  1627018035 497956347 0  
  1627018036 497956347 0  
  1627018037 497956347 0  
  1627018038 497956347 0  
  1627018039 497956347 0  
  1627018040 497956347 0  
  1627018041 497956347 0  
  1627018042 497956347 0  
  1627018043 497956347 0  
  1627018044 497956347 0  
  1627018045 497956347 0  
  1627018046 497956347 0  
  1627018047 497956347 0  
  1627018048 497956347 0  
  1627018049 497956347 0  
  1627018050 497956347 0  
  1627018051 497956347 0  
  1627018052 497956347 0  
  1627018053 497956347 0  
  1627018054 497956415 0  
  1627018055 497956415 0  
  1627018056 497956415 0  
  1627018057 497956415 0  
  1627018058 497956415 0  
  1627018059 497956415 0  
  1627018061 497957571 0  
  1627018062 497957571 0  
  1627018063 497957571 0  
  1627018064 497957571 0  
  1627018065 497957571 0  
  1627018066 497957571 0  
  1627018067 497957571 0  
  1627018068 497957571 0  
  1627018069 497957571 0  
  1627018070 497958167 0  
  1627018071 497958167 0  
  1627018072 497958167 0  
  1627018073 497958167 0  
  1627018074 497958167 0  
  1627018075 497958167 0  
  1627018076 497958167 0  
  1627018077 497958167 0  
  1627018078 497958167 0  
  1627018079 497958167 0  
  1627018080 497958167 0  
  1627018081 497958167 0  
  1627018082 497958167 0  
  1627018083 497958167 0  
  1627018084 497958167 0  
  1627018085 497958167 0  
  1627018086 497958167 0  
  1627018087 497958167 0  
  1627018088 497958167 0  
  1627018089 497958167 0  
  1627018090 497958167 0  
  1627018091 497958167 0  
  1627018092 497958167 0  
  1627018093 497958167 0  
  1627018094 497958167 0  
  1627018095 497958167 0  
  1627018096 497958167 0  
  1627018097 497958167 0  
  1627018098 497958167 0  
  1627018100 497958167 0  
  1627018101 497958167 0  
  1627018102 497958167 0  
  1627018103 497958167 0  
  1627018104 497958167 0  
  1627018105 497958167 0  
  1627018106 497958167 0  
  1627018107 497958167 0  
  1627018108 497958167 0  
  1627018109 497958167 0  
  1627018110 497958167 0  
  1627018111 497958167 0  
  1627018112 497958167 0  
  1627018113 497958167 0  
  1627018114 497958167 0  
  1627018115 497958167 0  
  1627018116 497958167 0  
  1627018117 497958167 0  
  1627018118 497958167 0  
  1627018119 497958167 0  
  1627018120 497958167 0  
  1627018121 497958167 0  
  1627018122 497958167 0  
  1627018123 497958167 0  
  1627018124 497962476 0  
  1627018125 497962800 0  
  1627018126 497963508 0  
  1627018127 497963508 0  
  1627018128 497963508 0  
  1627018129 497963508 0  
  1627018130 497963508 0  
  1627018131 497963508 0  
  1627018132 497963508 0  
  1627018133 497963508 0  
  1627018134 497963600 0  
  1627018135 497963600 0  
  1627018136 497963600 0  
  1627018137 497963600 0  
  1627018138 497963600 0  
  1627018140 497963938 0  
  1627018141 497963938 0  
  1627018142 497963938 0  
  1627018143 497963938 0  
  1627018144 497963938 0  
  1627018145 497963938 0  
  1627018146 497963938 0  
  1627018147 497963938 0  
  1627018148 497963938 0  
  1627018149 497963938 0  
  1627018150 497963938 0  
  1627018151 497963938 0  
  1627018152 497963938 0  
  1627018153 497963938 0  
  1627018154 497963938 0  
  1627018155 497963938 0  
  1627018156 497963938 0  
  1627018157 497963938 0  
  1627018158 497963938 0  
  1627018159 497963938 0  
  1627018160 497963938 0  
  1627018161 497963938 0  
  1627018162 497963938 0  
  1627018163 497963938 0  
  1627018164 497963938 0  
  1627018165 497963938 0  
  1627018166 497963938 0  
  1627018167 497963938 0  
  1627018168 497963938 0  
  1627018169 497963938 0  
  1627018170 497963938 0  
  1627018171 497963938 0  
  1627018172 497963938 0  
  1627018173 497963938 0  
  1627018174 497963938 0  
  1627018175 497963938 0  
  1627018176 497963938 0  
  1627018177 497963938 0  
  1627018179 497963938 0  
  1627018180 497963938 0  
  1627018181 497963938 0  
  1627018182 497963938 0  
  1627018183 497963938 0  
  1627018184 497963938 0  
  1627018185 497963938 0  
  1627018186 497963938 0  
  1627018187 497963938 0  
  1627018188 497963938 0  
  1627018189 497963938 0  
  1627018190 497963938 0  
  1627018191 497963938 0  
  1627018192 497963938 0  
  1627018193 497963938 0  
  1627018194 497963938 0  
  1627018195 497963938 0  
  1627018196 497963938 0  
  1627018197 497963938 0  
  1627018198 497963938 0  
  1627018199 497963938 0  
  1627018200 497963938 0  
  1627018201 497963938 0  
  1627018202 497963938 0  
  1627018203 497963938 0  
  1627018204 497963938 0  
  1627018205 497963938 0  
  1627018206 497963938 0  
  1627018207 497963938 0  
  1627018208 497963938 0  
  1627018209 497963938 0  
  1627018210 497963938 0  
  1627018211 497963938 0  
  1627018212 497963938 0  
  1627018213 497963938 0  
  1627018214 497963938 0  
  1627018215 497963938 0  
  1627018216 497963938 0  
  1627018217 497963938 0  
  1627018219 497963938 0  
  1627018220 497963938 0  
  1627018221 497963938 0  
  1627018222 497963938 0  
  1627018223 497963938 0  
  1627018224 497963938 0  
  1627018225 497963938 0  
  1627018226 497963938 0  
  1627018227 497963938 0  
  1627018228 497963938 0  
  1627018229 497963938 0  
  1627018230 497963938 0  
  1627018231 497963938 0  
  1627018232 497963938 0  
  1627018233 497963938 0  
  1627018234 497963938 0  
  1627018235 497963938 0  
  1627018236 497963938 0  
  1627018237 497963938 0  
  1627018238 497963938 0  
  1627018239 497963938 0  
  1627018240 497963938 0  
  1627018241 497963938 0  
  1627018242 497963938 0  
  1627018243 497964295 0  
  1627018244 497964295 0  
  1627018245 497964295 0  
  1627018246 497964295 0  
  1627018247 497966256 0  
  1627018248 497968928 0  
  1627018249 497973561 0  
  1627018250 497974201 0  
  1627018251 497974909 0  
  1627018252 497974909 0  
  1627018253 497974909 0  
  1627018254 497974909 0  
  1627018255 497981419 0  
  1627018256 497984175 0  
  1627018258 497985591 0  
  1627018259 497985591 0  
  1627018260 497985591 0  
  1627018261 497985591 0  
  1627018262 497985591 0  
  1627018263 497985591 0  
  1627018264 497985683 0  
  1627018265 497990400 0  
  1627018266 497990400 0  
  1627018267 497990904 0  
 