 1627428363 558492115 0  
  1627428364 558492115 0  
  1627428365 558492115 0  
  1627428366 558492115 0  
  1627428367 558492115 0  
  1627428368 558492115 0  
  1627428369 558492115 0  
  1627428370 558492115 0  
  1627428371 558492115 0  
  1627428372 558492115 0  
  1627428373 558492115 0  
  1627428374 558492115 0  
  1627428375 558492115 0  
  1627428376 558492115 0  
  1627428377 558492115 0  
  1627428378 558492115 0  
  1627428379 558492115 0  
  1627428380 558492115 0  
  1627428381 558492115 0  
  1627428382 558492115 0  
  1627428383 558492115 0  
  1627428384 558492115 0  
  1627428385 558492115 0  
  1627428386 558492115 0  
  1627428387 558492115 0  
  1627428388 558492115 0  
  1627428389 558492115 0  
  1627428390 558492115 0  
  1627428391 558492115 0  
  1627428392 558492115 0  
  1627428393 558492115 0  
  1627428394 558492115 0  
  1627428395 558492115 0  
  1627428396 558492115 0  
  1627428397 558492115 0  
  1627428399 558492115 0  
  1627428400 558492115 0  
  1627428401 558492115 0  
  1627428402 558492115 0  
  1627428403 558492115 0  
  1627428404 558492115 0  
  1627428405 558492115 0  
  1627428406 558492115 0  
  1627428407 558492115 0  
  1627428408 558492115 0  
  1627428409 558492115 0  
  1627428410 558492115 0  
  1627428411 558492115 0  
  1627428412 558492115 0  
  1627428413 558492115 0  
  1627428414 558492115 0  
  1627428415 558492115 0  
  1627428416 558492115 0  
  1627428417 558492115 0  
  1627428418 558492115 0  
  1627428419 558492115 0  
  1627428420 558492115 0  
  1627428421 558492115 0  
  1627428422 558492115 0  
  1627428423 558492115 0  
  1627428424 558492115 0  
  1627428425 558492115 0  
  1627428426 558492115 0  
  1627428427 558492115 0  
  1627428428 558492115 0  
  1627428429 558492115 0  
  1627428430 558492115 0  
  1627428431 558496424 0  
  1627428432 558496748 0  
  1627428433 558496748 0  
  1627428434 558497456 0  
  1627428435 558497456 0  
  1627428436 558497456 0  
  1627428437 558497456 0  
  1627428439 558497456 0  
  1627428440 558497456 0  
  1627428441 558497456 0  
  1627428442 558497456 0  
  1627428443 558497456 0  
  1627428444 558497456 0  
  1627428445 558497456 0  
  1627428446 558497456 0  
  1627428447 558497456 0  
  1627428448 558497456 0  
  1627428449 558497456 0  
  1627428450 558497456 0  
  1627428451 558497456 0  
  1627428452 558497456 0  
  1627428453 558497456 0  
  1627428454 558497456 0  
  1627428455 558497524 0  
  1627428456 558497524 0  
  1627428457 558497524 0  
  1627428458 558497524 0  
  1627428459 558501833 0  
  1627428460 558502157 0  
  1627428461 558503953 0  
  1627428462 558503953 0  
  1627428463 558503953 0  
  1627428464 558503953 0  
  1627428465 558503953 0  
  1627428466 558503953 0  
  1627428467 558503953 0  
  1627428468 558503953 0  
  1627428469 558503953 0  
  1627428470 558503953 0  
  1627428471 558503953 0  
  1627428472 558503953 0  
  1627428473 558503953 0  
  1627428474 558503953 0  
  1627428475 558503953 0  
  1627428476 558503953 0  
  1627428478 558503953 0  
  1627428479 558503953 0  
  1627428480 558504549 0  
  1627428481 558504549 0  
  1627428482 558504549 0  
  1627428483 558504549 0  
  1627428484 558504549 0  
  1627428485 558504549 0  
  1627428486 558504549 0  
  1627428487 558504549 0  
  1627428488 558504549 0  
  1627428489 558504549 0  
  1627428490 558504549 0  
  1627428491 558504641 0  
  1627428492 558504641 0  
  1627428493 558504641 0  
  1627428494 558504641 0  
  1627428495 558504641 0  
  1627428496 558504641 0  
  1627428497 558504641 0  
  1627428498 558504641 0  
  1627428499 558504641 0  
  1627428500 558504641 0  
  1627428501 558504641 0  
  1627428502 558513259 0  
  1627428503 558513907 0  
  1627428504 558515051 0  
  1627428505 558515051 0  
  1627428506 558515051 0  
  1627428507 558515051 0  
  1627428508 558515051 0  
  1627428509 558515051 0  
  1627428510 558515051 0  
  1627428511 558515051 0  
  1627428512 558515051 0  
  1627428513 558515051 0  
  1627428514 558515051 0  
  1627428515 558515051 0  
  1627428516 558515051 0  
  1627428518 558515051 0  
  1627428519 558515051 0  
  1627428520 558515051 0  
  1627428521 558515051 0  
  1627428522 558515051 0  
  1627428523 558515051 0  
  1627428524 558515051 0  
  1627428525 558515051 0  
  1627428526 558515051 0  
  1627428527 558515051 0  
  1627428528 558515051 0  
  1627428529 558515051 0  
  1627428530 558515051 0  
  1627428531 558515051 0  
  1627428532 558515051 0  
  1627428533 558515051 0  
  1627428534 558515051 0  
  1627428535 558515051 0  
  1627428536 558515051 0  
  1627428537 558515051 0  
  1627428538 558515051 0  
  1627428539 558515051 0  
  1627428540 558515051 0  
  1627428541 558519684 0  
  1627428542 558519684 0  
  1627428543 558520392 0  
  1627428544 558520392 0  
  1627428545 558520392 0  
  1627428546 558520392 0  
  1627428547 558520392 0  
  1627428548 558520392 0  
  1627428549 558520392 0  
  1627428550 558520392 0  
  1627428551 558520392 0  
  1627428552 558520392 0  
  1627428553 558520392 0  
  1627428554 558520392 0  
  1627428555 558520392 0  
  1627428557 558520392 0  
  1627428558 558520392 0  
  1627428559 558520392 0  
  1627428560 558520392 0  
  1627428561 558520392 0  
  1627428562 558520392 0  
  1627428563 558520392 0  
  1627428564 558520392 0  
  1627428565 558520484 0  
  1627428566 558520484 0  
  1627428567 558520484 0  
  1627428568 558520484 0  
  1627428569 558520484 0  
  1627428570 558520484 0  
  1627428571 558520484 0  
  1627428572 558520484 0  
  1627428573 558520484 0  
  1627428574 558520484 0  
  1627428575 558520484 0  
  1627428576 558520484 0  
  1627428577 558520484 0  
  1627428578 558520484 0  
  1627428579 558520484 0  
  1627428580 558520484 0  
  1627428581 558520484 0  
  1627428582 558520484 0  
  1627428583 558520484 0  
  1627428584 558520484 0  
  1627428585 558520484 0  
  1627428586 558520484 0  
  1627428587 558520484 0  
  1627428588 558520484 0  
  1627428589 558520484 0  
  1627428590 558520484 0  
  1627428591 558520484 0  
  1627428592 558520484 0  
  1627428593 558520484 0  
  1627428594 558520484 0  
  1627428596 558520484 0  
  1627428597 558520484 0  
  1627428598 558520484 0  
  1627428599 558520484 0  
  1627428600 558520484 0  
  1627428601 558520484 0  
  1627428602 558520484 0  
  1627428603 558520484 0  
  1627428604 558520484 0  
  1627428605 558520484 0  
  1627428606 558520484 0  
  1627428607 558520484 0  
  1627428608 558520484 0  
  1627428609 558520484 0  
  1627428610 558520484 0  
  1627428611 558520484 0  
  1627428612 558520484 0  
  1627428613 558520484 0  
  1627428614 558520484 0  
  1627428615 558520484 0  
  1627428616 558520484 0  
  1627428617 558520484 0  
  1627428618 558520484 0  
  1627428619 558520484 0  
  1627428620 558520484 0  
  1627428621 558520484 0  
  1627428622 558520484 0  
  1627428623 558520484 0  
  1627428624 558520484 0  
  1627428625 558520484 0  
  1627428626 558520484 0  
  1627428627 558520484 0  
  1627428628 558520484 0  
  1627428629 558520484 0  
  1627428630 558520484 0  
  1627428631 558520484 0  
  1627428632 558520484 0  
  1627428633 558520484 0  
  1627428634 558520484 0  
  1627428636 558520484 0  
  1627428637 558520484 0  
  1627428638 558520484 0  
  1627428639 558520484 0  
  1627428640 558520484 0  
  1627428641 558520484 0  
  1627428642 558520484 0  
  1627428643 558520841 0  
  1627428644 558520841 0  
  1627428645 558520841 0  
  1627428646 558520841 0  
  1627428647 558520841 0  
  1627428648 558520841 0  
  1627428649 558520841 0  
  1627428650 558520841 0  
  1627428651 558520841 0  
  1627428652 558520841 0  
  1627428653 558520841 0  
  1627428654 558520841 0  
  1627428655 558520841 0  
  1627428656 558520841 0  
  1627428657 558520841 0  
  1627428658 558520841 0  
  1627428659 558520841 0  
  1627428660 558520841 0  
  1627428661 558520841 0  
  1627428662 558520841 0  
  1627428663 558520841 0  
  1627428664 558520841 0  
  1627428665 558520841 0  
  1627428666 558520841 0  
  1627428667 558520841 0  
  1627428668 558520841 0  
  1627428669 558520841 0  
  1627428670 558520841 0  
  1627428671 558520841 0  
  1627428672 558520841 0  
  1627428673 558520841 0  
  1627428675 558520841 0  
  1627428676 558520841 0  
  1627428677 558520841 0  
  1627428678 558520841 0  
  1627428679 558520841 0  
  1627428680 558521437 0  
  1627428681 558521437 0  
  1627428682 558521437 0  
  1627428683 558521437 0  
  1627428684 558521437 0  
  1627428685 558521437 0  
  1627428686 558521437 0  
  1627428687 558521437 0  
  1627428688 558521437 0  
  1627428689 558521437 0  
  1627428690 558521437 0  
  1627428691 558521437 0  
  1627428692 558521437 0  
  1627428693 558521437 0  
  1627428694 558521437 0  
  1627428695 558521437 0  
  1627428696 558521437 0  
  1627428697 558521437 0  
  1627428698 558521437 0  
  1627428699 558521437 0  
  1627428700 558521437 0  
  1627428701 558521437 0  
  1627428702 558521497 0  
  1627428703 558521497 0  
  1627428704 558521497 0  
  1627428705 558521497 0  
  1627428706 558521497 0  
  1627428707 558521497 0  
  1627428708 558521497 0  
  1627428709 558521497 0  
  1627428710 558521497 0  
  1627428711 558521497 0  
  1627428712 558521497 0  
  1627428714 558521497 0  
  1627428715 558521497 0  
  1627428716 558521497 0  
  1627428717 558521497 0  
  1627428718 558521497 0  
  1627428719 558521497 0  
  1627428720 558521497 0  
  1627428721 558521497 0  
  1627428722 558521497 0  
  1627428723 558521497 0  
  1627428724 558521497 0  
  1627428725 558521497 0  
  1627428726 558521497 0  
  1627428727 558521497 0  
  1627428728 558521497 0  
  1627428729 558521497 0  
  1627428730 558521497 0  
  1627428731 558526130 0  
  1627428732 558526130 0  
  1627428733 558526770 0  
  1627428734 558526770 0  
  1627428735 558526770 0  
  1627428736 558526770 0  
  1627428737 558526770 0  
  1627428738 558526770 0  
  1627428739 558526770 0  
  1627428740 558526770 0  
  1627428741 558526770 0  
  1627428742 558526770 0  
  1627428743 558526770 0  
  1627428744 558526770 0  
  1627428745 558528647 0  
  1627428746 558531487 0  
  1627428747 558531487 0  
  1627428748 558531991 0  
  1627428749 558531991 0  
  1627428750 558532083 0  
  1627428751 558532083 0  
  1627428753 558532083 0  
  1627428754 558532083 0  
  1627428755 558532083 0  
  1627428756 558532083 0  
  1627428757 558536716 0  
  1627428758 558536716 0  
  1627428759 558537424 0  
  1627428760 558537424 0  
  1627428761 558537424 0  
  1627428762 558537424 0  
  1627428763 558537424 0  
  1627428764 558537424 0  
  1627428765 558537424 0  
  1627428766 558537424 0  
  1627428767 558537424 0  
  1627428768 558537424 0  
  1627428769 558537424 0  
  1627428770 558537424 0  
  1627428771 558537424 0  
  1627428772 558537424 0  
  1627428773 558537424 0  
  1627428774 558537424 0  
  1627428775 558537424 0  
  1627428776 558537424 0  
  1627428777 558537424 0  
  1627428778 558537424 0  
  1627428779 558537424 0  
  1627428780 558539019 0  
  1627428781 558539019 0  
  1627428782 558539019 0  
  1627428783 558539019 0  
  1627428784 558539019 0  
  1627428785 558539019 0  
  1627428786 558539019 0  
  1627428787 558539019 0  
  1627428788 558539019 0  
  1627428789 558539019 0  
  1627428790 558539019 0  
  1627428792 558539019 0  
  1627428793 558539019 0  
  1627428794 558539019 0  
  1627428795 558539019 0  
  1627428796 558539019 0  
  1627428797 558539019 0  
  1627428798 558539019 0  
  1627428799 558539019 0  
  1627428800 558539019 0  
  1627428801 558539019 0  
  1627428802 558547637 0  
  1627428803 558548285 0  
  1627428804 558549701 0  
  1627428805 558549701 0  
  1627428806 558549701 0  
  1627428807 558549701 0  
  1627428808 558549701 0  
  1627428809 558549701 0  
  1627428810 558549701 0  
  1627428811 558549701 0  
  1627428812 558549701 0  
  1627428813 558549701 0  
  1627428814 558549701 0  
  1627428815 558549701 0  
  1627428816 558549701 0  
  1627428817 558549701 0  
  1627428818 558549701 0  
  1627428819 558549701 0  
  1627428820 558549701 0  
  1627428821 558549701 0  
  1627428822 558549701 0  
  1627428823 558549701 0  
  1627428824 558549701 0  
  1627428825 558549701 0  
  1627428826 558549793 0  
  1627428827 558549793 0  
  1627428828 558549793 0  
  1627428829 558549793 0  
  1627428831 558549793 0  
  1627428832 558549793 0  
  1627428833 558549793 0  
  1627428834 558549793 0  
  1627428835 558549793 0  
  1627428836 558549793 0  
  1627428837 558549793 0  
  1627428838 558549793 0  
  1627428839 558549793 0  
  1627428840 558549793 0  
  1627428841 558554102 0  
  1627428842 558554426 0  
  1627428843 558555066 0  
  1627428844 558555066 0  
  1627428845 558555066 0  
  1627428846 558555066 0  
  1627428847 558555066 0  
  1627428848 558555066 0  
  1627428849 558555066 0  
  1627428850 558555066 0  
  1627428851 558555066 0  
  1627428852 558555066 0  
  1627428853 558555066 0  
  1627428854 558555066 0  
  1627428855 558555066 0  
  1627428856 558555066 0  
  1627428857 558555066 0  
  1627428858 558555066 0  
  1627428859 558555066 0  
  1627428860 558555066 0  
  1627428861 558555066 0  
  1627428862 558555066 0  
  1627428863 558555066 0  
  1627428864 558555066 0  
  1627428865 558555066 0  
  1627428866 558555066 0  
  1627428867 558555066 0  
  1627428868 558555066 0  
  1627428869 558555066 0  
  1627428871 558555066 0  
  1627428872 558555066 0  
  1627428873 558555066 0  
  1627428874 558555066 0  
  1627428875 558555066 0  
  1627428876 558555066 0  
  1627428877 558555066 0  
  1627428878 558555066 0  
  1627428879 558555066 0  
  1627428880 558555066 0  
  1627428881 558555066 0  
  1627428882 558555066 0  
  1627428883 558555066 0  
  1627428884 558555066 0  
  1627428885 558555066 0  
  1627428886 558555066 0  
  1627428887 558555066 0  
  1627428888 558555066 0  
  1627428889 558555066 0  
  1627428890 558555066 0  
  1627428891 558555066 0  
  1627428892 558555066 0  
  1627428893 558555066 0  
  1627428894 558555066 0  
  1627428895 558555066 0  
  1627428896 558555066 0  
  1627428897 558555066 0  
  1627428898 558555066 0  
  1627428899 558555066 0  
  1627428900 558555066 0  
  1627428901 558555066 0  
  1627428902 558555066 0  
  1627428903 558555066 0  
  1627428904 558555066 0  
  1627428905 558555066 0  
  1627428906 558555066 0  
  1627428907 558555066 0  
  1627428909 558555066 0  
  1627428910 558555066 0  
  1627428911 558555066 0  
  1627428912 558555066 0  
  1627428913 558555066 0  
  1627428914 558555066 0  
  1627428915 558555066 0  
  1627428916 558555066 0  
  1627428917 558555066 0  
  1627428918 558555066 0  
  1627428919 558555066 0  
  1627428920 558555066 0  
  1627428921 558555066 0  
  1627428922 558555066 0  
  1627428923 558555066 0  
  1627428924 558555066 0  
  1627428925 558555066 0  
  1627428926 558555066 0  
  1627428927 558555066 0  
  1627428928 558555066 0  
  1627428929 558555066 0  
  1627428930 558555066 0  
  1627428931 558555066 0  
  1627428932 558555066 0  
  1627428933 558555066 0  
  1627428934 558555066 0  
  1627428935 558555066 0  
  1627428936 558555066 0  
  1627428937 558555066 0  
  1627428938 558555066 0  
  1627428939 558555066 0  
  1627428940 558555066 0  
  1627428941 558555066 0  
  1627428942 558555066 0  
  1627428943 558555423 0  
  1627428944 558555423 0  
  1627428945 558555423 0  
  1627428946 558555423 0  
  1627428948 558555423 0  
  1627428949 558555423 0  
  1627428950 558555423 0  
  1627428951 558555423 0  
  1627428952 558555423 0  
  1627428953 558555423 0  
  1627428954 558555423 0  
  1627428955 558555423 0  
  1627428956 558555423 0  
  1627428957 558555423 0  
  1627428958 558555423 0  
  1627428959 558555423 0  
  1627428960 558555423 0  
  1627428961 558555423 0  
  1627428962 558555423 0  
  1627428963 558555423 0  
  1627428964 558555423 0  
  1627428965 558555423 0  
  1627428966 558555423 0  
  1627428967 558555423 0  
  1627428968 558555423 0  
  1627428969 558555423 0  
  1627428970 558555423 0  
  1627428971 558555423 0  
  1627428972 558555423 0  
  1627428973 558555423 0  
  1627428974 558555423 0  
  1627428975 558555423 0  
  1627428976 558555423 0  
  1627428977 558555423 0  
  1627428978 558555423 0  
  1627428979 558556081 0  
  1627428980 558556081 0  
  1627428981 558556081 0  
  1627428982 558556081 0  
  1627428983 558556081 0  
  1627428984 558556081 0  
  1627428985 558556081 0  
  1627428987 558556081 0  
  1627428988 558556081 0  
  1627428989 558556081 0  
  1627428990 558556081 0  
  1627428991 558556081 0  
  1627428992 558556081 0  
  1627428993 558556081 0  
  1627428994 558556081 0  
  1627428995 558556081 0  
  1627428996 558556081 0  
  1627428997 558556081 0  
  1627428998 558556081 0  
  1627428999 558556081 0  
  1627429000 558556081 0  
  1627429001 558556081 0  
  1627429002 558556081 0  
  1627429003 558556081 0  
  1627429004 558556081 0  
  1627429005 558556081 0  
  1627429006 558556081 0  
  1627429007 558556173 0  
  1627429008 558556173 0  
  1627429009 558556173 0  
  1627429010 558556173 0  
  1627429011 558556173 0  
  1627429012 558556173 0  
  1627429013 558556173 0  
  1627429014 558556173 0  
  1627429015 558556173 0  
  1627429016 558556173 0  
  1627429017 558556173 0  
  1627429018 558556173 0  
  1627429019 558556173 0  
  1627429020 558556173 0  
  1627429021 558556173 0  
  1627429022 558556173 0  
  1627429023 558556173 0  
  1627429024 558556173 0  
  1627429026 558556173 0  
  1627429027 558556173 0  
  1627429028 558556173 0  
  1627429029 558556173 0  
  1627429030 558556173 0  
  1627429031 558560482 0  
  1627429032 558560806 0  
  1627429033 558561514 0  
  1627429034 558561514 0  
  1627429035 558561514 0  
  1627429036 558561514 0  
  1627429037 558561514 0  
  1627429038 558561514 0  
  1627429039 558561514 0  
  1627429040 558561514 0  
  1627429041 558561514 0  
  1627429042 558561514 0  
  1627429043 558561514 0  
  1627429044 558561514 0  
  1627429045 558561514 0  
  1627429046 558561514 0  
  1627429047 558561514 0  
  1627429048 558561514 0  
  1627429049 558561514 0  
  1627429050 558561514 0  
  1627429051 558561514 0  
  1627429052 558561514 0  
  1627429053 558561514 0  
  1627429054 558561514 0  
  1627429055 558561514 0  
  1627429056 558561514 0  
  1627429057 558561514 0  
  1627429058 558561658 0  
  1627429059 558566147 0  
  1627429060 558566147 0  
  1627429061 558566855 0  
  1627429063 558566855 0  
  1627429064 558566855 0  
  1627429065 558566855 0  
  1627429066 558566855 0  
  1627429067 558566855 0  
  1627429068 558566855 0  
  1627429069 558566855 0  
  1627429070 558566855 0  
  1627429071 558566855 0  
  1627429072 558566855 0  
  1627429073 558566855 0  
  1627429074 558566855 0  
  1627429075 558566855 0  
  1627429076 558566855 0  
  1627429077 558566855 0  
  1627429078 558566855 0  
  1627429079 558566855 0  
  1627429080 558566855 0  
  1627429081 558566855 0  
  1627429082 558566855 0  
  1627429083 558566855 0  
  1627429084 558566855 0  
  1627429085 558566947 0  
  1627429086 558566947 0  
  1627429087 558566947 0  
  1627429088 558566947 0  
  1627429089 558566947 0  
  1627429090 558566947 0  
  1627429091 558566947 0  
  1627429092 558566947 0  
  1627429093 558566947 0  
  1627429094 558566947 0  
  1627429095 558566947 0  
  1627429096 558566947 0  
  1627429097 558566947 0  
  1627429098 558566947 0  
  1627429100 558566947 0  
  1627429101 558566947 0  
  1627429102 558568852 0  
  1627429103 558576213 0  
  1627429104 558576213 0  
  1627429105 558577629 0  
  1627429106 558577629 0  
  1627429107 558577629 0  
  1627429108 558577629 0  
  1627429109 558577629 0  
  1627429110 558577629 0  
  1627429111 558577629 0  
  1627429112 558577629 0  
  1627429113 558577629 0  
  1627429114 558577629 0  
  1627429115 558577629 0  
  1627429116 558577629 0  
  1627429117 558577629 0  
  1627429118 558577629 0  
  1627429119 558577629 0  
  1627429120 558577629 0  
  1627429121 558577629 0  
  1627429122 558577629 0  
  1627429123 558577629 0  
  1627429124 558577629 0  
  1627429125 558577629 0  
  1627429126 558577629 0  
  1627429127 558577629 0  
  1627429128 558577629 0  
  1627429129 558577629 0  
  1627429130 558577629 0  
  1627429131 558577629 0  
  1627429132 558577629 0  
  1627429133 558577629 0  
  1627429134 558577629 0  
  1627429135 558577629 0  
  1627429137 558577629 0  
  1627429138 558577629 0  
  1627429139 558577629 0  
  1627429140 558577629 0  
  1627429141 558581938 0  
  1627429142 558582262 0  
  1627429143 558582262 0  
  1627429144 558582834 0  
  1627429145 558582834 0  
  1627429146 558582834 0  
  1627429147 558582834 0  
  1627429148 558582834 0  
  1627429149 558582834 0  
  1627429150 558582834 0  
  1627429151 558582834 0  
  1627429152 558582834 0  
  1627429153 558582834 0  
  1627429154 558582834 0  
  1627429155 558582834 0  
  1627429156 558582834 0  
  1627429157 558582834 0  
  1627429158 558582834 0  
  1627429159 558582834 0  
  1627429160 558582834 0  
  1627429161 558582834 0  
  1627429162 558582834 0  
  1627429163 558582834 0  
  1627429164 558582834 0  
  1627429165 558582834 0  
  1627429166 558582834 0  
  1627429167 558582834 0  
  1627429168 558582834 0  
  1627429169 558582834 0  
  1627429170 558582834 0  
  1627429171 558582834 0  
  1627429172 558582834 0  
  1627429174 558582834 0  
  1627429175 558582834 0  
  1627429176 558582834 0  
  1627429177 558582834 0  
  1627429178 558582834 0  
  1627429179 558582834 0  
  1627429180 558583424 0  
  1627429181 558583424 0  
  1627429182 558583424 0  
  1627429183 558583424 0  
  1627429184 558583424 0  
  1627429185 558583424 0  
  1627429186 558583424 0  
  1627429187 558583424 0  
  1627429188 558583424 0  
  1627429189 558583424 0  
  1627429190 558583424 0  
  1627429191 558583424 0  
  1627429192 558583424 0  
  1627429193 558583424 0  
  1627429194 558583424 0  
  1627429195 558583424 0  
  1627429196 558583424 0  
  1627429197 558583424 0  
  1627429198 558583424 0  
  1627429199 558583424 0  
  1627429200 558583424 0  
  1627429201 558583424 0  
  1627429202 558583424 0  
  1627429203 558583424 0  
  1627429204 558583424 0  
  1627429205 558583424 0  
  1627429206 558583424 0  
  1627429207 558583424 0  
  1627429208 558583424 0  
  1627429209 558583424 0  
  1627429211 558583424 0  
  1627429212 558583424 0  
  1627429213 558583424 0  
  1627429214 558583424 0  
  1627429215 558583424 0  
  1627429216 558583424 0  
  1627429217 558583424 0  
  1627429218 558583424 0  
  1627429219 558583424 0  
  1627429220 558583424 0  
  1627429221 558583424 0  
  1627429222 558583424 0  
  1627429223 558583424 0  
  1627429224 558583424 0  
  1627429225 558583424 0  
  1627429226 558583424 0  
  1627429227 558583424 0  
  1627429228 558583424 0  
  1627429229 558583424 0  
  1627429230 558583424 0  
  1627429231 558583424 0  
  1627429232 558583424 0  
  1627429233 558583424 0  
  1627429234 558583424 0  
  1627429235 558583424 0  
  1627429236 558583424 0  
  1627429237 558583424 0  
  1627429238 558583424 0  
  1627429239 558583424 0  
  1627429240 558583424 0  
  1627429241 558583424 0  
  1627429242 558583424 0  
  1627429243 558583781 0  
  1627429244 558583781 0  
  1627429245 558583781 0  
  1627429246 558583781 0  
  1627429248 558583781 0  
  1627429249 558583781 0  
  1627429250 558583781 0  
  1627429251 558583781 0  
  1627429252 558583781 0  
  1627429253 558583781 0  
  1627429254 558583781 0  
  1627429255 558583781 0  
  1627429256 558583781 0  
  1627429257 558583781 0  
  1627429258 558583781 0  
  1627429259 558583781 0  
  1627429260 558583781 0  
  1627429261 558583781 0  
  1627429262 558583781 0  
  1627429263 558583781 0  
  1627429264 558583781 0  
  1627429265 558583781 0  
  1627429266 558583781 0  
  1627429267 558583781 0  
  1627429268 558583873 0  
  1627429269 558583873 0  
  1627429270 558583873 0  
  1627429271 558583873 0  
  1627429272 558583873 0  
  1627429273 558583873 0  
  1627429274 558583873 0  
  1627429275 558583873 0  
  1627429276 558583873 0  
  1627429277 558583873 0  
  1627429278 558583873 0  
  1627429279 558583873 0  
  1627429280 558583873 0  
  1627429281 558583873 0  
  1627429282 558583873 0  
  1627429283 558583873 0  
  1627429285 558583873 0  
  1627429286 558583873 0  
  1627429287 558583873 0  
  1627429288 558583873 0  
  1627429289 558583873 0  
  1627429290 558583873 0  
  1627429291 558583873 0  
  1627429292 558583873 0  
  1627429293 558583873 0  
  1627429294 558583873 0  
  1627429295 558583873 0  
  1627429296 558583873 0  
  1627429297 558583873 0  
  1627429298 558583873 0  
  1627429299 558583873 0  
  1627429300 558583873 0  
  1627429301 558583873 0  
  1627429302 558583873 0  
  1627429303 558583873 0  
  1627429304 558583873 0  
  1627429305 558583873 0  
  1627429306 558583873 0  
  1627429307 558583873 0  
  1627429308 558583873 0  
  1627429309 558583873 0  
  1627429310 558583873 0  
  1627429311 558583873 0  
  1627429312 558583873 0  
  1627429313 558583873 0  
  1627429314 558583873 0  
  1627429315 558583873 0  
  1627429316 558583873 0  
  1627429317 558583873 0  
  1627429318 558583873 0  
  1627429319 558583873 0  
  1627429320 558583873 0  
  1627429322 558583873 0  
  1627429323 558583873 0  
  1627429324 558583873 0  
  1627429325 558583873 0  
  1627429326 558583873 0  
  1627429327 558583873 0  
  1627429328 558583873 0  
  1627429329 558583873 0  
  1627429330 558583873 0  
 