 1626781493 459089888 0  
  1626781494 459089888 0  
  1626781495 459089888 0  
  1626781496 459089888 0  
  1626781497 459089888 0  
  1626781498 459089888 0  
  1626781499 459089888 0  
  1626781500 459089888 0  
  1626781501 459089888 0  
  1626781502 459089888 0  
  1626781503 459089888 0  
  1626781504 459089888 0  
  1626781505 459089888 0  
  1626781506 459089888 0  
  1626781507 459089888 0  
  1626781508 459089888 0  
  1626781509 459094197 0  
  1626781510 459094613 0  
  1626781511 459094613 0  
  1626781512 459095321 0  
  1626781513 459095321 0  
  1626781514 459095321 0  
  1626781515 459095321 0  
  1626781516 459095321 0  
  1626781517 459095321 0  
  1626781518 459095321 0  
  1626781519 459095321 0  
  1626781520 459095321 0  
  1626781521 459095321 0  
  1626781522 459099722 0  
  1626781523 459101923 0  
  1626781524 459109696 0  
  1626781525 459110728 0  
  1626781526 459111436 0  
  1626781527 459111436 0  
  1626781528 459111436 0  
  1626781530 459111436 0  
  1626781531 459111436 0  
  1626781532 459111436 0  
  1626781533 459111436 0  
  1626781534 459111436 0  
  1626781535 459111436 0  
  1626781536 459111436 0  
  1626781537 459111436 0  
  1626781538 459111436 0  
  1626781539 459111436 0  
  1626781540 459111436 0  
  1626781541 459111436 0  
  1626781542 459111436 0  
  1626781543 459111885 0  
  1626781544 459111885 0  
  1626781545 459111885 0  
  1626781546 459111885 0  
  1626781547 459111885 0  
  1626781548 459111885 0  
  1626781549 459111885 0  
  1626781550 459111885 0  
  1626781551 459111885 0  
  1626781552 459111885 0  
  1626781553 459111885 0  
  1626781554 459111977 0  
  1626781555 459111977 0  
  1626781556 459111977 0  
  1626781557 459111977 0  
  1626781558 459111977 0  
  1626781559 459111977 0  
  1626781560 459111977 0  
  1626781561 459111977 0  
  1626781562 459111977 0  
  1626781563 459111977 0  
  1626781564 459111977 0  
  1626781565 459111977 0  
  1626781566 459111977 0  
  1626781567 459111977 0  
  1626781568 459111977 0  
  1626781570 459111977 0  
  1626781571 459111977 0  
  1626781572 459111977 0  
  1626781573 459111977 0  
  1626781574 459111977 0  
  1626781575 459111977 0  
  1626781576 459112069 0  
  1626781577 459112069 0  
  1626781578 459112069 0  
  1626781579 459112069 0  
  1626781580 459112069 0  
  1626781581 459112069 0  
  1626781582 459112069 0  
  1626781583 459112069 0  
  1626781584 459112069 0  
  1626781585 459112069 0  
  1626781586 459112161 0  
  1626781587 459112161 0  
  1626781588 459112161 0  
  1626781589 459112161 0  
  1626781590 459112161 0  
  1626781591 459112161 0  
  1626781592 459112161 0  
  1626781593 459112161 0  
  1626781594 459112161 0  
  1626781595 459112161 0  
  1626781596 459112161 0  
  1626781597 459112161 0  
  1626781598 459112161 0  
  1626781599 459112161 0  
  1626781600 459112161 0  
  1626781601 459112161 0  
  1626781602 459112161 0  
  1626781603 459112161 0  
  1626781604 459112161 0  
  1626781605 459112161 0  
  1626781606 459112161 0  
  1626781607 459112253 0  
  1626781608 459112253 0  
  1626781610 459112253 0  
  1626781611 459112253 0  
  1626781612 459112253 0  
  1626781613 459112253 0  
  1626781614 459112253 0  
  1626781615 459112253 0  
  1626781616 459112253 0  
  1626781617 459112253 0  
  1626781618 459112253 0  
  1626781619 459112345 0  
  1626781620 459112345 0  
  1626781621 459112345 0  
  1626781622 459112345 0  
  1626781623 459112345 0  
  1626781624 459112345 0  
  1626781625 459112345 0  
  1626781626 459112345 0  
  1626781627 459112345 0  
  1626781628 459112345 0  
  1626781629 459112345 0  
  1626781630 459112345 0  
  1626781631 459112345 0  
  1626781632 459112345 0  
  1626781633 459112345 0  
  1626781634 459112345 0  
  1626781635 459112345 0  
  1626781636 459112345 0  
  1626781637 459112345 0  
  1626781638 459112345 0  
  1626781639 459112437 0  
  1626781640 459112437 0  
  1626781641 459112437 0  
  1626781642 459112437 0  
  1626781643 459112437 0  
  1626781644 459112437 0  
  1626781645 459112437 0  
  1626781646 459112437 0  
  1626781647 459112437 0  
  1626781649 459112437 0  
  1626781650 459112437 0  
  1626781651 459112437 0  
  1626781652 459112529 0  
  1626781653 459112529 0  
  1626781654 459112529 0  
  1626781655 459112529 0  
  1626781656 459112529 0  
  1626781657 459112529 0  
  1626781658 459112529 0  
  1626781659 459112529 0  
  1626781660 459112529 0  
  1626781661 459112529 0  
  1626781662 459112529 0  
  1626781663 459112529 0  
  1626781664 459112529 0  
  1626781665 459112529 0  
  1626781666 459113125 0  
  1626781667 459113125 0  
  1626781668 459113125 0  
  1626781669 459113125 0  
  1626781670 459113125 0  
  1626781671 459113125 0  
  1626781672 459117526 0  
  1626781673 459117850 0  
  1626781674 459118558 0  
  1626781675 459118558 0  
  1626781676 459118558 0  
  1626781677 459118558 0  
  1626781678 459118558 0  
  1626781679 459118558 0  
  1626781680 459118558 0  
  1626781681 459118558 0  
  1626781682 459118558 0  
  1626781683 459118650 0  
  1626781684 459118650 0  
  1626781685 459118650 0  
  1626781686 459118650 0  
  1626781687 459118650 0  
  1626781689 459118650 0  
  1626781690 459118650 0  
  1626781691 459118650 0  
  1626781692 459118650 0  
  1626781693 459118650 0  
  1626781694 459118650 0  
  1626781695 459118650 0  
  1626781696 459118650 0  
  1626781697 459118650 0  
  1626781698 459118650 0  
  1626781699 459118650 0  
  1626781700 459118650 0  
  1626781701 459118650 0  
  1626781702 459118650 0  
  1626781703 459118650 0  
  1626781704 459118742 0  
  1626781705 459118742 0  
  1626781706 459118742 0  
  1626781707 459118742 0  
  1626781708 459118742 0  
  1626781709 459118742 0  
  1626781710 459118742 0  
  1626781711 459118742 0  
  1626781712 459118742 0  
  1626781713 459118742 0  
  1626781714 459118742 0  
  1626781715 459118742 0  
  1626781716 459118834 0  
  1626781717 459118916 0  
  1626781718 459118916 0  
  1626781719 459118916 0  
  1626781720 459118916 0  
  1626781721 459118916 0  
  1626781722 459118916 0  
  1626781723 459118916 0  
  1626781724 459118916 0  
  1626781725 459118916 0  
  1626781726 459118916 0  
  1626781728 459118916 0  
  1626781729 459118916 0  
  1626781730 459118916 0  
  1626781731 459118916 0  
  1626781732 459118916 0  
  1626781733 459118916 0  
  1626781734 459118916 0  
  1626781735 459118916 0  
  1626781736 459119008 0  
  1626781737 459119008 0  
  1626781738 459119008 0  
  1626781739 459119008 0  
  1626781740 459119008 0  
  1626781741 459119008 0  
  1626781742 459119008 0  
  1626781743 459119008 0  
  1626781744 459119008 0  
  1626781745 459119008 0  
  1626781746 459119008 0  
  1626781747 459119008 0  
  1626781748 459119008 0  
  1626781749 459119100 0  
  1626781750 459119100 0  
  1626781751 459119100 0  
  1626781752 459119100 0  
  1626781753 459119100 0  
  1626781754 459119100 0  
  1626781755 459119100 0  
  1626781756 459119100 0  
  1626781757 459119100 0  
  1626781758 459119100 0  
  1626781759 459119100 0  
  1626781760 459119100 0  
  1626781761 459119100 0  
  1626781762 459119100 0  
  1626781763 459119100 0  
  1626781764 459119100 0  
  1626781765 459119100 0  
  1626781766 459119100 0  
  1626781768 459119100 0  
  1626781769 459119192 0  
  1626781770 459119192 0  
  1626781771 459119192 0  
  1626781772 459119192 0  
  1626781773 459119192 0  
  1626781774 459119192 0  
  1626781775 459119192 0  
  1626781776 459119192 0  
  1626781777 459119192 0  
  1626781778 459119192 0  
  1626781779 459119192 0  
  1626781780 459119192 0  
  1626781781 459119284 0  
  1626781782 459119284 0  
  1626781783 459119284 0  
  1626781784 459119284 0  
  1626781785 459119284 0  
  1626781786 459119284 0  
  1626781787 459119284 0  
  1626781788 459119284 0  
  1626781789 459119284 0  
  1626781790 459119284 0  
  1626781791 459119284 0  
  1626781792 459119284 0  
  1626781793 459119284 0  
  1626781794 459119284 0  
  1626781795 459119284 0  
  1626781796 459119284 0  
  1626781797 459119284 0  
  1626781798 459119284 0  
  1626781799 459119284 0  
  1626781800 459119284 0  
  1626781801 459119284 0  
  1626781802 459119284 0  
  1626781803 459119284 0  
  1626781804 459119284 0  
  1626781805 459119284 0  
  1626781806 459119284 0  
  1626781808 459119284 0  
  1626781809 459123593 0  
  1626781810 459123917 0  
  1626781811 459124625 0  
  1626781812 459124625 0  
  1626781813 459124625 0  
  1626781814 459124625 0  
  1626781815 459124625 0  
  1626781816 459124625 0  
  1626781817 459124625 0  
  1626781818 459124625 0  
  1626781819 459124625 0  
  1626781820 459124625 0  
  1626781821 459124625 0  
  1626781822 459124625 0  
  1626781823 459128934 0  
  1626781824 459133891 0  
  1626781825 459138524 0  
  1626781826 459139804 0  
  1626781827 459140512 0  
  1626781828 459140512 0  
  1626781829 459140512 0  
  1626781830 459140512 0  
  1626781831 459140512 0  
  1626781832 459140512 0  
  1626781833 459140604 0  
  1626781834 459140604 0  
  1626781835 459140604 0  
  1626781836 459140604 0  
  1626781837 459140604 0  
  1626781838 459140604 0  
  1626781839 459140604 0  
  1626781840 459140604 0  
  1626781841 459140604 0  
  1626781842 459140604 0  
  1626781843 459391966 0  
  1626781844 459391966 0  
  1626781845 459391966 0  
  1626781846 459392177 0  
  1626781848 459392177 0  
  1626781849 459392177 0  
  1626781850 459392177 0  
  1626781851 459392177 0  
  1626781852 459392177 0  
  1626781853 459392177 0  
  1626781854 459392177 0  
  1626781855 459392177 0  
  1626781856 459392177 0  
  1626781857 459392177 0  
  1626781858 459392177 0  
  1626781859 459392177 0  
  1626781860 459392177 0  
  1626781861 459392177 0  
  1626781862 459392177 0  
  1626781863 459392177 0  
  1626781864 459392177 0  
  1626781865 459392773 0  
  1626781866 459392773 0  
  1626781867 459392773 0  
  1626781868 459392773 0  
  1626781869 459392773 0  
  1626781870 459392773 0  
  1626781871 459392773 0  
  1626781872 459392773 0  
  1626781873 459392773 0  
  1626781874 459392773 0  
  1626781875 459392773 0  
  1626781876 459392773 0  
  1626781877 459392773 0  
  1626781878 459392773 0  
  1626781879 459392773 0  
  1626781880 459392773 0  
  1626781881 459392773 0  
  1626781882 459392773 0  
  1626781883 459392773 0  
  1626781884 459392773 0  
  1626781885 459392773 0  
  1626781886 459392773 0  
  1626781888 459392773 0  
  1626781889 459392773 0  
  1626781890 459392773 0  
  1626781891 459392773 0  
  1626781892 459392773 0  
  1626781893 459392773 0  
  1626781894 459392773 0  
  1626781895 459392773 0  
  1626781896 459392773 0  
  1626781897 459392773 0  
  1626781898 459392865 0  
  1626781899 459392865 0  
  1626781900 459392865 0  
  1626781901 459392865 0  
  1626781902 459392865 0  
  1626781903 459392865 0  
  1626781904 459392865 0  
  1626781905 459392865 0  
  1626781906 459392865 0  
  1626781907 459392865 0  
  1626781908 459392865 0  
  1626781909 459392865 0  
  1626781910 459392865 0  
  1626781911 459392957 0  
  1626781912 459392957 0  
  1626781913 459392957 0  
  1626781914 459392957 0  
  1626781915 459392957 0  
  1626781916 459392957 0  
  1626781917 459392957 0  
  1626781918 459392957 0  
  1626781919 459392957 0  
  1626781920 459392957 0  
  1626781921 459392957 0  
  1626781922 459392957 0  
  1626781923 459392957 0  
  1626781924 459392957 0  
  1626781925 459392957 0  
  1626781926 459392957 0  
  1626781927 459392957 0  
  1626781929 459392957 0  
  1626781930 459392957 0  
  1626781931 459393049 0  
  1626781932 459393049 0  
  1626781933 459393049 0  
  1626781934 459393049 0  
  1626781935 459393049 0  
  1626781936 459393049 0  
  1626781937 459393049 0  
  1626781938 459393049 0  
  1626781939 459393049 0  
  1626781940 459393049 0  
  1626781941 459393049 0  
  1626781942 459393049 0  
  1626781943 459393049 0  
  1626781944 459393049 0  
  1626781945 459393049 0  
  1626781946 459393049 0  
  1626781947 459393049 0  
  1626781948 459393049 0  
  1626781949 459393049 0  
  1626781950 459393049 0  
  1626781951 459393049 0  
  1626781952 459393049 0  
  1626781953 459393049 0  
  1626781954 459393049 0  
  1626781955 459393049 0  
  1626781956 459393049 0  
  1626781957 459393049 0  
  1626781958 459393049 0  
  1626781959 459393049 0  
  1626781960 459393049 0  
  1626781961 459393049 0  
  1626781962 459393049 0  
  1626781963 459393141 0  
  1626781964 459393141 0  
  1626781965 459393141 0  
  1626781966 459393141 0  
  1626781967 459393141 0  
  1626781969 459393141 0  
  1626781970 459393141 0  
  1626781971 459393141 0  
  1626781972 459395102 0  
  1626781973 459397774 0  
  1626781974 459397774 0  
  1626781975 459398506 0  
  1626781976 459398506 0  
  1626781977 459398506 0  
  1626781978 459398506 0  
  1626781979 459398506 0  
  1626781980 459398506 0  
  1626781981 459398506 0  
  1626781982 459398506 0  
  1626781983 459398506 0  
  1626781984 459398506 0  
  1626781985 459398506 0  
  1626781986 459398506 0  
  1626781987 459398506 0  
  1626781988 459398506 0  
  1626781989 459398506 0  
  1626781990 459398506 0  
  1626781991 459398506 0  
  1626781992 459398506 0  
  1626781993 459398506 0  
  1626781994 459398506 0  
  1626781995 459398598 0  
  1626781996 459398598 0  
  1626781997 459398598 0  
  1626781998 459398936 0  
  1626781999 459398936 0  
  1626782000 459398936 0  
  1626782001 459398936 0  
  1626782002 459398936 0  
  1626782003 459398936 0  
  1626782004 459398936 0  
  1626782005 459398936 0  
  1626782006 459398936 0  
  1626782008 459398936 0  
  1626782009 459398936 0  
  1626782010 459398936 0  
  1626782011 459398936 0  
  1626782012 459398936 0  
  1626782013 459398936 0  
  1626782014 459398936 0  
  1626782015 459398936 0  
  1626782016 459398936 0  
  1626782017 459398936 0  
  1626782018 459398936 0  
  1626782019 459398936 0  
  1626782020 459398936 0  
  1626782021 459398936 0  
  1626782022 459398936 0  
  1626782023 459398936 0  
  1626782024 459398936 0  
  1626782025 459398936 0  
  1626782026 459398936 0  
  1626782027 459398936 0  
  1626782028 459399028 0  
  1626782029 459399028 0  
  1626782030 459399028 0  
  1626782031 459399028 0  
  1626782032 459399028 0  
  1626782033 459399028 0  
  1626782034 459399028 0  
  1626782035 459399028 0  
  1626782036 459399028 0  
  1626782037 459399028 0  
  1626782038 459399028 0  
  1626782039 459399028 0  
  1626782040 459399120 0  
  1626782041 459399120 0  
  1626782042 459399120 0  
  1626782043 459399120 0  
  1626782044 459399120 0  
  1626782045 459399120 0  
  1626782046 459399120 0  
  1626782048 459399120 0  
  1626782049 459399120 0  
  1626782050 459399120 0  
  1626782051 459399120 0  
  1626782052 459399120 0  
  1626782053 459399120 0  
  1626782054 459399120 0  
  1626782055 459399120 0  
  1626782056 459399120 0  
  1626782057 459399120 0  
  1626782058 459399120 0  
  1626782059 459399120 0  
  1626782060 459399120 0  
  1626782061 459399212 0  
  1626782062 459399212 0  
  1626782063 459399212 0  
  1626782064 459399212 0  
  1626782065 459399212 0  
  1626782066 459399808 0  
  1626782067 459399808 0  
  1626782068 459399808 0  
  1626782069 459399808 0  
  1626782070 459399808 0  
  1626782071 459399808 0  
  1626782072 459399808 0  
  1626782073 459399808 0  
  1626782074 459399808 0  
  1626782075 459399808 0  
  1626782076 459399808 0  
  1626782077 459399808 0  
  1626782078 459399808 0  
  1626782079 459399808 0  
  1626782080 459399808 0  
  1626782081 459399808 0  
  1626782082 459399808 0  
  1626782083 459399808 0  
  1626782084 459399808 0  
  1626782085 459399808 0  
  1626782086 459399808 0  
  1626782088 459399808 0  
  1626782089 459399808 0  
  1626782090 459399808 0  
  1626782091 459399808 0  
  1626782092 459399808 0  
  1626782093 459399900 0  
  1626782094 459399900 0  
  1626782095 459399900 0  
  1626782096 459399900 0  
  1626782097 459399900 0  
  1626782098 459400238 0  
  1626782099 459400238 0  
  1626782100 459400238 0  
  1626782101 459400238 0  
  1626782102 459400238 0  
  1626782103 459400238 0  
  1626782104 459400238 0  
  1626782105 459400330 0  
  1626782106 459400330 0  
  1626782107 459400330 0  
  1626782108 459404639 0  
  1626782109 459404963 0  
  1626782110 459404963 0  
  1626782111 459405671 0  
  1626782112 459405671 0  
  1626782113 459405671 0  
  1626782114 459405671 0  
  1626782115 459405671 0  
  1626782116 459405671 0  
  1626782117 459405671 0  
  1626782118 459405671 0  
  1626782119 459405671 0  
  1626782120 459405671 0  
  1626782121 459405671 0  
  1626782122 459405671 0  
  1626782123 459414289 0  
  1626782124 459419246 0  
  1626782125 459421010 0  
  1626782126 459421718 0  
  1626782128 459421718 0  
  1626782129 459421718 0  
  1626782130 459421718 0  
  1626782131 459421718 0  
 