 1627431303 567317232 0  
  1627431304 567317232 0  
  1627431305 567317232 0  
  1627431306 567317232 0  
  1627431307 567317232 0  
  1627431308 567317232 0  
  1627431309 567317232 0  
  1627431310 567317232 0  
  1627431311 567317232 0  
  1627431312 567317232 0  
  1627431313 567317232 0  
  1627431314 567317232 0  
  1627431315 567317232 0  
  1627431316 567317232 0  
  1627431317 567317232 0  
  1627431318 567317570 0  
  1627431319 567317570 0  
  1627431320 567317570 0  
  1627431321 567317570 0  
  1627431322 567317570 0  
  1627431323 567317570 0  
  1627431324 567317570 0  
  1627431325 567317570 0  
  1627431326 567317570 0  
  1627431327 567317570 0  
  1627431328 567317570 0  
  1627431329 567317570 0  
  1627431330 567317570 0  
  1627431331 567317570 0  
  1627431332 567317570 0  
  1627431333 567317570 0  
  1627431334 567317570 0  
  1627431335 567317570 0  
  1627431336 567317570 0  
  1627431337 567317927 0  
  1627431339 567317927 0  
  1627431340 567317927 0  
  1627431341 567317927 0  
  1627431342 567317927 0  
  1627431343 567317927 0  
  1627431344 567317927 0  
  1627431345 567317927 0  
  1627431346 567317927 0  
  1627431347 567317927 0  
  1627431348 567317927 0  
  1627431349 567317927 0  
  1627431350 567317927 0  
  1627431351 567317927 0  
  1627431352 567317927 0  
  1627431353 567317927 0  
  1627431354 567317927 0  
  1627431355 567317927 0  
  1627431356 567317927 0  
  1627431357 567317927 0  
  1627431358 567317927 0  
  1627431359 567317927 0  
  1627431360 567317927 0  
  1627431361 567317927 0  
  1627431362 567317927 0  
  1627431363 567317927 0  
  1627431364 567317927 0  
  1627431365 567317927 0  
  1627431366 567317927 0  
  1627431367 567317927 0  
  1627431368 567317927 0  
  1627431369 567317927 0  
  1627431370 567317927 0  
  1627431371 567317927 0  
  1627431372 567317927 0  
  1627431373 567317927 0  
  1627431374 567317927 0  
  1627431375 567317927 0  
  1627431376 567317927 0  
  1627431377 567317927 0  
  1627431379 567317927 0  
  1627431380 567317927 0  
  1627431381 567317927 0  
  1627431382 567317927 0  
  1627431383 567317927 0  
  1627431384 567317927 0  
  1627431385 567317927 0  
  1627431386 567317927 0  
  1627431387 567317927 0  
  1627431388 567317927 0  
  1627431389 567317927 0  
  1627431390 567317927 0  
  1627431391 567317927 0  
  1627431392 567317927 0  
  1627431393 567317927 0  
  1627431394 567317927 0  
  1627431395 567317927 0  
  1627431396 567317927 0  
  1627431397 567317927 0  
  1627431398 567317927 0  
  1627431399 567317927 0  
  1627431400 567317927 0  
  1627431401 567317927 0  
  1627431402 567317927 0  
  1627431403 567317927 0  
  1627431404 567317927 0  
  1627431405 567317927 0  
  1627431406 567317927 0  
  1627431407 567317927 0  
  1627431408 567317927 0  
  1627431409 567317927 0  
  1627431410 567317927 0  
  1627431411 567317927 0  
  1627431412 567317927 0  
  1627431413 567317927 0  
  1627431414 567317927 0  
  1627431415 567317927 0  
  1627431416 567317927 0  
  1627431417 567317927 0  
  1627431419 567317927 0  
  1627431420 567317927 0  
  1627431421 567317927 0  
  1627431422 567317927 0  
  1627431423 567317927 0  
  1627431424 567317927 0  
  1627431425 567317927 0  
  1627431426 567320824 0  
  1627431427 567322560 0  
  1627431428 567322560 0  
  1627431429 567323268 0  
  1627431430 567323268 0  
  1627431431 567323268 0  
  1627431432 567323268 0  
  1627431433 567323268 0  
  1627431434 567323268 0  
  1627431435 567323268 0  
  1627431436 567323268 0  
  1627431437 567323268 0  
  1627431438 567323268 0  
  1627431439 567323268 0  
  1627431440 567323268 0  
  1627431441 567323268 0  
  1627431442 567323268 0  
  1627431443 567323268 0  
  1627431444 567323268 0  
  1627431445 567323268 0  
  1627431446 567323268 0  
  1627431447 567323268 0  
  1627431448 567323268 0  
  1627431449 567323268 0  
  1627431450 567323268 0  
  1627431451 567323268 0  
  1627431452 567323268 0  
  1627431453 567323268 0  
  1627431454 567327901 0  
  1627431455 567327901 0  
  1627431456 567328609 0  
  1627431458 567328609 0  
  1627431459 567328609 0  
  1627431460 567328609 0  
  1627431461 567328609 0  
  1627431462 567328609 0  
  1627431463 567328609 0  
  1627431464 567328609 0  
  1627431465 567328609 0  
  1627431466 567328609 0  
  1627431467 567328609 0  
  1627431468 567328947 0  
  1627431469 567328947 0  
  1627431470 567328947 0  
  1627431471 567328947 0  
  1627431472 567328947 0  
  1627431473 567328947 0  
  1627431474 567328947 0  
  1627431475 567328947 0  
  1627431476 567328947 0  
  1627431477 567328947 0  
  1627431478 567328947 0  
  1627431479 567329543 0  
  1627431480 567329543 0  
  1627431481 567329543 0  
  1627431482 567329543 0  
  1627431483 567329543 0  
  1627431484 567329543 0  
  1627431485 567329543 0  
  1627431486 567329543 0  
  1627431487 567329543 0  
  1627431488 567329543 0  
  1627431489 567329543 0  
  1627431490 567329543 0  
  1627431491 567329543 0  
  1627431492 567329543 0  
  1627431493 567329543 0  
  1627431494 567329543 0  
  1627431495 567329543 0  
  1627431497 567333852 0  
  1627431498 567338809 0  
  1627431499 567339517 0  
  1627431500 567340225 0  
  1627431501 567340225 0  
  1627431502 567340225 0  
  1627431503 567340225 0  
  1627431504 567340225 0  
  1627431505 567340225 0  
  1627431506 567340225 0  
  1627431507 567340225 0  
  1627431508 567340225 0  
  1627431509 567340225 0  
  1627431510 567340225 0  
  1627431511 567340225 0  
  1627431512 567340225 0  
  1627431513 567340225 0  
  1627431514 567340225 0  
  1627431515 567340225 0  
  1627431516 567340225 0  
  1627431517 567340225 0  
  1627431518 567340225 0  
  1627431519 567340225 0  
  1627431520 567340225 0  
  1627431521 567340225 0  
  1627431522 567340225 0  
  1627431523 567340225 0  
  1627431524 567340225 0  
  1627431525 567340317 0  
  1627431526 567340317 0  
  1627431527 567340317 0  
  1627431528 567340317 0  
  1627431529 567340317 0  
  1627431530 567340317 0  
  1627431531 567340317 0  
  1627431532 567340317 0  
  1627431533 567340317 0  
  1627431534 567340317 0  
  1627431536 567344626 0  
  1627431537 567344950 0  
  1627431538 567345658 0  
  1627431539 567345658 0  
  1627431540 567345658 0  
  1627431541 567345658 0  
  1627431542 567345658 0  
  1627431543 567345658 0  
  1627431544 567345658 0  
  1627431545 567345658 0  
  1627431546 567345658 0  
  1627431547 567345658 0  
  1627431548 567345658 0  
  1627431549 567345658 0  
  1627431550 567345658 0  
  1627431551 567345658 0  
  1627431552 567345658 0  
  1627431553 567345658 0  
  1627431554 567345658 0  
  1627431555 567345658 0  
  1627431556 567345658 0  
  1627431557 567345658 0  
  1627431558 567345658 0  
  1627431559 567345658 0  
  1627431560 567345658 0  
  1627431561 567345658 0  
  1627431562 567345658 0  
  1627431563 567345658 0  
  1627431564 567345658 0  
  1627431565 567345658 0  
  1627431566 567345658 0  
  1627431567 567345658 0  
  1627431568 567345658 0  
  1627431569 567345658 0  
  1627431570 567345658 0  
  1627431571 567345658 0  
  1627431572 567345658 0  
  1627431573 567345658 0  
  1627431575 567345658 0  
  1627431576 567345658 0  
  1627431577 567345658 0  
  1627431578 567345658 0  
  1627431579 567345658 0  
  1627431580 567345658 0  
  1627431581 567345658 0  
  1627431582 567345658 0  
  1627431583 567345658 0  
  1627431584 567345658 0  
  1627431585 567345658 0  
  1627431586 567345658 0  
  1627431587 567345658 0  
  1627431588 567345658 0  
  1627431589 567345658 0  
  1627431590 567345658 0  
  1627431591 567345658 0  
  1627431592 567345658 0  
  1627431593 567345658 0  
  1627431594 567345658 0  
  1627431595 567345658 0  
  1627431596 567345658 0  
  1627431597 567345658 0  
  1627431598 567345658 0  
  1627431599 567345658 0  
  1627431600 567345658 0  
  1627431601 567345658 0  
  1627431602 567345658 0  
  1627431603 567345658 0  
  1627431604 567345658 0  
  1627431605 567345658 0  
  1627431606 567345996 0  
  1627431607 567345996 0  
  1627431608 567345996 0  
  1627431609 567345996 0  
  1627431610 567345996 0  
  1627431611 567345996 0  
  1627431612 567345996 0  
  1627431614 567345996 0  
  1627431615 567345996 0  
  1627431616 567345996 0  
  1627431617 567345996 0  
  1627431618 567345996 0  
  1627431619 567345996 0  
  1627431620 567345996 0  
  1627431621 567345996 0  
  1627431622 567345996 0  
  1627431623 567345996 0  
  1627431624 567345996 0  
  1627431625 567345996 0  
  1627431626 567345996 0  
  1627431627 567345996 0  
  1627431628 567345996 0  
  1627431629 567345996 0  
  1627431630 567345996 0  
  1627431631 567345996 0  
  1627431632 567345996 0  
  1627431633 567345996 0  
  1627431634 567345996 0  
  1627431635 567345996 0  
  1627431636 567345996 0  
  1627431637 567346353 0  
  1627431638 567346353 0  
  1627431639 567346353 0  
  1627431640 567346353 0  
  1627431641 567346353 0  
  1627431642 567346353 0  
  1627431643 567346353 0  
  1627431644 567346353 0  
  1627431645 567346353 0  
  1627431646 567346353 0  
  1627431647 567346353 0  
  1627431648 567346353 0  
  1627431649 567346353 0  
  1627431650 567346353 0  
  1627431651 567346353 0  
  1627431653 567346353 0  
  1627431654 567346353 0  
  1627431655 567346353 0  
  1627431656 567346353 0  
  1627431657 567346353 0  
  1627431658 567346353 0  
  1627431659 567346353 0  
  1627431660 567346353 0  
  1627431661 567346353 0  
  1627431662 567346353 0  
  1627431663 567346353 0  
  1627431664 567346353 0  
  1627431665 567346353 0  
  1627431666 567346353 0  
  1627431667 567346353 0  
  1627431668 567346353 0  
  1627431669 567346353 0  
  1627431670 567346353 0  
  1627431671 567346353 0  
  1627431672 567346353 0  
  1627431673 567346353 0  
  1627431674 567346353 0  
  1627431675 567346353 0  
  1627431676 567346353 0  
  1627431677 567346353 0  
  1627431678 567346353 0  
  1627431679 567346949 0  
  1627431680 567346949 0  
  1627431681 567346949 0  
  1627431682 567346949 0  
  1627431683 567346949 0  
  1627431684 567346949 0  
  1627431685 567346949 0  
  1627431686 567346949 0  
  1627431687 567346949 0  
  1627431688 567346949 0  
  1627431689 567346949 0  
  1627431690 567346949 0  
  1627431692 567346949 0  
  1627431693 567346949 0  
  1627431694 567346949 0  
  1627431695 567346949 0  
  1627431696 567346949 0  
  1627431697 567346949 0  
  1627431698 567346949 0  
  1627431699 567346949 0  
  1627431700 567346949 0  
  1627431701 567346949 0  
  1627431702 567346949 0  
  1627431703 567346949 0  
  1627431704 567346949 0  
  1627431705 567346949 0  
  1627431706 567346949 0  
  1627431707 567346949 0  
  1627431708 567346949 0  
  1627431709 567346949 0  
  1627431710 567346949 0  
  1627431711 567346949 0  
  1627431712 567346949 0  
  1627431713 567346949 0  
  1627431714 567346949 0  
  1627431715 567346949 0  
  1627431716 567346949 0  
  1627431717 567346949 0  
  1627431718 567346949 0  
  1627431719 567346949 0  
  1627431720 567346949 0  
  1627431721 567346949 0  
  1627431722 567346949 0  
  1627431723 567346949 0  
  1627431724 567346949 0  
  1627431725 567351258 0  
  1627431726 567351582 0  
  1627431727 567352290 0  
  1627431728 567352290 0  
  1627431730 567352290 0  
  1627431731 567352290 0  
  1627431732 567352290 0  
  1627431733 567352290 0  
  1627431734 567352290 0  
  1627431735 567352290 0  
  1627431736 567352290 0  
  1627431737 567352290 0  
  1627431738 567352290 0  
  1627431739 567352290 0  
  1627431740 567352290 0  
  1627431741 567352290 0  
  1627431742 567352290 0  
  1627431743 567352290 0  
  1627431744 567352290 0  
  1627431745 567352290 0  
  1627431746 567352290 0  
  1627431747 567352290 0  
  1627431748 567352290 0  
  1627431749 567352290 0  
  1627431750 567352290 0  
  1627431751 567352290 0  
  1627431752 567352290 0  
  1627431753 567352290 0  
  1627431754 567356599 0  
  1627431755 567356923 0  
  1627431756 567357631 0  
  1627431757 567357631 0  
  1627431758 567357631 0  
  1627431759 567357631 0  
  1627431760 567357631 0  
  1627431761 567357631 0  
  1627431762 567357631 0  
  1627431763 567357631 0  
  1627431764 567357631 0  
  1627431765 567357631 0  
  1627431766 567357631 0  
  1627431767 567357969 0  
  1627431769 567357969 0  
  1627431770 567357969 0  
  1627431771 567357969 0  
  1627431772 567357969 0  
  1627431773 567357969 0  
  1627431774 567357969 0  
  1627431775 567357969 0  
  1627431776 567357969 0  
  1627431777 567357969 0  
  1627431778 567357969 0  
  1627431779 567357969 0  
  1627431780 567357969 0  
  1627431781 567357969 0  
  1627431782 567358061 0  
  1627431783 567358061 0  
  1627431784 567358061 0  
  1627431785 567358061 0  
  1627431786 567358061 0  
  1627431787 567358061 0  
  1627431788 567358061 0  
  1627431789 567358061 0  
  1627431790 567358061 0  
  1627431791 567358061 0  
  1627431792 567358061 0  
  1627431793 567358061 0  
  1627431794 567358061 0  
  1627431795 567358061 0  
  1627431796 567358061 0  
  1627431797 567366823 0  
  1627431798 567367327 0  
  1627431799 567368607 0  
  1627431800 567368607 0  
  1627431801 567368607 0  
  1627431802 567368607 0  
  1627431803 567368607 0  
  1627431804 567368607 0  
  1627431805 567368607 0  
  1627431807 567368607 0  
  1627431808 567368607 0  
  1627431809 567368607 0  
  1627431810 567368607 0  
  1627431811 567368607 0  
  1627431812 567368607 0  
  1627431813 567368607 0  
  1627431814 567368607 0  
  1627431815 567368607 0  
  1627431816 567368607 0  
  1627431817 567368607 0  
  1627431818 567368607 0  
  1627431819 567368607 0  
  1627431820 567368607 0  
  1627431821 567368607 0  
  1627431822 567368607 0  
  1627431823 567368607 0  
  1627431824 567368607 0  
  1627431825 567368607 0  
  1627431826 567368607 0  
  1627431827 567368607 0  
  1627431828 567368607 0  
  1627431829 567368607 0  
  1627431830 567368607 0  
  1627431831 567368607 0  
  1627431832 567368607 0  
  1627431833 567368607 0  
  1627431834 567368607 0  
  1627431835 567368607 0  
  1627431836 567372916 0  
  1627431837 567373240 0  
  1627431838 567373948 0  
  1627431839 567373948 0  
  1627431840 567373948 0  
  1627431841 567373948 0  
  1627431842 567373948 0  
  1627431843 567373948 0  
  1627431844 567373948 0  
  1627431846 567373948 0  
  1627431847 567373948 0  
  1627431848 567373948 0  
  1627431849 567373948 0  
  1627431850 567373948 0  
  1627431851 567373948 0  
  1627431852 567373948 0  
  1627431853 567373948 0  
  1627431854 567373948 0  
  1627431855 567373948 0  
  1627431856 567373948 0  
  1627431857 567373948 0  
  1627431858 567373948 0  
  1627431859 567373948 0  
  1627431860 567373948 0  
  1627431861 567373948 0  
  1627431862 567373948 0  
  1627431863 567373948 0  
  1627431864 567373948 0  
  1627431865 567373948 0  
  1627431866 567373948 0  
  1627431867 567373948 0  
  1627431868 567373948 0  
  1627431869 567373948 0  
  1627431870 567373948 0  
  1627431871 567373948 0  
  1627431872 567373948 0  
  1627431873 567373948 0  
  1627431874 567373948 0  
  1627431875 567373948 0  
  1627431876 567373948 0  
  1627431877 567373948 0  
  1627431878 567373948 0  
  1627431879 567374544 0  
  1627431880 567374544 0  
  1627431881 567374544 0  
  1627431882 567374544 0  
  1627431883 567374544 0  
  1627431885 567374544 0  
  1627431886 567374544 0  
  1627431887 567374544 0  
  1627431888 567374544 0  
  1627431889 567374544 0  
  1627431890 567374544 0  
  1627431891 567374544 0  
  1627431892 567374544 0  
  1627431893 567374544 0  
  1627431894 567374544 0  
  1627431895 567374544 0  
  1627431896 567374544 0  
  1627431897 567374544 0  
  1627431898 567374544 0  
  1627431899 567374544 0  
  1627431900 567374544 0  
  1627431901 567374544 0  
  1627431902 567374544 0  
  1627431903 567374544 0  
  1627431904 567374544 0  
  1627431905 567374544 0  
  1627431906 567374544 0  
  1627431907 567374544 0  
  1627431908 567374544 0  
  1627431909 567374544 0  
  1627431910 567374544 0  
  1627431911 567374544 0  
  1627431912 567374544 0  
  1627431913 567374544 0  
  1627431914 567374544 0  
  1627431915 567374544 0  
  1627431916 567374544 0  
  1627431917 567374882 0  
  1627431918 567374882 0  
  1627431919 567374882 0  
  1627431920 567374882 0  
  1627431921 567374882 0  
  1627431923 567374882 0  
  1627431924 567374882 0  
  1627431925 567374882 0  
  1627431926 567374882 0  
  1627431927 567374882 0  
  1627431928 567374882 0  
  1627431929 567374882 0  
  1627431930 567374882 0  
  1627431931 567374882 0  
  1627431932 567374882 0  
  1627431933 567374882 0  
  1627431934 567374882 0  
  1627431935 567374882 0  
  1627431936 567374882 0  
  1627431937 567375239 0  
 