 1626882083 475844987 0  
  1626882084 475844987 0  
  1626882085 475844987 0  
  1626882086 475844987 0  
  1626882087 475844987 0  
  1626882088 475844987 0  
  1626882089 475844987 0  
  1626882090 475844987 0  
  1626882091 475844987 0  
  1626882092 475844987 0  
  1626882093 475844987 0  
  1626882094 475844987 0  
  1626882095 475844987 0  
  1626882096 475844987 0  
  1626882097 475844987 0  
  1626882098 475844987 0  
  1626882099 475844987 0  
  1626882100 475844987 0  
  1626882101 475844987 0  
  1626882102 475844987 0  
  1626882103 475844987 0  
  1626882104 475844987 0  
  1626882106 475844987 0  
  1626882107 475844987 0  
  1626882108 475844987 0  
  1626882109 475844987 0  
  1626882110 475844987 0  
  1626882111 475844987 0  
  1626882112 475844987 0  
  1626882113 475844987 0  
  1626882114 475844987 0  
  1626882115 475844987 0  
  1626882116 475844987 0  
  1626882117 475844987 0  
  1626882118 475844987 0  
  1626882119 475845079 0  
  1626882120 475845079 0  
  1626882121 475845079 0  
  1626882122 475845079 0  
  1626882123 475845079 0  
  1626882124 475845079 0  
  1626882125 475845079 0  
  1626882126 475845079 0  
  1626882127 475845079 0  
  1626882128 475845079 0  
  1626882129 475845171 0  
  1626882130 475845171 0  
  1626882131 475845171 0  
  1626882132 475845171 0  
  1626882133 475845171 0  
  1626882134 475845171 0  
  1626882135 475845171 0  
  1626882136 475845171 0  
  1626882137 475845171 0  
  1626882138 475845171 0  
  1626882139 475845171 0  
  1626882140 475845171 0  
  1626882141 475845171 0  
  1626882142 475845171 0  
  1626882143 475845171 0  
  1626882144 475845171 0  
  1626882146 475845171 0  
  1626882147 475845171 0  
  1626882148 475845171 0  
  1626882149 475845171 0  
  1626882150 475845171 0  
  1626882151 475845171 0  
  1626882152 475845263 0  
  1626882153 475845263 0  
  1626882154 475845263 0  
  1626882155 475845331 0  
  1626882156 475845331 0  
  1626882157 475845331 0  
  1626882158 475845331 0  
  1626882159 475845331 0  
  1626882160 475845331 0  
  1626882161 475846487 0  
  1626882162 475846487 0  
  1626882163 475846487 0  
  1626882164 475846487 0  
  1626882165 475846487 0  
  1626882166 475846487 0  
  1626882167 475846487 0  
  1626882168 475846487 0  
  1626882169 475846487 0  
  1626882170 475846487 0  
  1626882171 475846487 0  
  1626882172 475846487 0  
  1626882173 475846487 0  
  1626882174 475850796 0  
  1626882175 475851120 0  
  1626882176 475851828 0  
  1626882177 475851828 0  
  1626882178 475851828 0  
  1626882179 475851828 0  
  1626882180 475851828 0  
  1626882181 475851828 0  
  1626882182 475851828 0  
  1626882183 475851920 0  
  1626882185 475851920 0  
  1626882186 475851920 0  
  1626882187 475851920 0  
  1626882188 475851920 0  
  1626882189 475851920 0  
  1626882190 475851920 0  
  1626882191 475851920 0  
  1626882192 475851920 0  
  1626882193 475851920 0  
  1626882194 475852012 0  
  1626882195 475852012 0  
  1626882196 475852012 0  
  1626882197 475852012 0  
  1626882198 475852012 0  
  1626882199 475852012 0  
  1626882200 475852012 0  
  1626882201 475852012 0  
  1626882202 475852012 0  
  1626882203 475852012 0  
  1626882204 475852012 0  
  1626882205 475852012 0  
  1626882206 475852012 0  
  1626882207 475852012 0  
  1626882208 475852012 0  
  1626882209 475852012 0  
  1626882210 475852012 0  
  1626882211 475852012 0  
  1626882212 475852012 0  
  1626882213 475852012 0  
  1626882214 475852012 0  
  1626882215 475852012 0  
  1626882216 475852104 0  
  1626882217 475852104 0  
  1626882218 475852104 0  
  1626882219 475852104 0  
  1626882220 475852104 0  
  1626882221 475852104 0  
  1626882222 475852104 0  
  1626882224 475852104 0  
  1626882225 475852104 0  
  1626882226 475852104 0  
  1626882227 475852104 0  
  1626882228 475852104 0  
  1626882229 475852104 0  
  1626882230 475852104 0  
  1626882231 475852104 0  
  1626882232 475852104 0  
  1626882233 475852104 0  
  1626882234 475852104 0  
  1626882235 475852104 0  
  1626882236 475852104 0  
  1626882237 475852104 0  
  1626882238 475852104 0  
  1626882239 475852104 0  
  1626882240 475852104 0  
  1626882241 475852104 0  
  1626882242 475852104 0  
  1626882243 475852104 0  
  1626882244 475852104 0  
  1626882245 475852104 0  
  1626882246 475852104 0  
  1626882247 475852104 0  
  1626882248 475852196 0  
  1626882249 475852196 0  
  1626882250 475852196 0  
  1626882251 475852196 0  
  1626882252 475852196 0  
  1626882253 475852196 0  
  1626882254 475852196 0  
  1626882255 475852196 0  
  1626882256 475852196 0  
  1626882257 475852196 0  
  1626882258 475852288 0  
  1626882259 475852288 0  
  1626882260 475852288 0  
  1626882261 475852288 0  
  1626882263 475852288 0  
  1626882264 475852288 0  
  1626882265 475852288 0  
  1626882266 475852288 0  
  1626882267 475852288 0  
  1626882268 475852884 0  
  1626882269 475852884 0  
  1626882270 475852884 0  
  1626882271 475852884 0  
  1626882272 475852884 0  
  1626882273 475852884 0  
  1626882274 475852884 0  
  1626882275 475852884 0  
  1626882276 475852884 0  
  1626882277 475852884 0  
  1626882278 475852884 0  
  1626882279 475852884 0  
  1626882280 475852884 0  
  1626882281 475852884 0  
  1626882282 475852884 0  
  1626882283 475852884 0  
  1626882284 475852884 0  
  1626882285 475852884 0  
  1626882286 475852884 0  
  1626882287 475852884 0  
  1626882288 475852884 0  
  1626882289 475852884 0  
  1626882290 475852884 0  
  1626882291 475852976 0  
  1626882292 475852976 0  
  1626882293 475852976 0  
  1626882294 475852976 0  
  1626882295 475852976 0  
  1626882296 475852976 0  
  1626882297 475852976 0  
  1626882298 475852976 0  
  1626882299 475852976 0  
  1626882300 475852976 0  
  1626882301 475852976 0  
  1626882302 475852976 0  
  1626882304 475852976 0  
  1626882305 475852976 0  
  1626882306 475852976 0  
  1626882307 475852976 0  
  1626882308 475852976 0  
  1626882309 475852976 0  
  1626882310 475852976 0  
  1626882311 475852976 0  
  1626882312 475852976 0  
  1626882313 475853068 0  
  1626882314 475853068 0  
  1626882315 475853068 0  
  1626882316 475853068 0  
  1626882317 475853068 0  
  1626882318 475853068 0  
  1626882319 475853068 0  
  1626882320 475853068 0  
  1626882321 475853068 0  
  1626882322 475853068 0  
  1626882323 475853068 0  
  1626882324 475853160 0  
  1626882325 475853160 0  
  1626882326 475853160 0  
  1626882327 475853160 0  
  1626882328 475853160 0  
  1626882329 475853160 0  
  1626882330 475853160 0  
  1626882331 475853160 0  
  1626882332 475853160 0  
  1626882333 475853160 0  
  1626882334 475853160 0  
  1626882335 475853160 0  
  1626882336 475853160 0  
  1626882337 475853160 0  
  1626882338 475853160 0  
  1626882339 475853160 0  
  1626882340 475853160 0  
  1626882341 475853160 0  
  1626882342 475853160 0  
  1626882344 475853517 0  
  1626882345 475853517 0  
  1626882346 475853517 0  
  1626882347 475857826 0  
  1626882348 475858150 0  
  1626882349 475858150 0  
  1626882350 475858858 0  
  1626882351 475863491 0  
  1626882352 475863491 0  
  1626882353 475864199 0  
  1626882354 475864199 0  
  1626882355 475866304 0  
  1626882356 475873557 0  
  1626882357 475874973 0  
  1626882358 475874973 0  
  1626882359 475874973 0  
  1626882360 475874973 0  
  1626882361 475874973 0  
  1626882362 475874973 0  
  1626882363 475874973 0  
  1626882364 475874973 0  
  1626882365 475874973 0  
  1626882366 475874973 0  
  1626882367 475874973 0  
  1626882368 475874973 0  
  1626882369 475874973 0  
  1626882370 475874973 0  
  1626882371 475874973 0  
  1626882372 475874973 0  
  1626882373 475874973 0  
  1626882374 475874973 0  
  1626882375 475874973 0  
  1626882376 475875065 0  
  1626882377 475875065 0  
  1626882378 475875065 0  
  1626882379 475875065 0  
  1626882380 475875065 0  
  1626882381 475875065 0  
  1626882382 475875065 0  
  1626882384 475875065 0  
  1626882385 475875065 0  
  1626882386 475875065 0  
  1626882387 475875065 0  
  1626882388 475875065 0  
  1626882389 475875157 0  
  1626882390 475875157 0  
  1626882391 475875157 0  
  1626882392 475875157 0  
  1626882393 475875157 0  
  1626882394 475875157 0  
  1626882395 475875157 0  
  1626882396 475875157 0  
  1626882397 475875157 0  
  1626882398 475875157 0  
  1626882399 475875157 0  
  1626882400 475875157 0  
  1626882401 475875157 0  
  1626882402 475875157 0  
  1626882403 475875157 0  
  1626882404 475875157 0  
  1626882405 475875157 0  
  1626882406 475875157 0  
  1626882407 475875157 0  
  1626882408 475875157 0  
  1626882409 475875157 0  
  1626882410 475875157 0  
  1626882411 475875157 0  
  1626882412 475875157 0  
  1626882413 475875157 0  
  1626882414 475875157 0  
  1626882415 475875157 0  
  1626882416 475875157 0  
  1626882417 475875157 0  
  1626882418 475875157 0  
  1626882419 475875157 0  
  1626882420 475875157 0  
  1626882421 475875249 0  
  1626882422 475875249 0  
  1626882424 475875249 0  
  1626882425 475875249 0  
  1626882426 475875249 0  
  1626882427 475875249 0  
  1626882428 475875249 0  
  1626882429 475875249 0  
  1626882430 475875249 0  
  1626882431 475875249 0  
  1626882432 475875249 0  
  1626882433 475875249 0  
  1626882434 475875249 0  
  1626882435 475875249 0  
  1626882436 475875249 0  
  1626882437 475875249 0  
  1626882438 475875249 0  
  1626882439 475875249 0  
  1626882440 475875249 0  
  1626882441 475875249 0  
  1626882442 475875341 0  
  1626882443 475875341 0  
  1626882444 475875341 0  
  1626882445 475875341 0  
  1626882446 475875341 0  
  1626882447 475875341 0  
  1626882448 475875341 0  
  1626882449 475875341 0  
  1626882450 475875341 0  
  1626882451 475875341 0  
  1626882452 475875341 0  
  1626882453 475875341 0  
  1626882454 475875341 0  
  1626882455 475875341 0  
  1626882456 475875341 0  
  1626882457 475875341 0  
  1626882458 475875341 0  
  1626882459 475875341 0  
  1626882460 475875341 0  
  1626882461 475875341 0  
  1626882462 475875341 0  
  1626882464 475875341 0  
  1626882465 475875341 0  
  1626882466 475875341 0  
  1626882467 475875341 0  
  1626882468 475875937 0  
  1626882469 475875937 0  
  1626882470 475875937 0  
  1626882471 475875937 0  
  1626882472 475875937 0  
  1626882473 475875937 0  
  1626882474 475880246 0  
  1626882475 475880570 0  
  1626882476 475881278 0  
  1626882477 475881278 0  
  1626882478 475881278 0  
  1626882479 475881278 0  
  1626882480 475881278 0  
  1626882481 475881278 0  
  1626882482 475881278 0  
  1626882483 475881278 0  
  1626882484 475881278 0  
  1626882485 475881278 0  
  1626882486 475881370 0  
  1626882487 475881370 0  
  1626882488 475881370 0  
  1626882489 475881370 0  
  1626882490 475881370 0  
  1626882491 475881370 0  
  1626882492 475881370 0  
  1626882493 475881370 0  
  1626882494 475881370 0  
  1626882495 475881370 0  
  1626882496 475881370 0  
  1626882497 475881370 0  
  1626882498 475881370 0  
  1626882499 475881370 0  
  1626882500 475881370 0  
  1626882501 475881370 0  
  1626882502 475881370 0  
  1626882504 475881370 0  
  1626882505 475881370 0  
  1626882506 475881462 0  
  1626882507 475881462 0  
  1626882508 475881462 0  
  1626882509 475881462 0  
  1626882510 475881462 0  
  1626882511 475881462 0  
  1626882512 475881462 0  
  1626882513 475881462 0  
  1626882514 475881462 0  
  1626882515 475881462 0  
  1626882516 475881462 0  
  1626882517 475881462 0  
  1626882518 475881462 0  
  1626882519 475881462 0  
  1626882520 475881462 0  
  1626882521 475881462 0  
  1626882522 475881462 0  
  1626882523 475881462 0  
  1626882524 475881462 0  
  1626882525 475881462 0  
  1626882526 475881462 0  
  1626882527 475881462 0  
  1626882528 475881462 0  
  1626882529 475881462 0  
  1626882530 475881462 0  
  1626882531 475881462 0  
  1626882532 475881462 0  
  1626882533 475881462 0  
  1626882534 475881462 0  
  1626882535 475881462 0  
  1626882536 475881462 0  
  1626882537 475881462 0  
  1626882538 475881462 0  
  1626882539 475881462 0  
  1626882540 475881462 0  
  1626882541 475881462 0  
  1626882542 475881462 0  
  1626882544 475881462 0  
  1626882545 475881462 0  
  1626882546 475881462 0  
  1626882547 475881462 0  
  1626882548 475881462 0  
  1626882549 475881462 0  
  1626882550 475881462 0  
  1626882551 475881554 0  
 