 1626399593 412287188 0  
  1626399594 412287188 0  
  1626399595 412287280 0  
  1626399596 412289241 0  
  1626399598 412292251 0  
  1626399599 412292251 0  
  1626399600 412292959 0  
  1626399601 412292959 0  
  1626399602 412292959 0  
  1626399603 412292959 0  
  1626399604 412292959 0  
  1626399605 412292959 0  
  1626399606 412292959 0  
  1626399607 412292959 0  
  1626399608 412292959 0  
  1626399609 412292959 0  
  1626399610 412292959 0  
  1626399611 412292959 0  
  1626399612 412292959 0  
  1626399613 412292959 0  
  1626399614 412292959 0  
  1626399615 412292959 0  
  1626399616 412292959 0  
  1626399617 412292959 0  
  1626399618 412292959 0  
  1626399619 412292959 0  
  1626399620 412292959 0  
  1626399621 412292959 0  
  1626399622 412292959 0  
  1626399623 412292959 0  
  1626399624 412292959 0  
  1626399625 412292959 0  
  1626399626 412292959 0  
  1626399627 412292959 0  
  1626399628 412292959 0  
  1626399629 412292959 0  
  1626399630 412292959 0  
  1626399631 412292959 0  
  1626399632 412292959 0  
  1626399633 412292959 0  
  1626399634 412293316 0  
  1626399635 412293316 0  
  1626399637 412293316 0  
  1626399638 412293316 0  
  1626399639 412293316 0  
  1626399640 412293316 0  
  1626399641 412293316 0  
  1626399642 412293316 0  
  1626399643 412293316 0  
  1626399644 412293316 0  
  1626399645 412293316 0  
  1626399646 412293316 0  
  1626399647 412293316 0  
  1626399648 412293316 0  
  1626399649 412293316 0  
  1626399650 412293316 0  
  1626399651 412293316 0  
  1626399652 412293316 0  
  1626399653 412293316 0  
  1626399654 412293316 0  
  1626399655 412293316 0  
  1626399656 412293316 0  
  1626399657 412293316 0  
  1626399658 412293316 0  
  1626399659 412293316 0  
  1626399660 412293316 0  
  1626399661 412293316 0  
  1626399662 412293316 0  
  1626399663 412293316 0  
  1626399664 412293316 0  
  1626399665 412293316 0  
  1626399666 412293316 0  
  1626399667 412293316 0  
  1626399668 412293316 0  
  1626399669 412293316 0  
  1626399670 412293316 0  
  1626399671 412293316 0  
  1626399672 412293316 0  
  1626399673 412293316 0  
  1626399674 412293316 0  
  1626399676 412293316 0  
  1626399677 412293316 0  
  1626399678 412293316 0  
  1626399679 412293316 0  
  1626399680 412293316 0  
  1626399681 412293316 0  
  1626399682 412293316 0  
  1626399683 412293316 0  
  1626399684 412293316 0  
  1626399685 412293316 0  
  1626399686 412293316 0  
  1626399687 412293316 0  
  1626399688 412293316 0  
  1626399689 412293316 0  
  1626399690 412293316 0  
  1626399691 412293316 0  
  1626399692 412293316 0  
  1626399693 412293316 0  
  1626399694 412293316 0  
  1626399695 412293316 0  
  1626399696 412293316 0  
  1626399697 412293316 0  
  1626399698 412293316 0  
  1626399699 412293316 0  
  1626399700 412293316 0  
  1626399701 412293316 0  
  1626399702 412293316 0  
  1626399703 412293316 0  
  1626399704 412293316 0  
  1626399705 412293316 0  
  1626399706 412293316 0  
  1626399707 412293316 0  
  1626399708 412293316 0  
  1626399709 412293316 0  
  1626399710 412293316 0  
  1626399711 412293316 0  
  1626399712 412293316 0  
  1626399713 412293316 0  
  1626399715 412293316 0  
  1626399716 412293316 0  
  1626399717 412293316 0  
  1626399718 412293316 0  
  1626399719 412293316 0  
  1626399720 412293316 0  
  1626399721 412293316 0  
  1626399722 412293316 0  
  1626399723 412293316 0  
  1626399724 412293316 0  
  1626399725 412293316 0  
  1626399726 412293316 0  
  1626399727 412293316 0  
  1626399728 412293316 0  
  1626399729 412293316 0  
  1626399730 412293316 0  
  1626399731 412293316 0  
  1626399732 412293316 0  
  1626399733 412293316 0  
  1626399734 412293316 0  
  1626399735 412293316 0  
  1626399736 412293316 0  
  1626399737 412293316 0  
  1626399738 412293316 0  
  1626399739 412293316 0  
  1626399740 412293316 0  
  1626399741 412293316 0  
  1626399742 412293316 0  
  1626399743 412293316 0  
  1626399744 412293316 0  
  1626399745 412293316 0  
  1626399746 412293316 0  
  1626399747 412293654 0  
  1626399748 412293654 0  
  1626399749 412293654 0  
  1626399750 412293654 0  
  1626399751 412293654 0  
  1626399752 412293654 0  
  1626399754 412293654 0  
  1626399755 412293722 0  
  1626399756 412293722 0  
  1626399757 412293722 0  
  1626399758 412293814 0  
  1626399759 412293814 0  
  1626399760 412293814 0  
  1626399761 412295566 0  
  1626399762 412295566 0  
  1626399763 412295566 0  
  1626399764 412295566 0  
  1626399765 412299875 0  
  1626399766 412300199 0  
  1626399767 412300907 0  
  1626399768 412300907 0  
  1626399769 412300907 0  
  1626399770 412300907 0  
  1626399771 412300907 0  
  1626399772 412300907 0  
  1626399773 412300907 0  
  1626399774 412300907 0  
  1626399775 412300907 0  
  1626399776 412300907 0  
  1626399777 412300907 0  
  1626399778 412300907 0  
  1626399779 412300907 0  
  1626399780 412300907 0  
  1626399781 412300907 0  
  1626399782 412300907 0  
  1626399783 412300907 0  
  1626399784 412300907 0  
  1626399785 412300907 0  
  1626399786 412300907 0  
  1626399787 412300907 0  
  1626399788 412300907 0  
  1626399789 412300907 0  
  1626399790 412300907 0  
  1626399791 412300907 0  
  1626399793 412300907 0  
  1626399794 412300907 0  
  1626399795 412300907 0  
  1626399796 412300907 0  
  1626399797 412300907 0  
  1626399798 412300907 0  
  1626399799 412300907 0  
  1626399800 412300907 0  
  1626399801 412300907 0  
  1626399802 412300907 0  
  1626399803 412300907 0  
  1626399804 412300907 0  
  1626399805 412300907 0  
  1626399806 412300907 0  
  1626399807 412300907 0  
  1626399808 412300907 0  
  1626399809 412300907 0  
  1626399810 412300907 0  
  1626399811 412300907 0  
  1626399812 412300907 0  
  1626399813 412300907 0  
  1626399814 412300907 0  
  1626399815 412300907 0  
  1626399816 412300907 0  
  1626399817 412300907 0  
  1626399818 412300907 0  
  1626399819 412301243 0  
  1626399820 412301243 0  
  1626399821 412301243 0  
  1626399822 412301243 0  
  1626399823 412301243 0  
  1626399824 412301243 0  
  1626399825 412301243 0  
  1626399826 412301243 0  
  1626399827 412301243 0  
  1626399828 412301243 0  
  1626399829 412301243 0  
  1626399830 412301243 0  
  1626399832 412301243 0  
  1626399833 412301243 0  
  1626399834 412301243 0  
  1626399835 412301243 0  
  1626399836 412301243 0  
  1626399837 412301243 0  
  1626399838 412301243 0  
  1626399839 412301243 0  
  1626399840 412301243 0  
  1626399841 412301243 0  
  1626399842 412301243 0  
  1626399843 412301243 0  
  1626399844 412301243 0  
  1626399845 412301243 0  
  1626399846 412301243 0  
  1626399847 412301243 0  
  1626399848 412301243 0  
  1626399849 412301243 0  
  1626399850 412301243 0  
  1626399851 412301243 0  
  1626399852 412301335 0  
  1626399853 412301335 0  
  1626399854 412301335 0  
  1626399855 412301335 0  
  1626399856 412305900 0  
  1626399857 412305968 0  
  1626399858 412306676 0  
  1626399859 412306676 0  
  1626399860 412306676 0  
  1626399861 412306676 0  
  1626399862 412306676 0  
  1626399863 412306676 0  
  1626399864 412306676 0  
  1626399865 412306676 0  
  1626399866 412306676 0  
  1626399867 412315942 0  
  1626399868 412315942 0  
  1626399869 412317358 0  
  1626399870 412317358 0  
  1626399872 412317358 0  
  1626399873 412317358 0  
  1626399874 412317358 0  
  1626399875 412317358 0  
  1626399876 412317358 0  
  1626399877 412317358 0  
  1626399878 412317358 0  
  1626399879 412317358 0  
  1626399880 412317358 0  
  1626399881 412317358 0  
  1626399882 412317358 0  
  1626399883 412317358 0  
  1626399884 412317358 0  
  1626399885 412317358 0  
  1626399886 412317358 0  
  1626399887 412317358 0  
  1626399888 412317358 0  
  1626399889 412317358 0  
  1626399890 412317358 0  
  1626399891 412317358 0  
  1626399892 412317358 0  
  1626399893 412317696 0  
  1626399894 412317696 0  
  1626399895 412317696 0  
 