 1626724183 450411826 77604  
  1626724184 450411826 77604  
  1626724185 450411826 77604  
  1626724186 450411918 77604  
  1626724187 450411918 77604  
  1626724189 450411918 77604  
  1626724190 450411918 77604  
  1626724191 450411918 77604  
  1626724192 450411918 77604  
  1626724193 450411918 77604  
  1626724194 450411918 77604  
  1626724195 450411918 77604  
  1626724196 450411918 77604  
  1626724197 450411918 77604  
  1626724198 450411918 77604  
  1626724199 450416227 77604  
  1626724200 450416551 77604  
  1626724201 450416551 77604  
  1626724202 450417259 77604  
  1626724203 450417259 77604  
  1626724204 450417259 77604  
  1626724205 450417259 77604  
  1626724206 450417259 77604  
  1626724207 450417259 77604  
  1626724208 450417259 77604  
  1626724209 450417259 77604  
  1626724210 450417259 77604  
  1626724211 450419020 77604  
  1626724212 450421892 77604  
  1626724213 450421892 77604  
  1626724214 450425361 77604  
  1626724215 450427097 77604  
  1626724216 450432370 77604  
  1626724217 450432438 77604  
  1626724218 450433146 77604  
  1626724219 450433146 77604  
  1626724220 450433146 77604  
  1626724221 450433146 77604  
  1626724222 450433146 77604  
  1626724223 450433146 77604  
  1626724224 450433146 77604  
  1626724225 450433146 77604  
  1626724226 450433146 77604  
  1626724227 450433146 77604  
  1626724229 450433146 77604  
  1626724230 450433146 77604  
  1626724231 450433503 77604  
  1626724232 450433503 77604  
  1626724233 450433503 77604  
  1626724234 450433503 77604  
  1626724235 450433503 77604  
  1626724236 450433503 77604  
  1626724237 450433503 77604  
  1626724238 450433503 77604  
  1626724239 450433503 77604  
  1626724240 450433503 77604  
  1626724241 450433503 77604  
  1626724242 450433503 77604  
  1626724243 450433503 77604  
  1626724244 450433503 77604  
  1626724245 450433503 77604  
  1626724246 450433503 77604  
  1626724247 450433503 77604  
  1626724248 450433503 77604  
  1626724249 450433503 77604  
  1626724250 450433503 77604  
  1626724251 450433503 77604  
  1626724252 450433503 77604  
  1626724253 450433503 77604  
  1626724254 450433503 77604  
  1626724255 450433503 77604  
  1626724256 450433503 77604  
  1626724257 450433503 77604  
  1626724258 450433503 77604  
  1626724259 450433503 77604  
  1626724260 450433503 77604  
  1626724261 450433503 77604  
  1626724262 450433503 77604  
  1626724263 450433503 77604  
  1626724264 450433503 77604  
  1626724265 450433503 77604  
  1626724266 450433503 77604  
  1626724267 450433503 77604  
  1626724269 450433503 77604  
  1626724270 450433503 77604  
  1626724271 450433503 77604  
  1626724272 450433503 77604  
  1626724273 450433503 77604  
  1626724274 450433503 77604  
  1626724275 450433503 77604  
  1626724276 450433503 77604  
  1626724277 450433503 77604  
  1626724278 450433503 77604  
  1626724279 450433503 77604  
  1626724280 450433503 77604  
  1626724281 450433503 77604  
  1626724282 450433503 77604  
  1626724283 450433503 77604  
  1626724284 450433503 77604  
  1626724285 450433503 77604  
  1626724286 450433503 77604  
  1626724287 450433503 77604  
  1626724288 450433503 77604  
  1626724289 450433503 77604  
  1626724290 450433503 77604  
  1626724291 450433503 77604  
  1626724292 450433503 77604  
  1626724293 450433503 77604  
  1626724294 450433503 77604  
  1626724295 450433503 77604  
  1626724296 450433503 77604  
  1626724297 450433503 77604  
  1626724298 450433503 77604  
  1626724299 450433503 77604  
  1626724300 450433503 77604  
  1626724301 450433503 77604  
  1626724302 450433503 77604  
  1626724303 450433503 77604  
  1626724304 450433503 77604  
  1626724305 450433503 77604  
  1626724306 450433503 77604  
  1626724308 450433503 77604  
  1626724309 450433595 77604  
  1626724310 450433595 77604  
  1626724311 450433595 77604  
  1626724312 450433595 77604  
  1626724313 450433595 77604  
  1626724314 450433595 77604  
  1626724315 450433687 77604  
  1626724316 450433687 77604  
  1626724317 450433687 77604  
  1626724318 450433687 77604  
  1626724319 450433687 77604  
  1626724320 450433687 77604  
  1626724321 450433687 77604  
  1626724322 450433687 77604  
  1626724323 450433687 77604  
  1626724324 450433687 77604  
  1626724325 450433687 77604  
  1626724326 450433687 77604  
  1626724327 450433687 77604  
  1626724328 450433687 77604  
  1626724329 450433687 77604  
  1626724330 450433687 77604  
  1626724331 450433687 77604  
  1626724332 450433687 77604  
  1626724333 450433687 77604  
  1626724334 450433687 77604  
  1626724335 450433687 77604  
  1626724336 450433687 77604  
  1626724337 450433687 77604  
  1626724338 450433687 77604  
  1626724339 450433687 77604  
  1626724340 450433687 77604  
  1626724341 450433687 77604  
  1626724342 450433687 77604  
  1626724343 450433687 77604  
  1626724344 450433687 77604  
  1626724345 450433687 77604  
  1626724346 450433687 77604  
  1626724348 450433687 77604  
  1626724349 450433687 77604  
  1626724350 450433687 77604  
  1626724351 450433687 77604  
  1626724352 450433687 77604  
  1626724353 450433687 77604  
  1626724354 450433687 77604  
  1626724355 450433687 77604  
  1626724356 450433687 77604  
  1626724357 450433687 77604  
  1626724358 450433687 77604  
  1626724359 450433687 77604  
  1626724360 450433687 77604  
  1626724361 450433687 77604  
  1626724362 450433687 77604  
  1626724363 450438320 77604  
  1626724364 450438916 77604  
  1626724365 450439624 77604  
  1626724366 450439624 77604  
  1626724367 450439624 77604  
  1626724368 450439624 77604  
  1626724369 450439624 77604  
  1626724370 450439624 77604  
  1626724371 450439624 77604  
  1626724372 450439624 77604  
  1626724373 450439624 77604  
  1626724374 450439624 77604  
  1626724375 450439624 77604  
  1626724376 450439624 77604  
  1626724377 450439624 77604  
  1626724378 450439624 77604  
  1626724379 450439624 77604  
  1626724380 450439624 77604  
  1626724381 450439624 77604  
  1626724382 450439624 77604  
  1626724383 450439624 77604  
  1626724384 450439624 77604  
  1626724385 450439624 77604  
  1626724386 450439624 77604  
  1626724388 450439624 77604  
  1626724389 450439624 77604  
  1626724390 450439624 77604  
  1626724391 450439624 77604  
  1626724392 450439624 77604  
  1626724393 450439624 77604  
  1626724394 450439624 77604  
  1626724395 450439624 77604  
  1626724396 450439624 77604  
  1626724397 450439624 77604  
  1626724398 450439624 77604  
  1626724399 450439624 77604  
  1626724400 450439624 77604  
  1626724401 450439624 77604  
  1626724402 450439624 77604  
  1626724403 450439624 77604  
  1626724404 450439624 77604  
  1626724405 450439624 77604  
  1626724406 450439624 77604  
  1626724407 450439624 77604  
  1626724408 450439624 77604  
  1626724409 450439624 77604  
  1626724410 450439624 77604  
  1626724411 450439624 77604  
  1626724412 450439624 77604  
  1626724413 450439624 77604  
  1626724414 450439624 77604  
  1626724415 450439624 77604  
  1626724416 450439624 77604  
  1626724417 450439624 77604  
  1626724418 450439624 77604  
  1626724419 450439624 77604  
  1626724420 450439624 77604  
  1626724421 450439624 77604  
  1626724422 450439624 77604  
  1626724423 450439624 77604  
  1626724424 450439624 77604  
  1626724425 450439624 77604  
  1626724427 450439624 77604  
  1626724428 450439624 77604  
  1626724429 450439624 77604  
  1626724430 450439624 77604  
  1626724431 450439624 77604  
  1626724432 450439624 77604  
  1626724433 450439624 77604  
  1626724434 450439624 77604  
  1626724435 450439624 77604  
  1626724436 450439624 77604  
  1626724437 450439624 77604  
  1626724438 450439716 77604  
  1626724439 450439716 77604  
  1626724440 450439716 77604  
  1626724441 450439716 77604  
  1626724442 450439716 77604  
  1626724443 450439716 77604  
  1626724444 450439716 77604  
  1626724445 450439808 77604  
  1626724446 450439808 77604  
  1626724447 450439808 77604  
  1626724448 450439808 77604  
  1626724449 450439808 77604  
  1626724450 450439808 77604  
  1626724451 450439808 77604  
  1626724452 450439808 77604  
  1626724453 450439808 77604  
  1626724454 450439808 77604  
  1626724455 450439808 77604  
  1626724456 450439808 77604  
  1626724457 450439808 77604  
  1626724458 450439808 77604  
  1626724459 450439808 77604  
  1626724460 450439808 77604  
  1626724461 450439808 77604  
  1626724462 450439808 77604  
  1626724463 450439808 77604  
  1626724464 450439808 77604  
  1626724466 450439808 77604  
  1626724467 450439808 77604  
  1626724468 450439808 77604  
  1626724469 450439808 77604  
  1626724470 450439808 77604  
  1626724471 450439808 77604  
  1626724472 450439808 77604  
  1626724473 450439808 77604  
  1626724474 450439808 77604  
  1626724475 450439808 77604  
  1626724476 450439808 77604  
  1626724477 450439808 77604  
  1626724478 450439808 77604  
  1626724479 450439808 77604  
  1626724480 450439808 77604  
  1626724481 450439808 77604  
  1626724482 450439808 77604  
  1626724483 450439808 77604  
  1626724484 450439808 77604  
  1626724485 450439808 77604  
  1626724486 450439808 77604  
  1626724487 450439808 77604  
  1626724488 450439808 77604  
  1626724489 450439808 77604  
  1626724490 450439808 77604  
  1626724491 450439808 77604  
  1626724492 450439808 77604  
  1626724493 450439808 77604  
  1626724494 450439808 77604  
  1626724495 450439808 77604  
  1626724496 450439808 77604  
  1626724497 450439808 77604  
  1626724498 450439808 77604  
  1626724499 450444117 77604  
  1626724500 450444441 77604  
  1626724501 450445081 77604  
  1626724502 450445081 77604  
  1626724503 450445081 77604  
  1626724504 450445081 77604  
  1626724506 450445081 77604  
 