 1627436643 546030141 153834  
  1627436644 546030141 153834  
  1627436645 546030141 153834  
  1627436646 546030141 153834  
  1627436647 546030141 153834  
  1627436648 546030141 153834  
  1627436649 546030141 153834  
  1627436650 546030141 153834  
  1627436651 546030141 153834  
  1627436652 546030141 153834  
  1627436653 546030141 153834  
  1627436654 546030141 153834  
  1627436655 546030141 153834  
  1627436656 546030141 153834  
  1627436657 546030141 153834  
  1627436658 546030141 153834  
  1627436659 546030141 153834  
  1627436660 546030141 153834  
  1627436661 546030141 153834  
  1627436662 546030141 153834  
  1627436663 546030141 153834  
  1627436664 546030141 153834  
  1627436665 546030141 153834  
  1627436666 546030141 153834  
  1627436667 546030141 153834  
  1627436668 546030141 153834  
  1627436669 546030141 153834  
  1627436670 546030141 153834  
  1627436671 546030141 153834  
  1627436673 546030141 153834  
  1627436674 546030141 153834  
  1627436675 546030141 153834  
  1627436676 546030141 153834  
  1627436677 546030141 153834  
  1627436678 546030141 153834  
  1627436679 546030141 153834  
  1627436680 546031736 153834  
  1627436681 546031736 153834  
  1627436682 546031736 153834  
  1627436683 546031736 153834  
  1627436684 546031736 153834  
  1627436685 546031736 153834  
  1627436686 546031736 153834  
  1627436687 546031736 153834  
  1627436688 546031736 153834  
  1627436689 546031736 153834  
  1627436690 546031736 153834  
  1627436691 546031736 153834  
  1627436692 546031736 153834  
  1627436693 546031736 153834  
  1627436694 546031736 153834  
  1627436695 546031736 153834  
  1627436696 546031736 153834  
  1627436697 546031736 153834  
  1627436698 546031736 153834  
  1627436699 546031736 153834  
  1627436700 546031736 153834  
  1627436701 546031736 153834  
  1627436702 546031736 153834  
  1627436703 546031736 153834  
  1627436704 546031736 153834  
  1627436705 546031736 153834  
  1627436706 546031736 153834  
  1627436707 546031736 153834  
  1627436708 546031736 153834  
  1627436709 546031736 153834  
  1627436710 546031736 153834  
  1627436711 546031736 153834  
  1627436713 546031736 153834  
  1627436714 546031736 153834  
  1627436715 546031736 153834  
  1627436716 546031736 153834  
  1627436717 546031736 153834  
  1627436718 546031736 153834  
  1627436719 546031736 153834  
  1627436720 546031736 153834  
  1627436721 546031736 153834  
  1627436722 546031736 153834  
  1627436723 546031736 153834  
  1627436724 546031736 153834  
  1627436725 546031736 153834  
  1627436726 546031736 153834  
  1627436727 546031736 153834  
  1627436728 546031736 153834  
  1627436729 546031736 153834  
  1627436730 546031736 153834  
  1627436731 546031736 153834  
  1627436732 546031736 153834  
  1627436733 546031736 153834  
  1627436734 546123131 153834  
  1627436735 546277852 153834  
  1627436736 546277852 153834  
  1627436737 546277971 153834  
  1627436738 546277971 153834  
  1627436739 546277971 153834  
  1627436740 546277971 153834  
  1627436741 546277971 153834  
  1627436742 546277971 153834  
  1627436743 546277971 153834  
  1627436744 546277971 153834  
  1627436745 546277971 153834  
  1627436746 546277971 153834  
  1627436747 546277971 153834  
  1627436748 546277971 153834  
  1627436749 546277971 153834  
  1627436750 546277971 153834  
  1627436751 546277971 153834  
  1627436753 546277971 153834  
  1627436754 546277971 153834  
  1627436755 546277971 153834  
  1627436756 546277971 153834  
  1627436757 546277971 153834  
  1627436758 546277971 153834  
  1627436759 546277971 153834  
  1627436760 546277971 153834  
  1627436761 546277971 153834  
  1627436762 546277971 153834  
  1627436763 546277971 153834  
  1627436764 546277971 153834  
  1627436765 546277971 153834  
  1627436766 546277971 153834  
  1627436767 546277971 153834  
  1627436768 546277971 153834  
  1627436769 546277971 153834  
  1627436770 546277971 153834  
  1627436771 546277971 153834  
  1627436772 546277971 153834  
  1627436773 546277971 153834  
  1627436774 546277971 153834  
  1627436775 546277971 153834  
  1627436776 546277971 153834  
  1627436777 546277971 153834  
  1627436778 546277971 153834  
  1627436779 546277971 153834  
  1627436780 546277971 153834  
  1627436781 546277971 153834  
  1627436782 546277971 153834  
  1627436783 546277971 153834  
  1627436784 546277971 153834  
  1627436785 546277971 153834  
  1627436786 546277971 153834  
  1627436787 546277971 153834  
  1627436788 546277971 153834  
  1627436789 546277971 153834  
  1627436790 546277971 153834  
  1627436792 546277971 153834  
  1627436793 546277971 153834  
  1627436794 546277971 153834  
  1627436795 546277971 153834  
  1627436796 546277971 153834  
  1627436797 546277971 153834  
  1627436798 546277971 153834  
  1627436799 546277971 153834  
  1627436800 546277971 153834  
  1627436801 546277971 153834  
  1627436802 546277971 153834  
  1627436803 546277971 153834  
  1627436804 546277971 153834  
  1627436805 546277971 153834  
  1627436806 546277971 153834  
  1627436807 546277971 153834  
  1627436808 546277971 153834  
  1627436809 546277971 153834  
  1627436810 546277971 153834  
  1627436811 546277971 153834  
  1627436812 546277971 153834  
  1627436813 546277971 153834  
  1627436814 546277971 153834  
  1627436815 546277971 153834  
  1627436816 546277971 153834  
  1627436817 546277971 153834  
  1627436818 546277971 153834  
  1627436819 546277971 153834  
  1627436820 546277971 153834  
  1627436821 546277971 153834  
  1627436822 546277971 153834  
  1627436823 546282280 153834  
  1627436824 546282604 153834  
  1627436825 546283312 153834  
  1627436826 546283312 153834  
  1627436827 546283312 153834  
  1627436828 546283312 153834  
  1627436829 546283312 153834  
  1627436830 546283312 153834  
  1627436832 546283312 153834  
  1627436833 546283312 153834  
  1627436834 546283312 153834  
  1627436835 546283312 153834  
  1627436836 546283312 153834  
  1627436837 546283312 153834  
  1627436838 546283312 153834  
  1627436839 546283312 153834  
  1627436840 546283312 153834  
  1627436841 546283312 153834  
  1627436842 546283312 153834  
  1627436843 546283312 153834  
  1627436844 546283312 153834  
  1627436845 546283312 153834  
  1627436846 546283312 153834  
  1627436847 546283312 153834  
  1627436848 546283312 153834  
  1627436849 546283312 153834  
  1627436850 546283312 153834  
  1627436851 546287621 153834  
  1627436852 546287945 153834  
  1627436853 546288653 153834  
  1627436854 546288653 153834  
  1627436855 546288653 153834  
  1627436856 546288653 153834  
  1627436857 546288653 153834  
  1627436858 546288653 153834  
  1627436859 546288653 153834  
  1627436860 546288653 153834  
  1627436861 546288653 153834  
  1627436862 546288653 153834  
  1627436863 546288653 153834  
  1627436864 546288653 153834  
  1627436865 546288653 153834  
  1627436866 546288653 153834  
  1627436867 546288653 153834  
  1627436868 546288653 153834  
  1627436869 546288653 153834  
  1627436870 546288653 153834  
  1627436872 546288653 153834  
  1627436873 546288653 153834  
  1627436874 546288653 153834  
  1627436875 546288653 153834  
  1627436876 546288653 153834  
  1627436877 546288653 153834  
  1627436878 546288653 153834  
  1627436879 546289311 153834  
  1627436880 546289311 153834  
  1627436881 546289311 153834  
  1627436882 546289311 153834  
  1627436883 546289311 153834  
  1627436884 546289311 153834  
  1627436885 546289311 153834  
  1627436886 546289311 153834  
  1627436887 546289311 153834  
  1627436888 546289311 153834  
  1627436889 546289311 153834  
  1627436890 546289311 153834  
  1627436891 546289311 153834  
  1627436892 546289311 153834  
  1627436893 546289311 153834  
  1627436894 546293620 153834  
  1627436895 546298073 153834  
  1627436896 546299285 153834  
  1627436897 546299925 153834  
  1627436898 546299925 153834  
  1627436899 546299925 153834  
  1627436900 546299925 153834  
  1627436901 546299925 153834  
  1627436902 546299925 153834  
  1627436903 546299925 153834  
  1627436904 546299925 153834  
  1627436905 546299925 153834  
  1627436906 546299925 153834  
  1627436907 546299925 153834  
  1627436908 546299925 153834  
  1627436909 546299925 153834  
  1627436911 546299925 153834  
  1627436912 546299925 153834  
  1627436913 546299925 153834  
  1627436914 546299925 153834  
  1627436915 546299925 153834  
  1627436916 546299925 153834  
  1627436917 546299925 153834  
  1627436918 546299925 153834  
  1627436919 546299925 153834  
  1627436920 546299925 153834  
  1627436921 546299925 153834  
  1627436922 546299925 153834  
  1627436923 546299925 153834  
  1627436924 546299925 153834  
  1627436925 546299925 153834  
  1627436926 546299925 153834  
  1627436927 546299925 153834  
  1627436928 546299925 153834  
  1627436929 546299925 153834  
  1627436930 546299925 153834  
  1627436931 546299925 153834  
  1627436932 546299925 153834  
  1627436933 546304234 153834  
  1627436934 546304558 153834  
  1627436935 546305062 153834  
  1627436936 546305130 153834  
  1627436937 546305130 153834  
  1627436938 546305130 153834  
  1627436939 546305130 153834  
  1627436940 546305130 153834  
  1627436941 546305130 153834  
  1627436942 546305130 153834  
  1627436943 546305130 153834  
  1627436944 546305130 153834  
  1627436945 546305130 153834  
  1627436946 546305130 153834  
  1627436947 546305130 153834  
  1627436948 546305130 153834  
  1627436949 546305130 153834  
  1627436951 546305130 153834  
  1627436952 546305130 153834  
  1627436953 546305130 153834  
  1627436954 546305130 153834  
  1627436955 546305130 153834  
  1627436956 546305130 153834  
  1627436957 546305130 153834  
  1627436958 546305130 153834  
  1627436959 546305130 153834  
  1627436960 546305130 153834  
  1627436961 546305130 153834  
  1627436962 546305130 153834  
  1627436963 546305130 153834  
  1627436964 546305130 153834  
  1627436965 546305130 153834  
 