 1627029105 497328602 115514  
  1627029106 497328602 115514  
  1627029107 497328602 115514  
  1627029108 497328602 115514  
  1627029109 497328602 115514  
  1627029110 497328602 115514  
  1627029111 497328602 115514  
  1627029112 497328602 115514  
  1627029113 497328602 115514  
  1627029114 497328602 115514  
  1627029115 497328602 115514  
  1627029116 497328602 115514  
  1627029117 497328602 115514  
  1627029118 497328602 115514  
  1627029119 497328602 115514  
  1627029120 497328602 115514  
  1627029121 497328602 115514  
  1627029122 497328602 115514  
  1627029123 497328602 115514  
  1627029124 497328602 115514  
  1627029125 497328602 115514  
  1627029126 497328602 115514  
  1627029128 497328602 115514  
  1627029129 497328602 115514  
  1627029130 497328602 115514  
  1627029131 497328602 115514  
  1627029132 497328602 115514  
  1627029133 497328602 115514  
  1627029134 497328602 115514  
  1627029135 497328602 115514  
  1627029136 497328602 115514  
  1627029137 497328602 115514  
  1627029138 497328602 115514  
  1627029139 497328602 115514  
  1627029140 497328602 115514  
  1627029141 497328602 115514  
  1627029142 497328602 115514  
  1627029143 497328694 115514  
  1627029144 497328694 115514  
  1627029145 497328694 115514  
  1627029146 497328694 115514  
  1627029147 497328694 115514  
  1627029148 497328694 115514  
  1627029149 497328694 115514  
  1627029150 497328694 115514  
  1627029151 497328694 115514  
  1627029152 497328694 115514  
  1627029153 497328694 115514  
  1627029154 497328694 115514  
  1627029155 497328694 115514  
  1627029156 497328694 115514  
  1627029157 497328694 115514  
  1627029158 497328694 115514  
  1627029159 497328694 115514  
  1627029160 497328694 115514  
  1627029161 497328694 115514  
  1627029162 497328694 115514  
  1627029163 497328694 115514  
  1627029164 497328694 115514  
  1627029165 497328694 115514  
  1627029167 497328694 115514  
  1627029168 497328694 115514  
  1627029169 497328694 115514  
  1627029170 497328694 115514  
  1627029171 497328694 115514  
  1627029172 497328694 115514  
  1627029173 497328694 115514  
  1627029174 497328694 115514  
  1627029175 497328694 115514  
  1627029176 497328694 115514  
  1627029177 497328694 115514  
  1627029178 497328694 115514  
  1627029179 497328694 115514  
  1627029180 497328694 115514  
  1627029181 497328694 115514  
  1627029182 497328694 115514  
  1627029183 497328694 115514  
  1627029184 497328694 115514  
  1627029185 497328694 115514  
  1627029186 497328694 115514  
  1627029187 497328694 115514  
  1627029188 497328694 115514  
  1627029189 497328694 115514  
  1627029190 497328694 115514  
  1627029191 497328694 115514  
  1627029192 497328694 115514  
  1627029193 497328694 115514  
  1627029194 497328694 115514  
  1627029195 497328694 115514  
  1627029196 497328694 115514  
  1627029197 497328694 115514  
  1627029198 497328694 115514  
  1627029199 497328694 115514  
  1627029200 497328694 115514  
  1627029201 497328694 115514  
  1627029202 497328694 115514  
  1627029203 497328694 115514  
  1627029204 497328694 115514  
  1627029206 497328694 115514  
  1627029207 497328694 115514  
  1627029208 497328694 115514  
  1627029209 497328694 115514  
  1627029210 497328694 115514  
  1627029211 497328694 115514  
  1627029212 497328694 115514  
  1627029213 497328694 115514  
  1627029214 497328694 115514  
  1627029215 497328694 115514  
  1627029216 497328694 115514  
  1627029217 497328694 115514  
  1627029218 497328694 115514  
  1627029219 497328694 115514  
  1627029220 497328694 115514  
  1627029221 497328694 115514  
  1627029222 497328694 115514  
  1627029223 497328694 115514  
  1627029224 497328694 115514  
  1627029225 497328694 115514  
  1627029226 497328694 115514  
  1627029227 497328694 115514  
  1627029228 497328694 115514  
  1627029229 497328694 115514  
  1627029230 497328694 115514  
  1627029231 497328694 115514  
  1627029232 497328694 115514  
  1627029233 497328694 115514  
  1627029234 497328694 115514  
  1627029235 497328694 115514  
  1627029236 497333003 115514  
  1627029237 497333327 115514  
  1627029238 497333327 115514  
  1627029239 497334035 115514  
  1627029240 497334035 115514  
  1627029241 497334035 115514  
  1627029242 497334035 115514  
  1627029243 497334035 115514  
  1627029245 497334035 115514  
  1627029246 497334035 115514  
  1627029247 497334035 115514  
  1627029248 497334035 115514  
  1627029249 497334035 115514  
  1627029250 497334035 115514  
  1627029251 497334035 115514  
  1627029252 497334035 115514  
  1627029253 497334035 115514  
  1627029254 497334035 115514  
  1627029255 497334035 115514  
  1627029256 497334035 115514  
  1627029257 497334035 115514  
  1627029258 497334035 115514  
  1627029259 497334035 115514  
  1627029260 497334035 115514  
  1627029261 497334035 115514  
  1627029262 497334035 115514  
  1627029263 497334035 115514  
  1627029264 497334035 115514  
  1627029265 497334035 115514  
  1627029266 497334035 115514  
  1627029267 497334035 115514  
  1627029268 497334035 115514  
  1627029269 497334035 115514  
  1627029270 497334631 115514  
  1627029271 497334631 115514  
  1627029272 497334631 115514  
  1627029273 497334631 115514  
  1627029274 497334631 115514  
  1627029275 497334631 115514  
  1627029276 497334631 115514  
  1627029277 497334631 115514  
  1627029278 497334631 115514  
  1627029279 497334631 115514  
  1627029280 497334631 115514  
  1627029281 497334631 115514  
  1627029282 497334631 115514  
  1627029284 497334631 115514  
  1627029285 497334631 115514  
  1627029286 497334631 115514  
  1627029287 497334631 115514  
  1627029288 497334631 115514  
  1627029289 497334631 115514  
  1627029290 497334631 115514  
  1627029291 497334631 115514  
  1627029292 497334631 115514  
  1627029293 497334631 115514  
  1627029294 497334631 115514  
  1627029295 497334631 115514  
  1627029296 497334631 115514  
  1627029297 497334631 115514  
  1627029298 497334631 115514  
  1627029299 497334631 115514  
  1627029300 497334631 115514  
  1627029301 497334631 115514  
  1627029302 497334631 115514  
  1627029303 497334631 115514  
  1627029304 497334631 115514  
  1627029305 497334631 115514  
  1627029306 497334631 115514  
  1627029307 497334631 115514  
  1627029308 497334631 115514  
  1627029309 497334631 115514  
  1627029310 497334631 115514  
  1627029311 497334631 115514  
  1627029312 497334631 115514  
  1627029313 497334631 115514  
  1627029314 497334631 115514  
  1627029315 497334631 115514  
  1627029316 497334631 115514  
  1627029317 497334631 115514  
  1627029318 497334631 115514  
  1627029319 497334631 115514  
  1627029320 497334631 115514  
  1627029321 497334631 115514  
  1627029323 497334631 115514  
  1627029324 497334631 115514  
  1627029325 497334631 115514  
  1627029326 497334631 115514  
  1627029327 497334631 115514  
  1627029328 497334631 115514  
  1627029329 497334631 115514  
  1627029330 497334631 115514  
  1627029331 497334631 115514  
  1627029332 497334631 115514  
  1627029333 497334631 115514  
  1627029334 497334631 115514  
  1627029335 497334631 115514  
  1627029336 497334631 115514  
  1627029337 497334988 115514  
  1627029338 497334988 115514  
  1627029339 497334988 115514  
  1627029340 497334988 115514  
  1627029341 497334988 115514  
  1627029342 497335132 115514  
  1627029343 497339621 115514  
  1627029344 497339621 115514  
  1627029345 497343226 115514  
  1627029346 497344962 115514  
  1627029347 497345670 115514  
  1627029348 497345670 115514  
  1627029349 497345670 115514  
  1627029350 497345670 115514  
  1627029351 497350303 115514  
  1627029352 497350303 115514  
  1627029353 497355644 115514  
  1627029354 497355644 115514  
  1627029355 497356352 115514  
  1627029356 497356352 115514  
  1627029357 497356352 115514  
  1627029358 497356352 115514  
  1627029359 497356352 115514  
  1627029360 497356352 115514  
  1627029362 497356352 115514  
  1627029363 497356352 115514  
  1627029364 497356352 115514  
  1627029365 497356352 115514  
  1627029366 497356352 115514  
  1627029367 497356352 115514  
  1627029368 497356352 115514  
  1627029369 497356352 115514  
  1627029370 497356352 115514  
  1627029371 497356352 115514  
  1627029372 497356352 115514  
  1627029373 497356352 115514  
  1627029374 497356352 115514  
  1627029375 497356352 115514  
  1627029376 497356352 115514  
  1627029377 497356352 115514  
  1627029378 497356352 115514  
  1627029379 497356352 115514  
  1627029380 497356352 115514  
  1627029381 497356352 115514  
  1627029382 497356352 115514  
  1627029383 497356352 115514  
  1627029384 497356352 115514  
  1627029385 497356352 115514  
  1627029386 497356352 115514  
  1627029387 497356352 115514  
  1627029388 497356352 115514  
  1627029389 497356352 115514  
  1627029390 497356352 115514  
  1627029391 497356352 115514  
  1627029392 497356352 115514  
  1627029393 497356352 115514  
  1627029394 497356352 115514  
  1627029395 497356352 115514  
  1627029396 497356352 115514  
  1627029397 497356352 115514  
  1627029398 497356352 115514  
  1627029399 497356352 115514  
  1627029401 497356352 115514  
  1627029402 497356352 115514  
  1627029403 497356352 115514  
  1627029404 497356352 115514  
  1627029405 497356352 115514  
  1627029406 497356352 115514  
  1627029407 497356352 115514  
  1627029408 497356352 115514  
  1627029409 497356352 115514  
  1627029410 497356352 115514  
  1627029411 497356352 115514  
  1627029412 497356352 115514  
  1627029413 497356352 115514  
  1627029414 497356352 115514  
  1627029415 497356352 115514  
  1627029416 497356352 115514  
  1627029417 497356352 115514  
  1627029418 497356352 115514  
  1627029419 497356352 115514  
  1627029420 497356352 115514  
  1627029421 497356352 115514  
  1627029422 497356352 115514  
  1627029423 497356352 115514  
  1627029424 497356352 115514  
  1627029425 497356352 115514  
  1627029426 497356352 115514  
  1627029427 497356352 115514  
  1627029428 497356352 115514  
  1627029429 497356352 115514  
  1627029430 497356352 115514  
  1627029431 497356352 115514  
  1627029432 497356352 115514  
  1627029433 497356352 115514  
  1627029434 497356352 115514  
  1627029435 497356352 115514  
  1627029436 497356352 115514  
  1627029437 497356352 115514  
  1627029438 497356352 115514  
  1627029440 497356352 115514  
  1627029441 497356352 115514  
  1627029442 497356352 115514  
  1627029443 497356352 115514  
  1627029444 497356352 115514  
  1627029445 497356352 115514  
  1627029446 497356352 115514  
  1627029447 497356352 115514  
  1627029448 497356352 115514  
  1627029449 497356352 115514  
 