 1627434963 562395122 40724  
  1627434964 562395122 40724  
  1627434965 562395122 40724  
  1627434966 562395122 40724  
  1627434967 562395122 40724  
  1627434968 562395122 40724  
  1627434969 562395122 40724  
  1627434970 562395122 40724  
  1627434971 562395122 40724  
  1627434972 562395122 40724  
  1627434973 562395122 40724  
  1627434974 562395122 40724  
  1627434975 562395122 40724  
  1627434976 562395122 40724  
  1627434977 562395122 40724  
  1627434978 562395122 40724  
  1627434979 562395122 40724  
  1627434980 562395122 40724  
  1627434981 562395122 40724  
  1627434982 562395122 40724  
  1627434983 562395122 40724  
  1627434984 562395122 40724  
  1627434985 562395122 40724  
  1627434986 562395122 40724  
  1627434987 562395122 40724  
  1627434988 562395122 40724  
  1627434989 562395122 40724  
  1627434990 562395122 40724  
  1627434991 562395122 40724  
  1627434992 562395122 40724  
  1627434994 562395122 40724  
  1627434995 562395122 40724  
  1627434996 562395122 40724  
  1627434997 562395122 40724  
  1627434998 562395122 40724  
  1627434999 562395122 40724  
  1627435000 562395122 40724  
  1627435001 562395122 40724  
  1627435002 562395122 40724  
  1627435003 562395122 40724  
  1627435004 562395122 40724  
  1627435005 562395122 40724  
  1627435006 562395122 40724  
  1627435007 562395122 40724  
  1627435008 562395122 40724  
  1627435009 562395122 40724  
  1627435010 562395122 40724  
  1627435011 562395122 40724  
  1627435012 562395122 40724  
  1627435013 562395122 40724  
  1627435014 562395122 40724  
  1627435015 562395122 40724  
  1627435016 562395122 40724  
  1627435017 562395122 40724  
  1627435018 562395122 40724  
  1627435019 562395122 40724  
  1627435020 562395122 40724  
  1627435021 562395122 40724  
  1627435022 562395122 40724  
  1627435023 562395122 40724  
  1627435024 562395122 40724  
  1627435025 562395122 40724  
  1627435026 562395122 40724  
  1627435027 562395122 40724  
  1627435028 562395122 40724  
  1627435029 562399431 40724  
  1627435030 562399755 40724  
  1627435031 562400463 40724  
  1627435032 562400463 40724  
  1627435034 562400463 40724  
  1627435035 562400463 40724  
  1627435036 562400463 40724  
  1627435037 562400463 40724  
  1627435038 562400463 40724  
  1627435039 562400463 40724  
  1627435040 562400463 40724  
  1627435041 562400463 40724  
  1627435042 562400463 40724  
  1627435043 562400463 40724  
  1627435044 562400463 40724  
  1627435045 562400463 40724  
  1627435046 562400463 40724  
  1627435047 562400463 40724  
  1627435048 562400463 40724  
  1627435049 562400463 40724  
  1627435050 562400463 40724  
  1627435051 562400463 40724  
  1627435052 562400463 40724  
  1627435053 562400463 40724  
  1627435054 562400463 40724  
  1627435055 562400463 40724  
  1627435056 562405096 40724  
  1627435057 562405096 40724  
  1627435058 562405804 40724  
  1627435059 562405804 40724  
  1627435060 562405804 40724  
  1627435061 562405804 40724  
  1627435062 562405804 40724  
  1627435063 562405804 40724  
  1627435064 562405804 40724  
  1627435065 562405804 40724  
  1627435066 562405804 40724  
  1627435067 562405804 40724  
  1627435068 562405804 40724  
  1627435069 562405804 40724  
  1627435070 562405804 40724  
  1627435071 562405804 40724  
  1627435073 562405804 40724  
  1627435074 562405804 40724  
  1627435075 562405804 40724  
  1627435076 562405804 40724  
  1627435077 562405804 40724  
  1627435078 562405804 40724  
  1627435079 562405804 40724  
  1627435080 562406400 40724  
  1627435081 562406400 40724  
  1627435082 562406400 40724  
  1627435083 562406400 40724  
  1627435084 562406400 40724  
  1627435085 562406400 40724  
  1627435086 562406400 40724  
  1627435087 562406400 40724  
  1627435088 562406400 40724  
  1627435089 562406400 40724  
  1627435090 562406400 40724  
  1627435091 562406400 40724  
  1627435092 562406400 40724  
  1627435093 562406400 40724  
  1627435094 562406400 40724  
  1627435095 562406400 40724  
  1627435096 562406400 40724  
  1627435097 562406400 40724  
  1627435098 562406400 40724  
  1627435099 562410529 40724  
  1627435100 562415666 40724  
  1627435101 562415666 40724  
  1627435102 562416878 40724  
  1627435103 562416878 40724  
  1627435104 562416878 40724  
  1627435105 562416878 40724  
  1627435106 562416878 40724  
  1627435107 562416878 40724  
  1627435108 562416878 40724  
  1627435109 562416878 40724  
  1627435110 562416878 40724  
  1627435111 562416878 40724  
  1627435113 562416878 40724  
  1627435114 562416878 40724  
  1627435115 562416878 40724  
  1627435116 562416878 40724  
  1627435117 562416878 40724  
  1627435118 562416878 40724  
  1627435119 562416878 40724  
  1627435120 562416878 40724  
  1627435121 562416878 40724  
  1627435122 562416878 40724  
  1627435123 562416878 40724  
  1627435124 562416878 40724  
  1627435125 562416878 40724  
  1627435126 562416878 40724  
  1627435127 562416878 40724  
  1627435128 562416878 40724  
  1627435129 562416878 40724  
  1627435130 562416878 40724  
  1627435131 562416878 40724  
  1627435132 562416878 40724  
  1627435133 562416878 40724  
  1627435134 562416878 40724  
  1627435135 562416878 40724  
  1627435136 562416878 40724  
  1627435137 562416878 40724  
  1627435138 562418839 40724  
  1627435139 562421511 40724  
  1627435140 562421511 40724  
  1627435141 562422219 40724  
  1627435142 562422219 40724  
  1627435143 562422219 40724  
  1627435144 562422219 40724  
  1627435145 562422219 40724  
  1627435146 562422219 40724  
  1627435147 562422219 40724  
  1627435148 562422219 40724  
  1627435149 562422219 40724  
  1627435150 562422219 40724  
  1627435151 562422219 40724  
  1627435153 562422219 40724  
  1627435154 562422219 40724  
  1627435155 562422219 40724  
  1627435156 562422219 40724  
  1627435157 562422219 40724  
  1627435158 562422219 40724  
  1627435159 562422219 40724  
  1627435160 562422219 40724  
  1627435161 562422219 40724  
  1627435162 562422219 40724  
  1627435163 562422219 40724  
  1627435164 562422219 40724  
  1627435165 562422219 40724  
  1627435166 562422219 40724  
  1627435167 562422219 40724  
  1627435168 562422219 40724  
  1627435169 562422219 40724  
  1627435170 562422219 40724  
  1627435171 562422219 40724  
  1627435172 562422219 40724  
  1627435173 562422219 40724  
  1627435174 562422219 40724  
  1627435175 562422219 40724  
  1627435176 562422219 40724  
  1627435177 562422219 40724  
  1627435178 562422219 40724  
  1627435179 562422219 40724  
  1627435180 562422219 40724  
  1627435181 562422219 40724  
  1627435182 562422311 40724  
  1627435183 562422311 40724  
  1627435184 562422311 40724  
  1627435185 562422311 40724  
  1627435186 562422311 40724  
  1627435187 562422311 40724  
  1627435188 562422311 40724  
  1627435189 562422311 40724  
  1627435190 562422311 40724  
  1627435192 562422311 40724  
  1627435193 562422311 40724  
  1627435194 562422311 40724  
  1627435195 562422311 40724  
  1627435196 562422311 40724  
  1627435197 562422311 40724  
  1627435198 562422311 40724  
  1627435199 562422311 40724  
  1627435200 562422311 40724  
  1627435201 562422311 40724  
  1627435202 562422311 40724  
  1627435203 562422311 40724  
  1627435204 562422311 40724  
  1627435205 562422311 40724  
  1627435206 562422311 40724  
  1627435207 562422311 40724  
  1627435208 562422311 40724  
  1627435209 562422311 40724  
  1627435210 562422311 40724  
  1627435211 562422311 40724  
  1627435212 562422311 40724  
  1627435213 562422311 40724  
  1627435214 562422311 40724  
  1627435215 562422311 40724  
  1627435216 562422311 40724  
  1627435217 562422311 40724  
  1627435218 562422311 40724  
  1627435219 562422311 40724  
  1627435220 562422311 40724  
  1627435221 562422311 40724  
  1627435222 562422311 40724  
  1627435223 562422311 40724  
  1627435224 562422311 40724  
  1627435225 562422311 40724  
  1627435226 562422311 40724  
  1627435227 562422311 40724  
  1627435228 562422311 40724  
  1627435229 562422311 40724  
  1627435231 562422311 40724  
  1627435232 562422311 40724  
  1627435233 562422311 40724  
  1627435234 562422311 40724  
  1627435235 562422311 40724  
  1627435236 562422311 40724  
  1627435237 562422311 40724  
  1627435238 562422311 40724  
  1627435239 562422311 40724  
  1627435240 562422311 40724  
  1627435241 562422311 40724  
  1627435242 562422311 40724  
  1627435243 562422668 40724  
  1627435244 562422668 40724  
  1627435245 562422668 40724  
  1627435246 562422668 40724  
  1627435247 562422668 40724  
  1627435248 562422668 40724  
  1627435249 562422668 40724  
  1627435250 562422668 40724  
  1627435251 562422668 40724  
  1627435252 562422668 40724  
  1627435253 562422668 40724  
  1627435254 562422668 40724  
  1627435255 562422668 40724  
  1627435256 562422668 40724  
  1627435257 562422668 40724  
  1627435258 562422668 40724  
  1627435259 562422668 40724  
  1627435260 562422668 40724  
  1627435261 562422668 40724  
  1627435262 562422668 40724  
  1627435263 562422668 40724  
  1627435264 562422668 40724  
  1627435265 562422668 40724  
  1627435266 562422668 40724  
  1627435267 562422668 40724  
  1627435269 562422668 40724  
  1627435270 562422668 40724  
  1627435271 562422668 40724  
  1627435272 562422668 40724  
  1627435273 562422668 40724  
  1627435274 562422668 40724  
  1627435275 562422668 40724  
  1627435276 562422668 40724  
  1627435277 562422668 40724  
  1627435278 562422668 40724  
  1627435279 562422668 40724  
  1627435280 562423264 40724  
  1627435281 562423264 40724  
  1627435282 562423264 40724  
  1627435283 562423264 40724  
  1627435284 562423264 40724  
  1627435285 562423264 40724  
  1627435286 562423264 40724  
  1627435287 562423264 40724  
  1627435288 562423264 40724  
  1627435289 562423264 40724  
  1627435290 562423264 40724  
  1627435291 562423264 40724  
  1627435292 562423264 40724  
  1627435293 562423264 40724  
  1627435294 562423264 40724  
  1627435295 562423264 40724  
  1627435296 562423264 40724  
  1627435297 562423264 40724  
  1627435298 562423264 40724  
  1627435299 562423264 40724  
  1627435300 562423264 40724  
  1627435301 562423264 40724  
  1627435302 562423264 40724  
  1627435303 562423264 40724  
  1627435304 562423264 40724  
  1627435305 562423264 40724  
  1627435306 562423264 40724  
  1627435308 562423264 40724  
  1627435309 562423264 40724  
  1627435310 562423264 40724  
  1627435311 562423264 40724  
  1627435312 562423264 40724  
  1627435313 562423264 40724  
  1627435314 562423264 40724  
  1627435315 562423264 40724  
  1627435316 562423264 40724  
  1627435317 562423264 40724  
  1627435318 562423264 40724  
  1627435319 562423264 40724  
  1627435320 562423264 40724  
  1627435321 562423264 40724  
  1627435322 562423264 40724  
  1627435323 562423264 40724  
  1627435324 562423264 40724  
  1627435325 562423264 40724  
  1627435326 562423264 40724  
  1627435327 562423264 40724  
  1627435328 562427573 40724  
  1627435329 562427897 40724  
  1627435330 562427897 40724  
  1627435331 562428605 40724  
  1627435332 562428605 40724  
  1627435333 562428605 40724  
  1627435334 562428605 40724  
  1627435335 562428605 40724  
  1627435336 562428605 40724  
  1627435337 562428605 40724  
  1627435338 562428605 40724  
  1627435339 562428605 40724  
  1627435340 562428605 40724  
  1627435341 562428605 40724  
  1627435342 562428605 40724  
  1627435343 562428605 40724  
  1627435344 562428605 40724  
  1627435345 562428605 40724  
  1627435346 562428605 40724  
  1627435348 562428605 40724  
  1627435349 562428605 40724  
  1627435350 562428605 40724  
  1627435351 562428605 40724  
  1627435352 562428605 40724  
  1627435353 562428605 40724  
  1627435354 562428605 40724  
  1627435355 562428605 40724  
  1627435356 562428605 40724  
  1627435357 562432914 40724  
  1627435358 562433238 40724  
  1627435359 562433946 40724  
  1627435360 562433946 40724  
  1627435361 562433946 40724  
  1627435362 562433946 40724  
  1627435363 562433946 40724  
  1627435364 562433946 40724  
  1627435365 562433946 40724  
  1627435366 562433946 40724  
  1627435367 562433946 40724  
  1627435368 562433946 40724  
  1627435369 562433946 40724  
  1627435370 562433946 40724  
  1627435371 562433946 40724  
  1627435372 562433946 40724  
  1627435373 562433946 40724  
  1627435374 562433946 40724  
  1627435375 562433946 40724  
  1627435376 562433946 40724  
  1627435377 562433946 40724  
  1627435378 562433946 40724  
  1627435379 562433946 40724  
  1627435380 562433946 40724  
  1627435381 562433946 40724  
  1627435382 562433946 40724  
  1627435383 562433946 40724  
  1627435384 562433946 40724  
  1627435385 562433946 40724  
  1627435387 562433946 40724  
  1627435388 562433946 40724  
  1627435389 562433946 40724  
  1627435390 562433946 40724  
  1627435391 562434006 40724  
  1627435392 562434006 40724  
  1627435393 562434006 40724  
  1627435394 562434006 40724  
  1627435395 562434006 40724  
  1627435396 562434006 40724  
  1627435397 562434006 40724  
  1627435398 562434006 40724  
  1627435399 562434006 40724  
  1627435400 562442624 40724  
  1627435401 562443272 40724  
  1627435402 562443272 40724  
  1627435403 562444688 40724  
  1627435404 562444688 40724  
  1627435405 562444688 40724  
  1627435406 562444688 40724  
  1627435407 562444688 40724  
  1627435408 562444688 40724  
  1627435409 562444688 40724  
  1627435410 562444688 40724  
  1627435411 562444688 40724  
  1627435412 562444688 40724  
  1627435413 562444688 40724  
  1627435414 562444688 40724  
  1627435415 562444688 40724  
  1627435416 562444688 40724  
  1627435417 562444688 40724  
  1627435418 562444688 40724  
  1627435419 562444688 40724  
  1627435420 562444688 40724  
  1627435421 562444688 40724  
  1627435422 562444688 40724  
  1627435423 562444688 40724  
  1627435424 562444688 40724  
  1627435426 562444688 40724  
  1627435427 562444688 40724  
  1627435428 562444688 40724  
  1627435429 562444688 40724  
  1627435430 562444688 40724  
  1627435431 562444688 40724  
  1627435432 562444688 40724  
  1627435433 562444688 40724  
  1627435434 562444688 40724  
  1627435435 562444688 40724  
  1627435436 562444688 40724  
  1627435437 562444688 40724  
  1627435438 562444688 40724  
  1627435439 562448997 40724  
  1627435440 562449321 40724  
  1627435441 562450029 40724  
  1627435442 562450029 40724  
  1627435443 562450121 40724  
  1627435444 562450121 40724  
  1627435445 562450121 40724  
  1627435446 562450121 40724  
  1627435447 562450121 40724  
  1627435448 562450121 40724  
  1627435449 562450121 40724  
  1627435450 562450121 40724  
  1627435451 562450121 40724  
  1627435452 562450121 40724  
  1627435453 562450121 40724  
  1627435454 562450121 40724  
  1627435455 562450121 40724  
  1627435456 562450121 40724  
  1627435457 562450121 40724  
  1627435458 562450121 40724  
  1627435459 562450121 40724  
  1627435460 562450121 40724  
  1627435461 562450121 40724  
  1627435462 562450121 40724  
  1627435463 562450121 40724  
  1627435464 562450121 40724  
  1627435466 562450121 40724  
  1627435467 562450121 40724  
  1627435468 562450121 40724  
  1627435469 562450121 40724  
  1627435470 562450121 40724  
  1627435471 562450121 40724  
  1627435472 562450121 40724  
  1627435473 562450121 40724  
  1627435474 562450121 40724  
  1627435475 562450121 40724  
  1627435476 562450121 40724  
  1627435477 562450121 40724  
  1627435478 562450121 40724  
  1627435479 562450121 40724  
  1627435480 562450717 40724  
  1627435481 562450717 40724  
  1627435482 562450717 40724  
  1627435483 562450717 40724  
  1627435484 562450717 40724  
  1627435485 562450717 40724  
  1627435486 562450717 40724  
  1627435487 562450717 40724  
  1627435488 562450717 40724  
  1627435489 562450717 40724  
  1627435490 562450717 40724  
  1627435491 562450717 40724  
  1627435492 562450717 40724  
  1627435493 562450717 40724  
  1627435494 562450717 40724  
  1627435495 562450717 40724  
  1627435496 562450717 40724  
  1627435497 562450717 40724  
  1627435498 562450717 40724  
  1627435499 562450717 40724  
  1627435500 562450717 40724  
  1627435501 562450717 40724  
  1627435502 562450717 40724  
  1627435503 562450717 40724  
  1627435504 562450717 40724  
  1627435506 562450717 40724  
  1627435507 562450717 40724  
  1627435508 562450717 40724  
  1627435509 562450717 40724  
  1627435510 562450717 40724  
  1627435511 562450717 40724  
  1627435512 562450717 40724  
  1627435513 562450717 40724  
  1627435514 562450717 40724  
  1627435515 562450717 40724  
  1627435516 562450717 40724  
  1627435517 562450717 40724  
  1627435518 562450717 40724  
  1627435519 562450717 40724  
  1627435520 562450717 40724  
  1627435521 562450717 40724  
  1627435522 562450717 40724  
  1627435523 562450717 40724  
  1627435524 562450717 40724  
  1627435525 562450717 40724  
  1627435526 562450717 40724  
  1627435527 562450717 40724  
  1627435528 562450717 40724  
  1627435529 562450717 40724  
  1627435530 562450717 40724  
  1627435531 562450717 40724  
  1627435532 562450717 40724  
  1627435533 562450717 40724  
  1627435534 562450717 40724  
  1627435535 562450717 40724  
  1627435536 562450717 40724  
  1627435537 562450785 40724  
  1627435538 562450785 40724  
  1627435539 562450785 40724  
  1627435540 562450785 40724  
  1627435541 562450785 40724  
  1627435542 562450785 40724  
  1627435543 562452366 40724  
  1627435545 562452366 40724  
  1627435546 562452366 40724  
  1627435547 562452366 40724  
  1627435548 562452366 40724  
  1627435549 562452366 40724  
  1627435550 562452366 40724  
  1627435551 562452366 40724  
  1627435552 562452366 40724  
  1627435553 562452366 40724  
  1627435554 562452366 40724  
  1627435555 562452366 40724  
  1627435556 562452366 40724  
  1627435557 562452366 40724  
  1627435558 562452366 40724  
  1627435559 562452366 40724  
  1627435560 562452366 40724  
  1627435561 562452366 40724  
  1627435562 562452366 40724  
  1627435563 562452366 40724  
  1627435564 562452366 40724  
  1627435565 562452366 40724  
  1627435566 562452366 40724  
  1627435567 562452366 40724  
  1627435568 562452366 40724  
  1627435569 562452366 40724  
  1627435570 562452366 40724  
  1627435571 562452366 40724  
  1627435572 562452366 40724  
  1627435573 562452366 40724  
  1627435574 562452366 40724  
  1627435575 562452366 40724  
  1627435576 562452366 40724  
  1627435577 562452366 40724  
  1627435578 562452366 40724  
  1627435579 562452366 40724  
  1627435580 562452366 40724  
  1627435581 562452366 40724  
  1627435582 562452366 40724  
  1627435584 562452366 40724  
  1627435585 562452366 40724  
  1627435586 562452366 40724  
  1627435587 562452366 40724  
  1627435588 562452366 40724  
  1627435589 562452366 40724  
  1627435590 562452366 40724  
  1627435591 562452366 40724  
  1627435592 562452366 40724  
  1627435593 562452366 40724  
  1627435594 562452366 40724  
  1627435595 562452366 40724  
  1627435596 562452366 40724  
  1627435597 562452366 40724  
  1627435598 562452366 40724  
  1627435599 562452366 40724  
  1627435600 562452366 40724  
  1627435601 562452366 40724  
 