 1626771929 457368271 0  
  1626771930 457368271 0  
  1626771931 457368950 0  
  1626771932 457368950 0  
  1626771933 457368950 0  
  1626771934 457368950 0  
  1626771935 457368950 0  
  1626771936 457368950 0  
  1626771937 457368950 0  
  1626771938 457368950 0  
  1626771939 457368950 0  
  1626771940 457368950 0  
  1626771941 457368950 0  
  1626771942 457368950 0  
  1626771943 457368950 0  
  1626771944 457368950 0  
  1626771945 457368950 0  
  1626771946 457368950 0  
  1626771947 457368950 0  
  1626771948 457368950 0  
  1626771949 457368950 0  
  1626771950 457368950 0  
  1626771951 457368950 0  
  1626771952 457368950 0  
  1626771953 457368950 0  
  1626771954 457368950 0  
  1626771955 457368950 0  
  1626771956 457369042 0  
  1626771958 457369042 0  
  1626771959 457369042 0  
  1626771960 457369042 0  
  1626771961 457369042 0  
  1626771962 457369042 0  
  1626771963 457369042 0  
  1626771964 457369042 0  
  1626771965 457369042 0  
  1626771966 457369042 0  
  1626771967 457369042 0  
  1626771968 457369042 0  
  1626771969 457369042 0  
  1626771970 457369042 0  
  1626771971 457369042 0  
  1626771972 457369042 0  
  1626771973 457369042 0  
  1626771974 457369042 0  
  1626771975 457369042 0  
  1626771976 457369042 0  
  1626771977 457369042 0  
  1626771978 457369042 0  
  1626771979 457369042 0  
  1626771980 457369042 0  
  1626771981 457369042 0  
  1626771982 457369042 0  
  1626771983 457369042 0  
  1626771984 457369042 0  
  1626771985 457369042 0  
  1626771986 457369042 0  
  1626771987 457369042 0  
  1626771988 457369042 0  
  1626771989 457369042 0  
  1626771990 457369042 0  
  1626771991 457369042 0  
  1626771992 457369042 0  
  1626771993 457369042 0  
  1626771994 457369042 0  
  1626771995 457369042 0  
  1626771997 457369042 0  
  1626771998 457369042 0  
  1626771999 457369042 0  
  1626772000 457369042 0  
  1626772001 457369042 0  
  1626772002 457369042 0  
  1626772003 457369042 0  
  1626772004 457369134 0  
  1626772005 457369134 0  
  1626772006 457369134 0  
  1626772007 457369134 0  
  1626772008 457369134 0  
  1626772009 457369134 0  
  1626772010 457369134 0  
  1626772011 457369134 0  
  1626772012 457369134 0  
  1626772013 457369134 0  
  1626772014 457369134 0  
  1626772015 457369134 0  
  1626772016 457369134 0  
  1626772017 457369134 0  
  1626772018 457369134 0  
  1626772019 457369134 0  
  1626772020 457369134 0  
  1626772021 457369226 0  
  1626772022 457369226 0  
  1626772023 457369226 0  
  1626772024 457369226 0  
  1626772025 457369226 0  
  1626772026 457369226 0  
  1626772027 457369226 0  
  1626772028 457369226 0  
  1626772029 457369226 0  
  1626772030 457369226 0  
  1626772031 457369226 0  
  1626772032 457369226 0  
  1626772033 457369226 0  
  1626772034 457369226 0  
  1626772035 457369226 0  
  1626772037 457369226 0  
  1626772038 457369226 0  
  1626772039 457369226 0  
  1626772040 457369226 0  
  1626772041 457369226 0  
  1626772042 457369226 0  
  1626772043 457369226 0  
  1626772044 457369226 0  
  1626772045 457369226 0  
  1626772046 457369226 0  
  1626772047 457369226 0  
  1626772048 457369226 0  
  1626772049 457369226 0  
  1626772050 457369226 0  
  1626772051 457369226 0  
  1626772052 457369226 0  
  1626772053 457369226 0  
  1626772054 457369226 0  
  1626772055 457369226 0  
  1626772056 457369226 0  
  1626772057 457369226 0  
  1626772058 457369226 0  
  1626772059 457369226 0  
  1626772060 457369226 0  
  1626772061 457369226 0  
  1626772062 457373535 0  
  1626772063 457373859 0  
  1626772064 457374363 0  
  1626772065 457375027 0  
  1626772066 457375027 0  
  1626772067 457375027 0  
  1626772068 457375027 0  
  1626772069 457375027 0  
  1626772070 457375027 0  
  1626772071 457375027 0  
  1626772072 457375027 0  
  1626772073 457375027 0  
  1626772074 457375027 0  
  1626772075 457375027 0  
  1626772077 457375027 0  
  1626772078 457375027 0  
  1626772079 457375027 0  
  1626772080 457375027 0  
  1626772081 457375027 0  
  1626772082 457375027 0  
  1626772083 457375027 0  
  1626772084 457375027 0  
  1626772085 457375027 0  
  1626772086 457375119 0  
  1626772087 457375119 0  
  1626772088 457375119 0  
  1626772089 457375119 0  
  1626772090 457375119 0  
  1626772091 457375119 0  
  1626772092 457375119 0  
  1626772093 457375119 0  
  1626772094 457375119 0  
  1626772095 457375119 0  
  1626772096 457375119 0  
  1626772097 457375119 0  
  1626772098 457375119 0  
  1626772099 457375119 0  
  1626772100 457375119 0  
  1626772101 457375119 0  
  1626772102 457375119 0  
  1626772103 457375119 0  
  1626772104 457375119 0  
  1626772105 457375119 0  
  1626772106 457375119 0  
  1626772107 457375119 0  
  1626772108 457375119 0  
  1626772109 457375119 0  
  1626772110 457375119 0  
  1626772111 457375119 0  
  1626772112 457375119 0  
  1626772113 457375119 0  
  1626772114 457375119 0  
  1626772116 457375119 0  
  1626772117 457375119 0  
  1626772118 457375119 0  
  1626772119 457375119 0  
  1626772120 457375119 0  
  1626772121 457375119 0  
  1626772122 457375119 0  
  1626772123 457375119 0  
  1626772124 457375119 0  
  1626772125 457375119 0  
  1626772126 457375119 0  
  1626772127 457375119 0  
  1626772128 457375119 0  
  1626772129 457375119 0  
  1626772130 457375119 0  
  1626772131 457375119 0  
  1626772132 457375119 0  
  1626772133 457375211 0  
  1626772134 457375211 0  
  1626772135 457375211 0  
  1626772136 457375211 0  
  1626772137 457375211 0  
  1626772138 457375211 0  
  1626772139 457375211 0  
  1626772140 457375211 0  
  1626772141 457375211 0  
  1626772142 457375211 0  
  1626772143 457375211 0  
  1626772144 457375211 0  
  1626772145 457375211 0  
  1626772146 457375211 0  
  1626772147 457375211 0  
  1626772148 457375211 0  
  1626772149 457375211 0  
  1626772150 457375303 0  
  1626772151 457375303 0  
  1626772152 457375303 0  
  1626772153 457375303 0  
  1626772154 457375303 0  
  1626772155 457375359 0  
  1626772157 457375359 0  
  1626772158 457375359 0  
  1626772159 457375359 0  
  1626772160 457375359 0  
  1626772161 457375359 0  
  1626772162 457375359 0  
  1626772163 457375359 0  
  1626772164 457375359 0  
  1626772165 457375359 0  
  1626772166 457375359 0  
  1626772167 457375359 0  
  1626772168 457375359 0  
  1626772169 457375359 0  
  1626772170 457375359 0  
  1626772171 457375359 0  
  1626772172 457375359 0  
  1626772173 457375359 0  
  1626772174 457375359 0  
  1626772175 457375359 0  
  1626772176 457375359 0  
  1626772177 457375359 0  
  1626772178 457375359 0  
  1626772179 457375359 0  
  1626772180 457375359 0  
  1626772181 457375359 0  
  1626772182 457375359 0  
  1626772183 457375359 0  
  1626772184 457375359 0  
  1626772185 457375359 0  
  1626772186 457375359 0  
  1626772187 457375359 0  
  1626772188 457375359 0  
  1626772189 457375359 0  
  1626772190 457375359 0  
  1626772191 457375359 0  
  1626772192 457375359 0  
  1626772193 457375359 0  
  1626772194 457375359 0  
  1626772195 457375359 0  
  1626772197 457375359 0  
  1626772198 457375359 0  
  1626772199 457379668 0  
  1626772200 457379992 0  
  1626772201 457380700 0  
  1626772202 457380700 0  
  1626772203 457380700 0  
  1626772204 457380700 0  
  1626772205 457380700 0  
  1626772206 457380700 0  
  1626772207 457380700 0  
  1626772208 457380700 0  
  1626772209 457380700 0  
  1626772210 457380700 0  
  1626772211 457380700 0  
  1626772212 457385009 0  
  1626772213 457385333 0  
  1626772214 457385333 0  
  1626772215 457390606 0  
  1626772216 457395307 0  
  1626772217 457396015 0  
  1626772218 457396655 0  
  1626772219 457396655 0  
  1626772220 457396655 0  
  1626772221 457396655 0  
  1626772222 457396655 0  
  1626772223 457396655 0  
  1626772224 457396655 0  
  1626772225 457396723 0  
  1626772226 457396723 0  
  1626772227 457396723 0  
  1626772228 457396723 0  
  1626772229 457396723 0  
  1626772230 457396723 0  
  1626772231 457398236 0  
  1626772232 457398236 0  
  1626772233 457398236 0  
  1626772234 457398355 0  
  1626772236 457398355 0  
  1626772237 457398355 0  
  1626772238 457398355 0  
  1626772239 457398355 0  
  1626772240 457398355 0  
  1626772241 457398355 0  
  1626772242 457398355 0  
  1626772243 457398355 0  
  1626772244 457398355 0  
  1626772245 457398355 0  
  1626772246 457398355 0  
  1626772247 457398355 0  
  1626772248 457398355 0  
  1626772249 457398355 0  
  1626772250 457398355 0  
  1626772251 457398355 0  
 