 1626768353 457970523 0  
  1626768354 457970523 0  
  1626768355 457970523 0  
  1626768356 457970523 0  
  1626768357 457970523 0  
  1626768358 457970523 0  
  1626768359 457970523 0  
  1626768360 457970523 0  
  1626768361 457970523 0  
  1626768362 457970523 0  
  1626768363 457970523 0  
  1626768364 457970523 0  
  1626768366 457970523 0  
  1626768367 457970523 0  
  1626768368 457970523 0  
  1626768369 457970523 0  
  1626768370 457970523 0  
  1626768371 457970523 0  
  1626768372 457970523 0  
  1626768373 457970523 0  
  1626768374 457970523 0  
  1626768375 457970523 0  
  1626768376 457970523 0  
  1626768377 457970523 0  
  1626768378 457970523 0  
  1626768379 457970523 0  
  1626768380 457970523 0  
  1626768381 457970523 0  
  1626768382 457970523 0  
  1626768383 457970523 0  
  1626768384 457970523 0  
  1626768385 457970523 0  
  1626768386 457970523 0  
  1626768387 457970523 0  
  1626768388 457970523 0  
  1626768389 457970523 0  
  1626768390 457970523 0  
  1626768391 457970523 0  
  1626768392 457970523 0  
  1626768393 457970523 0  
  1626768394 457970523 0  
  1626768395 457970523 0  
  1626768396 457970523 0  
  1626768397 457970523 0  
  1626768398 457970523 0  
  1626768399 457970523 0  
  1626768400 457970523 0  
  1626768401 457970523 0  
  1626768402 457970523 0  
  1626768403 457970523 0  
  1626768404 457970523 0  
  1626768406 457970523 0  
  1626768407 457970523 0  
  1626768408 457970523 0  
  1626768409 457970523 0  
  1626768410 457970523 0  
  1626768411 457970523 0  
  1626768412 457970523 0  
  1626768413 457970523 0  
  1626768414 457970523 0  
  1626768415 457970523 0  
  1626768416 457970523 0  
  1626768417 457970523 0  
  1626768418 457970523 0  
  1626768419 457970523 0  
  1626768420 457970523 0  
  1626768421 457970523 0  
  1626768422 457970523 0  
  1626768423 457970523 0  
  1626768424 457970523 0  
  1626768425 457970523 0  
  1626768426 457970523 0  
  1626768427 457970523 0  
  1626768428 457970523 0  
  1626768429 457970523 0  
  1626768430 457970523 0  
  1626768431 457970523 0  
  1626768432 457970523 0  
  1626768433 457970523 0  
  1626768434 457970523 0  
  1626768435 457970523 0  
  1626768436 457970523 0  
  1626768437 457970523 0  
  1626768438 457970523 0  
  1626768439 457970523 0  
  1626768440 457970523 0  
  1626768441 457970523 0  
  1626768442 457970523 0  
  1626768443 457970523 0  
  1626768444 457970861 0  
  1626768446 457970861 0  
  1626768447 457970861 0  
  1626768448 457970861 0  
  1626768449 457970861 0  
  1626768450 457970861 0  
  1626768451 457970861 0  
  1626768452 457970861 0  
  1626768453 457970861 0  
  1626768454 457970861 0  
  1626768455 457970861 0  
  1626768456 457970861 0  
  1626768457 457970861 0  
  1626768458 457970861 0  
  1626768459 457970861 0  
  1626768460 457970861 0  
  1626768461 457970861 0  
  1626768462 457970861 0  
  1626768463 457970861 0  
  1626768464 457970953 0  
  1626768465 457971549 0  
  1626768466 457971549 0  
  1626768467 457971549 0  
  1626768468 457971549 0  
  1626768469 457975858 0  
  1626768470 457976274 0  
  1626768471 457976274 0  
  1626768472 457976982 0  
  1626768473 457976982 0  
  1626768474 457976982 0  
  1626768475 457976982 0  
  1626768476 457976982 0  
  1626768477 457976982 0  
  1626768478 457976982 0  
  1626768479 457976982 0  
  1626768480 457976982 0  
  1626768481 457976982 0  
  1626768482 457976982 0  
  1626768483 457976982 0  
  1626768484 457976982 0  
  1626768485 457976982 0  
  1626768487 457976982 0  
  1626768488 457976982 0  
  1626768489 457976982 0  
  1626768490 457976982 0  
  1626768491 457976982 0  
  1626768492 457976982 0  
  1626768493 457976982 0  
  1626768494 457976982 0  
  1626768495 457976982 0  
  1626768496 457976982 0  
  1626768497 457976982 0  
  1626768498 457976982 0  
  1626768499 457976982 0  
  1626768500 457976982 0  
  1626768501 457976982 0  
  1626768502 457976982 0  
  1626768503 457976982 0  
  1626768504 457976982 0  
  1626768505 457976982 0  
  1626768506 457976982 0  
  1626768507 457976982 0  
  1626768508 457976982 0  
  1626768509 457976982 0  
  1626768510 457976982 0  
  1626768511 457976982 0  
  1626768512 457976982 0  
  1626768513 457976982 0  
  1626768514 457976982 0  
  1626768515 457976982 0  
  1626768516 457976982 0  
  1626768517 457976982 0  
  1626768518 457976982 0  
  1626768519 457976982 0  
  1626768520 457976982 0  
  1626768521 457976982 0  
  1626768522 457976982 0  
  1626768523 457976982 0  
  1626768524 457976982 0  
  1626768525 457976982 0  
  1626768527 457976982 0  
  1626768528 457976982 0  
  1626768529 457976982 0  
  1626768530 457976982 0  
  1626768531 457976982 0  
  1626768532 457976982 0  
  1626768533 457976982 0  
  1626768534 457976982 0  
  1626768535 457976982 0  
  1626768536 457976982 0  
  1626768537 457976982 0  
  1626768538 457976982 0  
  1626768539 457976982 0  
  1626768540 457976982 0  
  1626768541 457976982 0  
  1626768542 457976982 0  
  1626768543 457976982 0  
  1626768544 457976982 0  
  1626768545 457976982 0  
  1626768546 457976982 0  
  1626768547 457976982 0  
  1626768548 457976982 0  
  1626768549 457976982 0  
  1626768550 457976982 0  
  1626768551 457976982 0  
  1626768552 457976982 0  
  1626768553 457976982 0  
  1626768554 457976982 0  
  1626768555 457976982 0  
  1626768556 457976982 0  
  1626768557 457976982 0  
  1626768558 457976982 0  
  1626768559 457976982 0  
  1626768560 457976982 0  
  1626768561 457976982 0  
  1626768562 457976982 0  
  1626768563 457976982 0  
  1626768564 457976982 0  
  1626768565 457976982 0  
  1626768567 457976982 0  
  1626768568 457976982 0  
  1626768569 457976982 0  
  1626768570 457976982 0  
  1626768571 457976982 0  
  1626768572 457976982 0  
  1626768573 457976982 0  
  1626768574 457976982 0  
  1626768575 457976982 0  
  1626768576 457976982 0  
  1626768577 457976982 0  
  1626768578 457976982 0  
  1626768579 457976982 0  
  1626768580 457976982 0  
  1626768581 457976982 0  
  1626768582 457976982 0  
  1626768583 457976982 0  
  1626768584 457976982 0  
  1626768585 457976982 0  
  1626768586 457976982 0  
  1626768587 457976982 0  
  1626768588 457976982 0  
  1626768589 457976982 0  
  1626768590 457976982 0  
  1626768591 457976982 0  
  1626768592 457976982 0  
  1626768593 457976982 0  
  1626768594 457977320 0  
  1626768595 457977320 0  
  1626768596 457977320 0  
  1626768597 457977320 0  
  1626768598 457977320 0  
  1626768599 457977320 0  
  1626768600 457977320 0  
  1626768601 457977320 0  
  1626768602 457977320 0  
  1626768603 457977320 0  
  1626768604 457977320 0  
  1626768605 457977320 0  
  1626768607 457981629 0  
  1626768608 457981953 0  
  1626768609 457982661 0  
  1626768610 457982661 0  
  1626768611 457982661 0  
  1626768612 457982661 0  
  1626768613 457982661 0  
  1626768614 457982661 0  
  1626768615 457982661 0  
  1626768616 457982661 0  
  1626768617 457982661 0  
  1626768618 457982661 0  
  1626768619 457982661 0  
  1626768620 457986970 0  
  1626768621 457987294 0  
  1626768622 457991927 0  
  1626768623 457997268 0  
  1626768624 457997976 0  
  1626768625 457998684 0  
  1626768626 457998684 0  
  1626768627 457998684 0  
  1626768628 457998684 0  
  1626768629 457998684 0  
  1626768630 457998684 0  
  1626768631 457998684 0  
  1626768632 457998684 0  
  1626768633 457998684 0  
  1626768634 457998684 0  
  1626768635 457998684 0  
  1626768636 457998684 0  
  1626768637 457998684 0  
  1626768638 457998684 0  
  1626768639 457998684 0  
  1626768640 457999041 0  
  1626768641 457999041 0  
  1626768642 457999041 0  
  1626768643 457999041 0  
  1626768644 457999041 0  
  1626768646 457999041 0  
  1626768647 457999041 0  
  1626768648 457999041 0  
  1626768649 457999041 0  
  1626768650 457999041 0  
  1626768651 457999041 0  
  1626768652 457999041 0  
  1626768653 457999041 0  
  1626768654 457999041 0  
  1626768655 457999041 0  
  1626768656 457999041 0  
  1626768657 457999041 0  
  1626768658 457999041 0  
  1626768659 457999041 0  
  1626768660 457999041 0  
  1626768661 457999041 0  
  1626768662 457999041 0  
  1626768663 457999041 0  
  1626768664 457999041 0  
  1626768665 457999041 0  
  1626768666 457999637 0  
  1626768667 457999637 0  
  1626768668 457999637 0  
  1626768669 457999637 0  
  1626768670 457999637 0  
  1626768671 457999637 0  
  1626768672 457999637 0  
  1626768673 457999637 0  
  1626768674 457999637 0  
  1626768675 457999637 0  
 