 1626879171 479566753 253596  
  1626879172 479569101 253596  
  1626879173 479569425 253596  
  1626879174 479570133 253596  
  1626879175 479570133 253596  
  1626879176 479570133 253596  
  1626879177 479570133 253596  
  1626879178 479570133 253596  
  1626879179 479570133 253596  
  1626879180 479570133 253596  
  1626879181 479570133 253596  
  1626879182 479570133 253596  
  1626879183 479570133 253596  
  1626879184 479570133 253596  
  1626879185 479570133 253596  
  1626879186 479570133 253596  
  1626879187 479570133 253596  
  1626879188 479570133 253596  
  1626879189 479570133 253596  
  1626879190 479570133 253596  
  1626879191 479571004 253596  
  1626879192 479571004 253596  
  1626879193 479571004 253596  
  1626879194 479571004 253596  
  1626879195 479571004 253596  
  1626879196 479571004 253596  
  1626879197 479571004 253596  
  1626879198 479571004 253596  
  1626879200 479571004 253596  
  1626879201 479571004 253596  
  1626879202 479571004 253596  
  1626879203 479571004 253596  
  1626879204 479571004 253596  
  1626879205 479571004 253596  
  1626879206 479571004 253596  
  1626879207 479571004 253596  
  1626879208 479571004 253596  
  1626879209 479571004 253596  
  1626879210 479571004 253596  
  1626879211 479571004 253596  
  1626879212 479571004 253596  
  1626879213 479571004 253596  
  1626879214 479571004 253596  
  1626879215 479571004 253596  
  1626879216 479571004 253596  
  1626879217 479571004 253596  
  1626879218 479571004 253596  
  1626879219 479571004 253596  
  1626879220 479571004 253596  
  1626879221 479571004 253596  
  1626879222 479571004 253596  
  1626879223 479571004 253596  
  1626879224 479571004 253596  
  1626879225 479571004 253596  
  1626879226 479571004 253596  
  1626879227 479571004 253596  
  1626879228 479571004 253596  
  1626879229 479571004 253596  
  1626879230 479571004 253596  
  1626879231 479571004 253596  
  1626879232 479571004 253596  
  1626879233 479571004 253596  
  1626879234 479571004 253596  
  1626879235 479571004 253596  
  1626879236 479571004 253596  
  1626879237 479571004 253596  
  1626879238 479571004 253596  
  1626879240 479571004 253596  
  1626879241 479571004 253596  
  1626879242 479571004 253596  
  1626879243 479571004 253596  
  1626879244 479571004 253596  
  1626879245 479571096 253596  
  1626879246 479571096 253596  
  1626879247 479571096 253596  
  1626879248 479571096 253596  
  1626879249 479571096 253596  
  1626879250 479571096 253596  
  1626879251 479571096 253596  
  1626879252 479571096 253596  
  1626879253 479571096 253596  
  1626879254 479571096 253596  
  1626879255 479571096 253596  
  1626879256 479571096 253596  
  1626879257 479571096 253596  
  1626879258 479571096 253596  
  1626879259 479571096 253596  
  1626879260 479571096 253596  
  1626879261 479571096 253596  
  1626879262 479571096 253596  
  1626879263 479571096 253596  
  1626879264 479571096 253596  
  1626879265 479571096 253596  
  1626879266 479571096 253596  
  1626879267 479571096 253596  
  1626879268 479571096 253596  
  1626879269 479571096 253596  
  1626879270 479571096 253596  
  1626879271 479571096 253596  
  1626879272 479571096 253596  
  1626879273 479571096 253596  
  1626879274 479571096 253596  
  1626879275 479571096 253596  
  1626879276 479571096 253596  
  1626879277 479571096 253596  
  1626879279 479571096 253596  
  1626879280 479571096 253596  
  1626879281 479571096 253596  
  1626879282 479571096 253596  
  1626879283 479571096 253596  
  1626879284 479571096 253596  
  1626879285 479571096 253596  
  1626879286 479571096 253596  
  1626879287 479571096 253596  
  1626879288 479571096 253596  
  1626879289 479571096 253596  
  1626879290 479571096 253596  
  1626879291 479571096 253596  
  1626879292 479571096 253596  
  1626879293 479571096 253596  
  1626879294 479571096 253596  
  1626879295 479571096 253596  
  1626879296 479571096 253596  
  1626879297 479571096 253596  
  1626879298 479571096 253596  
  1626879299 479571096 253596  
  1626879300 479571096 253596  
  1626879301 479571096 253596  
  1626879302 479571096 253596  
  1626879303 479571096 253596  
  1626879304 479571096 253596  
  1626879305 479571096 253596  
  1626879306 479571096 253596  
  1626879307 479571096 253596  
  1626879308 479571096 253596  
  1626879309 479571096 253596  
  1626879310 479571096 253596  
  1626879311 479571096 253596  
  1626879312 479571096 253596  
  1626879313 479571096 253596  
  1626879314 479571096 253596  
  1626879315 479571096 253596  
  1626879316 479571096 253596  
  1626879317 479571096 253596  
  1626879319 479571096 253596  
  1626879320 479571096 253596  
  1626879321 479571096 253596  
  1626879322 479571096 253596  
  1626879323 479571096 253596  
  1626879324 479571096 253596  
  1626879325 479571096 253596  
  1626879326 479571096 253596  
  1626879327 479571096 253596  
  1626879328 479571096 253596  
  1626879329 479571096 253596  
  1626879330 479571096 253596  
  1626879331 479571096 253596  
  1626879332 479571096 253596  
  1626879333 479571096 253596  
  1626879334 479571096 253596  
  1626879335 479571096 253596  
  1626879336 479571096 253596  
  1626879337 479571096 253596  
  1626879338 479571096 253596  
  1626879339 479571096 253596  
  1626879340 479571453 253596  
  1626879341 479571453 253596  
  1626879342 479571453 253596  
  1626879343 479571453 253596  
  1626879344 479571453 253596  
  1626879345 479576018 253596  
  1626879346 479576086 253596  
  1626879347 479576794 253596  
  1626879348 479577095 253596  
  1626879349 479581427 253596  
  1626879350 479582135 253596  
  1626879351 479582135 253596  
  1626879352 479582135 253596  
  1626879353 479586912 253596  
  1626879354 479591401 253596  
  1626879355 479592749 253596  
  1626879356 479592749 253596  
  1626879357 479592749 253596  
  1626879359 479592749 253596  
  1626879360 479592749 253596  
  1626879361 479592749 253596  
  1626879362 479592749 253596  
  1626879363 479592749 253596  
  1626879364 479592749 253596  
  1626879365 479592749 253596  
  1626879366 479592749 253596  
  1626879367 479592749 253596  
  1626879368 479593345 253596  
  1626879369 479593345 253596  
  1626879370 479593345 253596  
  1626879371 479593345 253596  
  1626879372 479593345 253596  
  1626879373 479593345 253596  
  1626879374 479593437 253596  
  1626879375 479593437 253596  
  1626879376 479593437 253596  
  1626879377 479593437 253596  
  1626879378 479593437 253596  
  1626879379 479593437 253596  
  1626879380 479593437 253596  
  1626879381 479593437 253596  
  1626879382 479593437 253596  
  1626879383 479593437 253596  
  1626879384 479593437 253596  
  1626879385 479593437 253596  
  1626879386 479593437 253596  
  1626879387 479593437 253596  
  1626879388 479593437 253596  
  1626879389 479593437 253596  
  1626879390 479593437 253596  
  1626879391 479593437 253596  
  1626879392 479593437 253596  
  1626879393 479593437 253596  
  1626879394 479593437 253596  
  1626879395 479593437 253596  
  1626879396 479593437 253596  
  1626879397 479593437 253596  
  1626879399 479593437 253596  
  1626879400 479593437 253596  
  1626879401 479593437 253596  
  1626879402 479593437 253596  
  1626879403 479593437 253596  
  1626879404 479593437 253596  
  1626879405 479593437 253596  
  1626879406 479593437 253596  
  1626879407 479593437 253596  
  1626879408 479593437 253596  
  1626879409 479593437 253596  
  1626879410 479593437 253596  
  1626879411 479593437 253596  
  1626879412 479593437 253596  
  1626879413 479593437 253596  
  1626879414 479593437 253596  
  1626879415 479593437 253596  
  1626879416 479593437 253596  
  1626879417 479593437 253596  
  1626879418 479593437 253596  
  1626879419 479593437 253596  
  1626879420 479593437 253596  
  1626879421 479593437 253596  
  1626879422 479593437 253596  
  1626879423 479593437 253596  
  1626879424 479593437 253596  
  1626879425 479593437 253596  
  1626879426 479593437 253596  
  1626879427 479593437 253596  
  1626879428 479593437 253596  
  1626879429 479593437 253596  
  1626879430 479593437 253596  
  1626879431 479593437 253596  
  1626879432 479593437 253596  
  1626879433 479593437 253596  
  1626879434 479593437 253596  
  1626879435 479593437 253596  
  1626879436 479593437 253596  
  1626879437 479593437 253596  
  1626879439 479593529 253596  
  1626879440 479593529 253596  
  1626879441 479593529 253596  
  1626879442 479593529 253596  
  1626879443 479593529 253596  
  1626879444 479593529 253596  
  1626879445 479593529 253596  
  1626879446 479593529 253596  
  1626879447 479593529 253596  
  1626879448 479593529 253596  
  1626879449 479593529 253596  
  1626879450 479593529 253596  
  1626879451 479593529 253596  
  1626879452 479593529 253596  
  1626879453 479593529 253596  
  1626879454 479593529 253596  
  1626879455 479593529 253596  
  1626879456 479593529 253596  
  1626879457 479593529 253596  
  1626879458 479593529 253596  
  1626879459 479593529 253596  
  1626879460 479593529 253596  
  1626879461 479593529 253596  
  1626879462 479593529 253596  
  1626879463 479593529 253596  
  1626879464 479593529 253596  
  1626879465 479593529 253596  
  1626879466 479593529 253596  
  1626879467 479593529 253596  
  1626879468 479593529 253596  
  1626879469 479593677 253596  
  1626879470 479593677 253596  
  1626879471 479597986 253596  
  1626879472 479598310 253596  
  1626879473 479599018 253596  
  1626879474 479599018 253596  
  1626879475 479600174 253596  
  1626879476 479600174 253596  
  1626879477 479600174 253596  
  1626879479 479600174 253596  
  1626879480 479600174 253596  
  1626879481 479600174 253596  
  1626879482 479600174 253596  
  1626879483 479600174 253596  
  1626879484 479600174 253596  
  1626879485 479600174 253596  
  1626879486 479600174 253596  
  1626879487 479600174 253596  
  1626879488 479600174 253596  
  1626879489 479600174 253596  
  1626879490 479600174 253596  
  1626879491 479600174 253596  
  1626879492 479600174 253596  
  1626879493 479600174 253596  
  1626879494 479600174 253596  
  1626879495 479600174 253596  
  1626879496 479600174 253596  
  1626879497 479600174 253596  
  1626879498 479600174 253596  
  1626879499 479600174 253596  
  1626879500 479600174 253596  
  1626879501 479600174 253596  
  1626879502 479600174 253596  
  1626879503 479600174 253596  
  1626879504 479600266 253596  
  1626879505 479600266 253596  
  1626879506 479600266 253596  
  1626879507 479600266 253596  
  1626879508 479600266 253596  
  1626879509 479600266 253596  
  1626879510 479600266 253596  
  1626879511 479600266 253596  
  1626879512 479600266 253596  
  1626879513 479600266 253596  
  1626879514 479600266 253596  
  1626879515 479600266 253596  
  1626879516 479600266 253596  
  1626879517 479600266 253596  
  1626879519 479600266 253596  
  1626879520 479600266 253596  
  1626879521 479600266 253596  
  1626879522 479600266 253596  
  1626879523 479600266 253596  
  1626879524 479600266 253596  
  1626879525 479600617 253596  
  1626879526 479600617 253596  
  1626879527 479600617 253596  
  1626879528 479600617 253596  
  1626879529 479600617 253596  
  1626879530 479600617 253596  
  1626879531 479600617 253596  
  1626879532 479600617 253596  
  1626879533 479600617 253596  
  1626879534 479600617 253596  
  1626879535 479600617 253596  
  1626879536 479600617 253596  
  1626879537 479600617 253596  
  1626879538 479600617 253596  
  1626879539 479600617 253596  
  1626879540 479600617 253596  
  1626879541 479600617 253596  
  1626879542 479600617 253596  
  1626879543 479600617 253596  
  1626879544 479600617 253596  
  1626879545 479600617 253596  
  1626879546 479600617 253596  
  1626879547 479600617 253596  
  1626879548 479600617 253596  
  1626879549 479600617 253596  
  1626879550 479600617 253596  
  1626879551 479600617 253596  
  1626879552 479600617 253596  
  1626879553 479600617 253596  
  1626879554 479600617 253596  
  1626879555 479600617 253596  
  1626879556 479600617 253596  
  1626879557 479600617 253596  
  1626879559 479600617 253596  
  1626879560 479600617 253596  
  1626879561 479600617 253596  
  1626879562 479600617 253596  
  1626879563 479600617 253596  
  1626879564 479600617 253596  
  1626879565 479600617 253596  
  1626879566 479600617 253596  
  1626879567 479600709 253596  
  1626879568 479601305 253596  
  1626879569 479601397 253596  
  1626879570 479601397 253596  
  1626879571 479601397 253596  
  1626879572 479601397 253596  
  1626879573 479601397 253596  
  1626879574 479601397 253596  
  1626879575 479601397 253596  
  1626879576 479601397 253596  
  1626879577 479601397 253596  
  1626879578 479601397 253596  
  1626879579 479601397 253596  
  1626879580 479601397 253596  
  1626879581 479601397 253596  
  1626879582 479601397 253596  
  1626879583 479601397 253596  
  1626879584 479601397 253596  
  1626879585 479601397 253596  
  1626879586 479601397 253596  
  1626879587 479601397 253596  
  1626879588 479601397 253596  
  1626879589 479601397 253596  
  1626879590 479601397 253596  
  1626879591 479601397 253596  
  1626879592 479601397 253596  
  1626879593 479601397 253596  
  1626879594 479601397 253596  
  1626879595 479601397 253596  
  1626879596 479601397 253596  
  1626879597 479601397 253596  
  1626879599 479601397 253596  
  1626879600 479601397 253596  
  1626879601 479601397 253596  
  1626879602 479601397 253596  
  1626879603 479601397 253596  
  1626879604 479601397 253596  
  1626879605 479601397 253596  
  1626879606 479601397 253596  
  1626879607 479601397 253596  
  1626879608 479601397 253596  
  1626879609 479601397 253596  
  1626879610 479601397 253596  
  1626879611 479601397 253596  
  1626879612 479601397 253596  
  1626879613 479601397 253596  
  1626879614 479601397 253596  
  1626879615 479601397 253596  
  1626879616 479601397 253596  
  1626879617 479601397 253596  
  1626879618 479601397 253596  
  1626879619 479601397 253596  
  1626879620 479601397 253596  
  1626879621 479601397 253596  
  1626879622 479601397 253596  
  1626879623 479601397 253596  
  1626879624 479601397 253596  
  1626879625 479601397 253596  
  1626879626 479601397 253596  
  1626879627 479601397 253596  
  1626879628 479601397 253596  
  1626879629 479601397 253596  
  1626879630 479601397 253596  
  1626879631 479601397 253596  
  1626879632 479601489 253596  
  1626879633 479601489 253596  
  1626879634 479601581 253596  
  1626879635 479601581 253596  
  1626879636 479601581 253596  
  1626879637 479601581 253596  
  1626879639 479601581 253596  
 