 1627016624 503734948 0  
  1627016626 503734948 0  
  1627016627 503734948 0  
  1627016628 503734948 0  
  1627016629 503734948 0  
  1627016630 503734948 0  
  1627016631 503734948 0  
  1627016632 503734948 0  
  1627016633 503734948 0  
  1627016634 503734948 0  
  1627016635 503734948 0  
  1627016636 503734948 0  
  1627016637 503734948 0  
  1627016638 503735286 0  
  1627016639 503735286 0  
  1627016640 503735286 0  
  1627016641 503735286 0  
  1627016642 503735286 0  
  1627016643 503735286 0  
  1627016644 503735286 0  
  1627016645 503735286 0  
  1627016646 503735286 0  
  1627016647 503735286 0  
  1627016648 503735286 0  
  1627016649 503735286 0  
  1627016650 503735286 0  
  1627016651 503735286 0  
  1627016652 503735286 0  
  1627016653 503735286 0  
  1627016654 503735286 0  
  1627016655 503735286 0  
  1627016656 503735286 0  
  1627016657 503735286 0  
  1627016658 503735286 0  
  1627016659 503735286 0  
  1627016660 503735286 0  
  1627016661 503735286 0  
  1627016662 503735286 0  
  1627016664 503735286 0  
  1627016665 503735286 0  
  1627016666 503735286 0  
  1627016667 503735286 0  
  1627016668 503735286 0  
  1627016669 503735286 0  
  1627016670 503735286 0  
  1627016671 503735286 0  
  1627016672 503735286 0  
  1627016673 503735286 0  
  1627016674 503735286 0  
  1627016675 503735286 0  
  1627016676 503735286 0  
  1627016677 503735286 0  
  1627016678 503735286 0  
  1627016679 503735286 0  
  1627016680 503735286 0  
  1627016681 503735378 0  
  1627016682 503735378 0  
  1627016683 503735378 0  
  1627016684 503735378 0  
  1627016685 503735378 0  
  1627016686 503735378 0  
  1627016687 503735378 0  
  1627016688 503735378 0  
  1627016689 503735378 0  
  1627016690 503735378 0  
  1627016691 503735378 0  
  1627016692 503735378 0  
  1627016693 503735378 0  
  1627016694 503735378 0  
  1627016695 503735378 0  
  1627016696 503735378 0  
  1627016697 503735378 0  
  1627016698 503735378 0  
  1627016699 503735378 0  
  1627016700 503735378 0  
  1627016701 503735378 0  
  1627016703 503735378 0  
  1627016704 503735378 0  
  1627016705 503735378 0  
  1627016706 503735378 0  
  1627016707 503735378 0  
  1627016708 503735378 0  
  1627016709 503735378 0  
  1627016710 503735378 0  
  1627016711 503735378 0  
  1627016712 503735378 0  
  1627016713 503735378 0  
  1627016714 503735378 0  
  1627016715 503735378 0  
  1627016716 503735378 0  
  1627016717 503735378 0  
  1627016718 503735378 0  
  1627016719 503735378 0  
  1627016720 503735378 0  
  1627016721 503735378 0  
  1627016722 503735378 0  
  1627016723 503735378 0  
  1627016724 503735378 0  
  1627016725 503735378 0  
  1627016726 503735378 0  
  1627016727 503735378 0  
  1627016728 503735378 0  
  1627016729 503735378 0  
  1627016730 503735378 0  
  1627016731 503735378 0  
  1627016732 503735378 0  
  1627016733 503735378 0  
  1627016734 503735378 0  
  1627016735 503735378 0  
  1627016736 503735378 0  
  1627016737 503735378 0  
  1627016738 503735378 0  
  1627016739 503735378 0  
  1627016740 503735735 0  
  1627016742 503735735 0  
  1627016743 503735735 0  
  1627016744 503735735 0  
  1627016745 503735735 0  
  1627016746 503740044 0  
  1627016747 503740368 0  
  1627016748 503745709 0  
  1627016749 503745709 0  
  1627016750 503746417 0  
  1627016751 503746417 0  
  1627016752 503746417 0  
  1627016753 503748618 0  
  1627016754 503755683 0  
  1627016755 503756391 0  
  1627016756 503757099 0  
  1627016757 503757099 0  
  1627016758 503757099 0  
  1627016759 503757099 0  
  1627016760 503757099 0  
  1627016761 503757099 0  
  1627016762 503757099 0  
  1627016763 503757099 0  
  1627016764 503757099 0  
  1627016765 503757099 0  
  1627016766 503757099 0  
  1627016767 503757099 0  
  1627016768 503757099 0  
  1627016769 503757099 0  
  1627016770 503758694 0  
  1627016771 503758694 0  
  1627016772 503758694 0  
  1627016773 503758694 0  
  1627016774 503758694 0  
  1627016775 503758694 0  
  1627016776 503758694 0  
  1627016777 503758694 0  
  1627016778 503758694 0  
  1627016779 503758694 0  
  1627016780 503758694 0  
  1627016782 503758694 0  
  1627016783 503758694 0  
  1627016784 503758694 0  
  1627016785 503758694 0  
  1627016786 503758694 0  
  1627016787 503758694 0  
  1627016788 503759032 0  
  1627016789 503759032 0  
  1627016790 503759032 0  
  1627016791 503759032 0  
  1627016792 503759032 0  
  1627016793 503759032 0  
  1627016794 503759032 0  
  1627016795 503759032 0  
  1627016796 503759032 0  
  1627016797 503759032 0  
  1627016798 503759032 0  
  1627016799 503759032 0  
  1627016800 503759032 0  
  1627016801 503759032 0  
  1627016802 503759032 0  
  1627016803 503759032 0  
  1627016804 503759032 0  
  1627016805 503759032 0  
  1627016806 503759032 0  
  1627016807 503759032 0  
  1627016808 503759032 0  
  1627016809 503759124 0  
  1627016810 503759124 0  
  1627016811 503759124 0  
  1627016812 503759124 0  
  1627016813 503759124 0  
  1627016814 503759124 0  
  1627016815 503759124 0  
  1627016816 503759124 0  
  1627016817 503759124 0  
  1627016818 503759124 0  
  1627016819 503759124 0  
  1627016821 503759124 0  
  1627016822 503759124 0  
  1627016823 503759124 0  
  1627016824 503759124 0  
  1627016825 503759124 0  
  1627016826 503759124 0  
  1627016827 503759124 0  
  1627016828 503759124 0  
  1627016829 503759124 0  
  1627016830 503759124 0  
  1627016831 503759124 0  
  1627016832 503759124 0  
  1627016833 503759124 0  
  1627016834 503759124 0  
  1627016835 503759124 0  
  1627016836 503759124 0  
  1627016837 503759124 0  
  1627016838 503759124 0  
  1627016839 503759124 0  
  1627016840 503759124 0  
  1627016841 503759124 0  
  1627016842 503759124 0  
  1627016843 503759124 0  
  1627016844 503759124 0  
  1627016845 503759124 0  
  1627016846 503759124 0  
  1627016847 503759124 0  
  1627016848 503759124 0  
  1627016849 503759124 0  
  1627016850 503759124 0  
  1627016851 503759124 0  
  1627016852 503759124 0  
  1627016853 503759124 0  
  1627016854 503759124 0  
  1627016855 503759124 0  
  1627016856 503759124 0  
  1627016857 503759124 0  
  1627016858 503759124 0  
  1627016860 503759124 0  
  1627016861 503759124 0  
  1627016862 503759124 0  
  1627016863 503759124 0  
  1627016864 503759124 0  
  1627016865 503759124 0  
  1627016866 503759124 0  
  1627016867 503759124 0  
  1627016868 503759124 0  
  1627016869 503759124 0  
  1627016870 503759124 0  
  1627016871 503759124 0  
  1627016872 503759124 0  
  1627016873 503759124 0  
  1627016874 503759124 0  
  1627016875 503759124 0  
  1627016876 503759124 0  
  1627016877 503759124 0  
  1627016878 503759124 0  
  1627016879 503759124 0  
  1627016880 503759124 0  
  1627016881 503759124 0  
  1627016882 503759124 0  
  1627016883 503759124 0  
  1627016884 503759124 0  
  1627016885 503759124 0  
  1627016886 503759124 0  
  1627016887 503759124 0  
  1627016888 503759124 0  
  1627016889 503759124 0  
  1627016890 503759124 0  
  1627016891 503759124 0  
  1627016892 503759124 0  
  1627016893 503759124 0  
  1627016894 503759124 0  
  1627016895 503759124 0  
  1627016896 503759124 0  
  1627016897 503759124 0  
  1627016898 503759124 0  
  1627016900 503759124 0  
  1627016901 503759124 0  
  1627016902 503759124 0  
  1627016903 503759124 0  
  1627016904 503759124 0  
  1627016905 503759124 0  
  1627016906 503759124 0  
  1627016907 503759124 0  
  1627016908 503759124 0  
  1627016909 503759124 0  
  1627016910 503759124 0  
  1627016911 503759124 0  
  1627016912 503759124 0  
  1627016913 503759124 0  
  1627016914 503759124 0  
  1627016915 503759124 0  
  1627016916 503759124 0  
  1627016917 503759124 0  
  1627016918 503759124 0  
  1627016919 503759124 0  
  1627016920 503759124 0  
  1627016921 503763433 0  
  1627016922 503763757 0  
  1627016923 503763757 0  
  1627016924 503764465 0  
  1627016925 503764465 0  
  1627016926 503764465 0  
  1627016927 503764465 0  
  1627016928 503764465 0  
  1627016929 503764465 0  
  1627016930 503764465 0  
  1627016931 503764465 0  
  1627016932 503764465 0  
  1627016933 503764465 0  
  1627016934 503764465 0  
  1627016935 503764465 0  
  1627016936 503764465 0  
  1627016937 503764465 0  
  1627016939 503764895 0  
  1627016940 503764895 0  
  1627016941 503764895 0  
  1627016942 503764895 0  
  1627016943 503764895 0  
  1627016944 503764895 0  
  1627016945 503764895 0  
  1627016946 503764895 0  
  1627016947 503764895 0  
  1627016948 503764895 0  
  1627016949 503764895 0  
  1627016950 503764895 0  
  1627016951 503764895 0  
  1627016952 503764895 0  
  1627016953 503764895 0  
  1627016954 503764895 0  
  1627016955 503764895 0  
  1627016956 503764895 0  
  1627016957 503764895 0  
  1627016958 503764895 0  
  1627016959 503764895 0  
  1627016960 503764895 0  
  1627016961 503764895 0  
  1627016962 503764895 0  
  1627016963 503764895 0  
  1627016964 503764895 0  
  1627016965 503764895 0  
  1627016966 503764895 0  
  1627016967 503764895 0  
  1627016968 503764895 0  
  1627016969 503764895 0  
  1627016970 503765553 0  
  1627016971 503765553 0  
  1627016972 503765553 0  
  1627016973 503765553 0  
  1627016974 503765553 0  
  1627016975 503765553 0  
  1627016976 503765553 0  
  1627016978 503765553 0  
  1627016979 503765553 0  
  1627016980 503765553 0  
  1627016981 503765553 0  
  1627016982 503765553 0  
  1627016983 503765553 0  
  1627016984 503765553 0  
  1627016985 503765553 0  
  1627016986 503765553 0  
  1627016987 503765553 0  
  1627016988 503765553 0  
  1627016989 503765553 0  
  1627016990 503765553 0  
  1627016991 503765553 0  
  1627016992 503765553 0  
  1627016993 503765553 0  
  1627016994 503765553 0  
  1627016995 503765553 0  
  1627016996 503765553 0  
  1627016997 503765553 0  
  1627016998 503765553 0  
  1627016999 503765553 0  
  1627017000 503765553 0  
  1627017001 503765553 0  
  1627017002 503765553 0  
  1627017003 503765553 0  
  1627017004 503765553 0  
  1627017005 503765553 0  
  1627017006 503765553 0  
  1627017007 503765553 0  
  1627017008 503765553 0  
  1627017009 503765553 0  
  1627017010 503765553 0  
  1627017011 503765553 0  
  1627017012 503765553 0  
  1627017013 503765553 0  
  1627017014 503765553 0  
  1627017015 503765553 0  
  1627017016 503765553 0  
  1627017018 503765553 0  
  1627017019 503765553 0  
  1627017020 503765553 0  
  1627017021 503765553 0  
  1627017022 503765553 0  
  1627017023 503765553 0  
  1627017024 503765553 0  
  1627017025 503765553 0  
  1627017026 503765553 0  
  1627017027 503765553 0  
  1627017028 503765553 0  
  1627017029 503765553 0  
  1627017030 503765553 0  
  1627017031 503765553 0  
  1627017032 503765553 0  
  1627017033 503765553 0  
  1627017034 503765553 0  
  1627017035 503765553 0  
  1627017036 503765553 0  
  1627017037 503765553 0  
  1627017038 503765553 0  
  1627017039 503765553 0  
  1627017040 503765910 0  
  1627017041 503765910 0  
  1627017042 503765910 0  
  1627017043 503765910 0  
  1627017044 503765910 0  
  1627017045 503770219 0  
  1627017046 503770543 0  
  1627017047 503774852 0  
  1627017048 503775884 0  
  1627017049 503776592 0  
  1627017050 503776592 0  
  1627017051 503776592 0  
  1627017052 503776592 0  
  1627017053 503783102 0  
  1627017054 503785858 0  
  1627017056 503787274 0  
  1627017057 503787274 0  
  1627017058 503787274 0  
  1627017059 503787274 0  
  1627017060 503787274 0  
  1627017061 503787274 0  
  1627017062 503787274 0  
  1627017063 503787274 0  
  1627017064 503787274 0  
  1627017065 503787274 0  
  1627017066 503787274 0  
  1627017067 503787274 0  
  1627017068 503787274 0  
  1627017069 503787366 0  
  1627017070 503787366 0  
  1627017071 503787366 0  
  1627017072 503787366 0  
  1627017073 503787366 0  
  1627017074 503787366 0  
  1627017075 503787366 0  
  1627017076 503787366 0  
  1627017077 503787366 0  
  1627017078 503787366 0  
  1627017079 503787366 0  
  1627017080 503787366 0  
  1627017081 503787366 0  
  1627017082 503787366 0  
  1627017083 503787366 0  
  1627017084 503787366 0  
  1627017085 503787366 0  
  1627017086 503787366 0  
  1627017087 503787366 0  
  1627017088 503787704 0  
  1627017089 503787704 0  
  1627017090 503787704 0  
  1627017091 503787704 0  
  1627017092 503787704 0  
  1627017093 503787704 0  
  1627017095 503787704 0  
  1627017096 503787704 0  
  1627017097 503787704 0  
  1627017098 503787704 0  
  1627017099 503787704 0  
  1627017100 503787704 0  
  1627017101 503787704 0  
  1627017102 503787704 0  
  1627017103 503787704 0  
  1627017104 503787704 0  
  1627017105 503787704 0  
  1627017106 503787796 0  
  1627017107 503787796 0  
  1627017108 503787796 0  
  1627017109 503787796 0  
  1627017110 503787796 0  
  1627017111 503787796 0  
  1627017112 503787796 0  
  1627017113 503787796 0  
  1627017114 503787796 0  
  1627017115 503787796 0  
  1627017116 503787796 0  
  1627017117 503787796 0  
  1627017118 503787796 0  
  1627017119 503787796 0  
  1627017120 503787796 0  
  1627017121 503787796 0  
  1627017122 503787796 0  
  1627017123 503787796 0  
  1627017124 503787796 0  
  1627017125 503787796 0  
  1627017126 503787796 0  
  1627017127 503787796 0  
  1627017128 503787796 0  
  1627017129 503787796 0  
  1627017130 503787796 0  
  1627017131 503787796 0  
  1627017132 503787796 0  
  1627017134 503787796 0  
  1627017135 503787796 0  
  1627017136 503787796 0  
  1627017137 503787796 0  
  1627017138 503787796 0  
  1627017139 503787796 0  
  1627017140 503787796 0  
  1627017141 503787796 0  
  1627017142 503787796 0  
  1627017143 503787796 0  
  1627017144 503787796 0  
  1627017145 503787796 0  
  1627017146 503787796 0  
  1627017147 503787796 0  
  1627017148 503787796 0  
  1627017149 503787796 0  
  1627017150 503787796 0  
  1627017151 503787796 0  
  1627017152 503787796 0  
  1627017153 503787796 0  
  1627017154 503787796 0  
  1627017155 503787796 0  
  1627017156 503787796 0  
  1627017157 503787796 0  
  1627017158 503787796 0  
  1627017159 503787796 0  
  1627017160 503787796 0  
  1627017161 503787796 0  
  1627017162 503787796 0  
  1627017163 503787796 0  
  1627017164 503787796 0  
  1627017165 503787796 0  
  1627017166 503787796 0  
  1627017167 503787796 0  
  1627017168 503787796 0  
  1627017169 503787796 0  
  1627017170 503788454 0  
  1627017171 503788454 0  
  1627017173 503788454 0  
  1627017174 503788454 0  
  1627017175 503788454 0  
  1627017176 503788454 0  
  1627017177 503788454 0  
  1627017178 503788454 0  
  1627017179 503788454 0  
  1627017180 503788454 0  
  1627017181 503788454 0  
  1627017182 503788454 0  
  1627017183 503788522 0  
  1627017184 503788522 0  
  1627017185 503788522 0  
  1627017186 503788522 0  
  1627017187 503788522 0  
  1627017188 503788522 0  
  1627017189 503789678 0  
  1627017190 503789678 0  
  1627017191 503789678 0  
  1627017192 503789678 0  
  1627017193 503789678 0  
  1627017194 503789678 0  
  1627017195 503789678 0  
  1627017196 503789678 0  
  1627017197 503789678 0  
  1627017198 503789770 0  
  1627017199 503789770 0  
  1627017200 503789770 0  
  1627017201 503789770 0  
  1627017202 503789770 0  
  1627017203 503789770 0  
  1627017204 503789770 0  
  1627017205 503789770 0  
  1627017206 503789770 0  
  1627017207 503789770 0  
  1627017208 503789770 0  
  1627017209 503789770 0  
  1627017211 503789770 0  
  1627017212 503789770 0  
  1627017213 503789770 0  
  1627017214 503789770 0  
  1627017215 503789770 0  
  1627017216 503789770 0  
  1627017217 503789770 0  
  1627017218 503789770 0  
  1627017219 503789770 0  
  1627017220 503789770 0  
  1627017221 503794079 0  
  1627017222 503794403 0  
  1627017223 503794403 0  
  1627017224 503795111 0  
  1627017225 503795111 0  
  1627017226 503795111 0  
  1627017227 503795111 0  
  1627017228 503795111 0  
  1627017229 503795111 0  
  1627017230 503795111 0  
  1627017231 503795111 0  
  1627017232 503795111 0  
  1627017233 503795111 0  
  1627017234 503795111 0  
  1627017235 503795111 0  
  1627017236 503795111 0  
  1627017237 503795111 0  
  1627017238 503795111 0  
  1627017239 503795111 0  
  1627017240 503795111 0  
  1627017241 503795111 0  
  1627017242 503795111 0  
  1627017243 503795111 0  
  1627017244 503795111 0  
  1627017245 503795111 0  
  1627017246 503795111 0  
  1627017247 503795111 0  
  1627017248 503795111 0  
  1627017250 503795111 0  
  1627017251 503795111 0  
  1627017252 503795111 0  
  1627017253 503795111 0  
  1627017254 503795111 0  
  1627017255 503795111 0  
  1627017256 503795111 0  
  1627017257 503795111 0  
  1627017258 503795111 0  
  1627017259 503795111 0  
  1627017260 503795111 0  
  1627017261 503795111 0  
  1627017262 503795111 0  
  1627017263 503795111 0  
  1627017264 503795111 0  
  1627017265 503795111 0  
  1627017266 503795111 0  
  1627017267 503795111 0  
  1627017268 503795111 0  
  1627017269 503795111 0  
  1627017270 503795111 0  
  1627017271 503795111 0  
  1627017272 503795111 0  
  1627017273 503795111 0  
  1627017274 503795111 0  
  1627017275 503795111 0  
  1627017276 503795111 0  
  1627017277 503795111 0  
  1627017278 503795111 0  
  1627017279 503795111 0  
  1627017280 503795111 0  
  1627017281 503795111 0  
  1627017282 503795111 0  
  1627017283 503795111 0  
  1627017284 503795111 0  
  1627017285 503795111 0  
  1627017286 503795111 0  
  1627017287 503795111 0  
  1627017289 503795111 0  
  1627017290 503795111 0  
  1627017291 503795111 0  
  1627017292 503795111 0  
  1627017293 503795111 0  
  1627017294 503795111 0  
  1627017295 503795111 0  
  1627017296 503795111 0  
  1627017297 503795111 0  
  1627017298 503795111 0  
  1627017299 503795111 0  
  1627017300 503795111 0  
  1627017301 503795111 0  
  1627017302 503795111 0  
  1627017304 503795111 0  
  1627017305 503795111 0  
  1627017306 503795111 0  
  1627017307 503795111 0  
  1627017308 503795111 0  
  1627017309 503795111 0  
  1627017310 503795111 0  
  1627017311 503795111 0  
  1627017312 503795111 0  
  1627017313 503795111 0  
  1627017314 503795111 0  
  1627017315 503795111 0  
  1627017316 503795111 0  
  1627017317 503795111 0  
  1627017318 503795111 0  
  1627017319 503795111 0  
  1627017320 503795111 0  
  1627017321 503795111 0  
  1627017322 503795111 0  
  1627017323 503795111 0  
  1627017324 503795111 0  
  1627017325 503795111 0  
  1627017326 503795111 0  
  1627017327 503795203 0  
  1627017328 503795203 0  
  1627017329 503795203 0  
  1627017330 503795203 0  
  1627017331 503795203 0  
  1627017333 503795203 0  
  1627017334 503795203 0  
  1627017335 503795203 0  
  1627017336 503795203 0  
  1627017337 503795203 0  
  1627017338 503795203 0  
  1627017339 503795203 0  
  1627017340 503795560 0  
  1627017341 503795560 0  
  1627017342 503795560 0  
  1627017343 503795560 0  
  1627017344 503795560 0  
  1627017345 503795704 0  
  1627017346 503800193 0  
  1627017347 503800193 0  
  1627017348 503805534 0  
  1627017349 503805534 0  
  1627017350 503806242 0  
  1627017351 503806242 0  
  1627017352 503806242 0  
  1627017353 503812836 0  
  1627017354 503815508 0  
  1627017355 503816924 0  
  1627017356 503816924 0  
  1627017357 503816924 0  
  1627017358 503816924 0  
  1627017359 503816924 0  
  1627017360 503816924 0  
  1627017361 503816924 0  
  1627017362 503816924 0  
  1627017363 503816924 0  
  1627017364 503816924 0  
  1627017365 503816924 0  
  1627017366 503816924 0  
  1627017367 503816924 0  
  1627017368 503816924 0  
  1627017369 503816924 0  
  1627017370 503817582 0  
  1627017372 503817582 0  
  1627017373 503817582 0  
  1627017374 503817582 0  
  1627017375 503817664 0  
  1627017376 503817664 0  
  1627017377 503817664 0  
  1627017378 503817664 0  
  1627017379 503817664 0  
  1627017380 503817664 0  
  1627017381 503817664 0  
  1627017382 503817664 0  
  1627017383 503817664 0  
  1627017384 503817664 0  
  1627017385 503817664 0  
  1627017386 503817664 0  
  1627017387 503817664 0  
  1627017388 503817664 0  
  1627017389 503817664 0  
  1627017390 503817664 0  
  1627017391 503817664 0  
  1627017392 503817664 0  
  1627017393 503817664 0  
  1627017394 503817664 0  
  1627017395 503817664 0  
  1627017396 503817664 0  
  1627017397 503817664 0  
  1627017398 503817664 0  
  1627017399 503817664 0  
  1627017400 503817664 0  
  1627017401 503817664 0  
  1627017402 503817664 0  
  1627017403 503817664 0  
  1627017404 503817664 0  
  1627017405 503817664 0  
  1627017406 503817664 0  
  1627017407 503817664 0  
  1627017408 503817664 0  
  1627017409 503817664 0  
  1627017410 503817664 0  
  1627017412 503817664 0  
  1627017413 503817664 0  
  1627017414 503817664 0  
  1627017415 503817664 0  
  1627017416 503817664 0  
  1627017417 503817664 0  
  1627017418 503817664 0  
  1627017419 503817664 0  
  1627017420 503817664 0  
  1627017421 503817664 0  
  1627017422 503817664 0  
  1627017423 503817664 0  
  1627017424 503817664 0  
  1627017425 503817664 0  
  1627017426 503817664 0  
  1627017427 503817664 0  
  1627017428 503817664 0  
  1627017429 503817664 0  
  1627017430 503817664 0  
  1627017431 503817664 0  
  1627017432 503817664 0  
  1627017433 503817664 0  
  1627017434 503817664 0  
  1627017435 503817664 0  
  1627017436 503817664 0  
  1627017437 503817664 0  
  1627017438 503817664 0  
  1627017439 503817664 0  
  1627017440 503817664 0  
  1627017441 503817664 0  
  1627017442 503817664 0  
  1627017443 503817664 0  
  1627017444 503817664 0  
  1627017445 503817664 0  
  1627017446 503817664 0  
  1627017447 503817664 0  
  1627017448 503817664 0  
  1627017449 503817664 0  
  1627017450 503817664 0  
  1627017452 503817664 0  
  1627017453 503817664 0  
  1627017454 503817664 0  
  1627017455 503817664 0  
  1627017456 503817756 0  
  1627017457 503817756 0  
  1627017458 503817756 0  
  1627017459 503817756 0  
  1627017460 503817756 0  
  1627017461 503817756 0  
  1627017462 503817756 0  
  1627017463 503817756 0  
  1627017464 503817756 0  
  1627017465 503817756 0  
  1627017466 503817756 0  
  1627017467 503817756 0  
  1627017468 503817756 0  
  1627017469 503817756 0  
  1627017470 503817756 0  
  1627017471 503817756 0  
  1627017472 503817756 0  
  1627017473 503817756 0  
  1627017474 503817756 0  
  1627017475 503817756 0  
  1627017476 503817756 0  
  1627017477 503817756 0  
  1627017478 503817756 0  
  1627017479 503817756 0  
  1627017480 503817756 0  
  1627017481 503817756 0  
  1627017482 503817756 0  
  1627017483 503817756 0  
  1627017484 503817756 0  
  1627017485 503817756 0  
  1627017486 503817756 0  
  1627017487 503817756 0  
  1627017488 503817756 0  
  1627017489 503817756 0  
  1627017491 503817756 0  
  1627017492 503817756 0  
  1627017493 503817756 0  
  1627017494 503817756 0  
  1627017495 503817756 0  
  1627017496 503817756 0  
  1627017497 503817756 0  
  1627017498 503817756 0  
  1627017499 503817756 0  
  1627017500 503817756 0  
  1627017501 503817756 0  
  1627017502 503817756 0  
  1627017503 503817756 0  
  1627017504 503817756 0  
  1627017505 503817756 0  
  1627017506 503817756 0  
  1627017507 503817756 0  
  1627017508 503817756 0  
  1627017509 503817756 0  
  1627017510 503817756 0  
  1627017511 503817756 0  
  1627017512 503817756 0  
  1627017513 503817756 0  
  1627017514 503817756 0  
  1627017515 503817756 0  
  1627017516 503817756 0  
  1627017517 503817756 0  
  1627017518 503817756 0  
  1627017519 503817756 0  
  1627017520 503817756 0  
  1627017521 503822321 0  
  1627017522 503822389 0  
  1627017523 503823097 0  
  1627017524 503823097 0  
  1627017525 503823097 0  
  1627017526 503823097 0  
  1627017527 503823097 0  
  1627017528 503823097 0  
  1627017529 503823097 0  
  1627017531 503823097 0  
  1627017532 503823097 0  
  1627017533 503823097 0  
  1627017534 503823097 0  
  1627017535 503823097 0  
  1627017536 503823097 0  
  1627017537 503823097 0  
  1627017538 503823097 0  
  1627017539 503823097 0  
  1627017540 503823097 0  
  1627017541 503823097 0  
  1627017542 503823097 0  
  1627017543 503823097 0  
  1627017544 503823097 0  
  1627017545 503823097 0  
  1627017546 503823097 0  
  1627017547 503823097 0  
  1627017548 503823097 0  
  1627017549 503823097 0  
  1627017550 503823097 0  
  1627017551 503823097 0  
  1627017552 503823097 0  
  1627017553 503823097 0  
  1627017554 503823097 0  
  1627017555 503823097 0  
  1627017556 503823097 0  
  1627017557 503823097 0  
  1627017558 503823097 0  
  1627017559 503823097 0  
  1627017560 503823097 0  
  1627017561 503823097 0  
  1627017562 503823097 0  
  1627017563 503823097 0  
  1627017564 503823097 0  
  1627017565 503823097 0  
  1627017566 503823097 0  
  1627017567 503823097 0  
  1627017568 503823097 0  
  1627017569 503823097 0  
  1627017570 503823687 0  
  1627017572 503823687 0  
  1627017573 503823687 0  
  1627017574 503823687 0  
  1627017575 503823687 0  
  1627017576 503823687 0  
  1627017577 503823687 0  
  1627017578 503823687 0  
  1627017579 503823687 0  
  1627017580 503823687 0  
  1627017581 503823687 0  
  1627017582 503823687 0  
  1627017583 503823687 0  
  1627017584 503823687 0  
  1627017585 503823779 0  
  1627017586 503823779 0  
  1627017587 503823779 0  
  1627017588 503823779 0  
  1627017589 503823779 0  
  1627017590 503823779 0  
 