 1626781493 463946645 0  
  1626781494 463946645 0  
  1626781495 463946645 0  
  1626781496 463946645 0  
  1626781497 463946645 0  
  1626781498 463946645 0  
  1626781499 463946645 0  
  1626781500 463946645 0  
  1626781501 463946645 0  
  1626781502 463946645 0  
  1626781503 463946645 0  
  1626781504 463951278 0  
  1626781505 463951278 0  
  1626781506 463952078 0  
  1626781507 463952078 0  
  1626781508 463952078 0  
  1626781509 463952078 0  
  1626781510 463952078 0  
  1626781511 463952078 0  
  1626781512 463952078 0  
  1626781513 463952078 0  
  1626781514 463952078 0  
  1626781515 463952078 0  
  1626781516 463952078 0  
  1626781517 463956387 0  
  1626781518 463956711 0  
  1626781519 463957419 0  
  1626781520 463963929 0  
  1626781521 463967325 0  
  1626781522 463968193 0  
  1626781523 463968193 0  
  1626781524 463968193 0  
  1626781525 463968193 0  
  1626781526 463968193 0  
  1626781528 463968193 0  
  1626781529 463968193 0  
  1626781530 463968193 0  
  1626781531 463968193 0  
  1626781532 463968193 0  
  1626781533 463968193 0  
  1626781534 463968193 0  
  1626781535 463968193 0  
  1626781536 463968193 0  
  1626781537 463968550 0  
  1626781538 463968550 0  
  1626781539 463968642 0  
  1626781540 463968642 0  
  1626781541 463968642 0  
  1626781542 463968642 0  
  1626781543 463968642 0  
  1626781544 463968642 0  
  1626781545 463968642 0  
  1626781546 463968642 0  
  1626781547 463968642 0  
  1626781548 463968642 0  
  1626781549 463968642 0  
  1626781550 463968642 0  
  1626781551 463968642 0  
  1626781552 463968642 0  
  1626781553 463968642 0  
  1626781554 463968642 0  
  1626781555 463968734 0  
  1626781556 463968734 0  
  1626781557 463968734 0  
  1626781558 463968734 0  
  1626781559 463968734 0  
  1626781560 463968734 0  
  1626781561 463968734 0  
  1626781562 463968734 0  
  1626781563 463968734 0  
  1626781564 463968826 0  
  1626781565 463968826 0  
  1626781567 463968826 0  
  1626781568 463968826 0  
  1626781569 463968826 0  
  1626781570 463968826 0  
  1626781571 463968826 0  
  1626781572 463968918 0  
  1626781573 463968918 0  
  1626781574 463968918 0  
  1626781575 463968918 0  
  1626781576 463968918 0  
  1626781577 463968918 0  
  1626781578 463968918 0  
  1626781579 463968918 0  
  1626781580 463968918 0  
  1626781581 463968918 0  
  1626781582 463968918 0  
  1626781583 463968918 0  
  1626781584 463968918 0  
  1626781585 463968918 0  
  1626781586 463968918 0  
  1626781587 463969010 0  
  1626781588 463969010 0  
  1626781589 463969010 0  
  1626781590 463969010 0  
  1626781591 463969010 0  
  1626781592 463969010 0  
  1626781593 463969010 0  
  1626781594 463969010 0  
  1626781595 463969010 0  
  1626781596 463969010 0  
  1626781597 463969010 0  
  1626781598 463969010 0  
  1626781599 463969010 0  
  1626781600 463969010 0  
  1626781601 463969010 0  
  1626781602 463969010 0  
  1626781603 463969102 0  
  1626781604 463969102 0  
  1626781605 463969102 0  
  1626781607 463969102 0  
  1626781608 463969102 0  
  1626781609 463969102 0  
  1626781610 463969102 0  
  1626781611 463969102 0  
  1626781612 463969102 0  
  1626781613 463969102 0  
  1626781614 463969102 0  
  1626781615 463969102 0  
  1626781616 463969102 0  
  1626781617 463969102 0  
  1626781618 463969102 0  
  1626781619 463969102 0  
  1626781620 463969194 0  
  1626781621 463969194 0  
  1626781622 463969194 0  
  1626781623 463969194 0  
  1626781624 463969194 0  
  1626781625 463969194 0  
  1626781626 463969194 0  
  1626781627 463969194 0  
  1626781628 463969194 0  
  1626781629 463969194 0  
  1626781630 463969194 0  
  1626781631 463969194 0  
  1626781632 463969194 0  
  1626781633 463969194 0  
  1626781634 463969194 0  
  1626781635 463969194 0  
  1626781636 463969194 0  
  1626781637 463969194 0  
  1626781638 463969194 0  
  1626781639 463969194 0  
  1626781640 463969194 0  
  1626781641 463969194 0  
  1626781642 463969194 0  
  1626781643 463969194 0  
  1626781644 463969194 0  
  1626781646 463969194 0  
  1626781647 463969194 0  
  1626781648 463969194 0  
  1626781649 463969194 0  
  1626781650 463969194 0  
  1626781651 463969194 0  
  1626781652 463969194 0  
  1626781653 463969286 0  
  1626781654 463969286 0  
  1626781655 463969286 0  
  1626781656 463969286 0  
  1626781657 463969286 0  
  1626781658 463969286 0  
  1626781659 463969286 0  
  1626781660 463969286 0  
  1626781661 463969286 0  
  1626781662 463969286 0  
  1626781663 463969286 0  
  1626781664 463969286 0  
  1626781665 463969286 0  
  1626781666 463969882 0  
  1626781667 463974191 0  
  1626781668 463974515 0  
  1626781669 463975087 0  
  1626781670 463975087 0  
  1626781671 463975087 0  
  1626781672 463975087 0  
  1626781673 463975087 0  
  1626781674 463975087 0  
  1626781675 463975087 0  
  1626781676 463975087 0  
  1626781677 463975087 0  
  1626781678 463975087 0  
  1626781679 463975087 0  
  1626781680 463975087 0  
  1626781681 463975087 0  
  1626781682 463975087 0  
  1626781683 463975087 0  
  1626781684 463975179 0  
  1626781686 463975179 0  
  1626781687 463975179 0  
  1626781688 463975179 0  
  1626781689 463975179 0  
  1626781690 463975179 0  
  1626781691 463975179 0  
  1626781692 463975179 0  
  1626781693 463975179 0  
  1626781694 463975179 0  
  1626781695 463975271 0  
  1626781696 463975271 0  
  1626781697 463975271 0  
  1626781698 463975271 0  
  1626781699 463975271 0  
  1626781700 463975271 0  
  1626781701 463975271 0  
  1626781702 463975271 0  
  1626781703 463975271 0  
  1626781704 463975271 0  
  1626781705 463975271 0  
  1626781706 463975271 0  
  1626781707 463975271 0  
  1626781708 463975271 0  
  1626781709 463975271 0  
  1626781710 463975271 0  
  1626781711 463975271 0  
  1626781712 463975353 0  
  1626781713 463975353 0  
  1626781714 463975353 0  
  1626781715 463975353 0  
  1626781716 463975445 0  
  1626781717 463975445 0  
  1626781718 463975445 0  
  1626781719 463975445 0  
  1626781720 463975445 0  
  1626781721 463975445 0  
  1626781722 463975445 0  
  1626781723 463975445 0  
  1626781724 463975445 0  
  1626781725 463975445 0  
  1626781727 463975445 0  
  1626781728 463975445 0  
  1626781729 463975445 0  
  1626781730 463975445 0  
  1626781731 463975445 0  
  1626781732 463975445 0  
  1626781733 463975445 0  
  1626781734 463975445 0  
  1626781735 463975445 0  
  1626781736 463975445 0  
  1626781737 463975445 0  
  1626781738 463975445 0  
  1626781739 463975445 0  
  1626781740 463975445 0  
  1626781741 463975445 0  
  1626781742 463975445 0  
  1626781743 463975445 0  
  1626781744 463975445 0  
  1626781745 463975445 0  
  1626781746 463975445 0  
  1626781747 463975445 0  
  1626781748 463975445 0  
  1626781749 463975537 0  
  1626781750 463975537 0  
  1626781751 463975537 0  
  1626781752 463975537 0  
  1626781753 463975537 0  
  1626781754 463975537 0  
  1626781755 463975537 0  
  1626781756 463975537 0  
  1626781757 463975537 0  
  1626781758 463975537 0  
  1626781759 463975537 0  
  1626781760 463975537 0  
  1626781761 463975537 0  
  1626781762 463975537 0  
  1626781763 463975537 0  
  1626781764 463975537 0  
  1626781766 463975537 0  
  1626781767 463975537 0  
  1626781768 463975537 0  
  1626781769 463975537 0  
  1626781770 463975537 0  
  1626781771 463975537 0  
  1626781772 463975537 0  
  1626781773 463975537 0  
  1626781774 463975537 0  
  1626781775 463975537 0  
  1626781776 463975537 0  
  1626781777 463975537 0  
  1626781778 463975537 0  
  1626781779 463975537 0  
  1626781780 463975537 0  
  1626781781 463975629 0  
  1626781782 463975629 0  
  1626781783 463975629 0  
  1626781784 463975629 0  
  1626781785 463975629 0  
  1626781786 463975629 0  
  1626781787 463975629 0  
  1626781788 463975629 0  
  1626781789 463975629 0  
  1626781790 463975629 0  
  1626781791 463975629 0  
  1626781792 463975629 0  
  1626781793 463975629 0  
  1626781794 463975629 0  
  1626781795 463975629 0  
  1626781796 463975629 0  
  1626781797 463975629 0  
  1626781798 463975629 0  
  1626781799 463975629 0  
  1626781800 463975629 0  
  1626781801 463975629 0  
  1626781802 463975629 0  
  1626781803 463979938 0  
  1626781804 463980262 0  
  1626781805 463980970 0  
  1626781807 463980970 0  
  1626781808 463980970 0  
  1626781809 463980970 0  
  1626781810 463980970 0  
  1626781811 463980970 0  
  1626781812 463980970 0  
  1626781813 463980970 0  
  1626781814 463981062 0  
  1626781815 463981062 0  
  1626781816 463981062 0  
  1626781817 463981062 0  
  1626781818 463985371 0  
  1626781819 463985695 0  
  1626781820 463990328 0  
  1626781821 463995669 0  
  1626781822 463996377 0  
  1626781823 463997177 0  
  1626781824 463997177 0  
  1626781825 463997177 0  
  1626781826 463997177 0  
  1626781827 463997177 0  
  1626781828 463997177 0  
  1626781829 463997177 0  
  1626781830 463997177 0  
  1626781831 463997177 0  
  1626781832 463997177 0  
  1626781833 463997177 0  
  1626781834 463997177 0  
  1626781835 463997177 0  
  1626781836 463997177 0  
  1626781837 464100433 0  
  1626781838 464238866 0  
  1626781839 464238866 0  
  1626781840 464238985 0  
  1626781841 464238985 0  
  1626781842 464238985 0  
  1626781843 464238985 0  
  1626781844 464238985 0  
  1626781846 464238985 0  
  1626781847 464238985 0  
  1626781848 464238985 0  
  1626781849 464238985 0  
  1626781850 464238985 0  
  1626781851 464238985 0  
  1626781852 464238985 0  
  1626781853 464238985 0  
  1626781854 464238985 0  
  1626781855 464238985 0  
  1626781856 464238985 0  
  1626781857 464238985 0  
  1626781858 464238985 0  
  1626781859 464238985 0  
  1626781860 464238985 0  
  1626781861 464238985 0  
  1626781862 464238985 0  
  1626781863 464238985 0  
  1626781864 464238985 0  
  1626781865 464239581 0  
  1626781866 464239581 0  
  1626781867 464239581 0  
  1626781868 464239581 0  
  1626781869 464239581 0  
  1626781870 464239581 0  
  1626781871 464239581 0  
  1626781872 464239919 0  
  1626781873 464239919 0  
  1626781874 464239919 0  
  1626781875 464239919 0  
  1626781876 464239919 0  
  1626781877 464240011 0  
  1626781878 464240011 0  
  1626781879 464240011 0  
  1626781880 464240011 0  
  1626781881 464240011 0  
  1626781882 464240011 0  
  1626781883 464240011 0  
  1626781884 464240011 0  
  1626781885 464240011 0  
  1626781887 464240011 0  
  1626781888 464240103 0  
  1626781889 464240103 0  
  1626781890 464240103 0  
  1626781891 464240103 0  
  1626781892 464240103 0  
  1626781893 464240103 0  
  1626781894 464240103 0  
  1626781895 464240103 0  
  1626781896 464240103 0  
  1626781897 464240103 0  
  1626781898 464240103 0  
  1626781899 464240103 0  
  1626781900 464240103 0  
  1626781901 464240103 0  
  1626781902 464240103 0  
  1626781903 464240103 0  
  1626781904 464240103 0  
  1626781905 464240103 0  
  1626781906 464240103 0  
  1626781907 464240103 0  
  1626781908 464240103 0  
  1626781909 464240103 0  
  1626781910 464240103 0  
  1626781911 464240103 0  
  1626781912 464240103 0  
  1626781913 464240103 0  
  1626781914 464240103 0  
  1626781915 464240103 0  
  1626781916 464240103 0  
  1626781917 464240103 0  
  1626781918 464240103 0  
  1626781919 464240103 0  
  1626781920 464240103 0  
  1626781921 464240103 0  
  1626781922 464240103 0  
  1626781923 464240103 0  
  1626781924 464240103 0  
  1626781925 464240103 0  
  1626781927 464240103 0  
  1626781928 464240103 0  
  1626781929 464240103 0  
  1626781930 464240103 0  
  1626781931 464240103 0  
  1626781932 464240103 0  
  1626781933 464240103 0  
  1626781934 464240103 0  
  1626781935 464240103 0  
  1626781936 464240103 0  
  1626781937 464240103 0  
  1626781938 464240103 0  
  1626781939 464240103 0  
  1626781940 464240103 0  
  1626781941 464240103 0  
  1626781942 464240195 0  
  1626781943 464240195 0  
  1626781944 464240195 0  
  1626781945 464240195 0  
  1626781946 464240195 0  
  1626781947 464240533 0  
  1626781948 464240533 0  
  1626781949 464240533 0  
  1626781950 464240533 0  
  1626781951 464240533 0  
  1626781952 464240625 0  
  1626781953 464240625 0  
  1626781954 464240625 0  
  1626781955 464240625 0  
  1626781956 464240625 0  
  1626781957 464240625 0  
  1626781958 464240625 0  
  1626781959 464240625 0  
  1626781960 464240625 0  
  1626781961 464240625 0  
  1626781962 464240625 0  
  1626781963 464240625 0  
  1626781964 464240625 0  
  1626781966 464240625 0  
  1626781967 464240769 0  
  1626781968 464245258 0  
  1626781969 464245258 0  
  1626781970 464245966 0  
  1626781971 464245966 0  
  1626781972 464245966 0  
  1626781973 464245966 0  
  1626781974 464245966 0  
  1626781975 464245966 0  
  1626781976 464245966 0  
  1626781977 464245966 0  
  1626781978 464245966 0  
  1626781979 464245966 0  
  1626781980 464245966 0  
  1626781981 464245966 0  
  1626781982 464245966 0  
  1626781983 464245966 0  
  1626781984 464245966 0  
  1626781985 464245966 0  
  1626781986 464245966 0  
  1626781987 464245966 0  
  1626781988 464245966 0  
  1626781989 464245966 0  
  1626781990 464245966 0  
  1626781991 464245966 0  
  1626781992 464245966 0  
  1626781993 464245966 0  
  1626781994 464245966 0  
  1626781995 464245966 0  
  1626781996 464245966 0  
  1626781997 464245966 0  
  1626781998 464245966 0  
  1626781999 464245966 0  
  1626782000 464245966 0  
  1626782001 464245966 0  
  1626782002 464245966 0  
  1626782003 464245966 0  
  1626782005 464245966 0  
  1626782006 464245966 0  
  1626782007 464246058 0  
  1626782008 464246058 0  
  1626782009 464246058 0  
  1626782010 464246058 0  
  1626782011 464246058 0  
  1626782012 464246058 0  
  1626782013 464246058 0  
  1626782014 464246058 0  
  1626782015 464246058 0  
  1626782016 464246058 0  
  1626782017 464246150 0  
  1626782018 464246150 0  
  1626782019 464246150 0  
  1626782020 464246150 0  
  1626782021 464246150 0  
  1626782022 464246150 0  
  1626782023 464246150 0  
  1626782024 464246150 0  
  1626782025 464246150 0  
  1626782026 464246150 0  
  1626782027 464246150 0  
  1626782028 464246150 0  
  1626782029 464246150 0  
  1626782030 464246150 0  
  1626782031 464246150 0  
  1626782032 464246150 0  
  1626782033 464246150 0  
  1626782034 464246150 0  
  1626782035 464246150 0  
  1626782036 464246150 0  
  1626782037 464246150 0  
  1626782038 464246150 0  
  1626782039 464246150 0  
  1626782040 464246150 0  
  1626782041 464246150 0  
  1626782042 464246150 0  
  1626782043 464246150 0  
  1626782045 464246150 0  
  1626782046 464246150 0  
  1626782047 464246150 0  
  1626782048 464246150 0  
  1626782049 464246150 0  
  1626782050 464246150 0  
  1626782051 464246150 0  
  1626782052 464246150 0  
  1626782053 464246150 0  
  1626782054 464246150 0  
  1626782055 464246150 0  
  1626782056 464246150 0  
  1626782057 464246150 0  
  1626782058 464246150 0  
  1626782059 464246150 0  
  1626782060 464246150 0  
  1626782061 464246150 0  
  1626782062 464246150 0  
  1626782063 464246150 0  
  1626782064 464246150 0  
  1626782065 464246150 0  
  1626782066 464246746 0  
  1626782067 464246746 0  
  1626782068 464246746 0  
  1626782069 464246746 0  
  1626782070 464246746 0  
  1626782071 464246838 0  
  1626782072 464246838 0  
  1626782073 464246838 0  
  1626782074 464246838 0  
  1626782075 464246838 0  
  1626782076 464246838 0  
  1626782077 464246838 0  
  1626782078 464246838 0  
  1626782079 464246838 0  
  1626782080 464246838 0  
  1626782081 464246930 0  
  1626782082 464246930 0  
  1626782083 464246930 0  
  1626782085 464246930 0  
  1626782086 464246930 0  
  1626782087 464246930 0  
  1626782088 464246930 0  
  1626782089 464246930 0  
  1626782090 464246930 0  
  1626782091 464246930 0  
  1626782092 464246930 0  
  1626782093 464246930 0  
  1626782094 464246930 0  
  1626782095 464246930 0  
  1626782096 464246930 0  
  1626782097 464247268 0  
  1626782098 464247268 0  
  1626782099 464247268 0  
  1626782100 464247268 0  
  1626782101 464247268 0  
  1626782102 464247268 0  
  1626782103 464251397 0  
  1626782104 464251901 0  
  1626782105 464251901 0  
  1626782106 464252609 0  
  1626782107 464252609 0  
  1626782108 464252609 0  
  1626782109 464252609 0  
  1626782110 464252609 0  
  1626782111 464252609 0  
  1626782112 464252609 0  
  1626782113 464252609 0  
  1626782114 464252609 0  
  1626782115 464252609 0  
  1626782116 464252609 0  
  1626782117 464252609 0  
  1626782118 464257242 0  
  1626782119 464261875 0  
  1626782120 464264544 0  
  1626782121 464267788 0  
  1626782122 464268496 0  
  1626782123 464268496 0  
  1626782125 464268496 0  
  1626782126 464268496 0  
  1626782127 464268496 0  
  1626782128 464268496 0  
  1626782129 464268496 0  
 