 1626726404 450136803 0  
  1626726405 450136803 0  
  1626726406 450136803 0  
  1626726407 450136803 0  
  1626726408 450136803 0  
  1626726409 450136803 0  
  1626726410 450136803 0  
  1626726411 450136803 0  
  1626726412 450136803 0  
  1626726413 450136803 0  
  1626726414 450136803 0  
  1626726415 450136803 0  
  1626726416 450136803 0  
  1626726417 450136803 0  
  1626726418 450136803 0  
  1626726419 450136803 0  
  1626726420 450136803 0  
  1626726421 450136803 0  
  1626726422 450136803 0  
  1626726423 450136803 0  
  1626726424 450136803 0  
  1626726425 450136803 0  
  1626726427 450136803 0  
  1626726428 450136803 0  
  1626726429 450136803 0  
  1626726430 450136803 0  
  1626726431 450136803 0  
  1626726432 450136803 0  
  1626726433 450136803 0  
  1626726434 450136803 0  
  1626726435 450136803 0  
  1626726436 450136803 0  
  1626726437 450136803 0  
  1626726438 450136803 0  
  1626726439 450136803 0  
  1626726440 450136803 0  
  1626726441 450136803 0  
  1626726442 450136803 0  
  1626726443 450136803 0  
  1626726444 450136803 0  
  1626726445 450137141 0  
  1626726446 450137141 0  
  1626726447 450137141 0  
  1626726448 450137141 0  
  1626726449 450137141 0  
  1626726450 450137141 0  
  1626726451 450137141 0  
  1626726452 450137141 0  
  1626726453 450137141 0  
  1626726454 450137141 0  
  1626726455 450137209 0  
  1626726456 450137209 0  
  1626726457 450137209 0  
  1626726458 450137209 0  
  1626726459 450137209 0  
  1626726460 450137209 0  
  1626726461 450138365 0  
  1626726462 450138365 0  
  1626726463 450138365 0  
  1626726465 450138365 0  
  1626726466 450138365 0  
  1626726467 450138365 0  
  1626726468 450138365 0  
  1626726469 450138365 0  
  1626726470 450138365 0  
  1626726471 450138365 0  
  1626726472 450138365 0  
  1626726473 450138365 0  
  1626726474 450142674 0  
  1626726475 450142998 0  
  1626726476 450142998 0  
  1626726477 450143638 0  
  1626726478 450143638 0  
  1626726479 450143638 0  
  1626726480 450143638 0  
  1626726481 450143638 0  
  1626726482 450143638 0  
  1626726483 450143638 0  
  1626726484 450143638 0  
  1626726485 450143638 0  
  1626726486 450143638 0  
  1626726487 450143638 0  
  1626726488 450143638 0  
  1626726489 450143638 0  
  1626726490 450143638 0  
  1626726491 450143638 0  
  1626726492 450143638 0  
  1626726493 450143638 0  
  1626726494 450143638 0  
  1626726495 450143638 0  
  1626726496 450143638 0  
  1626726497 450143638 0  
  1626726498 450143638 0  
  1626726499 450143638 0  
  1626726500 450143638 0  
  1626726501 450143638 0  
  1626726502 450143638 0  
  1626726503 450143638 0  
  1626726505 450143638 0  
  1626726506 450143638 0  
  1626726507 450143638 0  
  1626726508 450143638 0  
  1626726509 450143638 0  
  1626726510 450143638 0  
  1626726511 450143638 0  
  1626726512 450143638 0  
  1626726513 450143638 0  
  1626726514 450143638 0  
  1626726515 450143638 0  
  1626726516 450143638 0  
  1626726517 450143730 0  
  1626726518 450143730 0  
  1626726519 450143730 0  
  1626726520 450143730 0  
  1626726521 450143730 0  
  1626726522 450143730 0  
  1626726523 450143730 0  
  1626726524 450143730 0  
  1626726525 450143730 0  
  1626726526 450143730 0  
  1626726527 450143730 0  
  1626726528 450143730 0  
  1626726529 450143730 0  
  1626726530 450143730 0  
  1626726531 450143730 0  
  1626726532 450143730 0  
  1626726533 450143822 0  
  1626726534 450143822 0  
  1626726535 450143822 0  
  1626726536 450143822 0  
  1626726537 450143822 0  
  1626726538 450143822 0  
  1626726539 450143822 0  
  1626726540 450143822 0  
  1626726541 450143822 0  
  1626726542 450143822 0  
  1626726543 450143822 0  
  1626726545 450143822 0  
  1626726546 450143822 0  
  1626726547 450143822 0  
  1626726548 450143822 0  
  1626726549 450143822 0  
  1626726550 450143822 0  
  1626726551 450143822 0  
  1626726552 450143822 0  
  1626726553 450143822 0  
  1626726554 450143822 0  
  1626726555 450143822 0  
  1626726556 450143822 0  
  1626726557 450143822 0  
  1626726558 450143822 0  
  1626726559 450143822 0  
  1626726560 450143822 0  
  1626726561 450143822 0  
  1626726562 450143822 0  
  1626726563 450143822 0  
  1626726564 450144418 0  
  1626726565 450144418 0  
  1626726566 450144418 0  
  1626726567 450144418 0  
  1626726568 450144418 0  
  1626726569 450144418 0  
  1626726570 450144418 0  
  1626726571 450144418 0  
  1626726572 450144418 0  
  1626726573 450144418 0  
  1626726574 450144418 0  
  1626726575 450144418 0  
  1626726576 450144418 0  
  1626726577 450144418 0  
  1626726578 450144418 0  
  1626726579 450144418 0  
  1626726580 450144418 0  
  1626726581 450144418 0  
  1626726582 450144418 0  
  1626726583 450144418 0  
  1626726585 450144418 0  
  1626726586 450144418 0  
  1626726587 450144418 0  
  1626726588 450144418 0  
  1626726589 450144418 0  
  1626726590 450144418 0  
  1626726591 450144418 0  
  1626726592 450144418 0  
  1626726593 450144418 0  
  1626726594 450144418 0  
  1626726595 450144756 0  
  1626726596 450144756 0  
  1626726597 450144756 0  
  1626726598 450144756 0  
  1626726599 450144756 0  
  1626726600 450144756 0  
  1626726601 450144756 0  
  1626726602 450144756 0  
  1626726603 450144756 0  
  1626726604 450144756 0  
  1626726605 450144756 0  
  1626726606 450144756 0  
  1626726607 450144756 0  
  1626726608 450144756 0  
  1626726609 450149065 0  
  1626726610 450149389 0  
  1626726611 450150097 0  
  1626726612 450150097 0  
  1626726613 450150097 0  
  1626726614 450150097 0  
  1626726615 450150097 0  
  1626726616 450150097 0  
  1626726617 450150097 0  
  1626726618 450150097 0  
  1626726619 450150097 0  
  1626726620 450150097 0  
  1626726621 450150097 0  
  1626726622 450158971 0  
  1626726624 450159363 0  
  1626726625 450165412 0  
  1626726626 450165412 0  
  1626726627 450166120 0  
  1626726628 450166120 0  
  1626726629 450166120 0  
  1626726630 450166120 0  
  1626726631 450166120 0  
  1626726632 450166120 0  
  1626726633 450166120 0  
  1626726634 450166120 0  
  1626726635 450166120 0  
  1626726636 450166120 0  
  1626726637 450166120 0  
  1626726638 450166120 0  
  1626726639 450166120 0  
  1626726640 450166120 0  
  1626726641 450166120 0  
  1626726642 450166120 0  
  1626726643 450166477 0  
  1626726644 450166477 0  
  1626726645 450166477 0  
  1626726646 450166477 0  
  1626726647 450166477 0  
  1626726648 450166477 0  
  1626726649 450166477 0  
  1626726650 450166477 0  
  1626726651 450166477 0  
  1626726652 450166477 0  
  1626726653 450166477 0  
  1626726654 450166477 0  
  1626726655 450166477 0  
  1626726656 450166477 0  
  1626726657 450166477 0  
  1626726658 450166477 0  
  1626726659 450166477 0  
  1626726660 450166477 0  
  1626726661 450166569 0  
  1626726662 450166569 0  
  1626726664 450166569 0  
  1626726665 450166569 0  
  1626726666 450170878 0  
  1626726667 450171286 0  
  1626726668 450171790 0  
  1626726669 450171790 0  
  1626726670 450171790 0  
  1626726671 450171790 0  
  1626726672 450171790 0  
  1626726673 450171790 0  
  1626726674 450171790 0  
  1626726675 450171790 0  
  1626726676 450171790 0  
  1626726677 450171790 0  
  1626726678 450171790 0  
  1626726679 450171790 0  
  1626726680 450171790 0  
  1626726681 450171790 0  
  1626726682 450171790 0  
  1626726683 450171790 0  
  1626726684 450171790 0  
  1626726685 450171790 0  
  1626726686 450171790 0  
  1626726687 450171790 0  
  1626726688 450171790 0  
  1626726689 450171790 0  
  1626726690 450171790 0  
  1626726691 450171790 0  
  1626726692 450171790 0  
  1626726693 450171790 0  
  1626726694 450171790 0  
  1626726695 450171790 0  
  1626726696 450171790 0  
  1626726697 450171790 0  
  1626726698 450171790 0  
  1626726699 450171790 0  
  1626726700 450171790 0  
  1626726701 450171790 0  
  1626726702 450171790 0  
  1626726704 450171790 0  
  1626726705 450171790 0  
  1626726706 450171790 0  
  1626726707 450171790 0  
  1626726708 450171790 0  
  1626726709 450171790 0  
  1626726710 450171790 0  
  1626726711 450171790 0  
  1626726712 450171790 0  
  1626726713 450171790 0  
  1626726714 450171790 0  
  1626726715 450171790 0  
  1626726716 450171790 0  
  1626726717 450171790 0  
  1626726718 450171790 0  
  1626726719 450171790 0  
  1626726720 450171790 0  
  1626726721 450171790 0  
  1626726722 450171790 0  
  1626726723 450171790 0  
  1626726724 450171790 0  
  1626726725 450171790 0  
  1626726726 450171790 0  
  1626726727 450171790 0  
  1626726728 450171790 0  
  1626726729 450171790 0  
  1626726730 450171790 0  
  1626726731 450171790 0  
  1626726732 450171790 0  
  1626726733 450171790 0  
  1626726734 450171790 0  
  1626726735 450171790 0  
  1626726736 450171790 0  
  1626726737 450171790 0  
  1626726738 450171790 0  
  1626726739 450171790 0  
  1626726740 450171790 0  
  1626726741 450171790 0  
  1626726742 450171790 0  
  1626726744 450171790 0  
  1626726745 450171790 0  
  1626726746 450171790 0  
  1626726747 450171790 0  
  1626726748 450171790 0  
  1626726749 450171790 0  
  1626726750 450171790 0  
  1626726751 450171790 0  
  1626726752 450171790 0  
  1626726753 450171790 0  
  1626726754 450171790 0  
  1626726755 450171790 0  
  1626726756 450171790 0  
  1626726757 450171790 0  
  1626726758 450171790 0  
  1626726759 450171790 0  
  1626726760 450171790 0  
  1626726761 450171790 0  
  1626726762 450171790 0  
  1626726763 450171790 0  
  1626726764 450172386 0  
  1626726765 450172386 0  
  1626726766 450172386 0  
  1626726767 450172386 0  
  1626726768 450172386 0  
  1626726769 450172386 0  
  1626726770 450172386 0  
  1626726771 450172386 0  
  1626726772 450172386 0  
  1626726773 450176695 0  
  1626726774 450177019 0  
  1626726775 450177727 0  
  1626726776 450177819 0  
  1626726777 450177819 0  
  1626726778 450177819 0  
  1626726779 450177819 0  
  1626726780 450177819 0  
  1626726781 450177819 0  
  1626726782 450177819 0  
  1626726784 450177819 0  
  1626726785 450177819 0  
  1626726786 450177819 0  
  1626726787 450177819 0  
  1626726788 450177819 0  
  1626726789 450177819 0  
  1626726790 450177819 0  
  1626726791 450177819 0  
  1626726792 450177819 0  
  1626726793 450177819 0  
  1626726794 450177819 0  
  1626726795 450177819 0  
  1626726796 450177819 0  
  1626726797 450177819 0  
  1626726798 450177819 0  
  1626726799 450177819 0  
  1626726800 450177819 0  
  1626726801 450177819 0  
  1626726802 450177819 0  
  1626726803 450177819 0  
  1626726804 450177819 0  
  1626726805 450177819 0  
  1626726806 450177819 0  
  1626726807 450177819 0  
  1626726808 450177819 0  
  1626726809 450177819 0  
  1626726810 450177819 0  
  1626726811 450177819 0  
  1626726812 450177819 0  
  1626726813 450177819 0  
  1626726814 450177819 0  
  1626726815 450177819 0  
  1626726816 450177819 0  
  1626726817 450177819 0  
  1626726818 450177819 0  
  1626726819 450177819 0  
  1626726820 450177819 0  
  1626726821 450177819 0  
  1626726822 450177819 0  
  1626726824 450177819 0  
  1626726825 450177819 0  
  1626726826 450177819 0  
  1626726827 450177819 0  
  1626726828 450177819 0  
  1626726829 450177819 0  
  1626726830 450177819 0  
  1626726831 450177819 0  
  1626726832 450177819 0  
  1626726833 450177819 0  
  1626726834 450177819 0  
  1626726835 450177819 0  
  1626726836 450177819 0  
  1626726837 450177819 0  
  1626726838 450177819 0  
  1626726839 450177819 0  
  1626726840 450177819 0  
  1626726841 450177819 0  
  1626726842 450177819 0  
  1626726843 450177819 0  
  1626726844 450177819 0  
  1626726845 450177819 0  
  1626726846 450177819 0  
  1626726847 450177819 0  
  1626726848 450177819 0  
  1626726849 450177819 0  
  1626726850 450177819 0  
  1626726851 450177819 0  
  1626726852 450177819 0  
  1626726853 450177819 0  
  1626726854 450177819 0  
  1626726855 450177819 0  
  1626726856 450177819 0  
  1626726857 450177819 0  
  1626726858 450177819 0  
  1626726859 450177819 0  
  1626726860 450177819 0  
  1626726861 450177819 0  
  1626726862 450177819 0  
  1626726864 450179414 0  
  1626726865 450179414 0  
  1626726866 450179414 0  
  1626726867 450179414 0  
  1626726868 450179414 0  
  1626726869 450179414 0  
  1626726870 450179414 0  
  1626726871 450179414 0  
  1626726872 450179414 0  
  1626726873 450179414 0  
  1626726874 450179414 0  
  1626726875 450179414 0  
  1626726876 450179414 0  
  1626726877 450179414 0  
  1626726878 450179414 0  
  1626726879 450179414 0  
  1626726880 450179414 0  
  1626726881 450179414 0  
  1626726882 450179414 0  
  1626726883 450179414 0  
  1626726884 450179414 0  
  1626726885 450179414 0  
  1626726886 450179414 0  
  1626726887 450179414 0  
  1626726888 450179414 0  
  1626726889 450179414 0  
  1626726890 450179414 0  
  1626726891 450179414 0  
  1626726892 450179414 0  
  1626726893 450179414 0  
  1626726894 450179414 0  
  1626726895 450179414 0  
  1626726896 450179414 0  
  1626726897 450179414 0  
  1626726898 450179414 0  
  1626726899 450179414 0  
  1626726900 450179414 0  
  1626726902 450179414 0  
  1626726903 450179414 0  
  1626726904 450179414 0  
  1626726905 450179414 0  
  1626726906 450179414 0  
  1626726907 450179414 0  
  1626726908 450179558 0  
  1626726909 450184047 0  
  1626726910 450184047 0  
  1626726911 450184755 0  
  1626726912 450184755 0  
  1626726913 450184755 0  
  1626726914 450184755 0  
  1626726915 450184755 0  
  1626726916 450184755 0  
  1626726917 450184755 0  
  1626726918 450184755 0  
  1626726919 450184847 0  
  1626726920 450184847 0  
  1626726921 450187744 0  
  1626726922 450194113 0  
  1626726923 450194113 0  
  1626726924 450199838 0  
  1626726925 450200162 0  
  1626726926 450200802 0  
  1626726927 450200802 0  
  1626726928 450200802 0  
  1626726929 450200802 0  
  1626726930 450200802 0  
  1626726931 450200802 0  
  1626726932 450200802 0  
  1626726933 450200802 0  
  1626726934 450200802 0  
  1626726935 450200802 0  
  1626726936 450200802 0  
  1626726937 450200802 0  
  1626726938 450200802 0  
  1626726940 450200802 0  
  1626726941 450200802 0  
  1626726942 450200802 0  
  1626726943 450201159 0  
  1626726944 450201159 0  
  1626726945 450201159 0  
  1626726946 450201159 0  
  1626726947 450201159 0  
  1626726948 450201159 0  
  1626726949 450201159 0  
  1626726950 450201159 0  
  1626726951 450201159 0  
  1626726952 450201159 0  
  1626726953 450201159 0  
  1626726954 450201159 0  
  1626726955 450201159 0  
  1626726956 450201159 0  
  1626726957 450201159 0  
  1626726958 450201159 0  
  1626726959 450201159 0  
  1626726960 450201159 0  
  1626726961 450201159 0  
  1626726962 450201159 0  
  1626726963 450201159 0  
  1626726964 450201159 0  
  1626726965 450201159 0  
  1626726966 450201159 0  
  1626726967 450201159 0  
  1626726968 450201159 0  
  1626726969 450201159 0  
  1626726970 450201159 0  
  1626726971 450201159 0  
  1626726972 450201159 0  
  1626726973 450201159 0  
  1626726974 450201159 0  
  1626726975 450201159 0  
  1626726976 450201159 0  
  1626726977 450201159 0  
  1626726979 450201159 0  
  1626726980 450201159 0  
  1626726981 450201159 0  
  1626726982 450201159 0  
  1626726983 450201159 0  
  1626726984 450201159 0  
  1626726985 450201159 0  
  1626726986 450201159 0  
  1626726987 450201159 0  
  1626726988 450201159 0  
  1626726989 450201159 0  
  1626726990 450201159 0  
  1626726991 450201159 0  
  1626726992 450201159 0  
  1626726993 450201159 0  
  1626726994 450201159 0  
  1626726995 450201159 0  
  1626726996 450201159 0  
  1626726997 450201159 0  
  1626726998 450201159 0  
  1626726999 450201159 0  
  1626727000 450201159 0  
  1626727001 450201159 0  
  1626727002 450201159 0  
  1626727003 450201159 0  
  1626727004 450201159 0  
  1626727005 450201159 0  
  1626727006 450201159 0  
  1626727007 450201159 0  
  1626727008 450201159 0  
  1626727009 450201159 0  
  1626727010 450201159 0  
  1626727011 450201159 0  
  1626727012 450201159 0  
  1626727013 450201159 0  
  1626727014 450201159 0  
  1626727015 450201159 0  
  1626727017 450201159 0  
  1626727018 450201159 0  
  1626727019 450201159 0  
  1626727020 450201159 0  
  1626727021 450201159 0  
  1626727022 450201159 0  
  1626727023 450201159 0  
  1626727024 450201159 0  
  1626727025 450201159 0  
  1626727026 450201159 0  
  1626727027 450201159 0  
  1626727028 450201159 0  
  1626727029 450201159 0  
  1626727030 450201159 0  
  1626727031 450201159 0  
  1626727032 450201159 0  
  1626727033 450201251 0  
  1626727034 450201251 0  
  1626727035 450201251 0  
  1626727036 450201251 0  
  1626727037 450201251 0  
  1626727038 450201251 0  
  1626727039 450201251 0  
  1626727040 450201251 0  
  1626727041 450201251 0  
  1626727042 450201251 0  
  1626727043 450201251 0  
  1626727044 450201251 0  
  1626727045 450201251 0  
  1626727046 450201251 0  
  1626727047 450201251 0  
  1626727048 450201251 0  
  1626727049 450201251 0  
  1626727050 450201251 0  
  1626727051 450201251 0  
  1626727052 450201251 0  
  1626727053 450201251 0  
  1626727054 450201251 0  
  1626727055 450201251 0  
  1626727057 450201251 0  
  1626727058 450201251 0  
  1626727059 450201251 0  
  1626727060 450201251 0  
  1626727061 450201251 0  
  1626727062 450201251 0  
  1626727063 450201251 0  
  1626727064 450201847 0  
  1626727065 450201847 0  
  1626727066 450201847 0  
  1626727067 450201847 0  
  1626727068 450201847 0  
  1626727069 450201847 0  
  1626727070 450201847 0  
  1626727071 450201847 0  
  1626727072 450203808 0  
  1626727073 450206480 0  
  1626727074 450206480 0  
  1626727075 450207188 0  
  1626727076 450207188 0  
  1626727077 450207188 0  
  1626727078 450207188 0  
  1626727079 450207188 0  
  1626727080 450207188 0  
  1626727081 450207188 0  
  1626727082 450207188 0  
  1626727083 450207188 0  
  1626727084 450207188 0  
  1626727085 450207188 0  
  1626727086 450207188 0  
  1626727087 450207188 0  
  1626727088 450207188 0  
  1626727089 450207188 0  
  1626727090 450207188 0  
  1626727091 450207188 0  
  1626727092 450207188 0  
  1626727093 450207188 0  
  1626727094 450207188 0  
  1626727096 450207188 0  
  1626727097 450207188 0  
  1626727098 450207188 0  
  1626727099 450207188 0  
  1626727100 450207188 0  
  1626727101 450207188 0  
  1626727102 450207188 0  
  1626727103 450207188 0  
  1626727104 450207188 0  
  1626727105 450207188 0  
  1626727106 450207188 0  
  1626727107 450207188 0  
  1626727108 450207188 0  
  1626727109 450207188 0  
  1626727110 450207188 0  
  1626727111 450207188 0  
  1626727112 450207188 0  
  1626727113 450207188 0  
  1626727114 450207188 0  
  1626727115 450207188 0  
  1626727116 450207188 0  
  1626727117 450207188 0  
  1626727118 450207188 0  
  1626727119 450207188 0  
  1626727120 450207188 0  
  1626727121 450207188 0  
  1626727122 450207188 0  
  1626727123 450207188 0  
  1626727124 450207188 0  
  1626727125 450207188 0  
  1626727126 450207188 0  
  1626727127 450207188 0  
  1626727128 450207188 0  
  1626727129 450207188 0  
  1626727130 450207188 0  
  1626727131 450207188 0  
  1626727132 450207188 0  
  1626727133 450207188 0  
  1626727134 450207188 0  
  1626727136 450207188 0  
  1626727137 450207188 0  
  1626727138 450207188 0  
  1626727139 450207188 0  
  1626727140 450207188 0  
  1626727141 450207188 0  
  1626727142 450207188 0  
  1626727143 450207188 0  
  1626727144 450207188 0  
  1626727145 450207188 0  
  1626727146 450207188 0  
  1626727147 450207188 0  
  1626727148 450207188 0  
  1626727149 450207188 0  
  1626727150 450207188 0  
  1626727151 450207188 0  
  1626727152 450207188 0  
  1626727153 450207188 0  
  1626727154 450207188 0  
  1626727155 450207188 0  
  1626727156 450207188 0  
  1626727157 450207188 0  
  1626727158 450207188 0  
  1626727159 450207188 0  
  1626727160 450207188 0  
  1626727161 450207188 0  
  1626727162 450207188 0  
  1626727163 450207188 0  
  1626727164 450207188 0  
  1626727165 450207188 0  
  1626727166 450207188 0  
  1626727167 450207188 0  
  1626727168 450207188 0  
  1626727169 450207188 0  
  1626727170 450207188 0  
  1626727171 450207188 0  
  1626727172 450207188 0  
  1626727173 450207188 0  
  1626727174 450207188 0  
  1626727176 450207188 0  
  1626727177 450207280 0  
  1626727178 450207280 0  
  1626727179 450207280 0  
  1626727180 450207280 0  
  1626727181 450207280 0  
  1626727182 450207280 0  
  1626727183 450207280 0  
  1626727184 450207280 0  
  1626727185 450207280 0  
  1626727186 450207280 0  
  1626727187 450207280 0  
  1626727188 450207280 0  
  1626727189 450207280 0  
  1626727190 450207280 0  
  1626727191 450207280 0  
  1626727192 450207280 0  
  1626727193 450207280 0  
  1626727194 450207280 0  
  1626727195 450207280 0  
  1626727196 450207280 0  
  1626727197 450207280 0  
  1626727198 450207280 0  
  1626727199 450207280 0  
  1626727200 450207280 0  
  1626727201 450207280 0  
  1626727202 450207280 0  
  1626727203 450207280 0  
  1626727204 450207280 0  
  1626727205 450207280 0  
  1626727206 450207280 0  
  1626727207 450207280 0  
  1626727208 450211589 0  
  1626727209 450211913 0  
  1626727210 450211913 0  
  1626727211 450212621 0  
  1626727212 450212621 0  
  1626727213 450212621 0  
  1626727215 450212621 0  
  1626727216 450212621 0  
  1626727217 450212621 0  
  1626727218 450212621 0  
  1626727219 450212621 0  
  1626727220 450212621 0  
  1626727221 450212621 0  
  1626727222 450216930 0  
  1626727223 450221887 0  
  1626727224 450221887 0  
  1626727225 450227936 0  
  1626727226 450228508 0  
  1626727227 450228508 0  
  1626727228 450228508 0  
  1626727229 450228508 0  
  1626727230 450228508 0  
  1626727231 450228508 0  
  1626727232 450228508 0  
  1626727233 450228508 0  
  1626727234 450228508 0  
  1626727235 450228508 0  
  1626727236 450228508 0  
  1626727237 450228508 0  
  1626727238 450228508 0  
  1626727239 450228508 0  
  1626727240 450228508 0  
  1626727241 450228508 0  
  1626727242 450228508 0  
  1626727243 450228865 0  
  1626727244 450228865 0  
  1626727245 450228865 0  
  1626727246 450228865 0  
  1626727247 450228865 0  
  1626727248 450228865 0  
  1626727249 450228865 0  
  1626727250 450228865 0  
  1626727251 450228865 0  
  1626727252 450228865 0  
  1626727253 450228865 0  
  1626727255 450228865 0  
  1626727256 450228865 0  
  1626727257 450228865 0  
  1626727258 450228865 0  
  1626727259 450228865 0  
  1626727260 450228865 0  
  1626727261 450228865 0  
  1626727262 450228865 0  
  1626727263 450228865 0  
  1626727264 450229461 0  
  1626727265 450229461 0  
  1626727266 450229461 0  
  1626727267 450229461 0  
  1626727268 450229461 0  
  1626727269 450229461 0  
  1626727270 450229461 0  
  1626727271 450229461 0  
  1626727272 450229461 0  
  1626727273 450229461 0  
  1626727274 450229461 0  
  1626727275 450229461 0  
  1626727276 450229461 0  
  1626727277 450229461 0  
  1626727278 450229461 0  
  1626727279 450229461 0  
  1626727280 450229461 0  
  1626727281 450229461 0  
  1626727282 450229461 0  
  1626727283 450229461 0  
  1626727284 450229461 0  
  1626727285 450229461 0  
  1626727286 450229461 0  
  1626727287 450229461 0  
  1626727288 450229461 0  
  1626727289 450229553 0  
  1626727290 450229553 0  
  1626727291 450229553 0  
  1626727292 450229553 0  
  1626727293 450229553 0  
  1626727295 450229553 0  
  1626727296 450229553 0  
  1626727297 450229553 0  
  1626727298 450229553 0  
  1626727299 450229553 0  
  1626727300 450229553 0  
  1626727301 450229553 0  
  1626727302 450229553 0  
  1626727303 450229553 0  
  1626727304 450229553 0  
  1626727305 450229553 0  
  1626727306 450229553 0  
  1626727307 450229553 0  
  1626727308 450229553 0  
  1626727309 450229553 0  
  1626727310 450229553 0  
  1626727311 450229553 0  
  1626727312 450229553 0  
  1626727313 450229553 0  
  1626727314 450229553 0  
  1626727315 450229553 0  
  1626727316 450229553 0  
  1626727317 450229553 0  
  1626727318 450229553 0  
  1626727319 450229553 0  
  1626727320 450229553 0  
  1626727321 450229553 0  
  1626727322 450229553 0  
  1626727323 450229553 0  
  1626727324 450229553 0  
  1626727325 450229553 0  
  1626727326 450229553 0  
  1626727327 450229553 0  
  1626727328 450229553 0  
  1626727329 450229553 0  
  1626727330 450229553 0  
  1626727331 450229553 0  
  1626727332 450229553 0  
  1626727333 450229553 0  
  1626727335 450229553 0  
  1626727336 450229553 0  
  1626727337 450229553 0  
  1626727338 450229553 0  
  1626727339 450229553 0  
  1626727340 450229553 0  
  1626727341 450229553 0  
  1626727342 450229553 0  
  1626727343 450229553 0  
  1626727344 450229553 0  
  1626727345 450229553 0  
  1626727346 450229553 0  
  1626727347 450229553 0  
  1626727348 450229553 0  
  1626727349 450229553 0  
  1626727350 450229553 0  
  1626727351 450229553 0  
  1626727352 450229553 0  
  1626727353 450229553 0  
  1626727354 450229553 0  
  1626727355 450229621 0  
  1626727356 450229621 0  
  1626727357 450229621 0  
  1626727358 450229621 0  
  1626727359 450229621 0  
  1626727360 450229621 0  
  1626727361 450230777 0  
  1626727362 450230777 0  
  1626727363 450230777 0  
  1626727364 450230777 0  
  1626727365 450230777 0  
  1626727366 450230777 0  
  1626727367 450230777 0  
  1626727368 450230777 0  
 