 1627026765 504524213 296946  
  1627026766 504524213 296946  
  1627026767 504524213 296946  
  1627026768 504524213 296946  
  1627026769 504524213 296946  
  1627026770 504525808 296946  
  1627026771 504525808 296946  
  1627026772 504525808 296946  
  1627026773 504525808 296946  
  1627026774 504525808 296946  
  1627026775 504525808 296946  
  1627026776 504525808 296946  
  1627026777 504525808 296946  
  1627026778 504525808 296946  
  1627026779 504525808 296946  
  1627026780 504525808 296946  
  1627026781 504525808 296946  
  1627026782 504525808 296946  
  1627026783 504525808 296946  
  1627026784 504525808 296946  
  1627026785 504525808 296946  
  1627026786 504525808 296946  
  1627026787 504525808 296946  
  1627026788 504525808 296946  
  1627026789 504525808 296946  
  1627026790 504525808 296946  
  1627026791 504525808 296946  
  1627026792 504525808 296946  
  1627026793 504525808 296946  
  1627026794 504525808 296946  
  1627026795 504525808 296946  
  1627026796 504525808 296946  
  1627026797 504525808 296946  
  1627026798 504525808 296946  
  1627026800 504525808 296946  
  1627026801 504525808 296946  
  1627026802 504525808 296946  
  1627026803 504525808 296946  
  1627026804 504525808 296946  
  1627026805 504525808 296946  
  1627026806 504525808 296946  
  1627026807 504525808 296946  
  1627026808 504525808 296946  
  1627026809 504525808 296946  
  1627026810 504525808 296946  
  1627026811 504525808 296946  
  1627026812 504525808 296946  
  1627026813 504525808 296946  
  1627026814 504525808 296946  
  1627026815 504525808 296946  
  1627026816 504525808 296946  
  1627026817 504525808 296946  
  1627026818 504525808 296946  
  1627026819 504525808 296946  
  1627026820 504525808 296946  
  1627026821 504525808 296946  
  1627026822 504525808 296946  
  1627026823 504525808 296946  
  1627026824 504525808 296946  
  1627026825 504525808 296946  
  1627026826 504525808 296946  
  1627026827 504525808 296946  
  1627026828 504525808 296946  
  1627026829 504525808 296946  
  1627026830 504525808 296946  
  1627026831 504525808 296946  
  1627026832 504525808 296946  
  1627026833 504525808 296946  
  1627026834 504525808 296946  
  1627026835 504525808 296946  
  1627026836 504525808 296946  
  1627026837 504525808 296946  
  1627026839 504525808 296946  
  1627026840 504530441 296946  
  1627026841 504530441 296946  
  1627026842 504531149 296946  
  1627026843 504531149 296946  
  1627026844 504531149 296946  
  1627026845 504531149 296946  
  1627026846 504531149 296946  
  1627026847 504531149 296946  
  1627026848 504531149 296946  
  1627026849 504531149 296946  
  1627026850 504531149 296946  
  1627026851 504531149 296946  
  1627026852 504531149 296946  
  1627026853 504531149 296946  
  1627026854 504531149 296946  
  1627026855 504531149 296946  
  1627026856 504531149 296946  
  1627026857 504531149 296946  
  1627026858 504531149 296946  
  1627026859 504531149 296946  
  1627026860 504531149 296946  
  1627026861 504531149 296946  
  1627026862 504531149 296946  
  1627026863 504531149 296946  
  1627026864 504531149 296946  
  1627026865 504531149 296946  
  1627026866 504531149 296946  
  1627026867 504531149 296946  
  1627026868 504531149 296946  
  1627026869 504531149 296946  
  1627026870 504531149 296946  
  1627026871 504531149 296946  
  1627026872 504531149 296946  
  1627026873 504531149 296946  
  1627026874 504531149 296946  
  1627026875 504531149 296946  
  1627026876 504531149 296946  
  1627026878 504531149 296946  
  1627026879 504531149 296946  
  1627026880 504531149 296946  
  1627026881 504531149 296946  
  1627026882 504531149 296946  
  1627026883 504531149 296946  
  1627026884 504531149 296946  
  1627026885 504531149 296946  
  1627026886 504531149 296946  
  1627026887 504531149 296946  
  1627026888 504531149 296946  
  1627026889 504531149 296946  
  1627026890 504531149 296946  
  1627026891 504531149 296946  
  1627026892 504531149 296946  
  1627026893 504531149 296946  
  1627026894 504531149 296946  
  1627026895 504531149 296946  
  1627026896 504531149 296946  
  1627026897 504531149 296946  
  1627026898 504531149 296946  
  1627026899 504531149 296946  
  1627026900 504531149 296946  
  1627026901 504531149 296946  
  1627026902 504531149 296946  
  1627026903 504531149 296946  
  1627026904 504531149 296946  
  1627026905 504531149 296946  
  1627026906 504531149 296946  
  1627026907 504531149 296946  
  1627026908 504531149 296946  
  1627026909 504531149 296946  
  1627026910 504531149 296946  
  1627026911 504531149 296946  
  1627026912 504531149 296946  
  1627026913 504531149 296946  
  1627026914 504531149 296946  
  1627026915 504531149 296946  
  1627026917 504531149 296946  
  1627026918 504531149 296946  
  1627026919 504531149 296946  
  1627026920 504531149 296946  
  1627026921 504531149 296946  
  1627026922 504531149 296946  
  1627026923 504531149 296946  
  1627026924 504531149 296946  
  1627026925 504531149 296946  
  1627026926 504531149 296946  
  1627026927 504531149 296946  
  1627026928 504531149 296946  
  1627026929 504531149 296946  
  1627026930 504531149 296946  
  1627026931 504531149 296946  
  1627026932 504531149 296946  
  1627026933 504531149 296946  
  1627026934 504531149 296946  
  1627026935 504531149 296946  
  1627026936 504531149 296946  
  1627026937 504531149 296946  
  1627026938 504531149 296946  
  1627026939 504531149 296946  
  1627026940 504531506 296946  
  1627026941 504531506 296946  
  1627026942 504531506 296946  
  1627026943 504531506 296946  
  1627026944 504531506 296946  
  1627026945 504535815 296946  
  1627026946 504536139 296946  
  1627026947 504541412 296946  
  1627026948 504541412 296946  
  1627026949 504541984 296946  
  1627026950 504541984 296946  
  1627026951 504541984 296946  
  1627026952 504542128 296946  
  1627026953 504546617 296946  
  1627026954 504547189 296946  
  1627026956 504551822 296946  
  1627026957 504551822 296946  
  1627026958 504552530 296946  
  1627026959 504552530 296946  
  1627026960 504552530 296946  
  1627026961 504552530 296946  
  1627026962 504552530 296946  
  1627026963 504552530 296946  
  1627026964 504552530 296946  
  1627026965 504552530 296946  
  1627026966 504552530 296946  
  1627026967 504552530 296946  
  1627026968 504552530 296946  
  1627026969 504552530 296946  
  1627026970 504552530 296946  
  1627026971 504553126 296946  
  1627026972 504553126 296946  
  1627026973 504553126 296946  
  1627026974 504553126 296946  
  1627026975 504553126 296946  
  1627026976 504553126 296946  
  1627026977 504553126 296946  
  1627026978 504553126 296946  
  1627026979 504553126 296946  
  1627026980 504553126 296946  
  1627026981 504553126 296946  
  1627026982 504553126 296946  
  1627026983 504553126 296946  
  1627026984 504553126 296946  
  1627026985 504553126 296946  
  1627026986 504553126 296946  
  1627026987 504553126 296946  
  1627026988 504553126 296946  
  1627026989 504553126 296946  
  1627026990 504553126 296946  
  1627026991 504553126 296946  
  1627026992 504553126 296946  
  1627026993 504553126 296946  
  1627026995 504553126 296946  
  1627026996 504553126 296946  
  1627026997 504553126 296946  
  1627026998 504553126 296946  
  1627026999 504553126 296946  
  1627027000 504553126 296946  
  1627027001 504553126 296946  
  1627027002 504553126 296946  
  1627027003 504553126 296946  
  1627027004 504553126 296946  
  1627027005 504553126 296946  
  1627027006 504553126 296946  
  1627027007 504553126 296946  
  1627027008 504553126 296946  
  1627027009 504553126 296946  
  1627027010 504553126 296946  
  1627027011 504553126 296946  
  1627027012 504553126 296946  
  1627027013 504553126 296946  
  1627027014 504553126 296946  
  1627027015 504553126 296946  
  1627027016 504553126 296946  
  1627027017 504553126 296946  
  1627027018 504553126 296946  
  1627027019 504553126 296946  
  1627027020 504553126 296946  
  1627027021 504553126 296946  
  1627027022 504553126 296946  
  1627027023 504553126 296946  
  1627027024 504553126 296946  
  1627027025 504553126 296946  
  1627027026 504553126 296946  
  1627027027 504553126 296946  
  1627027028 504553126 296946  
  1627027029 504553126 296946  
  1627027030 504553126 296946  
  1627027031 504553126 296946  
  1627027032 504553126 296946  
  1627027034 504553126 296946  
  1627027035 504553126 296946  
  1627027036 504553126 296946  
  1627027037 504553126 296946  
  1627027038 504553126 296946  
  1627027039 504553126 296946  
  1627027040 504553126 296946  
  1627027041 504553126 296946  
  1627027042 504553126 296946  
  1627027043 504553126 296946  
  1627027044 504553126 296946  
  1627027045 504553126 296946  
  1627027046 504553126 296946  
  1627027047 504553126 296946  
  1627027048 504553126 296946  
  1627027049 504553126 296946  
  1627027050 504553126 296946  
  1627027051 504553126 296946  
  1627027052 504553126 296946  
  1627027053 504553126 296946  
  1627027054 504553126 296946  
  1627027055 504553126 296946  
  1627027056 504553126 296946  
  1627027057 504553126 296946  
  1627027058 504553126 296946  
  1627027059 504553126 296946  
  1627027060 504553126 296946  
  1627027061 504553126 296946  
  1627027062 504553126 296946  
  1627027063 504553126 296946  
  1627027064 504553126 296946  
  1627027065 504553126 296946  
  1627027066 504553126 296946  
  1627027067 504553126 296946  
  1627027068 504553126 296946  
  1627027069 504553194 296946  
  1627027070 504553194 296946  
  1627027071 504553194 296946  
  1627027072 504553194 296946  
  1627027074 504553194 296946  
  1627027075 504554350 296946  
  1627027076 504554350 296946  
  1627027077 504554350 296946  
  1627027078 504554350 296946  
  1627027079 504554350 296946  
  1627027080 504554350 296946  
  1627027081 504554350 296946  
  1627027082 504554350 296946  
  1627027083 504554350 296946  
  1627027084 504554350 296946  
  1627027085 504554350 296946  
  1627027086 504554350 296946  
  1627027087 504554350 296946  
  1627027088 504554350 296946  
  1627027089 504554350 296946  
  1627027090 504554350 296946  
  1627027091 504554350 296946  
  1627027092 504554350 296946  
  1627027093 504554350 296946  
  1627027094 504554350 296946  
  1627027095 504554350 296946  
  1627027096 504554350 296946  
  1627027097 504554350 296946  
  1627027098 504554350 296946  
  1627027099 504554350 296946  
  1627027100 504554350 296946  
  1627027101 504554350 296946  
  1627027102 504554350 296946  
  1627027103 504554350 296946  
  1627027104 504554350 296946  
  1627027105 504554350 296946  
  1627027106 504554350 296946  
  1627027107 504554350 296946  
  1627027108 504554350 296946  
  1627027109 504554350 296946  
  1627027110 504554350 296946  
  1627027111 504554350 296946  
  1627027113 504554350 296946  
  1627027114 504554350 296946  
  1627027115 504554350 296946  
  1627027116 504554350 296946  
  1627027117 504554350 296946  
  1627027118 504554350 296946  
  1627027119 504554350 296946  
  1627027120 504554350 296946  
  1627027121 504554350 296946  
  1627027122 504554350 296946  
  1627027123 504554350 296946  
  1627027124 504554350 296946  
  1627027125 504554350 296946  
  1627027126 504554350 296946  
  1627027127 504554350 296946  
  1627027128 504554350 296946  
  1627027129 504554350 296946  
  1627027130 504554350 296946  
  1627027131 504554350 296946  
  1627027132 504554350 296946  
  1627027133 504554350 296946  
  1627027134 504554350 296946  
  1627027135 504554350 296946  
  1627027136 504554350 296946  
  1627027137 504554350 296946  
  1627027138 504558659 296946  
  1627027139 504558983 296946  
  1627027140 504559691 296946  
  1627027141 504559691 296946  
  1627027142 504559691 296946  
  1627027143 504559691 296946  
  1627027144 504559691 296946  
  1627027145 504559691 296946  
  1627027146 504559691 296946  
  1627027147 504559691 296946  
  1627027148 504559691 296946  
  1627027149 504559691 296946  
  1627027150 504559691 296946  
  1627027152 504559691 296946  
  1627027153 504559691 296946  
  1627027154 504559691 296946  
  1627027155 504559691 296946  
  1627027156 504559691 296946  
  1627027157 504559691 296946  
  1627027158 504559691 296946  
  1627027159 504559691 296946  
  1627027160 504559691 296946  
  1627027161 504559691 296946  
  1627027162 504559691 296946  
  1627027163 504559691 296946  
  1627027164 504559691 296946  
  1627027165 504559691 296946  
  1627027166 504559691 296946  
  1627027167 504559691 296946  
  1627027168 504559691 296946  
  1627027169 504559691 296946  
  1627027170 504559691 296946  
  1627027171 504560287 296946  
  1627027172 504560287 296946  
  1627027173 504560287 296946  
  1627027174 504560287 296946  
  1627027175 504560287 296946  
  1627027176 504560287 296946  
  1627027177 504560287 296946  
  1627027178 504560287 296946  
  1627027179 504560287 296946  
  1627027180 504560287 296946  
  1627027181 504560287 296946  
  1627027182 504560287 296946  
  1627027183 504560287 296946  
  1627027184 504560287 296946  
  1627027185 504560287 296946  
  1627027186 504560287 296946  
  1627027187 504560287 296946  
  1627027188 504560287 296946  
  1627027189 504560287 296946  
  1627027191 504560287 296946  
  1627027192 504560287 296946  
  1627027193 504560287 296946  
  1627027194 504560287 296946  
  1627027195 504560287 296946  
  1627027196 504560287 296946  
  1627027197 504560287 296946  
  1627027198 504560287 296946  
  1627027199 504560287 296946  
  1627027200 504560287 296946  
  1627027201 504560287 296946  
  1627027202 504560287 296946  
  1627027203 504560287 296946  
  1627027204 504560287 296946  
  1627027205 504560287 296946  
  1627027206 504560287 296946  
  1627027207 504560287 296946  
  1627027208 504560287 296946  
  1627027209 504560287 296946  
  1627027210 504560287 296946  
  1627027211 504560287 296946  
  1627027212 504560287 296946  
  1627027213 504560287 296946  
  1627027214 504560287 296946  
  1627027215 504560287 296946  
  1627027216 504560287 296946  
  1627027217 504560287 296946  
  1627027218 504560287 296946  
  1627027219 504560287 296946  
  1627027220 504560287 296946  
  1627027221 504560287 296946  
  1627027222 504560287 296946  
  1627027223 504560287 296946  
  1627027224 504560287 296946  
  1627027225 504560287 296946  
  1627027226 504560287 296946  
  1627027227 504560287 296946  
  1627027228 504560287 296946  
  1627027229 504560287 296946  
  1627027231 504560287 296946  
  1627027232 504560287 296946  
  1627027233 504560287 296946  
  1627027234 504560287 296946  
  1627027235 504560287 296946  
  1627027236 504560287 296946  
  1627027237 504560287 296946  
  1627027238 504560287 296946  
  1627027239 504560287 296946  
  1627027240 504560644 296946  
  1627027241 504560644 296946  
  1627027242 504560644 296946  
  1627027243 504560644 296946  
  1627027244 504560644 296946  
  1627027245 504564953 296946  
  1627027246 504565277 296946  
  1627027247 504568186 296946  
  1627027248 504570618 296946  
  1627027249 504571326 296946  
  1627027250 504571326 296946  
  1627027251 504571326 296946  
  1627027252 504571326 296946  
  1627027253 504575959 296946  
  1627027254 504575959 296946  
  1627027255 504581300 296946  
  1627027256 504581300 296946  
  1627027257 504582008 296946  
  1627027258 504582008 296946  
  1627027259 504582008 296946  
  1627027260 504582008 296946  
  1627027261 504582008 296946  
  1627027262 504582008 296946  
  1627027263 504582008 296946  
  1627027264 504583885 296946  
  1627027265 504586861 296946  
  1627027266 504586861 296946  
  1627027267 504587365 296946  
  1627027268 504587365 296946  
  1627027270 504587365 296946  
  1627027271 504587365 296946  
  1627027272 504587365 296946  
  1627027273 504587365 296946  
  1627027274 504587365 296946  
  1627027275 504587365 296946  
  1627027276 504587365 296946  
  1627027277 504587365 296946  
  1627027278 504587365 296946  
  1627027279 504587365 296946  
  1627027280 504587365 296946  
  1627027281 504587365 296946  
  1627027282 504587365 296946  
  1627027283 504587365 296946  
  1627027284 504587365 296946  
  1627027285 504587365 296946  
  1627027286 504587365 296946  
  1627027287 504587365 296946  
  1627027288 504587365 296946  
  1627027289 504587365 296946  
  1627027290 504587365 296946  
  1627027291 504587365 296946  
  1627027292 504587365 296946  
  1627027293 504587365 296946  
  1627027294 504587365 296946  
  1627027295 504587365 296946  
  1627027296 504587365 296946  
  1627027297 504587365 296946  
  1627027298 504587365 296946  
  1627027299 504587365 296946  
  1627027300 504587365 296946  
  1627027301 504587365 296946  
  1627027302 504587365 296946  
  1627027303 504587365 296946  
  1627027304 504587365 296946  
  1627027305 504587365 296946  
  1627027306 504587365 296946  
  1627027307 504587365 296946  
  1627027308 504587365 296946  
  1627027310 504587365 296946  
  1627027311 504587365 296946  
  1627027312 504587365 296946  
  1627027313 504587365 296946  
  1627027314 504587365 296946  
  1627027315 504587365 296946  
  1627027316 504587365 296946  
  1627027317 504587365 296946  
  1627027318 504587365 296946  
  1627027319 504587365 296946  
  1627027320 504587365 296946  
  1627027321 504587365 296946  
  1627027322 504587365 296946  
  1627027323 504587365 296946  
  1627027324 504587365 296946  
  1627027325 504587365 296946  
  1627027326 504587365 296946  
  1627027327 504587365 296946  
  1627027328 504587365 296946  
  1627027329 504587365 296946  
  1627027330 504587365 296946  
  1627027331 504587365 296946  
  1627027332 504587365 296946  
  1627027333 504587365 296946  
  1627027334 504587365 296946  
  1627027335 504587365 296946  
  1627027336 504587365 296946  
  1627027337 504587365 296946  
  1627027338 504587365 296946  
  1627027339 504587365 296946  
  1627027340 504587365 296946  
  1627027341 504587365 296946  
  1627027342 504587365 296946  
  1627027343 504587365 296946  
  1627027344 504587365 296946  
  1627027345 504587365 296946  
  1627027346 504587365 296946  
  1627027347 504587365 296946  
  1627027348 504587365 296946  
  1627027350 504587365 296946  
  1627027351 504587365 296946  
  1627027352 504587365 296946  
  1627027353 504587365 296946  
  1627027354 504587365 296946  
  1627027355 504587365 296946  
  1627027356 504587365 296946  
  1627027357 504587365 296946  
  1627027358 504587365 296946  
  1627027359 504587365 296946  
  1627027360 504587365 296946  
  1627027361 504587365 296946  
  1627027362 504587365 296946  
  1627027363 504587365 296946  
  1627027364 504587365 296946  
  1627027365 504587365 296946  
  1627027366 504587365 296946  
  1627027367 504587365 296946  
  1627027368 504587365 296946  
  1627027369 504587365 296946  
  1627027370 504587961 296946  
  1627027371 504587961 296946  
  1627027372 504587961 296946  
  1627027373 504587961 296946  
  1627027374 504587961 296946  
  1627027375 504587961 296946  
  1627027376 504587961 296946  
  1627027377 504587961 296946  
  1627027378 504587961 296946  
  1627027379 504587961 296946  
  1627027380 504587961 296946  
  1627027381 504587961 296946  
  1627027382 504587961 296946  
  1627027383 504587961 296946  
  1627027384 504587961 296946  
  1627027385 504587961 296946  
  1627027386 504587961 296946  
  1627027387 504587961 296946  
  1627027389 504587961 296946  
  1627027390 504587961 296946  
  1627027391 504587961 296946  
  1627027392 504587961 296946  
  1627027393 504587961 296946  
  1627027394 504587961 296946  
  1627027395 504587961 296946  
  1627027396 504587961 296946  
  1627027397 504587961 296946  
  1627027398 504587961 296946  
  1627027399 504587961 296946  
 