 1626788018 460318723 77498  
  1626788019 460318723 77498  
  1626788020 460318723 77498  
  1626788021 460318723 77498  
  1626788022 460318723 77498  
  1626788023 460318723 77498  
  1626788024 460318723 77498  
  1626788025 460318723 77498  
  1626788026 460318723 77498  
  1626788027 460318723 77498  
  1626788028 460318723 77498  
  1626788029 460318723 77498  
  1626788030 460318723 77498  
  1626788031 460318723 77498  
  1626788032 460318723 77498  
  1626788033 460318723 77498  
  1626788034 460318723 77498  
  1626788035 460318723 77498  
  1626788036 460318723 77498  
  1626788038 460318723 77498  
  1626788039 460318723 77498  
  1626788040 460318723 77498  
  1626788041 460318723 77498  
  1626788042 460318723 77498  
  1626788043 460318723 77498  
  1626788044 460318723 77498  
  1626788045 460318723 77498  
  1626788046 460318723 77498  
  1626788047 460318723 77498  
  1626788048 460318723 77498  
  1626788049 460318723 77498  
  1626788050 460318723 77498  
  1626788051 460318723 77498  
  1626788052 460318723 77498  
  1626788053 460318723 77498  
  1626788054 460318723 77498  
  1626788055 460318723 77498  
  1626788056 460318723 77498  
  1626788057 460318723 77498  
  1626788058 460318723 77498  
  1626788059 460318723 77498  
  1626788060 460318723 77498  
  1626788061 460318723 77498  
  1626788062 460318723 77498  
  1626788063 460318723 77498  
  1626788064 460318723 77498  
  1626788065 460318723 77498  
  1626788066 460318723 77498  
  1626788067 460318723 77498  
  1626788068 460318723 77498  
  1626788069 460318723 77498  
  1626788070 460318723 77498  
  1626788071 460318723 77498  
  1626788072 460318723 77498  
  1626788073 460318723 77498  
  1626788074 460318723 77498  
  1626788075 460318723 77498  
  1626788076 460318723 77498  
  1626788078 460318723 77498  
  1626788079 460318723 77498  
  1626788080 460318723 77498  
  1626788081 460318723 77498  
  1626788082 460318723 77498  
  1626788083 460318723 77498  
  1626788084 460318723 77498  
  1626788085 460318723 77498  
  1626788086 460318723 77498  
  1626788087 460318723 77498  
  1626788088 460318723 77498  
  1626788089 460318723 77498  
  1626788090 460318723 77498  
  1626788091 460318723 77498  
  1626788092 460318723 77498  
  1626788093 460318723 77498  
  1626788094 460318723 77498  
  1626788095 460318723 77498  
  1626788096 460318723 77498  
  1626788097 460318723 77498  
  1626788098 460318723 77498  
  1626788099 460323032 77498  
  1626788100 460323356 77498  
  1626788101 460323996 77498  
  1626788102 460324064 77498  
  1626788103 460324064 77498  
  1626788104 460324064 77498  
  1626788105 460324064 77498  
  1626788106 460324064 77498  
  1626788107 460324064 77498  
  1626788108 460324064 77498  
  1626788109 460324064 77498  
  1626788110 460324064 77498  
  1626788111 460324064 77498  
  1626788112 460328373 77498  
  1626788113 460328697 77498  
  1626788114 460329405 77498  
  1626788115 460334038 77498  
  1626788117 460335915 77498  
  1626788118 460339379 77498  
  1626788119 460340087 77498  
  1626788120 460340087 77498  
  1626788121 460340179 77498  
  1626788122 460340179 77498  
  1626788123 460340179 77498  
  1626788124 460340179 77498  
  1626788125 460340179 77498  
  1626788126 460340179 77498  
  1626788127 460340179 77498  
  1626788128 460340179 77498  
  1626788129 460340179 77498  
  1626788130 460340179 77498  
  1626788131 460340536 77498  
  1626788132 460340536 77498  
  1626788133 460340536 77498  
  1626788134 460340536 77498  
  1626788135 460340536 77498  
  1626788136 460340536 77498  
  1626788137 460340536 77498  
  1626788138 460340536 77498  
  1626788139 460340536 77498  
  1626788140 460340536 77498  
  1626788141 460340536 77498  
  1626788142 460340536 77498  
  1626788143 460340536 77498  
  1626788144 460340536 77498  
  1626788145 460340536 77498  
  1626788146 460340536 77498  
  1626788147 460340536 77498  
  1626788148 460340536 77498  
  1626788149 460340536 77498  
  1626788150 460340536 77498  
  1626788151 460340536 77498  
  1626788152 460340536 77498  
  1626788153 460340536 77498  
  1626788154 460340536 77498  
  1626788155 460340536 77498  
  1626788157 460340536 77498  
  1626788158 460340536 77498  
  1626788159 460340536 77498  
  1626788160 460340536 77498  
  1626788161 460340536 77498  
  1626788162 460340536 77498  
  1626788163 460340536 77498  
  1626788164 460340536 77498  
  1626788165 460341132 77498  
  1626788166 460341132 77498  
  1626788167 460341132 77498  
  1626788168 460341132 77498  
  1626788169 460341132 77498  
  1626788170 460341132 77498  
  1626788171 460341132 77498  
  1626788172 460341132 77498  
  1626788173 460341132 77498  
  1626788174 460341132 77498  
  1626788175 460341132 77498  
  1626788176 460341132 77498  
  1626788177 460341132 77498  
  1626788178 460341132 77498  
  1626788179 460341132 77498  
  1626788180 460341132 77498  
  1626788181 460341132 77498  
  1626788182 460341132 77498  
  1626788183 460341132 77498  
  1626788184 460341132 77498  
  1626788185 460341132 77498  
  1626788186 460341132 77498  
  1626788187 460341132 77498  
  1626788188 460341132 77498  
  1626788189 460341132 77498  
  1626788190 460341132 77498  
  1626788191 460341132 77498  
  1626788192 460341132 77498  
  1626788193 460341132 77498  
  1626788194 460341132 77498  
  1626788195 460341132 77498  
  1626788197 460341132 77498  
  1626788198 460341132 77498  
  1626788199 460341132 77498  
  1626788200 460341132 77498  
  1626788201 460341132 77498  
  1626788202 460341132 77498  
  1626788203 460341132 77498  
  1626788204 460341132 77498  
  1626788205 460341132 77498  
  1626788206 460341132 77498  
  1626788207 460341132 77498  
  1626788208 460341132 77498  
  1626788209 460341132 77498  
  1626788210 460341132 77498  
  1626788211 460341132 77498  
  1626788212 460341132 77498  
  1626788213 460341132 77498  
  1626788214 460341132 77498  
  1626788215 460341132 77498  
  1626788216 460341132 77498  
  1626788217 460341132 77498  
  1626788218 460341132 77498  
  1626788219 460341132 77498  
  1626788220 460341224 77498  
  1626788221 460341224 77498  
  1626788222 460341224 77498  
  1626788223 460341224 77498  
  1626788224 460341224 77498  
  1626788225 460341224 77498  
  1626788226 460341224 77498  
  1626788227 460341224 77498  
  1626788228 460341224 77498  
  1626788229 460341224 77498  
  1626788230 460341224 77498  
  1626788231 460341224 77498  
  1626788232 460341224 77498  
  1626788233 460341224 77498  
  1626788234 460341224 77498  
  1626788235 460341224 77498  
  1626788237 460341224 77498  
  1626788238 460341224 77498  
  1626788239 460341224 77498  
  1626788240 460341224 77498  
  1626788241 460341224 77498  
  1626788242 460341224 77498  
  1626788243 460341224 77498  
  1626788244 460341224 77498  
  1626788245 460341224 77498  
  1626788246 460341224 77498  
  1626788247 460341224 77498  
  1626788248 460341224 77498  
  1626788249 460341224 77498  
  1626788250 460341224 77498  
  1626788251 460341224 77498  
  1626788252 460341224 77498  
  1626788253 460341224 77498  
  1626788254 460341224 77498  
  1626788255 460341224 77498  
  1626788256 460341224 77498  
  1626788257 460341224 77498  
  1626788258 460341224 77498  
  1626788259 460341224 77498  
  1626788260 460341224 77498  
  1626788261 460345533 77498  
  1626788262 460345857 77498  
  1626788263 460345857 77498  
  1626788264 460346565 77498  
  1626788265 460346565 77498  
  1626788266 460346565 77498  
  1626788267 460346565 77498  
  1626788268 460346565 77498  
  1626788269 460346565 77498  
  1626788270 460346565 77498  
  1626788271 460346565 77498  
  1626788272 460346565 77498  
  1626788273 460346565 77498  
  1626788274 460346565 77498  
  1626788276 460346565 77498  
  1626788277 460346565 77498  
  1626788278 460346565 77498  
  1626788279 460346565 77498  
  1626788280 460346565 77498  
  1626788281 460346565 77498  
  1626788282 460346565 77498  
  1626788283 460346565 77498  
  1626788284 460346565 77498  
  1626788285 460346565 77498  
  1626788286 460346565 77498  
  1626788287 460346565 77498  
  1626788288 460346565 77498  
  1626788289 460346565 77498  
  1626788290 460346565 77498  
  1626788291 460346565 77498  
  1626788292 460346565 77498  
  1626788293 460346565 77498  
  1626788294 460346565 77498  
  1626788295 460346565 77498  
  1626788296 460346565 77498  
  1626788297 460346565 77498  
  1626788298 460346565 77498  
  1626788299 460346565 77498  
  1626788300 460346565 77498  
  1626788301 460346565 77498  
  1626788302 460346565 77498  
  1626788303 460346565 77498  
  1626788304 460346565 77498  
  1626788305 460346565 77498  
  1626788306 460346565 77498  
  1626788307 460346565 77498  
  1626788308 460346565 77498  
  1626788309 460346565 77498  
  1626788310 460346565 77498  
  1626788311 460346565 77498  
  1626788312 460346565 77498  
  1626788313 460346565 77498  
  1626788314 460346565 77498  
  1626788316 460346565 77498  
  1626788317 460346565 77498  
  1626788318 460346565 77498  
  1626788319 460346565 77498  
  1626788320 460346565 77498  
  1626788321 460346565 77498  
  1626788322 460346565 77498  
  1626788323 460346565 77498  
  1626788324 460346565 77498  
  1626788325 460346565 77498  
  1626788326 460346565 77498  
  1626788327 460346565 77498  
  1626788328 460346565 77498  
  1626788329 460346565 77498  
  1626788330 460346565 77498  
  1626788331 460346565 77498  
  1626788332 460346565 77498  
  1626788333 460346565 77498  
  1626788334 460346565 77498  
  1626788335 460346565 77498  
  1626788336 460346565 77498  
  1626788337 460346565 77498  
  1626788338 460346565 77498  
  1626788339 460346565 77498  
  1626788340 460346565 77498  
  1626788341 460346565 77498  
  1626788342 460346565 77498  
  1626788343 460346565 77498  
  1626788344 460346565 77498  
  1626788345 460346565 77498  
  1626788346 460346565 77498  
  1626788347 460346565 77498  
  1626788348 460346565 77498  
  1626788349 460346565 77498  
  1626788350 460346565 77498  
  1626788351 460346565 77498  
  1626788352 460346565 77498  
  1626788353 460346565 77498  
  1626788355 460346565 77498  
  1626788356 460346565 77498  
  1626788357 460346565 77498  
  1626788358 460346565 77498  
  1626788359 460346565 77498  
  1626788360 460346565 77498  
  1626788361 460346565 77498  
  1626788362 460346565 77498  
  1626788363 460346565 77498  
  1626788364 460346565 77498  
  1626788365 460346565 77498  
  1626788366 460347161 77498  
  1626788367 460347161 77498  
  1626788368 460347161 77498  
  1626788369 460347161 77498  
  1626788370 460347161 77498  
  1626788371 460347161 77498  
  1626788372 460347161 77498  
  1626788373 460347161 77498  
  1626788374 460347161 77498  
  1626788375 460347161 77498  
  1626788376 460347161 77498  
  1626788377 460347161 77498  
  1626788378 460347161 77498  
  1626788379 460347161 77498  
  1626788380 460347161 77498  
  1626788381 460347161 77498  
  1626788382 460347161 77498  
  1626788383 460347161 77498  
  1626788384 460347161 77498  
  1626788385 460347161 77498  
  1626788386 460347161 77498  
  1626788387 460347161 77498  
  1626788388 460347161 77498  
  1626788389 460347161 77498  
  1626788390 460347161 77498  
  1626788391 460347161 77498  
  1626788392 460347161 77498  
  1626788393 460347161 77498  
  1626788395 460347161 77498  
  1626788396 460347161 77498  
  1626788397 460347161 77498  
  1626788398 460347161 77498  
  1626788399 460349122 77498  
  1626788400 460351794 77498  
  1626788401 460351794 77498  
  1626788402 460352502 77498  
  1626788403 460352502 77498  
 