 1627016624 503668395 0  
  1627016626 503668395 0  
  1627016627 503668395 0  
  1627016628 503668395 0  
  1627016629 503668395 0  
  1627016630 503668395 0  
  1627016631 503668395 0  
  1627016632 503668395 0  
  1627016633 503668395 0  
  1627016634 503668395 0  
  1627016635 503668395 0  
  1627016636 503668395 0  
  1627016637 503668395 0  
  1627016638 503668395 0  
  1627016639 503668733 0  
  1627016640 503668733 0  
  1627016641 503668733 0  
  1627016642 503668733 0  
  1627016643 503668733 0  
  1627016644 503668733 0  
  1627016645 503668733 0  
  1627016646 503668733 0  
  1627016647 503668733 0  
  1627016648 503668733 0  
  1627016649 503668733 0  
  1627016650 503668733 0  
  1627016651 503668733 0  
  1627016652 503668733 0  
  1627016653 503668733 0  
  1627016654 503668733 0  
  1627016655 503668733 0  
  1627016656 503668733 0  
  1627016657 503668733 0  
  1627016658 503668733 0  
  1627016659 503668733 0  
  1627016660 503668733 0  
  1627016661 503668733 0  
  1627016662 503668733 0  
  1627016664 503668733 0  
  1627016665 503668733 0  
  1627016666 503668733 0  
  1627016667 503668733 0  
  1627016668 503668733 0  
  1627016669 503668733 0  
  1627016670 503668733 0  
  1627016671 503670328 0  
  1627016672 503670328 0  
  1627016673 503670328 0  
  1627016674 503670328 0  
  1627016675 503670328 0  
  1627016676 503670328 0  
  1627016677 503670328 0  
  1627016678 503670328 0  
  1627016679 503670328 0  
  1627016680 503670328 0  
  1627016681 503670328 0  
  1627016682 503670328 0  
  1627016683 503670328 0  
  1627016684 503670328 0  
  1627016685 503670328 0  
  1627016686 503670328 0  
  1627016687 503670328 0  
  1627016688 503670328 0  
  1627016689 503670328 0  
  1627016690 503670328 0  
  1627016691 503670328 0  
  1627016692 503670328 0  
  1627016693 503670328 0  
  1627016694 503670328 0  
  1627016695 503670328 0  
  1627016696 503670328 0  
  1627016697 503670328 0  
  1627016698 503670328 0  
  1627016699 503670328 0  
  1627016700 503670328 0  
  1627016701 503670328 0  
  1627016703 503670328 0  
  1627016704 503670328 0  
  1627016705 503670328 0  
  1627016706 503670328 0  
  1627016707 503670328 0  
  1627016708 503670328 0  
  1627016709 503670420 0  
  1627016710 503670420 0  
  1627016711 503670420 0  
  1627016712 503670420 0  
  1627016713 503670420 0  
  1627016714 503670420 0  
  1627016715 503670420 0  
  1627016716 503670420 0  
  1627016717 503670420 0  
  1627016718 503670420 0  
  1627016719 503670420 0  
  1627016720 503670420 0  
  1627016721 503670420 0  
  1627016722 503670420 0  
  1627016723 503670420 0  
  1627016724 503670420 0  
  1627016725 503670420 0  
  1627016726 503670420 0  
  1627016727 503670420 0  
  1627016728 503670420 0  
  1627016729 503670420 0  
  1627016730 503670420 0  
  1627016731 503670420 0  
  1627016732 503670420 0  
  1627016733 503670420 0  
  1627016734 503670420 0  
  1627016735 503670420 0  
  1627016736 503670420 0  
  1627016737 503670777 0  
  1627016738 503670777 0  
  1627016739 503670777 0  
  1627016740 503670777 0  
  1627016742 503670777 0  
  1627016743 503670777 0  
  1627016744 503675502 0  
  1627016745 503675502 0  
  1627016746 503680843 0  
  1627016747 503680843 0  
  1627016748 503681551 0  
  1627016749 503681551 0  
  1627016750 503681551 0  
  1627016751 503681695 0  
  1627016752 503690817 0  
  1627016753 503691525 0  
  1627016754 503692233 0  
  1627016755 503692233 0  
  1627016756 503692233 0  
  1627016757 503692233 0  
  1627016758 503692233 0  
  1627016759 503692233 0  
  1627016760 503692233 0  
  1627016761 503692233 0  
  1627016762 503692233 0  
  1627016763 503692233 0  
  1627016764 503692233 0  
  1627016765 503692233 0  
  1627016766 503692233 0  
  1627016767 503692233 0  
  1627016768 503692233 0  
  1627016769 503692233 0  
  1627016770 503692233 0  
  1627016771 503692233 0  
  1627016772 503692233 0  
  1627016773 503692233 0  
  1627016774 503692233 0  
  1627016775 503692233 0  
  1627016776 503692233 0  
  1627016777 503692233 0  
  1627016778 503692233 0  
  1627016779 503692233 0  
  1627016781 503692233 0  
  1627016782 503692233 0  
  1627016783 503692233 0  
  1627016784 503692233 0  
  1627016785 503692233 0  
  1627016786 503692233 0  
  1627016787 503692233 0  
  1627016788 503692233 0  
  1627016789 503692571 0  
  1627016790 503692571 0  
  1627016791 503692571 0  
  1627016792 503692571 0  
  1627016793 503692571 0  
  1627016794 503692571 0  
  1627016795 503692571 0  
  1627016796 503692571 0  
  1627016797 503692571 0  
  1627016798 503692571 0  
  1627016799 503692571 0  
  1627016800 503692571 0  
  1627016801 503692571 0  
  1627016802 503692571 0  
  1627016803 503692571 0  
  1627016804 503692571 0  
  1627016805 503692571 0  
  1627016806 503692571 0  
  1627016807 503692571 0  
  1627016808 503692571 0  
  1627016809 503692571 0  
  1627016810 503692571 0  
  1627016811 503692571 0  
  1627016812 503692571 0  
  1627016813 503692571 0  
  1627016814 503692571 0  
  1627016815 503692571 0  
  1627016816 503692571 0  
  1627016817 503692571 0  
  1627016818 503692571 0  
  1627016820 503692571 0  
  1627016821 503692571 0  
  1627016822 503692571 0  
  1627016823 503692571 0  
  1627016824 503692571 0  
  1627016825 503692571 0  
  1627016826 503692571 0  
  1627016827 503692571 0  
  1627016828 503692571 0  
  1627016829 503692571 0  
  1627016830 503692571 0  
  1627016831 503692571 0  
  1627016832 503692571 0  
  1627016833 503692571 0  
  1627016834 503692571 0  
  1627016835 503692571 0  
  1627016836 503692571 0  
  1627016837 503692571 0  
  1627016838 503692571 0  
  1627016839 503692663 0  
  1627016840 503692663 0  
  1627016841 503692663 0  
  1627016842 503692663 0  
  1627016843 503692663 0  
  1627016844 503692663 0  
  1627016845 503692663 0  
  1627016846 503692663 0  
  1627016847 503692663 0  
  1627016848 503692663 0  
  1627016849 503692663 0  
  1627016850 503692663 0  
  1627016851 503692663 0  
  1627016852 503692663 0  
  1627016853 503692663 0  
  1627016854 503692663 0  
  1627016855 503692663 0  
  1627016856 503692663 0  
  1627016857 503692663 0  
  1627016859 503692663 0  
  1627016860 503692663 0  
  1627016861 503692663 0  
  1627016862 503692663 0  
  1627016863 503692663 0  
  1627016864 503692663 0  
  1627016865 503692663 0  
  1627016866 503692663 0  
  1627016867 503692663 0  
  1627016868 503692663 0  
  1627016869 503692663 0  
  1627016870 503693321 0  
  1627016871 503693321 0  
  1627016872 503693473 0  
  1627016873 503693473 0  
  1627016874 503693473 0  
  1627016875 503693473 0  
  1627016876 503693473 0  
  1627016877 503693473 0  
  1627016878 503693473 0  
  1627016879 503693473 0  
  1627016880 503693473 0  
  1627016881 503693473 0  
  1627016882 503693473 0  
  1627016883 503693473 0  
  1627016884 503693473 0  
  1627016885 503693473 0  
  1627016886 503693473 0  
  1627016887 503693473 0  
  1627016888 503693473 0  
  1627016889 503693473 0  
  1627016890 503693473 0  
  1627016891 503693473 0  
  1627016892 503693473 0  
  1627016893 503693473 0  
  1627016894 503693473 0  
  1627016895 503693473 0  
  1627016896 503693473 0  
  1627016898 503693473 0  
  1627016899 503693473 0  
  1627016900 503693473 0  
  1627016901 503693473 0  
  1627016902 503693473 0  
  1627016903 503693473 0  
  1627016904 503693473 0  
  1627016905 503693473 0  
  1627016906 503693473 0  
  1627016907 503693473 0  
  1627016908 503693473 0  
  1627016909 503693473 0  
  1627016910 503693473 0  
  1627016911 503693473 0  
  1627016912 503693473 0  
  1627016913 503693473 0  
  1627016914 503693473 0  
  1627016915 503693473 0  
  1627016916 503693473 0  
  1627016917 503693473 0  
  1627016918 503693473 0  
  1627016919 503698038 0  
  1627016920 503698106 0  
  1627016921 503698746 0  
  1627016922 503698746 0  
  1627016923 503698746 0  
  1627016924 503698746 0  
  1627016925 503698746 0  
  1627016926 503698746 0  
  1627016927 503698746 0  
  1627016928 503698746 0  
  1627016929 503698746 0  
  1627016930 503698746 0  
  1627016931 503698746 0  
  1627016932 503698746 0  
  1627016933 503698746 0  
  1627016934 503698746 0  
  1627016935 503698746 0  
  1627016937 503698746 0  
  1627016938 503698746 0  
  1627016939 503699084 0  
  1627016940 503699084 0  
  1627016941 503699084 0  
  1627016942 503699084 0  
  1627016943 503699084 0  
  1627016944 503699084 0  
  1627016945 503699084 0  
  1627016946 503699084 0  
  1627016947 503699084 0  
  1627016948 503699084 0  
  1627016949 503699084 0  
  1627016950 503699084 0  
  1627016951 503699084 0  
  1627016952 503699084 0  
  1627016953 503699084 0  
  1627016954 503699084 0  
  1627016955 503699084 0  
  1627016956 503699084 0  
  1627016957 503699084 0  
  1627016958 503699084 0  
  1627016959 503699084 0  
  1627016960 503699084 0  
  1627016961 503699084 0  
  1627016962 503699084 0  
  1627016963 503699084 0  
  1627016964 503699084 0  
  1627016965 503699084 0  
  1627016966 503699084 0  
  1627016967 503699084 0  
  1627016968 503699084 0  
  1627016969 503699176 0  
  1627016970 503699176 0  
  1627016971 503699176 0  
  1627016972 503699176 0  
  1627016973 503699176 0  
  1627016974 503699176 0  
  1627016976 503699176 0  
  1627016977 503699176 0  
  1627016978 503699176 0  
  1627016979 503699176 0  
  1627016980 503699176 0  
  1627016981 503699176 0  
  1627016982 503699176 0  
  1627016983 503699176 0  
  1627016984 503699176 0  
  1627016985 503699176 0  
  1627016986 503699176 0  
  1627016987 503699176 0  
  1627016988 503699176 0  
  1627016989 503699176 0  
  1627016990 503699176 0  
  1627016991 503699176 0  
  1627016992 503699176 0  
  1627016993 503699176 0  
  1627016994 503699176 0  
  1627016995 503699176 0  
  1627016996 503699176 0  
  1627016997 503699176 0  
  1627016998 503699176 0  
  1627016999 503699176 0  
  1627017000 503699176 0  
  1627017001 503699176 0  
  1627017002 503699268 0  
  1627017003 503699268 0  
  1627017004 503699268 0  
  1627017005 503699268 0  
  1627017006 503699268 0  
  1627017007 503699268 0  
  1627017008 503699268 0  
  1627017009 503699268 0  
  1627017010 503699268 0  
  1627017011 503699268 0  
  1627017012 503699268 0  
  1627017013 503699268 0  
  1627017015 503699268 0  
  1627017016 503699268 0  
  1627017017 503699268 0  
  1627017018 503699268 0  
  1627017019 503699268 0  
  1627017020 503699268 0  
  1627017021 503699268 0  
  1627017022 503699268 0  
  1627017023 503699268 0  
  1627017024 503699268 0  
  1627017025 503699268 0  
  1627017026 503699268 0  
  1627017027 503699268 0  
  1627017028 503699268 0  
  1627017029 503699268 0  
  1627017030 503699268 0  
  1627017031 503699268 0  
  1627017032 503699268 0  
  1627017033 503699268 0  
  1627017034 503699268 0  
  1627017035 503699268 0  
  1627017036 503699268 0  
  1627017037 503699625 0  
  1627017038 503699625 0  
  1627017039 503699625 0  
  1627017040 503699625 0  
  1627017041 503699625 0  
  1627017042 503699625 0  
  1627017043 503703934 0  
  1627017044 503704258 0  
  1627017045 503709275 0  
  1627017046 503709599 0  
  1627017047 503710307 0  
  1627017048 503710307 0  
  1627017049 503710307 0  
  1627017050 503710307 0  
  1627017051 503715084 0  
  1627017052 503719573 0  
  1627017054 503720989 0  
  1627017055 503720989 0  
  1627017056 503720989 0  
  1627017057 503720989 0  
  1627017058 503720989 0  
  1627017059 503720989 0  
  1627017060 503720989 0  
  1627017061 503720989 0  
  1627017062 503720989 0  
  1627017063 503720989 0  
  1627017064 503720989 0  
  1627017065 503720989 0  
  1627017066 503720989 0  
  1627017067 503720989 0  
  1627017068 503720989 0  
  1627017069 503720989 0  
  1627017070 503720989 0  
  1627017071 503721585 0  
  1627017072 503721585 0  
  1627017073 503721585 0  
  1627017074 503721585 0  
  1627017075 503721585 0  
  1627017076 503721585 0  
  1627017077 503721585 0  
  1627017078 503721585 0  
  1627017079 503721585 0  
  1627017080 503721585 0  
  1627017081 503721585 0  
  1627017082 503721585 0  
  1627017083 503721585 0  
  1627017084 503721585 0  
  1627017085 503721585 0  
  1627017086 503721585 0  
  1627017087 503721585 0  
  1627017088 503721923 0  
  1627017089 503721923 0  
  1627017090 503721923 0  
  1627017091 503721923 0  
  1627017092 503721923 0  
  1627017094 503721923 0  
  1627017095 503721923 0  
  1627017096 503721923 0  
  1627017097 503721923 0  
  1627017098 503721923 0  
  1627017099 503722015 0  
  1627017100 503722015 0  
  1627017101 503722015 0  
  1627017102 503722015 0  
  1627017103 503722015 0  
  1627017104 503722015 0  
  1627017105 503722015 0  
  1627017106 503722015 0  
  1627017107 503722015 0  
  1627017108 503722015 0  
  1627017109 503722015 0  
  1627017110 503722015 0  
  1627017111 503722015 0  
  1627017112 503722015 0  
  1627017113 503722015 0  
  1627017114 503722015 0  
  1627017115 503722015 0  
  1627017116 503722015 0  
  1627017117 503722015 0  
  1627017118 503722015 0  
  1627017119 503722015 0  
  1627017120 503722015 0  
  1627017121 503722015 0  
  1627017122 503722015 0  
  1627017123 503722015 0  
  1627017124 503722015 0  
  1627017125 503722015 0  
  1627017126 503722015 0  
  1627017127 503722015 0  
  1627017128 503722015 0  
  1627017129 503722015 0  
  1627017130 503722015 0  
  1627017131 503722015 0  
  1627017132 503722107 0  
  1627017134 503722107 0  
  1627017135 503722107 0  
  1627017136 503722107 0  
  1627017137 503722107 0  
  1627017138 503722107 0  
  1627017139 503722107 0  
  1627017140 503722107 0  
  1627017141 503722107 0  
  1627017142 503722107 0  
  1627017143 503722107 0  
  1627017144 503722107 0  
  1627017145 503722107 0  
  1627017146 503722107 0  
  1627017147 503722107 0  
  1627017148 503722107 0  
  1627017149 503722107 0  
  1627017150 503722107 0  
  1627017151 503722107 0  
  1627017152 503722107 0  
  1627017153 503722107 0  
  1627017154 503722107 0  
  1627017155 503722175 0  
  1627017156 503722175 0  
  1627017157 503722175 0  
  1627017158 503722175 0  
  1627017159 503722175 0  
  1627017160 503722175 0  
  1627017161 503723331 0  
  1627017162 503723331 0  
  1627017163 503723331 0  
  1627017164 503723331 0  
  1627017165 503723331 0  
  1627017166 503723331 0  
  1627017167 503723331 0  
  1627017168 503723331 0  
  1627017169 503723331 0  
  1627017170 503723331 0  
  1627017171 503723331 0  
  1627017173 503723331 0  
  1627017174 503723331 0  
  1627017175 503723331 0  
  1627017176 503723331 0  
  1627017177 503723331 0  
  1627017178 503723331 0  
  1627017179 503723331 0  
  1627017180 503723331 0  
  1627017181 503723331 0  
  1627017182 503723331 0  
  1627017183 503723331 0  
  1627017184 503723331 0  
  1627017185 503723331 0  
  1627017186 503723331 0  
  1627017187 503723331 0  
  1627017188 503723331 0  
  1627017189 503723331 0  
  1627017190 503723331 0  
  1627017191 503723331 0  
  1627017192 503723331 0  
  1627017193 503723331 0  
  1627017194 503723331 0  
  1627017195 503723331 0  
  1627017196 503723331 0  
  1627017197 503723331 0  
  1627017198 503723331 0  
  1627017199 503723331 0  
  1627017200 503723331 0  
  1627017201 503723331 0  
  1627017202 503723331 0  
  1627017203 503723331 0  
  1627017204 503723331 0  
  1627017205 503723331 0  
  1627017206 503723331 0  
  1627017207 503723331 0  
  1627017208 503723331 0  
  1627017209 503723331 0  
  1627017210 503723331 0  
  1627017212 503723331 0  
  1627017213 503723331 0  
  1627017214 503723331 0  
  1627017215 503723331 0  
  1627017216 503723331 0  
  1627017217 503723331 0  
  1627017218 503723331 0  
  1627017219 503727640 0  
  1627017220 503727964 0  
  1627017221 503728672 0  
  1627017222 503728672 0  
  1627017223 503728672 0  
  1627017224 503728672 0  
  1627017225 503728672 0  
  1627017226 503728672 0  
  1627017227 503728672 0  
  1627017228 503728672 0  
  1627017229 503728764 0  
  1627017230 503728764 0  
  1627017231 503728764 0  
  1627017232 503728764 0  
  1627017233 503728764 0  
  1627017234 503728764 0  
  1627017235 503728764 0  
  1627017236 503728764 0  
  1627017237 503728764 0  
  1627017238 503729102 0  
  1627017239 503729102 0  
  1627017240 503729102 0  
  1627017241 503729102 0  
  1627017242 503729102 0  
  1627017243 503729102 0  
  1627017244 503729102 0  
  1627017245 503729102 0  
  1627017246 503729102 0  
  1627017247 503729102 0  
  1627017248 503729102 0  
  1627017249 503729102 0  
  1627017251 503729102 0  
  1627017252 503729102 0  
  1627017253 503729102 0  
  1627017254 503729102 0  
  1627017255 503729102 0  
  1627017256 503729102 0  
  1627017257 503729102 0  
  1627017258 503729102 0  
  1627017259 503729102 0  
  1627017260 503729102 0  
  1627017261 503729102 0  
  1627017262 503729102 0  
  1627017263 503729194 0  
  1627017264 503729194 0  
  1627017265 503729194 0  
  1627017266 503729194 0  
  1627017267 503729194 0  
  1627017268 503729194 0  
  1627017269 503729194 0  
  1627017270 503729790 0  
  1627017271 503729790 0  
  1627017272 503729790 0  
  1627017273 503729790 0  
  1627017274 503729790 0  
  1627017275 503729790 0  
  1627017276 503729790 0  
  1627017277 503729790 0  
  1627017278 503729790 0  
  1627017279 503729790 0  
  1627017280 503729790 0  
  1627017281 503729790 0  
  1627017282 503729790 0  
  1627017283 503729790 0  
  1627017284 503729790 0  
  1627017285 503729790 0  
  1627017286 503729790 0  
  1627017287 503729790 0  
  1627017288 503729790 0  
  1627017290 503729790 0  
  1627017291 503729790 0  
  1627017292 503729790 0  
  1627017293 503729790 0  
  1627017294 503729882 0  
  1627017295 503729882 0  
  1627017296 503729882 0  
  1627017297 503729882 0  
  1627017298 503729882 0  
  1627017299 503729882 0  
  1627017300 503729882 0  
  1627017301 503729882 0  
  1627017302 503729882 0  
  1627017304 503729882 0  
  1627017305 503729882 0  
  1627017306 503729882 0  
  1627017307 503729882 0  
  1627017308 503729882 0  
  1627017309 503729882 0  
  1627017310 503729882 0  
  1627017311 503729882 0  
  1627017312 503729882 0  
  1627017313 503729882 0  
  1627017314 503729882 0  
  1627017315 503729882 0  
  1627017316 503729882 0  
  1627017317 503729882 0  
  1627017318 503729882 0  
  1627017319 503729882 0  
  1627017320 503729882 0  
  1627017321 503729882 0  
  1627017322 503729882 0  
  1627017323 503729882 0  
  1627017324 503729882 0  
  1627017325 503729882 0  
  1627017326 503729882 0  
  1627017327 503729882 0  
  1627017328 503729882 0  
  1627017329 503729882 0  
  1627017330 503729882 0  
  1627017331 503729882 0  
  1627017333 503729882 0  
  1627017334 503729882 0  
  1627017335 503729882 0  
  1627017336 503729882 0  
  1627017337 503730239 0  
  1627017338 503730239 0  
  1627017339 503730239 0  
  1627017340 503730239 0  
  1627017341 503730239 0  
  1627017342 503730239 0  
  1627017343 503734548 0  
  1627017344 503734872 0  
  1627017345 503735512 0  
  1627017346 503740213 0  
  1627017347 503740213 0  
  1627017348 503740921 0  
  1627017349 503740921 0  
  1627017350 503740921 0  
  1627017351 503745554 0  
  1627017352 503750187 0  
  1627017353 503751535 0  
  1627017354 503751535 0  
  1627017355 503751535 0  
  1627017356 503751535 0  
  1627017357 503751535 0  
  1627017358 503751535 0  
  1627017359 503751627 0  
  1627017360 503751627 0  
  1627017361 503751627 0  
  1627017362 503751627 0  
  1627017363 503751627 0  
  1627017364 503751627 0  
  1627017365 503751627 0  
  1627017366 503751627 0  
  1627017367 503751627 0  
  1627017368 503751627 0  
  1627017369 503751627 0  
  1627017370 503751627 0  
  1627017372 503751627 0  
  1627017373 503751709 0  
  1627017374 503751709 0  
  1627017375 503751709 0  
  1627017376 503751709 0  
  1627017377 503751709 0  
  1627017378 503751709 0  
  1627017379 503751709 0  
  1627017380 503751709 0  
  1627017381 503751709 0  
  1627017382 503751709 0  
  1627017383 503751709 0  
  1627017384 503751709 0  
  1627017385 503751709 0  
  1627017386 503751709 0  
  1627017387 503751709 0  
  1627017388 503751709 0  
  1627017389 503751709 0  
  1627017390 503751709 0  
  1627017391 503751801 0  
  1627017392 503751801 0  
  1627017393 503751801 0  
  1627017394 503751801 0  
  1627017395 503751801 0  
  1627017396 503751801 0  
  1627017397 503751801 0  
  1627017398 503751801 0  
  1627017399 503751801 0  
  1627017400 503751801 0  
  1627017401 503751801 0  
  1627017402 503751801 0  
  1627017403 503751801 0  
  1627017404 503751801 0  
  1627017405 503751801 0  
  1627017406 503751801 0  
  1627017407 503751801 0  
  1627017408 503751801 0  
  1627017409 503751801 0  
  1627017410 503751801 0  
  1627017412 503751801 0  
  1627017413 503751801 0  
  1627017414 503751801 0  
  1627017415 503751801 0  
  1627017416 503751801 0  
  1627017417 503751801 0  
  1627017418 503751801 0  
  1627017419 503751801 0  
  1627017420 503751801 0  
  1627017421 503751801 0  
  1627017422 503751801 0  
  1627017423 503751801 0  
  1627017424 503751893 0  
  1627017425 503751893 0  
  1627017426 503751893 0  
  1627017427 503751893 0  
  1627017428 503751893 0  
  1627017429 503751893 0  
  1627017430 503751893 0  
  1627017431 503751893 0  
  1627017432 503751893 0  
  1627017433 503751893 0  
  1627017434 503751893 0  
  1627017435 503751893 0  
  1627017436 503751893 0  
  1627017437 503751893 0  
  1627017438 503751893 0  
  1627017439 503751893 0  
  1627017440 503751893 0  
  1627017441 503751893 0  
  1627017442 503751893 0  
  1627017443 503751893 0  
  1627017444 503751893 0  
  1627017445 503751893 0  
  1627017446 503751893 0  
  1627017447 503751893 0  
  1627017448 503751893 0  
  1627017449 503751893 0  
  1627017450 503751893 0  
  1627017452 503751893 0  
  1627017453 503751893 0  
  1627017454 503751893 0  
  1627017455 503751893 0  
  1627017456 503751893 0  
  1627017457 503751893 0  
  1627017458 503751893 0  
  1627017459 503751893 0  
  1627017460 503751893 0  
  1627017461 503751893 0  
  1627017462 503751893 0  
  1627017463 503751893 0  
  1627017464 503751893 0  
  1627017465 503751893 0  
  1627017466 503751893 0  
  1627017467 503751893 0  
  1627017468 503751893 0  
  1627017469 503751893 0  
  1627017470 503751893 0  
  1627017471 503752489 0  
  1627017472 503752489 0  
  1627017473 503752489 0  
  1627017474 503752489 0  
  1627017475 503752489 0  
  1627017476 503752489 0  
  1627017477 503752489 0  
  1627017478 503752489 0  
  1627017479 503752489 0  
  1627017480 503752489 0  
  1627017481 503752489 0  
  1627017482 503752489 0  
  1627017483 503752489 0  
  1627017484 503752489 0  
  1627017485 503752489 0  
  1627017486 503752489 0  
  1627017487 503752489 0  
  1627017488 503752581 0  
  1627017489 503752581 0  
  1627017490 503752581 0  
  1627017492 503752581 0  
  1627017493 503752581 0  
  1627017494 503752581 0  
  1627017495 503752581 0  
  1627017496 503752581 0  
  1627017497 503752581 0  
  1627017498 503752581 0  
  1627017499 503752581 0  
  1627017500 503752581 0  
  1627017501 503752581 0  
  1627017502 503752581 0  
  1627017503 503752581 0  
  1627017504 503752581 0  
  1627017505 503752581 0  
  1627017506 503752581 0  
  1627017507 503752581 0  
  1627017508 503752581 0  
  1627017509 503752581 0  
  1627017510 503752581 0  
  1627017511 503752581 0  
  1627017512 503752581 0  
  1627017513 503752581 0  
  1627017514 503752581 0  
  1627017515 503752581 0  
  1627017516 503752581 0  
  1627017517 503752581 0  
  1627017518 503756890 0  
  1627017519 503757214 0  
  1627017520 503757306 0  
  1627017521 503758014 0  
  1627017522 503758014 0  
  1627017523 503758014 0  
  1627017524 503758014 0  
  1627017525 503758014 0  
  1627017526 503758014 0  
  1627017527 503758014 0  
  1627017528 503758014 0  
  1627017529 503758014 0  
  1627017530 503758014 0  
  1627017532 503758014 0  
  1627017533 503758014 0  
  1627017534 503758014 0  
  1627017535 503758014 0  
  1627017536 503758014 0  
  1627017537 503758014 0  
  1627017538 503758014 0  
  1627017539 503758014 0  
  1627017540 503758014 0  
  1627017541 503758014 0  
  1627017542 503758014 0  
  1627017543 503758014 0  
  1627017544 503758014 0  
  1627017545 503758014 0  
  1627017546 503758014 0  
  1627017547 503758014 0  
  1627017548 503758014 0  
  1627017549 503758014 0  
  1627017550 503758014 0  
  1627017551 503758014 0  
  1627017552 503758014 0  
  1627017553 503758106 0  
  1627017554 503758106 0  
  1627017555 503758106 0  
  1627017556 503758106 0  
  1627017557 503758106 0  
  1627017558 503758106 0  
  1627017559 503758106 0  
  1627017560 503758106 0  
  1627017561 503758106 0  
  1627017562 503758106 0  
  1627017563 503758106 0  
  1627017564 503758106 0  
  1627017565 503758106 0  
  1627017566 503758106 0  
  1627017567 503758106 0  
  1627017568 503758106 0  
  1627017569 503758106 0  
  1627017570 503758106 0  
  1627017572 503758106 0  
  1627017573 503758106 0  
  1627017574 503758106 0  
  1627017575 503758106 0  
  1627017576 503758106 0  
  1627017577 503758106 0  
  1627017578 503758106 0  
  1627017579 503758106 0  
  1627017580 503758106 0  
  1627017581 503758106 0  
  1627017582 503758106 0  
  1627017583 503758106 0  
  1627017584 503758106 0  
  1627017585 503758106 0  
  1627017586 503758106 0  
  1627017587 503758106 0  
  1627017588 503758106 0  
  1627017589 503758106 0  
  1627017590 503758106 0  
  1627017591 503758106 0  
 