 1626788918 465637175 0  
  1626788919 465637175 0  
  1626788920 465637175 0  
  1626788921 465637175 0  
  1626788922 465637175 0  
  1626788923 465637175 0  
  1626788924 465637175 0  
  1626788925 465637175 0  
  1626788926 465637175 0  
  1626788927 465637175 0  
  1626788928 465637175 0  
  1626788929 465637175 0  
  1626788931 465637175 0  
  1626788932 465637175 0  
  1626788933 465637175 0  
  1626788934 465637175 0  
  1626788935 465637175 0  
  1626788936 465637175 0  
  1626788937 465637175 0  
  1626788938 465637175 0  
  1626788939 465637175 0  
  1626788940 465637175 0  
  1626788941 465637175 0  
  1626788942 465637257 0  
  1626788943 465637257 0  
  1626788944 465637257 0  
  1626788945 465637257 0  
  1626788946 465637257 0  
  1626788947 465637257 0  
  1626788948 465637257 0  
  1626788949 465637257 0  
  1626788950 465637257 0  
  1626788951 465637257 0  
  1626788952 465637257 0  
  1626788953 465637257 0  
  1626788954 465637257 0  
  1626788955 465637257 0  
  1626788956 465637257 0  
  1626788957 465637257 0  
  1626788958 465637257 0  
  1626788959 465637257 0  
  1626788960 465637257 0  
  1626788961 465637257 0  
  1626788962 465637257 0  
  1626788963 465637257 0  
  1626788964 465637257 0  
  1626788965 465637257 0  
  1626788966 465637257 0  
  1626788967 465637257 0  
  1626788968 465637349 0  
  1626788969 465637349 0  
  1626788971 465637349 0  
  1626788972 465637349 0  
  1626788973 465637349 0  
  1626788974 465637349 0  
  1626788975 465637349 0  
  1626788976 465637349 0  
  1626788977 465637349 0  
  1626788978 465637349 0  
  1626788979 465637349 0  
  1626788980 465637349 0  
  1626788981 465637349 0  
  1626788982 465637349 0  
  1626788983 465637349 0  
  1626788984 465637349 0  
  1626788985 465637349 0  
  1626788986 465637349 0  
  1626788987 465637349 0  
  1626788988 465637349 0  
  1626788989 465637349 0  
  1626788990 465637349 0  
  1626788991 465637349 0  
  1626788992 465637349 0  
  1626788993 465637349 0  
  1626788994 465637349 0  
  1626788995 465637349 0  
  1626788996 465637349 0  
  1626788997 465637349 0  
  1626788998 465637349 0  
  1626788999 465637349 0  
  1626789000 465637349 0  
  1626789001 465637349 0  
  1626789002 465637349 0  
  1626789003 465637349 0  
  1626789004 465641658 0  
  1626789005 465641982 0  
  1626789006 465642690 0  
  1626789007 465642690 0  
  1626789008 465642690 0  
  1626789009 465642690 0  
  1626789010 465642690 0  
  1626789012 465642690 0  
  1626789013 465642690 0  
  1626789014 465642690 0  
  1626789015 465642690 0  
  1626789016 465642690 0  
  1626789017 465642690 0  
  1626789018 465647323 0  
  1626789019 465649200 0  
  1626789020 465654541 0  
  1626789021 465657937 0  
  1626789022 465658577 0  
  1626789023 465658577 0  
  1626789024 465658577 0  
  1626789025 465658577 0  
  1626789026 465658577 0  
  1626789027 465658577 0  
  1626789028 465658577 0  
  1626789029 465658577 0  
  1626789030 465658577 0  
  1626789031 465658577 0  
  1626789032 465658577 0  
  1626789033 465658577 0  
  1626789034 465658577 0  
  1626789035 465658577 0  
  1626789036 465658577 0  
  1626789037 465658934 0  
  1626789038 465658934 0  
  1626789039 465658934 0  
  1626789040 465658934 0  
  1626789041 465658934 0  
  1626789042 465658934 0  
  1626789043 465658934 0  
  1626789044 465658934 0  
  1626789045 465658934 0  
  1626789046 465658934 0  
  1626789047 465658934 0  
  1626789048 465658934 0  
  1626789049 465658934 0  
  1626789050 465658934 0  
  1626789051 465658934 0  
  1626789053 465658934 0  
  1626789054 465658934 0  
  1626789055 465658934 0  
  1626789056 465658934 0  
  1626789057 465658934 0  
  1626789058 465658934 0  
  1626789059 465658934 0  
  1626789060 465658934 0  
  1626789061 465658934 0  
  1626789062 465658934 0  
  1626789063 465658934 0  
  1626789064 465658934 0  
  1626789065 465659530 0  
  1626789066 465659530 0  
  1626789067 465659530 0  
  1626789068 465659530 0  
  1626789069 465659530 0  
  1626789070 465659530 0  
  1626789071 465659530 0  
  1626789072 465659530 0  
  1626789073 465659530 0  
  1626789074 465659530 0  
  1626789075 465659530 0  
  1626789076 465659530 0  
  1626789077 465659530 0  
  1626789078 465659530 0  
  1626789079 465659530 0  
  1626789080 465659530 0  
  1626789081 465659530 0  
  1626789082 465659530 0  
  1626789083 465659530 0  
  1626789084 465659530 0  
  1626789085 465659530 0  
  1626789086 465659530 0  
  1626789087 465659530 0  
  1626789088 465659530 0  
  1626789089 465659530 0  
  1626789090 465659530 0  
  1626789091 465659530 0  
  1626789093 465659530 0  
  1626789094 465659530 0  
  1626789095 465659530 0  
  1626789096 465659530 0  
  1626789097 465659530 0  
  1626789098 465659530 0  
  1626789099 465659530 0  
  1626789100 465659530 0  
  1626789101 465659530 0  
  1626789102 465659530 0  
  1626789103 465659530 0  
  1626789104 465659530 0  
  1626789105 465659530 0  
  1626789106 465659530 0  
  1626789107 465659530 0  
  1626789108 465659530 0  
  1626789109 465659530 0  
  1626789110 465659530 0  
  1626789111 465659530 0  
  1626789112 465659530 0  
  1626789113 465659530 0  
  1626789114 465659530 0  
  1626789115 465659530 0  
  1626789116 465659530 0  
  1626789117 465659530 0  
  1626789118 465659530 0  
  1626789119 465659530 0  
  1626789120 465659530 0  
  1626789121 465659530 0  
  1626789122 465659530 0  
  1626789123 465659530 0  
  1626789124 465659530 0  
  1626789125 465659530 0  
  1626789126 465659530 0  
  1626789127 465659530 0  
  1626789128 465659530 0  
  1626789129 465659530 0  
  1626789130 465659530 0  
  1626789131 465659530 0  
  1626789133 465659530 0  
  1626789134 465659530 0  
  1626789135 465659530 0  
  1626789136 465659530 0  
  1626789137 465659530 0  
  1626789138 465659530 0  
  1626789139 465659530 0  
  1626789140 465659530 0  
  1626789141 465659530 0  
  1626789142 465659530 0  
  1626789143 465659530 0  
  1626789144 465659530 0  
  1626789145 465659530 0  
  1626789146 465659530 0  
  1626789147 465659530 0  
  1626789148 465659530 0  
  1626789149 465659530 0  
  1626789150 465659530 0  
  1626789151 465659530 0  
  1626789152 465659530 0  
  1626789153 465659530 0  
  1626789154 465659530 0  
  1626789155 465659530 0  
  1626789156 465659530 0  
  1626789157 465659530 0  
  1626789158 465659530 0  
  1626789159 465659530 0  
  1626789160 465659530 0  
  1626789161 465659530 0  
  1626789162 465659530 0  
  1626789163 465659530 0  
  1626789164 465659530 0  
  1626789165 465659530 0  
  1626789166 465663839 0  
  1626789167 465664163 0  
  1626789168 465664163 0  
  1626789169 465664871 0  
  1626789170 465664871 0  
  1626789172 465664871 0  
  1626789173 465664871 0  
  1626789174 465664871 0  
  1626789175 465664871 0  
  1626789176 465664871 0  
  1626789177 465664871 0  
  1626789178 465664871 0  
  1626789179 465664871 0  
  1626789180 465664871 0  
  1626789181 465664871 0  
  1626789182 465664871 0  
  1626789183 465664871 0  
  1626789184 465664871 0  
  1626789185 465664871 0  
  1626789186 465664871 0  
  1626789187 465664871 0  
  1626789188 465664871 0  
  1626789189 465664871 0  
  1626789190 465664871 0  
  1626789191 465664871 0  
  1626789192 465664871 0  
  1626789193 465664871 0  
  1626789194 465664871 0  
  1626789195 465664871 0  
  1626789196 465664871 0  
  1626789197 465664871 0  
  1626789198 465664871 0  
  1626789199 465664871 0  
  1626789200 465664871 0  
  1626789201 465664871 0  
  1626789202 465664871 0  
  1626789203 465664871 0  
  1626789204 465664963 0  
  1626789205 465664963 0  
  1626789206 465664963 0  
  1626789207 465664963 0  
  1626789208 465664963 0  
  1626789209 465664963 0  
  1626789210 465664963 0  
  1626789212 465664963 0  
  1626789213 465664963 0  
  1626789214 465664963 0  
  1626789215 465664963 0  
  1626789216 465664963 0  
  1626789217 465664963 0  
  1626789218 465664963 0  
  1626789219 465664963 0  
  1626789220 465664963 0  
  1626789221 465664963 0  
  1626789222 465664963 0  
  1626789223 465664963 0  
  1626789224 465664963 0  
  1626789225 465664963 0  
  1626789226 465664963 0  
  1626789227 465664963 0  
  1626789228 465665055 0  
  1626789229 465665055 0  
  1626789230 465665055 0  
  1626789231 465665055 0  
  1626789232 465665055 0  
  1626789233 465665055 0  
  1626789234 465665055 0  
  1626789235 465665055 0  
  1626789236 465665055 0  
  1626789237 465665055 0  
  1626789238 465665055 0  
  1626789239 465665055 0  
  1626789240 465665055 0  
  1626789241 465665055 0  
  1626789242 465665055 0  
  1626789243 465665055 0  
  1626789244 465665055 0  
  1626789245 465665055 0  
  1626789246 465665055 0  
  1626789247 465665055 0  
  1626789248 465665055 0  
  1626789249 465665055 0  
  1626789251 465665055 0  
  1626789252 465665055 0  
  1626789253 465665055 0  
  1626789254 465665055 0  
  1626789255 465665055 0  
  1626789256 465665055 0  
  1626789257 465665055 0  
  1626789258 465665055 0  
  1626789259 465665055 0  
  1626789260 465665055 0  
  1626789261 465665055 0  
  1626789262 465665055 0  
  1626789263 465665055 0  
  1626789264 465665055 0  
  1626789265 465665055 0  
  1626789266 465665651 0  
  1626789267 465665651 0  
  1626789268 465665651 0  
  1626789269 465665651 0  
  1626789270 465665651 0  
  1626789271 465665651 0  
  1626789272 465665651 0  
  1626789273 465665651 0  
  1626789274 465665651 0  
  1626789275 465665651 0  
  1626789276 465665651 0  
  1626789277 465665651 0  
  1626789278 465665651 0  
  1626789279 465665651 0  
  1626789280 465665651 0  
  1626789281 465665651 0  
  1626789282 465665651 0  
  1626789283 465665651 0  
  1626789284 465665651 0  
  1626789285 465665651 0  
  1626789286 465665651 0  
  1626789287 465665651 0  
  1626789288 465665651 0  
  1626789289 465665651 0  
  1626789291 465665651 0  
  1626789292 465665651 0  
  1626789293 465665651 0  
  1626789294 465665651 0  
  1626789295 465665651 0  
  1626789296 465665651 0  
  1626789297 465665651 0  
  1626789298 465665651 0  
  1626789299 465665651 0  
  1626789300 465665651 0  
  1626789301 465665651 0  
  1626789302 465665651 0  
  1626789303 465667612 0  
  1626789304 465670284 0  
  1626789305 465670284 0  
  1626789306 465670992 0  
  1626789307 465670992 0  
  1626789308 465670992 0  
  1626789309 465670992 0  
  1626789310 465670992 0  
  1626789311 465670992 0  
  1626789312 465670992 0  
  1626789313 465670992 0  
  1626789314 465670992 0  
  1626789315 465670992 0  
  1626789316 465670992 0  
  1626789317 465670992 0  
  1626789318 465675301 0  
  1626789319 465680258 0  
  1626789320 465685599 0  
  1626789321 465686307 0  
  1626789322 465687015 0  
  1626789323 465687015 0  
  1626789324 465687015 0  
  1626789325 465687015 0  
  1626789326 465687015 0  
  1626789327 465687015 0  
  1626789328 465687015 0  
  1626789329 465687015 0  
  1626789331 465687083 0  
  1626789332 465687083 0  
  1626789333 465687083 0  
  1626789334 465687083 0  
  1626789335 465687083 0  
  1626789336 465687083 0  
  1626789337 465689007 0  
  1626789338 465689007 0  
  1626789339 465689007 0  
  1626789340 465689007 0  
  1626789341 465689007 0  
  1626789342 465689007 0  
  1626789343 465689007 0  
  1626789344 465689007 0  
  1626789345 465689007 0  
  1626789346 465689007 0  
  1626789347 465689007 0  
  1626789348 465689007 0  
  1626789349 465689007 0  
  1626789350 465689007 0  
  1626789351 465689007 0  
  1626789352 465689007 0  
  1626789353 465689007 0  
  1626789354 465689007 0  
  1626789355 465689007 0  
  1626789356 465689007 0  
  1626789357 465689007 0  
  1626789358 465689007 0  
  1626789359 465689007 0  
  1626789360 465689007 0  
  1626789361 465689007 0  
  1626789362 465689007 0  
  1626789363 465689007 0  
  1626789364 465689007 0  
  1626789365 465689007 0  
  1626789366 465689007 0  
  1626789367 465689007 0  
  1626789368 465689007 0  
  1626789369 465689007 0  
  1626789371 465689007 0  
  1626789372 465689007 0  
  1626789373 465689007 0  
  1626789374 465689007 0  
  1626789375 465689007 0  
  1626789376 465689007 0  
  1626789377 465689007 0  
  1626789378 465689007 0  
  1626789379 465689007 0  
  1626789380 465689007 0  
  1626789381 465689007 0  
  1626789382 465689007 0  
  1626789383 465689007 0  
  1626789384 465689007 0  
  1626789385 465689007 0  
  1626789386 465689007 0  
  1626789387 465689007 0  
  1626789388 465689007 0  
  1626789389 465689007 0  
  1626789390 465689007 0  
  1626789391 465689007 0  
  1626789392 465689007 0  
  1626789393 465689007 0  
  1626789394 465689007 0  
  1626789395 465689007 0  
  1626789396 465689007 0  
  1626789397 465689007 0  
  1626789398 465689007 0  
  1626789399 465689007 0  
  1626789400 465689007 0  
  1626789401 465689007 0  
  1626789402 465689007 0  
  1626789403 465689007 0  
  1626789404 465689007 0  
  1626789405 465689007 0  
  1626789406 465689007 0  
  1626789407 465689007 0  
  1626789408 465689007 0  
  1626789409 465689007 0  
  1626789411 465689007 0  
  1626789412 465689007 0  
  1626789413 465689007 0  
  1626789414 465689007 0  
  1626789415 465689007 0  
  1626789416 465689007 0  
  1626789417 465689007 0  
  1626789418 465689007 0  
  1626789419 465689007 0  
  1626789420 465689007 0  
  1626789421 465689007 0  
  1626789422 465689007 0  
  1626789423 465689007 0  
  1626789424 465689007 0  
  1626789425 465689007 0  
  1626789426 465689007 0  
  1626789427 465689007 0  
  1626789428 465689007 0  
  1626789429 465689007 0  
  1626789430 465689007 0  
  1626789431 465689007 0  
  1626789432 465689007 0  
  1626789433 465689007 0  
  1626789434 465689007 0  
  1626789435 465689007 0  
  1626789436 465689007 0  
  1626789437 465689007 0  
  1626789438 465689007 0  
  1626789439 465689007 0  
  1626789440 465689007 0  
  1626789441 465689007 0  
  1626789442 465689007 0  
  1626789443 465689007 0  
  1626789444 465689007 0  
  1626789445 465689007 0  
  1626789446 465689007 0  
  1626789447 465689007 0  
  1626789448 465689007 0  
  1626789450 465689007 0  
  1626789451 465689007 0  
  1626789452 465689007 0  
  1626789453 465689007 0  
  1626789454 465689007 0  
  1626789455 465689007 0  
  1626789456 465689007 0  
  1626789457 465689007 0  
  1626789458 465689007 0  
  1626789459 465689007 0  
  1626789460 465689007 0  
  1626789461 465689007 0  
  1626789462 465689007 0  
  1626789463 465689007 0  
  1626789464 465689007 0  
  1626789465 465689603 0  
  1626789466 465689603 0  
  1626789467 465694236 0  
  1626789468 465694236 0  
  1626789469 465694944 0  
  1626789470 465694944 0  
  1626789471 465694944 0  
  1626789472 465694944 0  
  1626789473 465694944 0  
  1626789474 465694944 0  
  1626789475 465694944 0  
  1626789476 465694944 0  
  1626789477 465694944 0  
  1626789478 465694944 0  
  1626789479 465694944 0  
  1626789480 465694944 0  
  1626789481 465694944 0  
  1626789482 465694944 0  
  1626789483 465694944 0  
  1626789484 465694944 0  
  1626789485 465694944 0  
  1626789486 465694944 0  
  1626789487 465695036 0  
  1626789488 465695036 0  
  1626789490 465695036 0  
  1626789491 465695036 0  
  1626789492 465695036 0  
  1626789493 465695036 0  
  1626789494 465695036 0  
  1626789495 465695036 0  
  1626789496 465695036 0  
  1626789497 465695036 0  
  1626789498 465695036 0  
  1626789499 465695036 0  
  1626789500 465695036 0  
  1626789501 465695036 0  
  1626789502 465695036 0  
  1626789503 465695036 0  
  1626789504 465695036 0  
  1626789505 465695036 0  
  1626789506 465695036 0  
  1626789507 465695036 0  
  1626789508 465695036 0  
  1626789509 465695036 0  
  1626789510 465695036 0  
  1626789511 465695036 0  
  1626789512 465695036 0  
  1626789513 465695036 0  
  1626789514 465695036 0  
  1626789515 465695036 0  
  1626789516 465695036 0  
  1626789517 465695036 0  
  1626789518 465695036 0  
  1626789519 465695036 0  
  1626789520 465695036 0  
  1626789521 465695036 0  
  1626789522 465695036 0  
  1626789523 465695036 0  
  1626789524 465695036 0  
  1626789525 465695036 0  
  1626789526 465695036 0  
  1626789527 465695036 0  
  1626789528 465695036 0  
  1626789530 465695036 0  
  1626789531 465695036 0  
  1626789532 465695036 0  
  1626789533 465695036 0  
  1626789534 465695036 0  
  1626789535 465695036 0  
  1626789536 465695036 0  
  1626789537 465695036 0  
  1626789538 465695036 0  
  1626789539 465695036 0  
  1626789540 465695036 0  
  1626789541 465695036 0  
  1626789542 465695036 0  
  1626789543 465695036 0  
  1626789544 465695036 0  
  1626789545 465695036 0  
  1626789546 465695036 0  
  1626789547 465695036 0  
  1626789548 465695036 0  
  1626789549 465695036 0  
  1626789550 465695036 0  
  1626789551 465695036 0  
  1626789552 465695036 0  
 