 1626714524 449224214 0  
  1626714525 449224214 0  
  1626714526 449224214 0  
  1626714527 449224214 0  
  1626714529 449224214 0  
  1626714530 449224214 0  
  1626714531 449224214 0  
  1626714532 449224214 0  
  1626714533 449224214 0  
  1626714534 449224214 0  
  1626714535 449224214 0  
  1626714536 449224214 0  
  1626714537 449224214 0  
  1626714538 449224214 0  
  1626714539 449224214 0  
  1626714540 449224214 0  
  1626714541 449224214 0  
  1626714542 449224214 0  
  1626714543 449224214 0  
  1626714544 449224214 0  
  1626714545 449224214 0  
  1626714546 449224214 0  
  1626714547 449224214 0  
  1626714548 449224214 0  
  1626714549 449224214 0  
  1626714550 449224214 0  
  1626714551 449224214 0  
  1626714552 449224214 0  
  1626714553 449224214 0  
  1626714554 449224214 0  
  1626714555 449224214 0  
  1626714556 449224214 0  
  1626714557 449224214 0  
  1626714558 449224214 0  
  1626714559 449224214 0  
  1626714560 449224214 0  
  1626714561 449224214 0  
  1626714562 449224214 0  
  1626714563 449225809 0  
  1626714564 449225809 0  
  1626714565 449225809 0  
  1626714566 449225809 0  
  1626714567 449225809 0  
  1626714569 449225809 0  
  1626714570 449225809 0  
  1626714571 449225809 0  
  1626714572 449225809 0  
  1626714573 449225809 0  
  1626714574 449225809 0  
  1626714575 449225809 0  
  1626714576 449225809 0  
  1626714577 449225809 0  
  1626714578 449225809 0  
  1626714579 449225809 0  
  1626714580 449225809 0  
  1626714581 449225809 0  
  1626714582 449225809 0  
  1626714583 449225809 0  
  1626714584 449225809 0  
  1626714585 449225809 0  
  1626714586 449225809 0  
  1626714587 449225809 0  
  1626714588 449225809 0  
  1626714589 449225809 0  
  1626714590 449225809 0  
  1626714591 449225809 0  
  1626714592 449225809 0  
  1626714593 449225809 0  
  1626714594 449225809 0  
  1626714595 449225809 0  
  1626714596 449225809 0  
  1626714597 449225809 0  
  1626714598 449225809 0  
  1626714599 449230118 0  
  1626714600 449230442 0  
  1626714601 449231150 0  
  1626714602 449231150 0  
  1626714603 449231150 0  
  1626714604 449231150 0  
  1626714605 449231150 0  
  1626714606 449231150 0  
  1626714607 449231150 0  
  1626714608 449231150 0  
  1626714610 449231150 0  
  1626714611 449231150 0  
  1626714612 449233027 0  
  1626714613 449235783 0  
  1626714614 449235783 0  
  1626714615 449240664 0  
  1626714616 449240988 0  
  1626714617 449246005 0  
  1626714618 449246329 0  
  1626714619 449246969 0  
  1626714620 449246969 0  
  1626714621 449246969 0  
  1626714622 449246969 0  
  1626714623 449246969 0  
  1626714624 449246969 0  
  1626714625 449247037 0  
  1626714626 449247037 0  
  1626714627 449247037 0  
  1626714628 449247037 0  
  1626714629 449247037 0  
  1626714630 449247037 0  
  1626714631 449248618 0  
  1626714632 449248618 0  
  1626714633 449248618 0  
  1626714634 449248618 0  
  1626714635 449248618 0  
  1626714636 449248618 0  
  1626714637 449248618 0  
  1626714638 449248618 0  
  1626714639 449248618 0  
  1626714640 449248618 0  
  1626714641 449248618 0  
  1626714642 449248618 0  
  1626714643 449248618 0  
  1626714644 449248618 0  
  1626714645 449248618 0  
  1626714646 449248618 0  
  1626714647 449248618 0  
  1626714648 449248618 0  
  1626714650 449248618 0  
  1626714651 449248618 0  
  1626714652 449248618 0  
  1626714653 449248618 0  
  1626714654 449248618 0  
  1626714655 449248618 0  
  1626714656 449248618 0  
  1626714657 449248618 0  
  1626714658 449248618 0  
  1626714659 449248618 0  
  1626714660 449248618 0  
  1626714661 449248618 0  
  1626714662 449248618 0  
  1626714663 449248618 0  
  1626714664 449248618 0  
  1626714665 449248618 0  
  1626714666 449248618 0  
  1626714667 449248618 0  
  1626714668 449248618 0  
  1626714669 449248618 0  
  1626714670 449248618 0  
  1626714671 449248618 0  
  1626714672 449248710 0  
  1626714673 449248710 0  
  1626714674 449248710 0  
  1626714675 449248710 0  
  1626714676 449248710 0  
  1626714677 449248710 0  
  1626714678 449248710 0  
  1626714679 449248710 0  
  1626714680 449248710 0  
  1626714681 449248710 0  
  1626714682 449248710 0  
  1626714683 449248710 0  
  1626714684 449248710 0  
  1626714685 449248710 0  
  1626714686 449248710 0  
  1626714687 449248710 0  
  1626714688 449248710 0  
  1626714690 449248710 0  
  1626714691 449248710 0  
  1626714692 449248710 0  
  1626714693 449248710 0  
  1626714694 449248710 0  
  1626714695 449248710 0  
  1626714696 449248710 0  
  1626714697 449248710 0  
  1626714698 449248710 0  
  1626714699 449248710 0  
  1626714700 449248710 0  
  1626714701 449248710 0  
  1626714702 449248710 0  
  1626714703 449248710 0  
  1626714704 449248710 0  
  1626714705 449248710 0  
  1626714706 449248710 0  
  1626714707 449248710 0  
  1626714708 449248710 0  
  1626714709 449248710 0  
  1626714710 449248710 0  
  1626714711 449248710 0  
  1626714712 449248710 0  
  1626714713 449248710 0  
  1626714714 449248710 0  
  1626714715 449248710 0  
  1626714716 449248710 0  
  1626714717 449248710 0  
  1626714718 449248802 0  
  1626714719 449248802 0  
  1626714720 449248802 0  
  1626714721 449248802 0  
  1626714722 449248802 0  
  1626714723 449248802 0  
  1626714724 449248802 0  
  1626714725 449248802 0  
  1626714726 449248802 0  
  1626714727 449248802 0  
  1626714729 449248802 0  
  1626714730 449248802 0  
  1626714731 449248802 0  
  1626714732 449248802 0  
  1626714733 449248802 0  
  1626714734 449248802 0  
  1626714735 449248802 0  
  1626714736 449248802 0  
  1626714737 449248802 0  
  1626714738 449248802 0  
  1626714739 449248802 0  
  1626714740 449248802 0  
  1626714741 449248802 0  
  1626714742 449248802 0  
  1626714743 449248802 0  
  1626714744 449248802 0  
  1626714745 449248802 0  
  1626714746 449248802 0  
  1626714747 449248802 0  
  1626714748 449248802 0  
  1626714749 449248802 0  
  1626714750 449248802 0  
  1626714751 449248802 0  
  1626714752 449248802 0  
  1626714753 449248802 0  
  1626714754 449248802 0  
  1626714755 449248802 0  
  1626714756 449248802 0  
  1626714757 449248802 0  
  1626714758 449248802 0  
  1626714759 449248802 0  
  1626714760 449248802 0  
  1626714761 449248802 0  
  1626714762 449248802 0  
  1626714763 449254025 0  
  1626714764 449254025 0  
  1626714765 449254665 0  
  1626714766 449254665 0  
  1626714767 449254665 0  
  1626714769 449254665 0  
  1626714770 449254665 0  
  1626714771 449254665 0  
  1626714772 449254665 0  
  1626714773 449254665 0  
  1626714774 449254665 0  
  1626714775 449254665 0  
  1626714776 449254665 0  
  1626714777 449254665 0  
  1626714778 449254665 0  
  1626714779 449254665 0  
  1626714780 449254665 0  
  1626714781 449254665 0  
  1626714782 449254665 0  
  1626714783 449254665 0  
  1626714784 449254665 0  
  1626714785 449254665 0  
  1626714786 449254665 0  
  1626714787 449254665 0  
  1626714788 449254665 0  
  1626714789 449254665 0  
  1626714790 449254665 0  
  1626714791 449254665 0  
  1626714792 449254665 0  
  1626714793 449254665 0  
  1626714794 449254665 0  
  1626714795 449254665 0  
  1626714796 449254665 0  
  1626714797 449254665 0  
  1626714798 449254665 0  
  1626714799 449254665 0  
  1626714800 449254665 0  
  1626714801 449254665 0  
  1626714802 449254665 0  
  1626714803 449254665 0  
  1626714804 449254665 0  
  1626714805 449254665 0  
  1626714806 449254665 0  
  1626714807 449254665 0  
  1626714809 449254665 0  
  1626714810 449254665 0  
  1626714811 449254665 0  
  1626714812 449254665 0  
  1626714813 449254665 0  
  1626714814 449254665 0  
  1626714815 449254665 0  
  1626714816 449254665 0  
  1626714817 449254665 0  
  1626714818 449254665 0  
  1626714819 449254665 0  
  1626714820 449254665 0  
  1626714821 449254665 0  
  1626714822 449254665 0  
  1626714823 449254665 0  
  1626714824 449254665 0  
  1626714825 449254665 0  
  1626714826 449254665 0  
  1626714827 449254665 0  
  1626714828 449254665 0  
  1626714829 449254665 0  
  1626714830 449254665 0  
  1626714831 449254665 0  
  1626714832 449254665 0  
  1626714833 449254665 0  
  1626714834 449254665 0  
  1626714835 449254665 0  
  1626714836 449254665 0  
  1626714837 449254665 0  
  1626714838 449254665 0  
  1626714839 449254665 0  
  1626714840 449254665 0  
  1626714841 449254665 0  
  1626714842 449254665 0  
  1626714843 449254665 0  
  1626714844 449254665 0  
  1626714845 449254665 0  
  1626714846 449254665 0  
  1626714848 449254665 0  
  1626714849 449254665 0  
  1626714850 449254665 0  
  1626714851 449254665 0  
  1626714852 449254665 0  
  1626714853 449254665 0  
  1626714854 449254665 0  
  1626714855 449254665 0  
  1626714856 449254665 0  
  1626714857 449254665 0  
  1626714858 449254665 0  
  1626714859 449254665 0  
  1626714860 449254665 0  
  1626714861 449254665 0  
  1626714862 449254665 0  
  1626714863 449254665 0  
  1626714864 449254665 0  
  1626714865 449254665 0  
  1626714866 449254665 0  
  1626714867 449254665 0  
 