 1627434963 570021091 177343  
  1627434964 570021091 177343  
  1627434965 570021091 177343  
  1627434966 570021091 177343  
  1627434967 570021091 177343  
  1627434968 570021091 177343  
  1627434969 570021091 177343  
  1627434970 570021091 177343  
  1627434971 570021091 177343  
  1627434972 570021091 177343  
  1627434973 570021091 177343  
  1627434974 570021091 177343  
  1627434975 570021091 177343  
  1627434976 570021091 177343  
  1627434977 570021091 177343  
  1627434978 570021091 177343  
  1627434979 570021091 177343  
  1627434980 570021091 177343  
  1627434981 570021091 177343  
  1627434982 570021091 177343  
  1627434983 570021091 177343  
  1627434984 570021091 177343  
  1627434985 570021091 177343  
  1627434986 570021091 177343  
  1627434987 570021091 177343  
  1627434988 570021091 177343  
  1627434989 570021091 177343  
  1627434990 570021091 177343  
  1627434991 570021091 177343  
  1627434992 570021091 177343  
  1627434993 570021091 177343  
  1627434994 570021091 177343  
  1627434996 570021091 177343  
  1627434997 570021091 177343  
  1627434998 570021091 177343  
  1627434999 570021091 177343  
  1627435000 570021091 177343  
  1627435001 570021091 177343  
  1627435002 570021091 177343  
  1627435003 570021091 177343  
  1627435004 570021091 177343  
  1627435005 570021091 177343  
  1627435006 570021091 177343  
  1627435007 570021091 177343  
  1627435008 570021091 177343  
  1627435009 570021091 177343  
  1627435010 570021091 177343  
  1627435011 570021183 177343  
  1627435012 570021183 177343  
  1627435013 570021183 177343  
  1627435014 570021183 177343  
  1627435015 570021183 177343  
  1627435016 570021183 177343  
  1627435017 570021183 177343  
  1627435018 570021183 177343  
  1627435019 570021183 177343  
  1627435020 570023384 177343  
  1627435021 570025816 177343  
  1627435022 570025816 177343  
  1627435023 570026524 177343  
  1627435024 570026524 177343  
  1627435025 570026524 177343  
  1627435026 570026524 177343  
  1627435027 570026524 177343  
  1627435028 570026524 177343  
  1627435029 570026524 177343  
  1627435030 570026524 177343  
  1627435031 570026524 177343  
  1627435032 570026524 177343  
  1627435033 570026524 177343  
  1627435034 570026524 177343  
  1627435036 570026524 177343  
  1627435037 570026524 177343  
  1627435038 570026524 177343  
  1627435039 570026524 177343  
  1627435040 570026524 177343  
  1627435041 570026524 177343  
  1627435042 570026524 177343  
  1627435043 570026524 177343  
  1627435044 570026524 177343  
  1627435045 570026524 177343  
  1627435046 570026524 177343  
  1627435047 570026524 177343  
  1627435048 570029421 177343  
  1627435049 570031157 177343  
  1627435050 570031157 177343  
  1627435051 570031865 177343  
  1627435052 570031865 177343  
  1627435053 570031865 177343  
  1627435054 570031865 177343  
  1627435055 570031865 177343  
  1627435056 570031865 177343  
  1627435057 570031865 177343  
  1627435058 570031865 177343  
  1627435059 570031865 177343  
  1627435060 570031865 177343  
  1627435061 570031865 177343  
  1627435062 570031865 177343  
  1627435063 570031865 177343  
  1627435064 570031865 177343  
  1627435065 570031865 177343  
  1627435066 570031865 177343  
  1627435067 570031865 177343  
  1627435068 570031865 177343  
  1627435069 570031865 177343  
  1627435070 570031865 177343  
  1627435071 570031865 177343  
  1627435072 570031865 177343  
  1627435073 570031865 177343  
  1627435074 570031865 177343  
  1627435076 570031865 177343  
  1627435077 570031865 177343  
  1627435078 570031865 177343  
  1627435079 570031865 177343  
  1627435080 570032461 177343  
  1627435081 570032461 177343  
  1627435082 570032461 177343  
  1627435083 570032461 177343  
  1627435084 570032461 177343  
  1627435085 570032461 177343  
  1627435086 570032461 177343  
  1627435087 570032461 177343  
  1627435088 570032461 177343  
  1627435089 570032461 177343  
  1627435090 570032461 177343  
  1627435091 570032461 177343  
  1627435092 570036770 177343  
  1627435093 570037094 177343  
  1627435094 570042435 177343  
  1627435095 570042435 177343  
  1627435096 570043143 177343  
  1627435097 570043143 177343  
  1627435098 570043143 177343  
  1627435099 570043143 177343  
  1627435100 570043143 177343  
  1627435101 570043143 177343  
  1627435102 570043143 177343  
  1627435103 570043143 177343  
  1627435104 570043143 177343  
  1627435105 570043143 177343  
  1627435106 570043143 177343  
  1627435107 570043143 177343  
  1627435108 570043143 177343  
  1627435109 570043143 177343  
  1627435110 570043143 177343  
  1627435111 570043143 177343  
  1627435112 570043143 177343  
  1627435113 570043143 177343  
  1627435115 570043143 177343  
  1627435116 570043143 177343  
  1627435117 570043143 177343  
  1627435118 570043143 177343  
  1627435119 570043143 177343  
  1627435120 570043143 177343  
  1627435121 570043143 177343  
  1627435122 570043143 177343  
  1627435123 570043143 177343  
  1627435124 570043143 177343  
  1627435125 570043143 177343  
  1627435126 570043143 177343  
  1627435127 570043143 177343  
  1627435128 570043143 177343  
  1627435129 570043143 177343  
  1627435130 570043143 177343  
  1627435131 570047452 177343  
  1627435132 570047776 177343  
  1627435133 570047912 177343  
  1627435134 570048484 177343  
  1627435135 570048484 177343  
  1627435136 570048484 177343  
  1627435137 570048484 177343  
  1627435138 570048484 177343  
  1627435139 570048484 177343  
  1627435140 570048484 177343  
  1627435141 570048484 177343  
  1627435142 570048484 177343  
  1627435143 570048484 177343  
  1627435144 570048484 177343  
  1627435145 570048484 177343  
  1627435146 570048484 177343  
  1627435147 570048484 177343  
  1627435148 570048484 177343  
  1627435149 570048484 177343  
  1627435150 570048484 177343  
  1627435151 570048484 177343  
  1627435152 570048484 177343  
  1627435153 570048484 177343  
  1627435155 570048484 177343  
  1627435156 570048484 177343  
  1627435157 570048484 177343  
  1627435158 570048484 177343  
  1627435159 570048484 177343  
  1627435160 570048484 177343  
  1627435161 570048484 177343  
  1627435162 570048484 177343  
  1627435163 570048484 177343  
  1627435164 570048484 177343  
  1627435165 570048484 177343  
  1627435166 570048484 177343  
  1627435167 570048484 177343  
  1627435168 570048484 177343  
  1627435169 570048484 177343  
  1627435170 570048484 177343  
  1627435171 570048484 177343  
  1627435172 570048484 177343  
  1627435173 570048484 177343  
  1627435174 570048484 177343  
  1627435175 570048484 177343  
  1627435176 570048484 177343  
  1627435177 570048484 177343  
  1627435178 570048484 177343  
  1627435179 570048484 177343  
  1627435180 570048484 177343  
  1627435181 570048484 177343  
  1627435182 570048484 177343  
  1627435183 570048484 177343  
  1627435184 570048484 177343  
  1627435185 570048484 177343  
  1627435186 570048484 177343  
  1627435187 570048484 177343  
  1627435188 570048484 177343  
  1627435189 570048484 177343  
  1627435190 570048484 177343  
  1627435191 570048484 177343  
  1627435192 570048484 177343  
  1627435193 570048484 177343  
  1627435195 570048484 177343  
  1627435196 570048484 177343  
  1627435197 570048484 177343  
  1627435198 570048484 177343  
  1627435199 570048484 177343  
  1627435200 570048484 177343  
  1627435201 570048484 177343  
  1627435202 570048484 177343  
  1627435203 570048484 177343  
  1627435204 570048484 177343  
  1627435205 570048484 177343  
  1627435206 570048484 177343  
  1627435207 570048484 177343  
  1627435208 570048484 177343  
  1627435209 570048484 177343  
  1627435210 570048484 177343  
  1627435211 570048484 177343  
  1627435212 570048484 177343  
  1627435213 570048484 177343  
  1627435214 570048484 177343  
  1627435215 570048484 177343  
  1627435216 570048484 177343  
  1627435217 570048484 177343  
  1627435218 570048484 177343  
  1627435219 570048484 177343  
  1627435220 570048484 177343  
  1627435221 570048484 177343  
  1627435222 570048484 177343  
  1627435223 570048484 177343  
  1627435224 570048484 177343  
  1627435225 570048484 177343  
  1627435226 570048484 177343  
  1627435227 570048484 177343  
  1627435228 570048484 177343  
  1627435229 570048484 177343  
  1627435230 570048484 177343  
  1627435231 570048841 177343  
  1627435232 570048841 177343  
  1627435234 570048841 177343  
  1627435235 570048841 177343  
  1627435236 570048841 177343  
  1627435237 570048841 177343  
  1627435238 570048841 177343  
  1627435239 570048841 177343  
  1627435240 570048841 177343  
  1627435241 570048841 177343  
  1627435242 570048841 177343  
  1627435243 570048841 177343  
  1627435244 570048841 177343  
  1627435245 570048841 177343  
  1627435246 570048841 177343  
  1627435247 570048841 177343  
  1627435248 570048841 177343  
  1627435249 570048841 177343  
  1627435250 570048841 177343  
  1627435251 570048841 177343  
  1627435252 570048841 177343  
  1627435253 570048841 177343  
  1627435254 570048841 177343  
  1627435255 570048841 177343  
  1627435256 570048841 177343  
  1627435257 570048841 177343  
  1627435258 570048841 177343  
  1627435259 570048841 177343  
  1627435260 570048841 177343  
  1627435261 570048841 177343  
  1627435262 570048841 177343  
  1627435263 570048841 177343  
  1627435264 570048841 177343  
  1627435265 570048841 177343  
  1627435266 570048841 177343  
  1627435267 570048841 177343  
  1627435268 570048841 177343  
  1627435269 570048841 177343  
  1627435270 570048841 177343  
  1627435271 570048841 177343  
  1627435273 570048841 177343  
  1627435274 570048841 177343  
  1627435275 570048841 177343  
  1627435276 570048841 177343  
  1627435277 570048841 177343  
  1627435278 570048841 177343  
  1627435279 570048841 177343  
  1627435280 570049437 177343  
  1627435281 570049437 177343  
  1627435282 570049437 177343  
  1627435283 570049437 177343  
  1627435284 570049437 177343  
  1627435285 570049437 177343  
  1627435286 570049437 177343  
  1627435287 570049437 177343  
  1627435288 570049437 177343  
  1627435289 570049437 177343  
  1627435290 570049437 177343  
  1627435291 570049437 177343  
  1627435292 570049437 177343  
  1627435293 570049437 177343  
  1627435294 570049437 177343  
  1627435295 570049437 177343  
  1627435296 570049437 177343  
  1627435297 570049437 177343  
  1627435298 570049437 177343  
  1627435299 570049437 177343  
  1627435300 570049437 177343  
  1627435301 570049437 177343  
  1627435302 570049437 177343  
  1627435303 570049437 177343  
  1627435304 570049437 177343  
  1627435305 570049437 177343  
  1627435306 570049437 177343  
  1627435307 570049437 177343  
  1627435308 570049437 177343  
  1627435309 570049437 177343  
  1627435311 570049437 177343  
  1627435312 570049437 177343  
  1627435313 570049437 177343  
  1627435314 570049437 177343  
  1627435315 570049437 177343  
  1627435316 570049437 177343  
  1627435317 570049437 177343  
  1627435318 570049437 177343  
  1627435319 570049437 177343  
  1627435320 570049437 177343  
  1627435321 570054070 177343  
  1627435322 570054070 177343  
  1627435323 570054778 177343  
  1627435324 570054778 177343  
  1627435325 570054778 177343  
  1627435326 570054778 177343  
  1627435327 570054778 177343  
  1627435328 570054778 177343  
  1627435329 570054778 177343  
  1627435330 570054778 177343  
  1627435331 570054778 177343  
  1627435332 570054778 177343  
  1627435333 570054778 177343  
  1627435334 570054778 177343  
  1627435335 570054778 177343  
  1627435336 570054778 177343  
  1627435337 570054778 177343  
  1627435338 570054778 177343  
  1627435339 570054778 177343  
  1627435340 570054778 177343  
  1627435341 570054778 177343  
  1627435342 570054778 177343  
  1627435343 570054778 177343  
  1627435344 570054778 177343  
  1627435345 570054778 177343  
  1627435346 570054778 177343  
  1627435347 570054778 177343  
  1627435348 570054778 177343  
  1627435349 570059411 177343  
  1627435351 570059411 177343  
  1627435352 570059983 177343  
  1627435353 570059983 177343  
  1627435354 570059983 177343  
  1627435355 570059983 177343  
  1627435356 570059983 177343  
  1627435357 570059983 177343  
  1627435358 570059983 177343  
  1627435359 570059983 177343  
  1627435360 570059983 177343  
  1627435361 570059983 177343  
  1627435362 570059983 177343  
  1627435363 570059983 177343  
  1627435364 570059983 177343  
  1627435365 570059983 177343  
  1627435366 570059983 177343  
  1627435367 570059983 177343  
  1627435368 570059983 177343  
  1627435369 570059983 177343  
  1627435370 570059983 177343  
  1627435371 570059983 177343  
  1627435372 570059983 177343  
  1627435373 570059983 177343  
  1627435374 570059983 177343  
  1627435375 570059983 177343  
  1627435376 570059983 177343  
  1627435377 570059983 177343  
  1627435378 570059983 177343  
  1627435379 570059983 177343  
  1627435380 570059983 177343  
  1627435381 570059983 177343  
  1627435382 570059983 177343  
  1627435383 570059983 177343  
  1627435384 570059983 177343  
  1627435385 570059983 177343  
  1627435386 570059983 177343  
  1627435387 570059983 177343  
  1627435388 570059983 177343  
  1627435390 570059983 177343  
  1627435391 570059983 177343  
  1627435392 570059983 177343  
  1627435393 570064616 177343  
  1627435394 570066577 177343  
  1627435395 570069821 177343  
  1627435396 570070529 177343  
  1627435397 570070529 177343  
  1627435398 570070529 177343  
  1627435399 570070529 177343  
  1627435400 570070529 177343  
  1627435401 570070529 177343  
  1627435402 570070529 177343  
  1627435403 570070529 177343  
  1627435404 570070529 177343  
  1627435405 570070529 177343  
  1627435406 570070529 177343  
  1627435407 570070529 177343  
  1627435408 570070529 177343  
  1627435409 570070529 177343  
  1627435410 570070529 177343  
  1627435411 570070529 177343  
  1627435412 570070529 177343  
  1627435413 570070529 177343  
  1627435414 570070529 177343  
  1627435415 570070529 177343  
  1627435416 570070529 177343  
  1627435417 570070529 177343  
  1627435418 570070529 177343  
  1627435419 570070529 177343  
  1627435420 570070529 177343  
  1627435421 570070529 177343  
  1627435422 570070529 177343  
  1627435423 570070529 177343  
  1627435424 570070529 177343  
  1627435425 570070529 177343  
  1627435426 570070529 177343  
  1627435427 570070529 177343  
  1627435429 570070529 177343  
  1627435430 570070529 177343  
  1627435431 570073426 177343  
  1627435432 570075162 177343  
  1627435433 570075162 177343  
  1627435434 570075802 177343  
  1627435435 570075802 177343  
  1627435436 570075802 177343  
  1627435437 570075802 177343  
  1627435438 570075802 177343  
  1627435439 570075802 177343  
  1627435440 570075802 177343  
  1627435441 570075802 177343  
  1627435442 570075802 177343  
  1627435443 570075802 177343  
  1627435444 570075802 177343  
  1627435445 570075802 177343  
  1627435446 570075802 177343  
  1627435447 570075802 177343  
  1627435448 570075802 177343  
  1627435449 570075802 177343  
  1627435450 570075802 177343  
  1627435451 570075802 177343  
  1627435452 570075802 177343  
  1627435453 570075802 177343  
  1627435454 570075802 177343  
  1627435455 570075802 177343  
  1627435456 570075802 177343  
  1627435457 570075802 177343  
  1627435458 570075802 177343  
  1627435459 570075802 177343  
  1627435460 570075802 177343  
  1627435461 570075802 177343  
  1627435462 570075802 177343  
  1627435463 570075802 177343  
  1627435464 570075802 177343  
  1627435465 570075802 177343  
  1627435466 570075802 177343  
  1627435468 570075802 177343  
  1627435469 570075802 177343  
  1627435470 570075802 177343  
  1627435471 570075802 177343  
  1627435472 570075802 177343  
  1627435473 570075802 177343  
  1627435474 570075802 177343  
  1627435475 570075802 177343  
  1627435476 570075802 177343  
  1627435477 570075802 177343  
  1627435478 570075802 177343  
  1627435479 570075802 177343  
  1627435480 570076398 177343  
  1627435481 570076398 177343  
  1627435482 570076398 177343  
  1627435483 570076398 177343  
  1627435484 570076398 177343  
  1627435485 570076398 177343  
  1627435486 570076398 177343  
  1627435487 570076398 177343  
  1627435488 570076490 177343  
  1627435489 570076490 177343  
  1627435490 570076490 177343  
  1627435491 570076490 177343  
  1627435492 570076490 177343  
  1627435493 570076490 177343  
  1627435494 570076490 177343  
  1627435495 570076490 177343  
  1627435496 570076490 177343  
  1627435497 570076490 177343  
  1627435498 570076490 177343  
  1627435499 570076490 177343  
  1627435500 570076490 177343  
  1627435501 570076490 177343  
  1627435502 570076490 177343  
  1627435503 570076490 177343  
  1627435504 570076490 177343  
  1627435505 570076490 177343  
  1627435507 570076490 177343  
  1627435508 570076490 177343  
  1627435509 570076490 177343  
  1627435510 570076490 177343  
  1627435511 570076490 177343  
  1627435512 570076490 177343  
  1627435513 570076490 177343  
  1627435514 570076490 177343  
  1627435515 570076490 177343  
  1627435516 570076490 177343  
  1627435517 570076490 177343  
  1627435518 570076490 177343  
  1627435519 570076490 177343  
  1627435520 570076490 177343  
  1627435521 570076490 177343  
  1627435522 570076490 177343  
  1627435523 570076490 177343  
  1627435524 570076490 177343  
  1627435525 570076490 177343  
  1627435526 570076490 177343  
  1627435527 570076490 177343  
  1627435528 570076490 177343  
  1627435529 570076490 177343  
  1627435530 570076490 177343  
  1627435531 570076847 177343  
  1627435532 570076847 177343  
  1627435533 570076847 177343  
  1627435534 570076847 177343  
  1627435535 570076847 177343  
  1627435536 570076847 177343  
  1627435537 570076847 177343  
  1627435538 570076847 177343  
  1627435539 570076847 177343  
  1627435540 570076847 177343  
  1627435541 570076847 177343  
  1627435542 570076847 177343  
  1627435543 570076847 177343  
  1627435544 570076847 177343  
  1627435546 570076847 177343  
  1627435547 570076847 177343  
  1627435548 570076847 177343  
  1627435549 570076847 177343  
  1627435550 570076847 177343  
  1627435551 570076847 177343  
  1627435552 570076847 177343  
  1627435553 570076847 177343  
  1627435554 570076847 177343  
  1627435555 570076847 177343  
  1627435556 570076847 177343  
  1627435557 570076847 177343  
  1627435558 570076847 177343  
  1627435559 570076847 177343  
  1627435560 570076847 177343  
  1627435561 570076847 177343  
  1627435562 570076847 177343  
  1627435563 570076847 177343  
  1627435564 570076847 177343  
  1627435565 570076847 177343  
  1627435566 570076847 177343  
  1627435567 570076847 177343  
  1627435568 570076847 177343  
  1627435569 570076847 177343  
  1627435570 570076847 177343  
  1627435571 570076847 177343  
  1627435572 570076847 177343  
  1627435573 570076847 177343  
  1627435574 570076847 177343  
  1627435575 570076847 177343  
  1627435576 570076847 177343  
  1627435577 570076847 177343  
  1627435578 570076847 177343  
  1627435579 570076847 177343  
  1627435580 570076847 177343  
  1627435581 570076847 177343  
  1627435582 570076847 177343  
  1627435583 570076847 177343  
  1627435585 570076847 177343  
  1627435586 570076847 177343  
  1627435587 570076847 177343  
  1627435588 570076847 177343  
  1627435589 570076847 177343  
  1627435590 570076847 177343  
  1627435591 570076847 177343  
  1627435592 570076847 177343  
  1627435593 570076847 177343  
  1627435594 570076847 177343  
  1627435595 570076847 177343  
  1627435596 570076847 177343  
  1627435597 570076847 177343  
  1627435598 570076847 177343  
 