 1627029105 498282336 0  
  1627029106 498282336 0  
  1627029107 498282336 0  
  1627029108 498282336 0  
  1627029109 498282336 0  
  1627029110 498282336 0  
  1627029111 498282336 0  
  1627029112 498282336 0  
  1627029113 498282336 0  
  1627029114 498282336 0  
  1627029115 498282428 0  
  1627029116 498282428 0  
  1627029117 498282428 0  
  1627029118 498282428 0  
  1627029119 498282428 0  
  1627029120 498282428 0  
  1627029121 498282428 0  
  1627029122 498282428 0  
  1627029123 498282428 0  
  1627029124 498282428 0  
  1627029125 498282428 0  
  1627029126 498282428 0  
  1627029128 498282428 0  
  1627029129 498282428 0  
  1627029130 498282428 0  
  1627029131 498282428 0  
  1627029132 498282428 0  
  1627029133 498282428 0  
  1627029134 498282428 0  
  1627029135 498282428 0  
  1627029136 498282428 0  
  1627029137 498282428 0  
  1627029138 498282428 0  
  1627029139 498282428 0  
  1627029140 498282428 0  
  1627029141 498282428 0  
  1627029142 498282428 0  
  1627029143 498282428 0  
  1627029144 498282428 0  
  1627029145 498282428 0  
  1627029146 498282428 0  
  1627029147 498282428 0  
  1627029148 498282428 0  
  1627029149 498282428 0  
  1627029150 498282428 0  
  1627029151 498282428 0  
  1627029152 498282428 0  
  1627029153 498282428 0  
  1627029154 498282428 0  
  1627029155 498282428 0  
  1627029156 498282428 0  
  1627029157 498282428 0  
  1627029158 498282428 0  
  1627029159 498282428 0  
  1627029160 498282428 0  
  1627029161 498282428 0  
  1627029162 498282428 0  
  1627029163 498282428 0  
  1627029164 498282428 0  
  1627029165 498282428 0  
  1627029167 498282428 0  
  1627029168 498282428 0  
  1627029169 498282428 0  
  1627029170 498282428 0  
  1627029171 498282428 0  
  1627029172 498282428 0  
  1627029173 498282428 0  
  1627029174 498282428 0  
  1627029175 498282428 0  
  1627029176 498282428 0  
  1627029177 498282428 0  
  1627029178 498282428 0  
  1627029179 498282428 0  
  1627029180 498282428 0  
  1627029181 498282428 0  
  1627029182 498282428 0  
  1627029183 498282428 0  
  1627029184 498282428 0  
  1627029185 498282428 0  
  1627029186 498282428 0  
  1627029187 498282428 0  
  1627029188 498282428 0  
  1627029189 498282428 0  
  1627029190 498282428 0  
  1627029191 498282428 0  
  1627029192 498282428 0  
  1627029193 498282428 0  
  1627029194 498282428 0  
  1627029195 498282428 0  
  1627029196 498282428 0  
  1627029197 498282428 0  
  1627029198 498282428 0  
  1627029199 498282428 0  
  1627029200 498282428 0  
  1627029201 498282428 0  
  1627029202 498282428 0  
  1627029203 498282428 0  
  1627029204 498282428 0  
  1627029205 498282428 0  
  1627029207 498282428 0  
  1627029208 498282428 0  
  1627029209 498282428 0  
  1627029210 498282428 0  
  1627029211 498282428 0  
  1627029212 498282428 0  
  1627029213 498282428 0  
  1627029214 498282428 0  
  1627029215 498282428 0  
  1627029216 498282428 0  
  1627029217 498282428 0  
  1627029218 498282428 0  
  1627029219 498282428 0  
  1627029220 498282428 0  
  1627029221 498282428 0  
  1627029222 498282428 0  
  1627029223 498282428 0  
  1627029224 498282428 0  
  1627029225 498282428 0  
  1627029226 498282428 0  
  1627029227 498282428 0  
  1627029228 498282428 0  
  1627029229 498282428 0  
  1627029230 498282428 0  
  1627029231 498282428 0  
  1627029232 498282428 0  
  1627029233 498282572 0  
  1627029234 498287061 0  
  1627029235 498287061 0  
  1627029236 498287769 0  
  1627029237 498287769 0  
  1627029238 498287769 0  
  1627029239 498287769 0  
  1627029240 498287769 0  
  1627029241 498287769 0  
  1627029242 498287769 0  
  1627029243 498287769 0  
  1627029244 498287769 0  
  1627029245 498287769 0  
  1627029247 498287769 0  
  1627029248 498287769 0  
  1627029249 498287769 0  
  1627029250 498287769 0  
  1627029251 498287769 0  
  1627029252 498287769 0  
  1627029253 498287769 0  
  1627029254 498287769 0  
  1627029255 498287769 0  
  1627029256 498287769 0  
  1627029257 498287769 0  
  1627029258 498287769 0  
  1627029259 498287769 0  
  1627029260 498287769 0  
  1627029261 498287769 0  
  1627029262 498287769 0  
  1627029263 498287769 0  
  1627029264 498287769 0  
  1627029265 498287769 0  
  1627029266 498287769 0  
  1627029267 498287769 0  
  1627029268 498287769 0  
  1627029269 498287769 0  
  1627029270 498288365 0  
  1627029271 498288365 0  
  1627029272 498288365 0  
  1627029273 498288365 0  
  1627029274 498288365 0  
  1627029275 498288365 0  
  1627029276 498288365 0  
  1627029277 498288365 0  
  1627029278 498288365 0  
  1627029279 498288365 0  
  1627029280 498288365 0  
  1627029281 498288365 0  
  1627029282 498288365 0  
  1627029283 498288365 0  
  1627029284 498288365 0  
  1627029285 498288365 0  
  1627029287 498288365 0  
  1627029288 498288365 0  
  1627029289 498288365 0  
  1627029290 498288365 0  
  1627029291 498288365 0  
  1627029292 498288365 0  
  1627029293 498288365 0  
  1627029294 498288365 0  
  1627029295 498288365 0  
  1627029296 498288365 0  
  1627029297 498288365 0  
  1627029298 498288365 0  
  1627029299 498288365 0  
  1627029300 498288365 0  
  1627029301 498288365 0  
  1627029302 498288365 0  
  1627029303 498288365 0  
  1627029304 498288365 0  
  1627029305 498288365 0  
  1627029306 498288365 0  
  1627029307 498288365 0  
  1627029308 498288365 0  
  1627029309 498288365 0  
  1627029310 498288365 0  
  1627029311 498288365 0  
  1627029312 498288365 0  
  1627029313 498288365 0  
  1627029314 498288365 0  
  1627029315 498288365 0  
  1627029316 498288365 0  
  1627029317 498288365 0  
  1627029318 498288365 0  
  1627029319 498288365 0  
  1627029320 498288365 0  
  1627029321 498288365 0  
  1627029322 498288365 0  
  1627029323 498288365 0  
  1627029324 498288365 0  
  1627029325 498288365 0  
  1627029327 498288365 0  
  1627029328 498288365 0  
  1627029329 498288365 0  
  1627029330 498288365 0  
  1627029331 498288365 0  
  1627029332 498288365 0  
  1627029333 498288365 0  
  1627029334 498288722 0  
  1627029335 498288722 0  
  1627029336 498288722 0  
  1627029337 498288722 0  
  1627029338 498288722 0  
  1627029339 498288722 0  
  1627029340 498293031 0  
  1627029341 498293355 0  
  1627029342 498293355 0  
  1627029343 498294063 0  
  1627029344 498298696 0  
  1627029345 498299336 0  
  1627029346 498299336 0  
  1627029347 498299336 0  
  1627029348 498299336 0  
  1627029349 498303969 0  
  1627029350 498303969 0  
  1627029351 498309310 0  
  1627029352 498309310 0  
  1627029353 498309882 0  
  1627029354 498309882 0  
  1627029355 498309882 0  
  1627029356 498309882 0  
  1627029357 498309882 0  
  1627029358 498309882 0  
  1627029359 498309882 0  
  1627029360 498309882 0  
  1627029361 498309882 0  
  1627029362 498309882 0  
  1627029363 498309882 0  
  1627029364 498309882 0  
  1627029365 498309882 0  
  1627029367 498309882 0  
  1627029368 498309882 0  
  1627029369 498309882 0  
  1627029370 498309882 0  
  1627029371 498309882 0  
  1627029372 498309882 0  
  1627029373 498309882 0  
  1627029374 498309882 0  
  1627029375 498309974 0  
  1627029376 498309974 0  
  1627029377 498309974 0  
  1627029378 498309974 0  
  1627029379 498309974 0  
  1627029380 498309974 0  
  1627029381 498309974 0  
  1627029382 498309974 0  
  1627029383 498309974 0  
  1627029384 498309974 0  
  1627029385 498309974 0  
  1627029386 498309974 0  
  1627029387 498309974 0  
  1627029388 498309974 0  
  1627029389 498309974 0  
  1627029390 498309974 0  
  1627029391 498309974 0  
  1627029392 498309974 0  
  1627029393 498309974 0  
  1627029394 498309974 0  
  1627029395 498309974 0  
  1627029396 498309974 0  
  1627029397 498309974 0  
  1627029398 498309974 0  
  1627029399 498309974 0  
  1627029400 498309974 0  
  1627029401 498309974 0  
  1627029402 498309974 0  
  1627029403 498309974 0  
  1627029404 498309974 0  
  1627029406 498309974 0  
  1627029407 498309974 0  
  1627029408 498309974 0  
  1627029409 498309974 0  
  1627029410 498309974 0  
  1627029411 498309974 0  
  1627029412 498309974 0  
  1627029413 498309974 0  
  1627029414 498309974 0  
  1627029415 498309974 0  
  1627029416 498309974 0  
  1627029417 498309974 0  
  1627029418 498309974 0  
  1627029419 498309974 0  
  1627029420 498309974 0  
  1627029421 498309974 0  
  1627029422 498309974 0  
  1627029423 498309974 0  
  1627029424 498309974 0  
  1627029425 498309974 0  
  1627029426 498309974 0  
  1627029427 498309974 0  
  1627029428 498309974 0  
  1627029429 498309974 0  
  1627029430 498309974 0  
  1627029431 498309974 0  
  1627029432 498309974 0  
  1627029433 498309974 0  
  1627029434 498309974 0  
  1627029435 498309974 0  
  1627029436 498309974 0  
  1627029437 498309974 0  
  1627029438 498309974 0  
  1627029439 498309974 0  
  1627029440 498309974 0  
  1627029441 498309974 0  
  1627029442 498309974 0  
  1627029443 498309974 0  
  1627029444 498309974 0  
  1627029446 498309974 0  
  1627029447 498309974 0  
  1627029448 498309974 0  
 