 1626786984 459887541 0  
  1626786985 459887541 0  
  1626786986 459887541 0  
  1626786987 459887541 0  
  1626786988 459887541 0  
  1626786989 459887541 0  
  1626786990 459887541 0  
  1626786991 459887541 0  
  1626786992 459887541 0  
  1626786993 459887541 0  
  1626786994 459887541 0  
  1626786995 459887541 0  
  1626786996 459887541 0  
  1626786997 459887541 0  
  1626786998 459887541 0  
  1626786999 459887541 0  
  1626787000 459887541 0  
  1626787001 459887541 0  
  1626787002 459887541 0  
  1626787003 459887541 0  
  1626787005 459887541 0  
  1626787006 459887541 0  
  1626787007 459887541 0  
  1626787008 459887541 0  
  1626787009 459887541 0  
  1626787010 459887541 0  
  1626787011 459887541 0  
  1626787012 459887541 0  
  1626787013 459887541 0  
  1626787014 459887541 0  
  1626787015 459887633 0  
  1626787016 459887633 0  
  1626787017 459887633 0  
  1626787018 459887633 0  
  1626787019 459887633 0  
  1626787020 459887633 0  
  1626787021 459887633 0  
  1626787022 459887633 0  
  1626787023 459887633 0  
  1626787024 459887633 0  
  1626787025 459887633 0  
  1626787026 459887633 0  
  1626787027 459887633 0  
  1626787028 459887633 0  
  1626787029 459887633 0  
  1626787030 459887633 0  
  1626787031 459887633 0  
  1626787032 459887633 0  
  1626787033 459887633 0  
  1626787034 459887633 0  
  1626787035 459887633 0  
  1626787036 459887633 0  
  1626787037 459887633 0  
  1626787038 459887633 0  
  1626787039 459887633 0  
  1626787040 459887633 0  
  1626787041 459887633 0  
  1626787042 459887633 0  
  1626787044 459887633 0  
  1626787045 459887633 0  
  1626787046 459887633 0  
  1626787047 459887633 0  
  1626787048 459887971 0  
  1626787049 459887971 0  
  1626787050 459887971 0  
  1626787051 459887971 0  
  1626787052 459887971 0  
  1626787053 459887971 0  
  1626787054 459887971 0  
  1626787055 459887971 0  
  1626787056 459887971 0  
  1626787057 459887971 0  
  1626787058 459887971 0  
  1626787059 459887971 0  
  1626787060 459887971 0  
  1626787061 459887971 0  
  1626787062 459892536 0  
  1626787063 459892604 0  
  1626787064 459893244 0  
  1626787065 459893244 0  
  1626787066 459893244 0  
  1626787067 459893244 0  
  1626787068 459893244 0  
  1626787069 459893244 0  
  1626787070 459893244 0  
  1626787071 459893244 0  
  1626787072 459893244 0  
  1626787073 459893244 0  
  1626787074 459893244 0  
  1626787075 459893244 0  
  1626787076 459893244 0  
  1626787077 459893244 0  
  1626787078 459893244 0  
  1626787079 459893336 0  
  1626787080 459893336 0  
  1626787081 459893336 0  
  1626787083 459893336 0  
  1626787084 459893336 0  
  1626787085 459893336 0  
  1626787086 459893336 0  
  1626787087 459893336 0  
  1626787088 459893336 0  
  1626787089 459893336 0  
  1626787090 459893336 0  
  1626787091 459893336 0  
  1626787092 459893336 0  
  1626787093 459893336 0  
  1626787094 459893336 0  
  1626787095 459893428 0  
  1626787096 459893428 0  
  1626787097 459893428 0  
  1626787098 459893428 0  
  1626787099 459893428 0  
  1626787100 459893428 0  
  1626787101 459893428 0  
  1626787102 459893428 0  
  1626787103 459893428 0  
  1626787104 459893428 0  
  1626787105 459893428 0  
  1626787106 459893428 0  
  1626787107 459893428 0  
  1626787108 459893428 0  
  1626787109 459893428 0  
  1626787110 459893428 0  
  1626787111 459893428 0  
  1626787112 459893428 0  
  1626787113 459893428 0  
  1626787114 459893428 0  
  1626787115 459893428 0  
  1626787116 459893428 0  
  1626787117 459893428 0  
  1626787118 459893428 0  
  1626787119 459893428 0  
  1626787120 459893428 0  
  1626787122 459893428 0  
  1626787123 459893428 0  
  1626787124 459893428 0  
  1626787125 459893428 0  
  1626787126 459893428 0  
  1626787127 459893428 0  
  1626787128 459893428 0  
  1626787129 459893428 0  
  1626787130 459893428 0  
  1626787131 459893428 0  
  1626787132 459893428 0  
  1626787133 459893428 0  
  1626787134 459893428 0  
  1626787135 459893428 0  
  1626787136 459893428 0  
  1626787137 459893428 0  
  1626787138 459893428 0  
  1626787139 459893428 0  
  1626787140 459893428 0  
  1626787141 459893428 0  
  1626787142 459893428 0  
  1626787143 459893428 0  
  1626787144 459893520 0  
  1626787145 459893520 0  
  1626787146 459893520 0  
  1626787147 459893520 0  
  1626787148 459893520 0  
  1626787149 459893520 0  
  1626787150 459893520 0  
  1626787151 459893520 0  
  1626787152 459893520 0  
  1626787153 459893520 0  
  1626787154 459893520 0  
  1626787155 459893520 0  
  1626787156 459893520 0  
  1626787157 459893520 0  
  1626787158 459893520 0  
  1626787159 459893520 0  
  1626787160 459893520 0  
  1626787162 459893520 0  
  1626787163 459893520 0  
  1626787164 459893520 0  
  1626787165 459893520 0  
  1626787166 459894116 0  
  1626787167 459894116 0  
  1626787168 459894116 0  
  1626787169 459894116 0  
  1626787170 459894116 0  
  1626787171 459894116 0  
  1626787172 459894116 0  
  1626787173 459894116 0  
  1626787174 459894116 0  
  1626787175 459894116 0  
  1626787176 459894116 0  
  1626787177 459894116 0  
  1626787178 459894116 0  
  1626787179 459894116 0  
  1626787180 459894116 0  
  1626787181 459894454 0  
  1626787182 459894454 0  
  1626787183 459894454 0  
  1626787184 459894454 0  
  1626787185 459894454 0  
  1626787186 459894454 0  
  1626787187 459894454 0  
  1626787188 459894454 0  
  1626787189 459894454 0  
  1626787190 459894454 0  
  1626787191 459894454 0  
  1626787192 459894454 0  
  1626787193 459894454 0  
  1626787194 459894454 0  
  1626787195 459894454 0  
  1626787196 459894454 0  
  1626787197 459894454 0  
  1626787198 459896415 0  
  1626787199 459899087 0  
  1626787201 459899087 0  
  1626787202 459899795 0  
  1626787203 459899795 0  
  1626787204 459899795 0  
  1626787205 459899795 0  
  1626787206 459899795 0  
  1626787207 459899795 0  
  1626787208 459899795 0  
  1626787209 459899887 0  
  1626787210 459899887 0  
  1626787211 459899887 0  
  1626787212 459904196 0  
  1626787213 459904520 0  
  1626787214 459904520 0  
  1626787215 459905228 0  
  1626787216 459909861 0  
  1626787217 459914494 0  
  1626787218 459915202 0  
  1626787219 459915910 0  
  1626787220 459915910 0  
  1626787221 459915910 0  
  1626787222 459915910 0  
  1626787223 459915910 0  
  1626787224 459915910 0  
  1626787225 459915910 0  
  1626787226 459915910 0  
  1626787227 459915910 0  
  1626787228 459915910 0  
  1626787229 459915910 0  
  1626787230 459915910 0  
  1626787231 459916267 0  
  1626787232 459916267 0  
  1626787233 459916267 0  
  1626787234 459916267 0  
  1626787235 459916267 0  
  1626787236 459916267 0  
  1626787237 459916267 0  
  1626787238 459916267 0  
  1626787240 459916267 0  
  1626787241 459916267 0  
  1626787242 459916267 0  
  1626787243 459916267 0  
  1626787244 459916267 0  
  1626787245 459916267 0  
  1626787246 459916267 0  
  1626787247 459916267 0  
  1626787248 459916267 0  
  1626787249 459916267 0  
  1626787250 459916267 0  
  1626787251 459916267 0  
  1626787252 459916267 0  
  1626787253 459916267 0  
  1626787254 459916267 0  
  1626787255 459916267 0  
  1626787256 459916267 0  
  1626787257 459916267 0  
  1626787258 459916267 0  
  1626787259 459916267 0  
  1626787260 459916267 0  
  1626787261 459916267 0  
  1626787262 459916267 0  
  1626787263 459916267 0  
  1626787264 459916267 0  
  1626787265 459916267 0  
  1626787266 459916267 0  
  1626787267 459916267 0  
  1626787268 459916267 0  
  1626787269 459916267 0  
  1626787270 459916267 0  
  1626787271 459916267 0  
  1626787272 459916267 0  
  1626787273 459916359 0  
  1626787274 459916359 0  
  1626787275 459916359 0  
  1626787276 459916359 0  
  1626787278 459916359 0  
  1626787279 459916359 0  
  1626787280 459916359 0  
  1626787281 459916359 0  
  1626787282 459916359 0  
  1626787283 459916359 0  
  1626787284 459916359 0  
  1626787285 459916359 0  
  1626787286 459916359 0  
  1626787287 459916359 0  
  1626787288 459916359 0  
  1626787289 459916359 0  
  1626787290 459916359 0  
  1626787291 459916359 0  
  1626787292 459916359 0  
  1626787293 459916359 0  
  1626787294 459916359 0  
  1626787295 459916359 0  
  1626787296 459916359 0  
  1626787297 459916359 0  
  1626787298 459916359 0  
  1626787299 459916359 0  
  1626787300 459916359 0  
  1626787301 459916359 0  
  1626787302 459916359 0  
  1626787303 459916359 0  
  1626787304 459916359 0  
  1626787305 459916359 0  
  1626787306 459916359 0  
 