 1626772259 456596944 0  
  1626772260 456596944 0  
  1626772261 456596944 0  
  1626772262 456596944 0  
  1626772263 456596944 0  
  1626772264 456596944 0  
  1626772265 456596944 0  
  1626772266 456596944 0  
  1626772267 456596944 0  
  1626772268 456596944 0  
  1626772269 456596944 0  
  1626772270 456596944 0  
  1626772271 456596944 0  
  1626772272 456596944 0  
  1626772273 456596944 0  
  1626772274 456596944 0  
  1626772275 456596944 0  
  1626772276 456596944 0  
  1626772277 456596944 0  
  1626772278 456596944 0  
  1626772279 456596944 0  
  1626772280 456596944 0  
  1626772281 456596944 0  
  1626772282 456596944 0  
  1626772283 456596944 0  
  1626772284 456596944 0  
  1626772285 456596944 0  
  1626772286 456596944 0  
  1626772287 456596944 0  
  1626772288 456596944 0  
  1626772289 456596944 0  
  1626772290 456596944 0  
  1626772291 456596944 0  
  1626772292 456596944 0  
  1626772293 456596944 0  
  1626772294 456596944 0  
  1626772296 456596944 0  
  1626772297 456596944 0  
  1626772298 456596944 0  
  1626772299 456596944 0  
  1626772300 456596944 0  
  1626772301 456596944 0  
  1626772302 456596944 0  
  1626772303 456596944 0  
  1626772304 456596944 0  
  1626772305 456596944 0  
  1626772306 456596944 0  
  1626772307 456596944 0  
  1626772308 456596944 0  
  1626772309 456596944 0  
  1626772310 456596944 0  
  1626772311 456596944 0  
  1626772312 456596944 0  
  1626772313 456596944 0  
  1626772314 456596944 0  
  1626772315 456596944 0  
  1626772316 456596944 0  
  1626772317 456596944 0  
  1626772318 456596944 0  
  1626772319 456596944 0  
  1626772320 456596944 0  
  1626772321 456596944 0  
  1626772322 456596944 0  
  1626772323 456596944 0  
  1626772324 456596944 0  
  1626772325 456596944 0  
  1626772326 456596944 0  
  1626772327 456596944 0  
  1626772328 456596944 0  
  1626772329 456596944 0  
  1626772330 456596944 0  
  1626772331 456597036 0  
  1626772332 456597036 0  
  1626772333 456597036 0  
  1626772335 456597036 0  
  1626772336 456597036 0  
  1626772337 456597036 0  
  1626772338 456597036 0  
  1626772339 456597036 0  
  1626772340 456597036 0  
  1626772341 456597036 0  
  1626772342 456597036 0  
  1626772343 456597036 0  
  1626772344 456597036 0  
  1626772345 456597036 0  
  1626772346 456597036 0  
  1626772347 456597036 0  
  1626772348 456597128 0  
  1626772349 456597128 0  
  1626772350 456597128 0  
  1626772351 456597128 0  
  1626772352 456597128 0  
  1626772353 456597128 0  
  1626772354 456597128 0  
  1626772355 456597196 0  
  1626772356 456597196 0  
  1626772357 456597196 0  
  1626772358 456597196 0  
  1626772359 456597196 0  
  1626772360 456597196 0  
  1626772361 456598352 0  
  1626772362 456602661 0  
  1626772363 456602985 0  
  1626772364 456602985 0  
  1626772365 456604289 0  
  1626772366 456604289 0  
  1626772367 456604289 0  
  1626772368 456604289 0  
  1626772369 456604289 0  
  1626772370 456604289 0  
  1626772371 456604289 0  
  1626772372 456604289 0  
  1626772373 456604289 0  
  1626772375 456604289 0  
  1626772376 456604289 0  
  1626772377 456604289 0  
  1626772378 456604289 0  
  1626772379 456604289 0  
  1626772380 456604289 0  
  1626772381 456604289 0  
  1626772382 456604289 0  
  1626772383 456604289 0  
  1626772384 456604289 0  
  1626772385 456604289 0  
  1626772386 456604289 0  
  1626772387 456604289 0  
  1626772388 456604289 0  
  1626772389 456604289 0  
  1626772390 456604289 0  
  1626772391 456604289 0  
  1626772392 456604289 0  
  1626772393 456604289 0  
  1626772394 456604289 0  
  1626772395 456604289 0  
  1626772396 456604289 0  
  1626772397 456604289 0  
  1626772398 456604289 0  
  1626772399 456604289 0  
  1626772400 456604289 0  
  1626772401 456604289 0  
  1626772402 456604289 0  
  1626772403 456604289 0  
  1626772404 456604289 0  
  1626772405 456604289 0  
  1626772406 456604289 0  
  1626772407 456604289 0  
  1626772408 456604289 0  
  1626772409 456604289 0  
  1626772410 456604289 0  
  1626772411 456604289 0  
  1626772412 456604289 0  
  1626772414 456604289 0  
  1626772415 456604289 0  
  1626772416 456604289 0  
  1626772417 456604289 0  
  1626772418 456604289 0  
  1626772419 456604289 0  
  1626772420 456604289 0  
  1626772421 456604289 0  
  1626772422 456604289 0  
  1626772423 456604289 0  
  1626772424 456604289 0  
  1626772425 456604289 0  
  1626772426 456604289 0  
  1626772427 456604289 0  
  1626772428 456604289 0  
  1626772429 456604289 0  
  1626772430 456604289 0  
  1626772431 456604289 0  
  1626772432 456604289 0  
  1626772433 456604289 0  
  1626772434 456604289 0  
  1626772435 456604289 0  
  1626772436 456604289 0  
  1626772437 456604289 0  
  1626772438 456604289 0  
  1626772439 456604289 0  
  1626772440 456604289 0  
  1626772441 456604289 0  
  1626772442 456604289 0  
  1626772443 456604289 0  
  1626772444 456604289 0  
  1626772445 456604289 0  
  1626772446 456604289 0  
  1626772447 456604289 0  
  1626772448 456604289 0  
  1626772449 456604289 0  
  1626772450 456604289 0  
  1626772451 456604289 0  
  1626772453 456604289 0  
  1626772454 456604289 0  
  1626772455 456604289 0  
  1626772456 456604289 0  
  1626772457 456604289 0  
  1626772458 456604289 0  
  1626772459 456604289 0  
  1626772460 456604289 0  
  1626772461 456604381 0  
  1626772462 456604381 0  
  1626772463 456604381 0  
  1626772464 456604381 0  
  1626772465 456604381 0  
  1626772466 456604381 0  
  1626772467 456604381 0  
  1626772468 456604381 0  
  1626772469 456604381 0  
  1626772470 456604381 0  
  1626772471 456604381 0  
  1626772472 456604381 0  
  1626772473 456604381 0  
  1626772474 456604381 0  
  1626772475 456604381 0  
  1626772476 456604473 0  
  1626772477 456604473 0  
  1626772478 456604473 0  
  1626772479 456604473 0  
  1626772480 456604473 0  
  1626772481 456604473 0  
  1626772482 456604473 0  
  1626772483 456604473 0  
  1626772484 456604473 0  
  1626772485 456604473 0  
  1626772486 456604473 0  
  1626772487 456604473 0  
  1626772488 456604473 0  
  1626772489 456604473 0  
  1626772490 456604473 0  
  1626772491 456604473 0  
  1626772493 456604473 0  
  1626772494 456604473 0  
  1626772495 456604473 0  
  1626772496 456604473 0  
  1626772497 456604473 0  
  1626772498 456604473 0  
  1626772499 456609106 0  
  1626772500 456609106 0  
  1626772501 456609814 0  
  1626772502 456609814 0  
  1626772503 456609814 0  
  1626772504 456609814 0  
  1626772505 456609814 0  
  1626772506 456609814 0  
  1626772507 456609814 0  
  1626772508 456609814 0  
  1626772509 456609814 0  
  1626772510 456609814 0  
  1626772511 456609814 0  
  1626772512 456609814 0  
  1626772513 456614123 0  
  1626772514 456614447 0  
  1626772515 456619396 0  
  1626772516 456624353 0  
  1626772517 456625061 0  
  1626772518 456625701 0  
  1626772519 456625701 0  
  1626772520 456625701 0  
  1626772521 456625701 0  
  1626772522 456625701 0  
  1626772523 456625701 0  
  1626772524 456625701 0  
  1626772525 456625701 0  
  1626772526 456625701 0  
  1626772527 456625701 0  
  1626772528 456625701 0  
  1626772529 456625701 0  
  1626772530 456625701 0  
  1626772531 456626058 0  
  1626772533 456626058 0  
  1626772534 456626058 0  
  1626772535 456626058 0  
  1626772536 456626058 0  
  1626772537 456626058 0  
  1626772538 456626058 0  
  1626772539 456626058 0  
  1626772540 456626058 0  
  1626772541 456626058 0  
  1626772542 456626058 0  
  1626772543 456626058 0  
  1626772544 456626058 0  
  1626772545 456626058 0  
  1626772546 456626058 0  
  1626772547 456626058 0  
  1626772548 456626058 0  
  1626772549 456626058 0  
  1626772550 456626058 0  
  1626772551 456626058 0  
  1626772552 456626058 0  
  1626772553 456626058 0  
  1626772554 456626058 0  
  1626772555 456626058 0  
  1626772556 456626058 0  
  1626772557 456626058 0  
  1626772558 456626058 0  
  1626772559 456626058 0  
  1626772560 456626058 0  
  1626772561 456626058 0  
  1626772562 456626058 0  
  1626772563 456626058 0  
  1626772564 456626058 0  
  1626772565 456626058 0  
  1626772566 456627653 0  
  1626772567 456627653 0  
  1626772568 456627653 0  
  1626772569 456627653 0  
  1626772570 456627653 0  
  1626772572 456627653 0  
  1626772573 456627653 0  
  1626772574 456627653 0  
  1626772575 456627653 0  
  1626772576 456627653 0  
  1626772577 456627653 0  
  1626772578 456627653 0  
  1626772579 456627653 0  
  1626772580 456627653 0  
  1626772581 456627653 0  
  1626772582 456627653 0  
  1626772583 456627653 0  
  1626772584 456627653 0  
  1626772585 456627653 0  
  1626772586 456627653 0  
  1626772587 456627653 0  
  1626772588 456627653 0  
  1626772589 456627653 0  
  1626772590 456627653 0  
  1626772591 456627745 0  
  1626772592 456627745 0  
  1626772593 456627745 0  
  1626772594 456627745 0  
  1626772595 456627745 0  
  1626772596 456627745 0  
  1626772597 456627745 0  
  1626772598 456627745 0  
  1626772599 456627745 0  
  1626772600 456627745 0  
  1626772601 456627745 0  
 