 1626788918 463895295 0  
  1626788919 463895295 0  
  1626788920 463895295 0  
  1626788921 463895295 0  
  1626788922 463895295 0  
  1626788923 463895295 0  
  1626788924 463895295 0  
  1626788925 463895295 0  
  1626788926 463895295 0  
  1626788927 463895295 0  
  1626788928 463895295 0  
  1626788929 463895295 0  
  1626788931 463895295 0  
  1626788932 463895295 0  
  1626788933 463895295 0  
  1626788934 463895295 0  
  1626788935 463895295 0  
  1626788936 463895295 0  
  1626788937 463895295 0  
  1626788938 463895295 0  
  1626788939 463895295 0  
  1626788940 463895295 0  
  1626788941 463895295 0  
  1626788942 463895295 0  
  1626788943 463895295 0  
  1626788944 463895377 0  
  1626788945 463895377 0  
  1626788946 463895377 0  
  1626788947 463895377 0  
  1626788948 463895377 0  
  1626788949 463895377 0  
  1626788950 463895377 0  
  1626788951 463895377 0  
  1626788952 463895377 0  
  1626788953 463895377 0  
  1626788954 463895377 0  
  1626788955 463895377 0  
  1626788956 463895377 0  
  1626788957 463895377 0  
  1626788958 463895377 0  
  1626788959 463895377 0  
  1626788960 463895377 0  
  1626788961 463895377 0  
  1626788962 463895377 0  
  1626788963 463895377 0  
  1626788964 463895377 0  
  1626788965 463895377 0  
  1626788966 463895377 0  
  1626788967 463895377 0  
  1626788968 463895377 0  
  1626788970 463895377 0  
  1626788971 463895377 0  
  1626788972 463895377 0  
  1626788973 463895377 0  
  1626788974 463895377 0  
  1626788975 463895377 0  
  1626788976 463895377 0  
  1626788977 463895377 0  
  1626788978 463895377 0  
  1626788979 463895377 0  
  1626788980 463895377 0  
  1626788981 463895377 0  
  1626788982 463895377 0  
  1626788983 463895377 0  
  1626788984 463895377 0  
  1626788985 463895377 0  
  1626788986 463895377 0  
  1626788987 463895377 0  
  1626788988 463895377 0  
  1626788989 463895377 0  
  1626788990 463895377 0  
  1626788991 463895377 0  
  1626788992 463895377 0  
  1626788993 463895377 0  
  1626788994 463895377 0  
  1626788995 463895377 0  
  1626788996 463895377 0  
  1626788997 463895377 0  
  1626788998 463895377 0  
  1626788999 463895377 0  
  1626789000 463895377 0  
  1626789001 463895377 0  
  1626789002 463895377 0  
  1626789003 463895377 0  
  1626789004 463895377 0  
  1626789005 463895377 0  
  1626789006 463898274 0  
  1626789007 463900010 0  
  1626789008 463900010 0  
  1626789010 463900718 0  
  1626789011 463900718 0  
  1626789012 463900718 0  
  1626789013 463900718 0  
  1626789014 463900718 0  
  1626789015 463900718 0  
  1626789016 463900718 0  
  1626789017 463900718 0  
  1626789018 463900718 0  
  1626789019 463900718 0  
  1626789020 463905027 0  
  1626789021 463909660 0  
  1626789022 463915001 0  
  1626789023 463916033 0  
  1626789024 463916741 0  
  1626789025 463916741 0  
  1626789026 463916741 0  
  1626789027 463916741 0  
  1626789028 463916741 0  
  1626789029 463916741 0  
  1626789030 463916741 0  
  1626789031 463916741 0  
  1626789032 463916741 0  
  1626789033 463916741 0  
  1626789034 463916741 0  
  1626789035 463916741 0  
  1626789036 463916741 0  
  1626789037 463916741 0  
  1626789038 463916741 0  
  1626789039 463916741 0  
  1626789040 463917098 0  
  1626789041 463917098 0  
  1626789042 463917098 0  
  1626789043 463917098 0  
  1626789044 463917098 0  
  1626789045 463917098 0  
  1626789046 463917098 0  
  1626789047 463917098 0  
  1626789049 463917098 0  
  1626789050 463917098 0  
  1626789051 463917098 0  
  1626789052 463917098 0  
  1626789053 463917098 0  
  1626789054 463917098 0  
  1626789055 463917098 0  
  1626789056 463917098 0  
  1626789057 463917098 0  
  1626789058 463917098 0  
  1626789059 463917098 0  
  1626789060 463917098 0  
  1626789061 463917098 0  
  1626789062 463917098 0  
  1626789063 463917098 0  
  1626789064 463917098 0  
  1626789065 463917694 0  
  1626789066 463917694 0  
  1626789067 463917694 0  
  1626789068 463917694 0  
  1626789069 463917694 0  
  1626789070 463917694 0  
  1626789071 463917694 0  
  1626789072 463917694 0  
  1626789073 463917694 0  
  1626789074 463917694 0  
  1626789075 463917694 0  
  1626789076 463917694 0  
  1626789077 463917694 0  
  1626789078 463917694 0  
  1626789079 463917694 0  
  1626789080 463917694 0  
  1626789081 463917694 0  
  1626789082 463917694 0  
  1626789083 463917694 0  
  1626789084 463917694 0  
  1626789085 463917694 0  
  1626789086 463917694 0  
  1626789088 463917694 0  
  1626789089 463917694 0  
  1626789090 463917694 0  
  1626789091 463917694 0  
  1626789092 463917694 0  
  1626789093 463917694 0  
  1626789094 463917694 0  
  1626789095 463917694 0  
  1626789096 463917694 0  
  1626789097 463917694 0  
  1626789098 463917694 0  
  1626789099 463917694 0  
  1626789100 463917694 0  
  1626789101 463917694 0  
  1626789102 463917694 0  
  1626789103 463917694 0  
  1626789104 463917694 0  
  1626789105 463917694 0  
  1626789106 463917694 0  
  1626789107 463917694 0  
  1626789108 463917694 0  
  1626789109 463917694 0  
  1626789110 463917694 0  
  1626789111 463917694 0  
  1626789112 463917694 0  
  1626789113 463917694 0  
  1626789114 463917694 0  
  1626789115 463917694 0  
  1626789116 463917694 0  
  1626789117 463917694 0  
  1626789118 463917694 0  
  1626789119 463917694 0  
  1626789120 463917694 0  
  1626789121 463917694 0  
  1626789122 463917694 0  
  1626789123 463917694 0  
  1626789124 463917694 0  
  1626789125 463917694 0  
  1626789126 463917694 0  
  1626789128 463917694 0  
  1626789129 463917694 0  
  1626789130 463917694 0  
  1626789131 463917694 0  
  1626789132 463917694 0  
  1626789133 463917694 0  
  1626789134 463917694 0  
  1626789135 463917694 0  
  1626789136 463917694 0  
  1626789137 463917694 0  
  1626789138 463917694 0  
  1626789139 463917694 0  
  1626789140 463917694 0  
  1626789141 463917694 0  
  1626789142 463917694 0  
  1626789143 463917694 0  
  1626789144 463917694 0  
  1626789145 463917694 0  
  1626789146 463917694 0  
  1626789147 463917694 0  
  1626789148 463917694 0  
  1626789149 463917770 0  
  1626789150 463917770 0  
  1626789151 463917770 0  
  1626789152 463917770 0  
  1626789153 463917770 0  
  1626789154 463917770 0  
  1626789155 463917770 0  
  1626789156 463917770 0  
  1626789157 463917770 0  
  1626789158 463917770 0  
  1626789159 463917770 0  
  1626789160 463917770 0  
  1626789161 463917770 0  
  1626789162 463917862 0  
  1626789163 463917862 0  
  1626789164 463917862 0  
  1626789165 463917862 0  
  1626789167 463917862 0  
  1626789168 463917862 0  
  1626789169 463919739 0  
  1626789170 463922495 0  
  1626789171 463922495 0  
  1626789172 463923203 0  
  1626789173 463923203 0  
  1626789174 463923203 0  
  1626789175 463923203 0  
  1626789176 463923203 0  
  1626789177 463923203 0  
  1626789178 463923203 0  
  1626789179 463923203 0  
  1626789180 463923203 0  
  1626789181 463923203 0  
  1626789182 463923203 0  
  1626789183 463923203 0  
  1626789184 463923203 0  
  1626789185 463923203 0  
  1626789186 463923203 0  
  1626789187 463923203 0  
  1626789188 463923203 0  
  1626789189 463923203 0  
  1626789190 463923203 0  
  1626789191 463923203 0  
  1626789192 463923203 0  
  1626789193 463923203 0  
  1626789194 463923203 0  
  1626789195 463923203 0  
  1626789196 463923203 0  
  1626789197 463923203 0  
  1626789198 463923203 0  
  1626789199 463923203 0  
  1626789200 463923203 0  
  1626789201 463923203 0  
  1626789202 463923203 0  
  1626789203 463923203 0  
  1626789204 463923203 0  
  1626789206 463923203 0  
  1626789207 463923203 0  
  1626789208 463923203 0  
  1626789209 463923203 0  
  1626789210 463923203 0  
  1626789211 463923203 0  
  1626789212 463923203 0  
  1626789213 463923203 0  
  1626789214 463923203 0  
  1626789215 463923203 0  
  1626789216 463923203 0  
  1626789217 463923203 0  
  1626789218 463923203 0  
  1626789219 463923203 0  
  1626789220 463923203 0  
  1626789221 463923203 0  
  1626789222 463923203 0  
  1626789223 463923203 0  
  1626789224 463923203 0  
  1626789225 463923203 0  
  1626789226 463923203 0  
  1626789227 463923203 0  
  1626789228 463923203 0  
  1626789229 463923203 0  
  1626789230 463923203 0  
  1626789231 463923203 0  
  1626789232 463923203 0  
  1626789233 463923203 0  
  1626789234 463923203 0  
  1626789235 463923203 0  
  1626789236 463923203 0  
  1626789237 463923203 0  
  1626789238 463923203 0  
  1626789239 463923203 0  
  1626789240 463923203 0  
  1626789241 463923203 0  
  1626789242 463923203 0  
  1626789243 463923203 0  
  1626789244 463923203 0  
  1626789246 463923203 0  
  1626789247 463923203 0  
  1626789248 463923203 0  
  1626789249 463923203 0  
  1626789250 463923203 0  
  1626789251 463923203 0  
  1626789252 463923203 0  
  1626789253 463923203 0  
  1626789254 463923203 0  
  1626789255 463923203 0  
  1626789256 463923203 0  
  1626789257 463923203 0  
  1626789258 463923203 0  
  1626789259 463923203 0  
  1626789260 463923203 0  
  1626789261 463923203 0  
  1626789262 463923203 0  
  1626789263 463923295 0  
  1626789264 463923295 0  
  1626789265 463923295 0  
  1626789266 463923891 0  
  1626789267 463923891 0  
  1626789268 463923891 0  
  1626789269 463923891 0  
  1626789270 463923891 0  
  1626789271 463923891 0  
  1626789272 463923891 0  
  1626789273 463923891 0  
  1626789274 463923891 0  
  1626789275 463923891 0  
  1626789276 463923891 0  
  1626789277 463923891 0  
  1626789278 463923891 0  
  1626789279 463923891 0  
  1626789280 463923891 0  
  1626789281 463923891 0  
  1626789282 463923891 0  
  1626789283 463923891 0  
  1626789284 463923891 0  
  1626789286 463923891 0  
  1626789287 463923891 0  
  1626789288 463923891 0  
  1626789289 463923891 0  
  1626789290 463923891 0  
  1626789291 463923891 0  
  1626789292 463923891 0  
  1626789293 463923891 0  
  1626789294 463923891 0  
  1626789295 463923891 0  
  1626789296 463923891 0  
  1626789297 463923891 0  
  1626789298 463923891 0  
  1626789299 463923891 0  
  1626789300 463923891 0  
  1626789301 463923891 0  
  1626789302 463923891 0  
  1626789303 463923891 0  
  1626789304 463923891 0  
  1626789305 463923891 0  
  1626789306 463928200 0  
  1626789307 463928524 0  
  1626789308 463929232 0  
  1626789309 463929232 0  
  1626789310 463929232 0  
  1626789311 463929232 0  
  1626789312 463929232 0  
  1626789313 463929232 0  
  1626789314 463929232 0  
  1626789315 463929232 0  
  1626789316 463929232 0  
  1626789317 463929232 0  
  1626789318 463929232 0  
  1626789319 463929232 0  
  1626789320 463933541 0  
  1626789321 463938498 0  
  1626789322 463943131 0  
  1626789323 463944479 0  
  1626789325 463945187 0  
  1626789326 463945187 0  
  1626789327 463945187 0  
  1626789328 463945187 0  
  1626789329 463945187 0  
  1626789330 463945187 0  
  1626789331 463945187 0  
  1626789332 463945187 0  
  1626789333 463945187 0  
  1626789334 463945255 0  
  1626789335 463945255 0  
  1626789336 463945255 0  
  1626789337 463945255 0  
  1626789338 463945255 0  
  1626789339 463945255 0  
  1626789340 463947179 0  
  1626789341 463947179 0  
  1626789342 463947179 0  
  1626789343 463947179 0  
  1626789344 463947179 0  
  1626789345 463947179 0  
  1626789346 463947179 0  
  1626789347 463947179 0  
  1626789348 463947179 0  
  1626789349 463947179 0  
  1626789350 463947179 0  
  1626789351 463947179 0  
  1626789352 463947255 0  
  1626789353 463947255 0  
  1626789354 463947331 0  
  1626789355 463947331 0  
  1626789356 463947331 0  
  1626789357 463947331 0  
  1626789358 463947331 0  
  1626789359 463947331 0  
  1626789360 463947331 0  
  1626789361 463947331 0  
  1626789362 463947331 0  
  1626789363 463947331 0  
  1626789365 463947331 0  
  1626789366 463947331 0  
  1626789367 463947331 0  
  1626789368 463947331 0  
  1626789369 463947331 0  
  1626789370 463947331 0  
  1626789371 463947331 0  
  1626789372 463947331 0  
  1626789373 463947331 0  
  1626789374 463947331 0  
  1626789375 463947331 0  
  1626789376 463947331 0  
  1626789377 463947331 0  
  1626789378 463947331 0  
  1626789379 463947331 0  
  1626789380 463947331 0  
  1626789381 463947331 0  
  1626789382 463947331 0  
  1626789383 463947331 0  
  1626789384 463947331 0  
  1626789385 463947331 0  
  1626789386 463947331 0  
  1626789387 463947331 0  
  1626789388 463947331 0  
  1626789389 463947331 0  
  1626789390 463947331 0  
  1626789391 463947331 0  
  1626789392 463947331 0  
  1626789393 463947331 0  
  1626789394 463947331 0  
  1626789395 463947331 0  
  1626789396 463947331 0  
  1626789397 463947331 0  
  1626789398 463947331 0  
  1626789399 463947331 0  
  1626789400 463947331 0  
  1626789401 463947331 0  
  1626789402 463947331 0  
  1626789403 463947331 0  
  1626789405 463947331 0  
  1626789406 463947331 0  
  1626789407 463947331 0  
  1626789408 463947331 0  
  1626789409 463947331 0  
  1626789410 463947331 0  
  1626789411 463947331 0  
  1626789412 463947331 0  
  1626789413 463947331 0  
  1626789414 463947331 0  
  1626789415 463947331 0  
  1626789416 463947331 0  
  1626789417 463947331 0  
  1626789418 463947331 0  
  1626789419 463947331 0  
  1626789420 463947331 0  
  1626789421 463947331 0  
  1626789422 463947331 0  
  1626789423 463947331 0  
  1626789424 463947331 0  
  1626789425 463947331 0  
  1626789426 463947331 0  
  1626789427 463947331 0  
  1626789428 463947331 0  
  1626789429 463947331 0  
  1626789430 463947331 0  
  1626789431 463947331 0  
  1626789432 463947331 0  
  1626789433 463947331 0  
  1626789434 463947331 0  
  1626789435 463947331 0  
  1626789436 463947331 0  
  1626789437 463947331 0  
  1626789438 463947331 0  
  1626789439 463947331 0  
  1626789440 463947331 0  
  1626789441 463947331 0  
  1626789442 463947331 0  
  1626789444 463947331 0  
  1626789445 463947331 0  
  1626789446 463947331 0  
  1626789447 463947331 0  
  1626789448 463947331 0  
  1626789449 463947331 0  
  1626789450 463947331 0  
  1626789451 463947331 0  
  1626789452 463947331 0  
  1626789453 463947331 0  
  1626789454 463947331 0  
  1626789455 463947331 0  
  1626789456 463947331 0  
  1626789457 463947331 0  
  1626789458 463947331 0  
  1626789459 463947331 0  
  1626789460 463947331 0  
  1626789461 463947331 0  
  1626789462 463947331 0  
  1626789463 463947331 0  
  1626789464 463947331 0  
  1626789465 463947927 0  
  1626789466 463947927 0  
  1626789467 463947927 0  
  1626789468 463947927 0  
  1626789469 463952236 0  
  1626789470 463952560 0  
  1626789471 463953268 0  
  1626789472 463953268 0  
  1626789473 463953268 0  
  1626789474 463953268 0  
  1626789475 463953268 0  
  1626789476 463953268 0  
  1626789477 463953268 0  
  1626789478 463953268 0  
  1626789479 463953268 0  
  1626789480 463953268 0  
  1626789481 463953268 0  
  1626789482 463953268 0  
  1626789484 463953268 0  
  1626789485 463953268 0  
  1626789486 463953268 0  
  1626789487 463953268 0  
  1626789488 463953268 0  
  1626789489 463953268 0  
  1626789490 463953268 0  
  1626789491 463953268 0  
  1626789492 463953268 0  
  1626789493 463953268 0  
  1626789494 463953268 0  
  1626789495 463953268 0  
  1626789496 463953268 0  
  1626789497 463953268 0  
  1626789498 463953268 0  
  1626789499 463953268 0  
  1626789500 463953268 0  
  1626789501 463953268 0  
  1626789502 463953268 0  
  1626789503 463953268 0  
  1626789504 463953268 0  
  1626789505 463953268 0  
  1626789506 463953268 0  
  1626789507 463953268 0  
  1626789508 463953268 0  
  1626789509 463953268 0  
  1626789510 463953268 0  
  1626789511 463953268 0  
  1626789512 463953268 0  
  1626789513 463953268 0  
  1626789514 463953268 0  
  1626789515 463953268 0  
  1626789516 463953268 0  
  1626789517 463953268 0  
  1626789518 463953268 0  
  1626789519 463953268 0  
  1626789520 463953268 0  
  1626789521 463953268 0  
  1626789522 463953268 0  
  1626789524 463953268 0  
  1626789525 463953268 0  
  1626789526 463953268 0  
  1626789527 463953268 0  
  1626789528 463953268 0  
  1626789529 463953268 0  
  1626789530 463953268 0  
  1626789531 463953268 0  
  1626789532 463953268 0  
  1626789533 463953268 0  
  1626789534 463953268 0  
  1626789535 463953268 0  
  1626789536 463953268 0  
  1626789537 463953268 0  
  1626789538 463953268 0  
  1626789539 463953268 0  
  1626789540 463953268 0  
  1626789541 463953268 0  
  1626789542 463953268 0  
  1626789543 463953268 0  
  1626789544 463953268 0  
  1626789545 463953268 0  
  1626789546 463953268 0  
  1626789547 463953268 0  
  1626789548 463953268 0  
  1626789549 463953268 0  
  1626789550 463953268 0  
  1626789551 463953268 0  
  1626789552 463953268 0  
  1626789553 463953268 0  
 