 1626877339 472950534 39106  
  1626877340 472952193 39220  
  1626877342 472952193 39220  
  1626877343 472952193 39220  
  1626877344 472952193 39220  
  1626877345 472952193 39220  
  1626877346 472952193 39220  
  1626877347 472952193 39220  
  1626877348 472952193 39220  
  1626877349 472952193 39220  
  1626877350 472952193 39220  
  1626877351 472952193 39220  
  1626877352 472952193 39220  
  1626877353 472952193 39220  
  1626877354 472952193 39220  
  1626877355 472952193 39220  
  1626877356 472952285 39220  
  1626877357 472952285 39220  
  1626877358 472952285 39220  
  1626877359 472952285 39220  
  1626877360 472952285 39220  
  1626877361 472952285 39220  
  1626877362 472952285 39220  
  1626877363 472952285 39220  
  1626877364 472956594 39220  
  1626877365 472956918 39220  
  1626877366 472957558 39220  
  1626877367 472957558 39220  
  1626877368 472957558 39220  
  1626877369 472957558 39220  
  1626877370 472957558 39220  
  1626877371 472957558 39220  
  1626877372 472957558 39220  
  1626877373 472957558 39220  
  1626877374 472957558 39220  
  1626877375 472957558 39220  
  1626877376 472957558 39220  
  1626877377 472957558 39220  
  1626877378 472957558 39220  
  1626877379 472957558 39220  
  1626877381 472957558 39220  
  1626877382 472957558 39220  
  1626877383 472957558 39220  
  1626877384 472957558 39220  
  1626877385 472957558 39220  
  1626877386 472957558 39220  
  1626877387 472957558 39220  
  1626877388 472957558 39220  
  1626877389 472957558 39220  
  1626877390 472957558 39220  
  1626877391 472957558 39220  
  1626877392 472957558 39220  
  1626877393 472957558 39220  
  1626877394 472957558 39220  
  1626877395 472957558 39220  
  1626877396 472957558 39220  
  1626877397 472957558 39220  
  1626877398 472957558 39220  
  1626877399 472957558 39220  
  1626877400 472957558 39220  
  1626877401 472957558 39220  
  1626877402 472957558 39220  
  1626877403 472957558 39220  
  1626877404 472957558 39220  
  1626877405 472957558 39220  
  1626877406 472957558 39220  
  1626877407 472957558 39220  
  1626877408 472957558 39220  
  1626877409 472957558 39220  
  1626877410 472957558 39220  
  1626877411 472957558 39220  
  1626877412 472957558 39220  
  1626877413 472957558 39220  
  1626877414 472957558 39220  
  1626877415 472957558 39220  
  1626877416 472957558 39220  
  1626877417 472957558 39220  
  1626877418 472957558 39220  
  1626877419 472957558 39220  
  1626877421 472957558 39220  
  1626877422 472957558 39220  
  1626877423 472957558 39220  
  1626877424 472957558 39220  
  1626877425 472957558 39220  
  1626877426 472957558 39220  
  1626877427 472957558 39220  
  1626877428 472957558 39220  
  1626877429 472957558 39220  
  1626877430 472957558 39220  
  1626877431 472957558 39220  
  1626877432 472957558 39220  
  1626877433 472957558 39220  
  1626877434 472957558 39220  
  1626877435 472957558 39220  
  1626877436 472957558 39220  
  1626877437 472957558 39220  
  1626877438 472957558 39220  
  1626877439 472957558 39220  
  1626877440 472957558 39220  
  1626877441 472957558 39220  
  1626877442 472957558 39220  
  1626877443 472957558 39220  
  1626877444 472957558 39220  
  1626877445 472957558 39220  
  1626877446 472957558 39220  
  1626877447 472957558 39220  
  1626877448 472957558 39220  
  1626877449 472957558 39220  
  1626877450 472957558 39220  
  1626877451 472957558 39220  
  1626877452 472957558 39220  
  1626877453 472957558 39220  
  1626877454 472957558 39220  
  1626877455 472957558 39220  
  1626877456 472957558 39220  
  1626877457 472957558 39220  
  1626877458 472957558 39220  
  1626877460 472957558 39220  
  1626877461 472957558 39220  
  1626877462 472957558 39220  
  1626877463 472957558 39220  
  1626877464 472957558 39220  
  1626877465 472957558 39220  
  1626877466 472957558 39220  
  1626877467 472957896 39220  
  1626877468 472989249 39220  
  1626877469 472989249 39220  
  1626877470 472989249 39220  
  1626877471 472989249 39220  
  1626877472 472989249 39220  
  1626877473 472989249 39220  
  1626877474 472989249 39220  
  1626877475 472989249 39220  
  1626877476 472989249 39220  
  1626877477 472989249 39220  
  1626877478 472989249 39220  
  1626877479 472989249 39220  
  1626877480 472989249 39220  
  1626877481 472989249 39220  
  1626877482 472989249 39220  
  1626877483 472989249 39220  
  1626877484 472989249 39220  
  1626877485 472989249 39220  
  1626877486 472989249 39220  
  1626877487 472989249 39220  
  1626877488 472989249 39220  
  1626877489 472989249 39220  
  1626877490 472989249 39220  
  1626877491 472989249 39220  
  1626877492 472989249 39220  
  1626877493 472989249 39220  
  1626877494 472989249 39220  
  1626877495 472989249 39220  
  1626877496 472989249 39220  
  1626877497 472989249 39220  
  1626877498 472989249 39220  
  1626877499 472989249 39220  
  1626877501 472989249 39220  
  1626877502 472989249 39220  
  1626877503 472989249 39220  
  1626877504 472989249 39220  
  1626877505 472989249 39220  
  1626877506 472989249 39220  
  1626877507 472989249 39220  
  1626877508 472989249 39220  
  1626877509 472989249 39220  
  1626877510 472989249 39220  
  1626877511 472989249 39220  
  1626877512 472989249 39220  
  1626877513 472989249 39220  
  1626877514 472989249 39220  
  1626877515 472989249 39220  
  1626877516 472989249 39220  
  1626877517 472989249 39220  
  1626877518 472989249 39220  
  1626877519 472989249 39220  
  1626877520 472989249 39220  
  1626877521 472989249 39220  
  1626877522 472989249 39220  
  1626877523 472989249 39220  
  1626877524 472989249 39220  
  1626877525 472989397 39220  
  1626877526 472989397 39220  
  1626877527 472989397 39220  
  1626877528 472989397 39220  
  1626877529 472989397 39220  
  1626877530 472989397 39220  
  1626877531 472991046 39220  
  1626877532 472991046 39220  
  1626877533 472991046 39220  
  1626877534 472991046 39220  
  1626877535 472991046 39220  
  1626877536 472991046 39220  
  1626877537 472995355 39220  
  1626877538 472995679 39220  
  1626877540 472995679 39220  
  1626877541 472996319 39220  
  1626877542 472996319 39220  
  1626877543 473000952 39220  
  1626877544 473000952 39220  
  1626877545 473001660 39220  
  1626877546 473001660 39220  
  1626877547 473001660 39220  
  1626877548 473010278 39220  
  1626877549 473010926 39220  
  1626877550 473012342 39220  
  1626877551 473012342 39220  
  1626877552 473012342 39220  
  1626877553 473012342 39220  
  1626877554 473012342 39220  
  1626877555 473012342 39220  
  1626877556 473012342 39220  
  1626877557 473012342 39220  
  1626877558 473012342 39220  
  1626877559 473012342 39220  
  1626877560 473012342 39220  
  1626877561 473012342 39220  
  1626877562 473012342 39220  
  1626877563 473012342 39220  
  1626877564 473012342 39220  
  1626877565 473012342 39220  
  1626877566 473012342 39220  
  1626877567 473012342 39220  
  1626877568 473012342 39220  
  1626877569 473012342 39220  
  1626877570 473012342 39220  
  1626877571 473012342 39220  
  1626877572 473012342 39220  
  1626877573 473012342 39220  
  1626877574 473012342 39220  
  1626877575 473012342 39220  
  1626877576 473012342 39220  
  1626877577 473012342 39220  
  1626877578 473012342 39220  
  1626877580 473012342 39220  
  1626877581 473012342 39220  
  1626877582 473012342 39220  
  1626877583 473012342 39220  
  1626877584 473012342 39220  
  1626877585 473012342 39220  
  1626877586 473012342 39220  
  1626877587 473012342 39220  
  1626877588 473012342 39220  
  1626877589 473012342 39220  
  1626877590 473012342 39220  
  1626877591 473012342 39220  
  1626877592 473012342 39220  
  1626877593 473012342 39220  
  1626877594 473012342 39220  
  1626877595 473012342 39220  
  1626877596 473012342 39220  
  1626877597 473012342 39220  
  1626877598 473012342 39220  
  1626877599 473012342 39220  
  1626877600 473012342 39220  
  1626877601 473012342 39220  
  1626877602 473012342 39220  
  1626877603 473012342 39220  
  1626877604 473012342 39220  
  1626877605 473012342 39220  
  1626877606 473012342 39220  
  1626877607 473012342 39220  
  1626877608 473012342 39220  
  1626877609 473012342 39220  
  1626877610 473012342 39220  
  1626877611 473012342 39220  
  1626877612 473012342 39220  
  1626877613 473012342 39220  
  1626877614 473012342 39220  
  1626877615 473012342 39220  
  1626877616 473012680 39220  
  1626877617 473012680 39220  
  1626877618 473012680 39220  
  1626877620 473012680 39220  
  1626877621 473012680 39220  
  1626877622 473012680 39220  
  1626877623 473012680 39220  
  1626877624 473012680 39220  
  1626877625 473012680 39220  
  1626877626 473012680 39220  
  1626877627 473012680 39220  
  1626877628 473012680 39220  
  1626877629 473012680 39220  
  1626877630 473012680 39220  
  1626877631 473012680 39220  
  1626877632 473012680 39220  
  1626877633 473012680 39220  
  1626877634 473012680 39220  
  1626877635 473012680 39220  
  1626877636 473012680 39220  
  1626877637 473012680 39220  
  1626877638 473012680 39220  
  1626877639 473012680 39220  
  1626877640 473012680 39220  
  1626877641 473012680 39220  
 