 1626726404 453664067 0  
  1626726405 453664067 0  
  1626726406 453664067 0  
  1626726407 453664067 0  
  1626726408 453664067 0  
  1626726409 453664067 0  
  1626726410 453664067 0  
  1626726411 453664067 0  
  1626726412 453664067 0  
  1626726413 453664067 0  
  1626726414 453664067 0  
  1626726415 453664067 0  
  1626726416 453664067 0  
  1626726417 453664067 0  
  1626726418 453664067 0  
  1626726419 453664067 0  
  1626726420 453664067 0  
  1626726421 453664067 0  
  1626726422 453664067 0  
  1626726423 453664067 0  
  1626726424 453664067 0  
  1626726425 453664067 0  
  1626726426 453664067 0  
  1626726427 453664067 0  
  1626726428 453664067 0  
  1626726429 453664067 0  
  1626726431 453664067 0  
  1626726432 453664067 0  
  1626726433 453664067 0  
  1626726434 453664067 0  
  1626726435 453664067 0  
  1626726436 453664067 0  
  1626726437 453664067 0  
  1626726438 453664067 0  
  1626726439 453664067 0  
  1626726440 453664067 0  
  1626726441 453664067 0  
  1626726442 453664067 0  
  1626726443 453664067 0  
  1626726444 453664067 0  
  1626726445 453664067 0  
  1626726446 453664067 0  
  1626726447 453664067 0  
  1626726448 453664067 0  
  1626726449 453664067 0  
  1626726450 453664067 0  
  1626726451 453664067 0  
  1626726452 453664067 0  
  1626726453 453664067 0  
  1626726454 453664067 0  
  1626726455 453664067 0  
  1626726456 453664067 0  
  1626726457 453664067 0  
  1626726458 453664067 0  
  1626726459 453664067 0  
  1626726460 453664067 0  
  1626726461 453664067 0  
  1626726462 453664067 0  
  1626726463 453664067 0  
  1626726464 453664067 0  
  1626726465 453664067 0  
  1626726466 453664067 0  
  1626726467 453664067 0  
  1626726468 453664067 0  
  1626726470 453664067 0  
  1626726471 453668196 0  
  1626726472 453668700 0  
  1626726473 453668700 0  
  1626726474 453669408 0  
  1626726475 453669408 0  
  1626726476 453669408 0  
  1626726477 453669408 0  
  1626726478 453669408 0  
  1626726479 453669408 0  
  1626726480 453669746 0  
  1626726481 453669746 0  
  1626726482 453669746 0  
  1626726483 453669746 0  
  1626726484 453669746 0  
  1626726485 453669746 0  
  1626726486 453669746 0  
  1626726487 453669746 0  
  1626726488 453669746 0  
  1626726489 453669746 0  
  1626726490 453669746 0  
  1626726491 453669746 0  
  1626726492 453669746 0  
  1626726493 453669746 0  
  1626726494 453669746 0  
  1626726495 453669746 0  
  1626726496 453669746 0  
  1626726497 453669746 0  
  1626726498 453669746 0  
  1626726499 453669746 0  
  1626726500 453669746 0  
  1626726501 453669746 0  
  1626726502 453669746 0  
  1626726503 453669746 0  
  1626726504 453669746 0  
  1626726505 453669746 0  
  1626726506 453669746 0  
  1626726507 453669746 0  
  1626726508 453669746 0  
  1626726510 453669746 0  
  1626726511 453669746 0  
  1626726512 453669746 0  
  1626726513 453669746 0  
  1626726514 453669746 0  
  1626726515 453669838 0  
  1626726516 453669838 0  
  1626726517 453669838 0  
  1626726518 453669838 0  
  1626726519 453669838 0  
  1626726520 453669838 0  
  1626726521 453669838 0  
  1626726522 453669838 0  
  1626726523 453669838 0  
  1626726524 453669838 0  
  1626726525 453669838 0  
  1626726526 453669838 0  
  1626726527 453669838 0  
  1626726528 453669838 0  
  1626726529 453669838 0  
  1626726530 453669838 0  
  1626726531 453669838 0  
  1626726532 453669838 0  
  1626726533 453669838 0  
  1626726534 453669838 0  
  1626726535 453669838 0  
  1626726536 453669838 0  
  1626726537 453669838 0  
  1626726538 453669838 0  
  1626726539 453669838 0  
  1626726540 453669838 0  
  1626726541 453669838 0  
  1626726542 453669838 0  
  1626726543 453669838 0  
  1626726544 453669838 0  
  1626726545 453669838 0  
  1626726546 453669838 0  
  1626726547 453669838 0  
  1626726549 453669838 0  
  1626726550 453669838 0  
  1626726551 453669838 0  
  1626726552 453669838 0  
  1626726553 453669838 0  
  1626726554 453669838 0  
  1626726555 453669838 0  
  1626726556 453669838 0  
  1626726557 453669838 0  
  1626726558 453669838 0  
  1626726559 453669838 0  
  1626726560 453669838 0  
  1626726561 453669838 0  
  1626726562 453669838 0  
  1626726563 453669838 0  
  1626726564 453670434 0  
  1626726565 453670434 0  
  1626726566 453670434 0  
  1626726567 453670434 0  
  1626726568 453670434 0  
  1626726569 453670434 0  
  1626726570 453670434 0  
  1626726571 453670434 0  
  1626726572 453670434 0  
  1626726573 453670434 0  
  1626726574 453670434 0  
  1626726575 453670434 0  
  1626726576 453670434 0  
  1626726577 453670434 0  
  1626726578 453670434 0  
  1626726579 453670434 0  
  1626726580 453670434 0  
  1626726581 453670434 0  
  1626726582 453670434 0  
  1626726583 453670434 0  
  1626726584 453670434 0  
  1626726585 453670434 0  
  1626726586 453670434 0  
  1626726588 453670434 0  
  1626726589 453670434 0  
  1626726590 453670434 0  
  1626726591 453670434 0  
  1626726592 453670434 0  
  1626726593 453670434 0  
  1626726594 453670434 0  
  1626726595 453670772 0  
  1626726596 453670772 0  
  1626726597 453670772 0  
  1626726598 453670772 0  
  1626726599 453670772 0  
  1626726600 453670772 0  
  1626726601 453670772 0  
  1626726602 453670772 0  
  1626726603 453670772 0  
  1626726604 453670772 0  
  1626726605 453670772 0  
  1626726606 453670772 0  
  1626726607 453675405 0  
  1626726608 453675405 0  
  1626726609 453676113 0  
  1626726610 453676113 0  
  1626726611 453676113 0  
  1626726612 453676113 0  
  1626726613 453676113 0  
  1626726614 453676113 0  
  1626726615 453676113 0  
  1626726616 453676113 0  
  1626726617 453676113 0  
  1626726618 453676113 0  
  1626726619 453680422 0  
  1626726620 453682623 0  
  1626726621 453685379 0  
  1626726622 453691104 0  
  1626726623 453691428 0  
  1626726624 453692136 0  
  1626726625 453692136 0  
  1626726627 453692136 0  
  1626726628 453692136 0  
  1626726629 453692136 0  
  1626726630 453692136 0  
  1626726631 453692136 0  
  1626726632 453692136 0  
  1626726633 453692136 0  
  1626726634 453692136 0  
  1626726635 453692136 0  
  1626726636 453692136 0  
  1626726637 453692136 0  
  1626726638 453692136 0  
  1626726639 453692136 0  
  1626726640 453692493 0  
  1626726641 453692493 0  
  1626726642 453692493 0  
  1626726643 453692493 0  
  1626726644 453692493 0  
  1626726645 453692493 0  
  1626726646 453692493 0  
  1626726647 453692493 0  
  1626726648 453692493 0  
  1626726649 453692493 0  
  1626726650 453692493 0  
  1626726651 453692493 0  
  1626726652 453692493 0  
  1626726653 453692493 0  
  1626726654 453692493 0  
  1626726655 453692493 0  
  1626726656 453692493 0  
  1626726657 453692585 0  
  1626726658 453692585 0  
  1626726659 453692585 0  
  1626726660 453692585 0  
  1626726661 453692585 0  
  1626726662 453692585 0  
  1626726663 453692585 0  
  1626726664 453692585 0  
  1626726665 453697030 0  
  1626726667 453697438 0  
  1626726668 453697942 0  
  1626726669 453697942 0  
  1626726670 453697942 0  
  1626726671 453697942 0  
  1626726672 453697942 0  
  1626726673 453697942 0  
  1626726674 453697942 0  
  1626726675 453697942 0  
  1626726676 453697942 0  
  1626726677 453697942 0  
  1626726678 453697942 0  
  1626726679 453697942 0  
  1626726680 453697942 0  
  1626726681 453697942 0  
  1626726682 453697942 0  
  1626726683 453697942 0  
  1626726684 453697942 0  
  1626726685 453697942 0  
  1626726686 453697942 0  
  1626726687 453697942 0  
  1626726688 453697942 0  
  1626726689 453697942 0  
  1626726690 453697942 0  
  1626726691 453697942 0  
  1626726692 453697942 0  
  1626726693 453697942 0  
  1626726694 453697942 0  
  1626726695 453697942 0  
  1626726696 453697942 0  
  1626726697 453697942 0  
  1626726698 453697942 0  
  1626726699 453697942 0  
  1626726700 453697942 0  
  1626726701 453697942 0  
  1626726702 453697942 0  
  1626726703 453697942 0  
  1626726704 453697942 0  
  1626726706 453697942 0  
  1626726707 453697942 0  
  1626726708 453697942 0  
  1626726709 453697942 0  
  1626726710 453697942 0  
  1626726711 453697942 0  
  1626726712 453697942 0  
  1626726713 453697942 0  
  1626726714 453697942 0  
  1626726715 453697942 0  
  1626726716 453697942 0  
  1626726717 453697942 0  
  1626726718 453697942 0  
  1626726719 453697942 0  
  1626726720 453697942 0  
  1626726721 453697942 0  
  1626726722 453697942 0  
  1626726723 453697942 0  
  1626726724 453697942 0  
  1626726725 453697942 0  
  1626726726 453697942 0  
  1626726727 453697942 0  
  1626726728 453697942 0  
  1626726729 453697942 0  
  1626726730 453697942 0  
  1626726731 453697942 0  
  1626726732 453697942 0  
  1626726733 453697942 0  
  1626726734 453697942 0  
  1626726735 453697942 0  
  1626726736 453697942 0  
  1626726737 453697942 0  
  1626726738 453697942 0  
  1626726739 453697942 0  
  1626726740 453698280 0  
  1626726741 453698280 0  
  1626726742 453698280 0  
  1626726743 453698280 0  
  1626726745 453698280 0  
  1626726746 453698280 0  
  1626726747 453698280 0  
  1626726748 453698280 0  
  1626726749 453698280 0  
  1626726750 453698280 0  
  1626726751 453698280 0  
  1626726752 453698280 0  
  1626726753 453698280 0  
  1626726754 453698280 0  
  1626726755 453698280 0  
  1626726756 453698280 0  
  1626726757 453698280 0  
  1626726758 453698280 0  
  1626726759 453698280 0  
  1626726760 453698280 0  
  1626726761 453698280 0  
  1626726762 453698280 0  
  1626726763 453698280 0  
  1626726764 453699875 0  
  1626726765 453699875 0  
  1626726766 453699875 0  
  1626726767 453699875 0  
  1626726768 453699875 0  
  1626726769 453699875 0  
  1626726770 453701836 0  
  1626726771 453704508 0  
  1626726772 453704508 0  
  1626726773 453705216 0  
  1626726774 453705216 0  
  1626726775 453705308 0  
  1626726776 453705308 0  
  1626726777 453705308 0  
  1626726778 453705308 0  
  1626726779 453705308 0  
  1626726780 453705308 0  
  1626726781 453705308 0  
  1626726782 453705308 0  
  1626726784 453705308 0  
  1626726785 453705308 0  
  1626726786 453705308 0  
  1626726787 453705308 0  
  1626726788 453705308 0  
  1626726789 453705308 0  
  1626726790 453705308 0  
  1626726791 453705308 0  
  1626726792 453705308 0  
  1626726793 453705308 0  
  1626726794 453705308 0  
  1626726795 453705308 0  
  1626726796 453705308 0  
  1626726797 453705308 0  
  1626726798 453705308 0  
  1626726799 453705308 0  
  1626726800 453705308 0  
  1626726801 453705308 0  
  1626726802 453705308 0  
  1626726803 453705308 0  
  1626726804 453705308 0  
  1626726805 453705308 0  
  1626726806 453705308 0  
  1626726807 453705308 0  
  1626726808 453705308 0  
  1626726809 453705308 0  
  1626726810 453705308 0  
  1626726811 453705308 0  
  1626726812 453705308 0  
  1626726813 453705308 0  
  1626726814 453705308 0  
  1626726815 453705308 0  
  1626726816 453705308 0  
  1626726817 453705308 0  
  1626726818 453705308 0  
  1626726819 453705308 0  
  1626726820 453705308 0  
  1626726821 453705308 0  
  1626726822 453705308 0  
  1626726824 453705308 0  
  1626726825 453705308 0  
  1626726826 453705308 0  
  1626726827 453705308 0  
  1626726828 453705308 0  
  1626726829 453705308 0  
  1626726830 453705308 0  
  1626726831 453705308 0  
  1626726832 453705308 0  
  1626726833 453705308 0  
  1626726834 453705308 0  
  1626726835 453705308 0  
  1626726836 453705308 0  
  1626726837 453705308 0  
  1626726838 453705308 0  
  1626726839 453705308 0  
  1626726840 453705308 0  
  1626726841 453705308 0  
  1626726842 453705308 0  
  1626726843 453705308 0  
  1626726844 453705308 0  
  1626726845 453705308 0  
  1626726846 453705308 0  
  1626726847 453705308 0  
  1626726848 453705308 0  
  1626726849 453705308 0  
  1626726850 453705308 0  
  1626726851 453705308 0  
  1626726852 453705308 0  
  1626726853 453705308 0  
  1626726854 453705308 0  
  1626726855 453705308 0  
  1626726856 453705308 0  
  1626726857 453705308 0  
  1626726858 453705308 0  
  1626726859 453705308 0  
  1626726860 453705308 0  
  1626726861 453705308 0  
  1626726863 453705308 0  
  1626726864 453705308 0  
  1626726865 453705308 0  
  1626726866 453705308 0  
  1626726867 453705308 0  
  1626726868 453705308 0  
  1626726869 453705308 0  
  1626726870 453705308 0  
  1626726871 453705308 0  
  1626726872 453705308 0  
  1626726873 453705308 0  
  1626726874 453705308 0  
  1626726875 453705308 0  
  1626726876 453705308 0  
  1626726877 453705308 0  
  1626726878 453705308 0  
  1626726879 453705308 0  
  1626726880 453705308 0  
  1626726881 453705308 0  
  1626726882 453705308 0  
  1626726883 453705308 0  
  1626726884 453705308 0  
  1626726885 453705308 0  
  1626726886 453705308 0  
  1626726887 453705308 0  
  1626726888 453705308 0  
  1626726889 453705308 0  
  1626726890 453705646 0  
  1626726891 453705646 0  
  1626726892 453705646 0  
  1626726893 453705646 0  
  1626726894 453705646 0  
  1626726895 453705646 0  
  1626726896 453705646 0  
  1626726897 453705646 0  
  1626726898 453705646 0  
  1626726899 453705646 0  
  1626726901 453705646 0  
  1626726902 453705646 0  
  1626726903 453705646 0  
  1626726904 453705646 0  
  1626726905 453705646 0  
  1626726906 453709955 0  
  1626726907 453710279 0  
  1626726908 453710783 0  
  1626726909 453710851 0  
  1626726910 453710851 0  
  1626726911 453710851 0  
  1626726912 453710851 0  
  1626726913 453710851 0  
  1626726914 453710851 0  
  1626726915 453710851 0  
  1626726916 453710943 0  
  1626726917 453710943 0  
  1626726918 453710943 0  
  1626726919 453715252 0  
  1626726920 453719885 0  
  1626726921 453720849 0  
  1626726922 453723518 0  
  1626726923 453726190 0  
  1626726924 453726898 0  
  1626726925 453726898 0  
  1626726926 453726898 0  
  1626726927 453726898 0  
  1626726928 453726898 0  
  1626726929 453726898 0  
  1626726930 453726898 0  
  1626726931 453726898 0  
  1626726932 453726898 0  
  1626726933 453726898 0  
  1626726934 453726898 0  
  1626726935 453726898 0  
  1626726936 453726898 0  
  1626726937 453726898 0  
  1626726938 453726898 0  
  1626726940 453726898 0  
  1626726941 453727255 0  
  1626726942 453727255 0  
  1626726943 453727255 0  
  1626726944 453727255 0  
  1626726945 453727255 0  
  1626726946 453727255 0  
  1626726947 453727255 0  
  1626726948 453727255 0  
  1626726949 453727255 0  
  1626726950 453727255 0  
  1626726951 453727255 0  
  1626726952 453727255 0  
  1626726953 453727255 0  
  1626726954 453727255 0  
  1626726955 453727255 0  
  1626726956 453727255 0  
  1626726957 453727255 0  
  1626726958 453727255 0  
  1626726959 453727255 0  
  1626726960 453727255 0  
  1626726961 453727255 0  
  1626726962 453727255 0  
  1626726963 453727913 0  
  1626726964 453727913 0  
  1626726965 453727913 0  
  1626726966 453727913 0  
  1626726967 453727913 0  
  1626726968 453727913 0  
  1626726969 453727913 0  
  1626726970 453727913 0  
  1626726971 453727913 0  
  1626726972 453727913 0  
  1626726973 453727913 0  
  1626726974 453727913 0  
  1626726975 453727913 0  
  1626726976 453727913 0  
  1626726977 453727913 0  
  1626726979 453727913 0  
  1626726980 453727913 0  
  1626726981 453727913 0  
  1626726982 453727913 0  
  1626726983 453727913 0  
  1626726984 453727913 0  
  1626726985 453727913 0  
  1626726986 453727913 0  
  1626726987 453727913 0  
  1626726988 453727913 0  
  1626726989 453727913 0  
  1626726990 453727913 0  
  1626726991 453727913 0  
  1626726992 453727913 0  
  1626726993 453727913 0  
  1626726994 453727913 0  
  1626726995 453727913 0  
  1626726996 453727913 0  
  1626726997 453727913 0  
  1626726998 453727913 0  
  1626726999 453727913 0  
  1626727000 453727913 0  
  1626727001 453727913 0  
  1626727002 453727913 0  
  1626727003 453727913 0  
  1626727004 453727913 0  
  1626727005 453727913 0  
  1626727006 453727913 0  
  1626727007 453727913 0  
  1626727008 453727913 0  
  1626727009 453727913 0  
  1626727010 453727913 0  
  1626727011 453727913 0  
  1626727012 453727913 0  
  1626727013 453727913 0  
  1626727014 453727913 0  
  1626727015 453727913 0  
  1626727016 453727913 0  
  1626727017 453727913 0  
  1626727019 453727913 0  
  1626727020 453727913 0  
  1626727021 453727913 0  
  1626727022 453727913 0  
  1626727023 453727913 0  
  1626727024 453727913 0  
  1626727025 453727913 0  
  1626727026 453727913 0  
  1626727027 453727913 0  
  1626727028 453727913 0  
  1626727029 453727913 0  
  1626727030 453727913 0  
  1626727031 453727913 0  
  1626727032 453727913 0  
  1626727033 453727913 0  
  1626727034 453727913 0  
  1626727035 453727913 0  
  1626727036 453728005 0  
  1626727037 453728005 0  
  1626727038 453728005 0  
  1626727039 453728005 0  
  1626727040 453728343 0  
  1626727041 453728343 0  
  1626727042 453728343 0  
  1626727043 453728343 0  
  1626727044 453728343 0  
  1626727045 453728343 0  
  1626727046 453728343 0  
  1626727047 453728343 0  
  1626727048 453728343 0  
  1626727049 453728343 0  
  1626727050 453728343 0  
  1626727051 453728343 0  
  1626727052 453728343 0  
  1626727053 453728343 0  
  1626727054 453728343 0  
  1626727055 453728343 0  
  1626727057 453728343 0  
  1626727058 453728343 0  
  1626727059 453728343 0  
  1626727060 453728343 0  
  1626727061 453728343 0  
  1626727062 453728343 0  
  1626727063 453728343 0  
  1626727064 453728343 0  
  1626727065 453728343 0  
  1626727066 453728343 0  
  1626727067 453728343 0  
  1626727068 453728343 0  
  1626727069 453728343 0  
  1626727070 453732652 0  
  1626727071 453732976 0  
  1626727072 453733684 0  
  1626727073 453733684 0  
  1626727074 453733684 0  
  1626727075 453733684 0  
  1626727076 453733684 0  
  1626727077 453733684 0  
  1626727078 453733684 0  
  1626727079 453733684 0  
  1626727080 453733684 0  
  1626727081 453733684 0  
  1626727082 453733684 0  
  1626727083 453733684 0  
  1626727084 453733684 0  
  1626727085 453733684 0  
  1626727086 453733684 0  
  1626727087 453733684 0  
  1626727088 453733684 0  
  1626727089 453733684 0  
  1626727090 453733684 0  
  1626727091 453733684 0  
  1626727092 453733684 0  
  1626727093 453733684 0  
  1626727094 453733684 0  
  1626727095 453733684 0  
  1626727097 453733684 0  
  1626727098 453733684 0  
  1626727099 453733684 0  
  1626727100 453733684 0  
  1626727101 453733684 0  
  1626727102 453733684 0  
  1626727103 453733684 0  
  1626727104 453733684 0  
  1626727105 453733684 0  
  1626727106 453733684 0  
  1626727107 453733684 0  
  1626727108 453733684 0  
  1626727109 453733684 0  
  1626727110 453733684 0  
  1626727111 453733684 0  
  1626727112 453733684 0  
  1626727113 453733684 0  
  1626727114 453733684 0  
  1626727115 453733684 0  
  1626727116 453733684 0  
  1626727117 453733684 0  
  1626727118 453733684 0  
  1626727119 453733684 0  
  1626727120 453733684 0  
  1626727121 453733684 0  
  1626727122 453733684 0  
  1626727123 453733684 0  
  1626727124 453733684 0  
  1626727125 453733684 0  
  1626727126 453733684 0  
  1626727127 453733684 0  
  1626727128 453733684 0  
  1626727129 453733684 0  
  1626727130 453733684 0  
  1626727131 453733684 0  
  1626727132 453733684 0  
  1626727133 453733684 0  
  1626727134 453733684 0  
  1626727136 453733684 0  
  1626727137 453733684 0  
  1626727138 453733684 0  
  1626727139 453733684 0  
  1626727140 453733684 0  
  1626727141 453733684 0  
  1626727142 453733684 0  
  1626727143 453733684 0  
  1626727144 453733684 0  
  1626727145 453733684 0  
  1626727146 453733684 0  
  1626727147 453733684 0  
  1626727148 453733684 0  
  1626727149 453733684 0  
  1626727150 453733684 0  
  1626727151 453733684 0  
  1626727152 453733684 0  
  1626727153 453733684 0  
  1626727154 453733684 0  
  1626727155 453733684 0  
  1626727156 453733684 0  
  1626727157 453733684 0  
  1626727158 453733684 0  
  1626727159 453733684 0  
  1626727160 453733684 0  
  1626727161 453733684 0  
  1626727162 453733684 0  
  1626727163 453733684 0  
  1626727164 453734274 0  
  1626727165 453734274 0  
  1626727166 453734274 0  
  1626727167 453734274 0  
  1626727168 453734274 0  
  1626727169 453734274 0  
  1626727170 453734274 0  
  1626727171 453734274 0  
  1626727172 453734274 0  
  1626727173 453734274 0  
  1626727174 453734274 0  
  1626727176 453734274 0  
  1626727177 453734274 0  
  1626727178 453734366 0  
  1626727179 453734366 0  
  1626727180 453734366 0  
  1626727181 453734366 0  
  1626727182 453734366 0  
  1626727183 453734366 0  
  1626727184 453734366 0  
  1626727185 453734366 0  
  1626727186 453734366 0  
  1626727187 453734366 0  
  1626727188 453734366 0  
  1626727189 453734366 0  
  1626727190 453734366 0  
  1626727191 453734704 0  
  1626727192 453734704 0  
  1626727193 453734704 0  
  1626727194 453734704 0  
  1626727195 453734704 0  
  1626727196 453734704 0  
  1626727197 453734704 0  
  1626727198 453734704 0  
  1626727199 453734704 0  
  1626727200 453734704 0  
  1626727201 453734704 0  
  1626727202 453734704 0  
  1626727203 453734704 0  
  1626727204 453734704 0  
  1626727205 453734704 0  
  1626727206 453739013 0  
  1626727207 453739337 0  
  1626727208 453739977 0  
  1626727209 453739977 0  
  1626727210 453739977 0  
  1626727211 453739977 0  
  1626727212 453739977 0  
  1626727213 453739977 0  
  1626727214 453739977 0  
  1626727216 453739977 0  
  1626727217 453739977 0  
  1626727218 453739977 0  
  1626727219 453739977 0  
  1626727220 453744286 0  
  1626727221 453749243 0  
  1626727222 453749951 0  
  1626727223 453755224 0  
  1626727224 453755224 0  
  1626727225 453755932 0  
  1626727226 453755932 0  
  1626727227 453755932 0  
  1626727228 453755932 0  
  1626727229 453755932 0  
  1626727230 453755932 0  
  1626727231 453755932 0  
  1626727232 453755932 0  
  1626727233 453755932 0  
  1626727234 453756000 0  
  1626727235 453756000 0  
  1626727236 453756000 0  
  1626727237 453756000 0  
  1626727238 453756000 0  
  1626727239 453756000 0  
  1626727240 453757581 0  
  1626727241 453757581 0  
  1626727242 453757581 0  
  1626727243 453757581 0  
  1626727244 453757581 0  
  1626727245 453757581 0  
  1626727246 453757581 0  
  1626727247 453757581 0  
  1626727248 453757581 0  
  1626727249 453757581 0  
  1626727250 453757581 0  
  1626727251 453757581 0  
  1626727252 453757581 0  
  1626727253 453757581 0  
  1626727255 453757581 0  
  1626727256 453757581 0  
  1626727257 453757581 0  
  1626727258 453757581 0  
  1626727259 453757581 0  
  1626727260 453757581 0  
  1626727261 453757581 0  
  1626727262 453757581 0  
  1626727263 453757581 0  
  1626727264 453757581 0  
  1626727265 453757581 0  
  1626727266 453757581 0  
  1626727267 453757581 0  
  1626727268 453757581 0  
  1626727269 453757581 0  
  1626727270 453757581 0  
  1626727271 453757581 0  
  1626727272 453757581 0  
  1626727273 453757581 0  
  1626727274 453757581 0  
  1626727275 453757581 0  
  1626727276 453757581 0  
  1626727277 453757581 0  
  1626727278 453757581 0  
  1626727279 453757581 0  
  1626727280 453757581 0  
  1626727281 453757581 0  
  1626727282 453757581 0  
  1626727283 453757581 0  
  1626727284 453757581 0  
  1626727285 453757581 0  
  1626727286 453757581 0  
  1626727287 453757581 0  
  1626727288 453757581 0  
  1626727289 453757581 0  
  1626727290 453757581 0  
  1626727291 453757581 0  
  1626727292 453757581 0  
  1626727293 453757581 0  
  1626727295 453757673 0  
  1626727296 453757673 0  
  1626727297 453757673 0  
  1626727298 453757673 0  
  1626727299 453757673 0  
  1626727300 453757673 0  
  1626727301 453757673 0  
  1626727302 453757673 0  
  1626727303 453757673 0  
  1626727304 453757673 0  
  1626727305 453757673 0  
  1626727306 453757765 0  
  1626727307 453757765 0  
  1626727308 453757765 0  
  1626727309 453757765 0  
  1626727310 453757765 0  
  1626727311 453757765 0  
  1626727312 453757765 0  
  1626727313 453757765 0  
  1626727314 453757765 0  
  1626727315 453757765 0  
  1626727316 453757765 0  
  1626727317 453757765 0  
  1626727318 453757765 0  
  1626727319 453757765 0  
  1626727320 453757765 0  
  1626727321 453757765 0  
  1626727322 453757765 0  
  1626727323 453757765 0  
  1626727324 453757765 0  
  1626727325 453757765 0  
  1626727326 453757765 0  
  1626727327 453757765 0  
  1626727328 453757765 0  
  1626727329 453757765 0  
  1626727330 453757765 0  
  1626727331 453757765 0  
  1626727332 453757765 0  
  1626727333 453757765 0  
  1626727335 453757765 0  
  1626727336 453757765 0  
  1626727337 453757765 0  
  1626727338 453757765 0  
  1626727339 453757765 0  
  1626727340 453757765 0  
  1626727341 453757765 0  
  1626727342 453757765 0  
  1626727343 453757765 0  
  1626727344 453757765 0  
  1626727345 453757765 0  
  1626727346 453757765 0  
  1626727347 453757765 0  
  1626727348 453757765 0  
  1626727349 453757765 0  
  1626727350 453757765 0  
  1626727351 453757765 0  
  1626727352 453757765 0  
  1626727353 453757765 0  
  1626727354 453757765 0  
  1626727355 453757765 0  
  1626727356 453757765 0  
  1626727357 453757765 0  
  1626727358 453757765 0  
  1626727359 453757765 0  
  1626727360 453757765 0  
  1626727361 453757765 0  
  1626727362 453757765 0  
  1626727363 453758423 0  
  1626727364 453758423 0  
  1626727365 453758423 0  
  1626727366 453758423 0  
  1626727367 453758423 0  
  1626727368 453758423 0  
  1626727369 453758423 0  
 