 1627022265 502951270 0  
  1627022266 502951270 0  
  1627022267 502951270 0  
  1627022268 502951270 0  
  1627022269 502951270 0  
  1627022270 502951270 0  
  1627022271 502951270 0  
  1627022272 502951270 0  
  1627022273 502951270 0  
  1627022274 502951270 0  
  1627022275 502951270 0  
  1627022276 502951270 0  
  1627022277 502951270 0  
  1627022278 502951270 0  
  1627022279 502951270 0  
  1627022280 502951270 0  
  1627022281 502951270 0  
  1627022282 502951270 0  
  1627022283 502951270 0  
  1627022284 502951270 0  
  1627022285 502951270 0  
  1627022286 502951270 0  
  1627022287 502951270 0  
  1627022288 502951270 0  
  1627022289 502951270 0  
  1627022290 502951270 0  
  1627022291 502951270 0  
  1627022292 502951270 0  
  1627022293 502951270 0  
  1627022294 502951270 0  
  1627022296 502951270 0  
  1627022297 502951270 0  
  1627022298 502951270 0  
  1627022299 502951270 0  
  1627022300 502951270 0  
  1627022301 502951270 0  
  1627022302 502951270 0  
  1627022303 502951270 0  
  1627022304 502951270 0  
  1627022305 502951270 0  
  1627022306 502951270 0  
  1627022307 502951270 0  
  1627022308 502951270 0  
  1627022309 502951270 0  
  1627022310 502951270 0  
  1627022311 502951270 0  
  1627022312 502951270 0  
  1627022313 502951270 0  
  1627022314 502951270 0  
  1627022315 502951270 0  
  1627022316 502951270 0  
  1627022317 502951270 0  
  1627022318 502951270 0  
  1627022319 502951270 0  
  1627022320 502951270 0  
  1627022321 502953231 0  
  1627022322 502955903 0  
  1627022323 502955903 0  
  1627022324 502956611 0  
  1627022325 502956611 0  
  1627022326 502956611 0  
  1627022327 502956611 0  
  1627022328 502956611 0  
  1627022329 502956611 0  
  1627022330 502956611 0  
  1627022331 502956611 0  
  1627022332 502956611 0  
  1627022333 502956611 0  
  1627022334 502956611 0  
  1627022335 502956611 0  
  1627022337 502956611 0  
  1627022338 502956611 0  
  1627022339 502956611 0  
  1627022340 502956611 0  
  1627022341 502956611 0  
  1627022342 502956611 0  
  1627022343 502956611 0  
  1627022344 502956611 0  
  1627022345 502956611 0  
  1627022346 502956611 0  
  1627022347 502956611 0  
  1627022348 502956611 0  
  1627022349 502956611 0  
  1627022350 502956611 0  
  1627022351 502956611 0  
  1627022352 502956611 0  
  1627022353 502956611 0  
  1627022354 502956611 0  
  1627022355 502956611 0  
  1627022356 502956611 0  
  1627022357 502956611 0  
  1627022358 502956611 0  
  1627022359 502956611 0  
  1627022360 502956611 0  
  1627022361 502956611 0  
  1627022362 502956611 0  
  1627022363 502956611 0  
  1627022364 502956611 0  
  1627022365 502956611 0  
  1627022366 502956611 0  
  1627022367 502956611 0  
  1627022368 502956611 0  
  1627022369 502956611 0  
  1627022370 502957207 0  
  1627022371 502957207 0  
  1627022372 502957207 0  
  1627022373 502957207 0  
  1627022374 502957207 0  
  1627022375 502957207 0  
  1627022377 502957207 0  
  1627022378 502957207 0  
  1627022379 502957207 0  
  1627022380 502957207 0  
  1627022381 502957207 0  
  1627022382 502957207 0  
  1627022383 502957207 0  
  1627022384 502957207 0  
  1627022385 502957207 0  
  1627022386 502957207 0  
  1627022387 502957207 0  
  1627022388 502957207 0  
  1627022389 502957207 0  
  1627022390 502957207 0  
  1627022391 502957207 0  
  1627022392 502957207 0  
  1627022393 502957207 0  
  1627022394 502957207 0  
  1627022395 502957207 0  
  1627022396 502957207 0  
  1627022397 502957207 0  
  1627022398 502957207 0  
  1627022399 502957207 0  
  1627022400 502957207 0  
  1627022401 502957207 0  
  1627022402 502957207 0  
  1627022403 502957207 0  
  1627022404 502957207 0  
  1627022405 502957207 0  
  1627022406 502957207 0  
  1627022407 502957207 0  
  1627022408 502957207 0  
  1627022409 502957207 0  
  1627022410 502957207 0  
  1627022411 502957207 0  
  1627022412 502957207 0  
  1627022413 502957207 0  
  1627022414 502957207 0  
  1627022415 502957207 0  
  1627022417 502957207 0  
  1627022418 502957207 0  
  1627022419 502957207 0  
  1627022420 502957207 0  
  1627022421 502957207 0  
  1627022422 502957207 0  
  1627022423 502957207 0  
  1627022424 502957207 0  
  1627022425 502957207 0  
  1627022426 502957207 0  
  1627022427 502957207 0  
  1627022428 502957207 0  
  1627022429 502957207 0  
  1627022430 502957207 0  
  1627022431 502957207 0  
  1627022432 502957207 0  
  1627022433 502957207 0  
  1627022434 502957207 0  
  1627022435 502957207 0  
  1627022436 502957207 0  
  1627022437 502957207 0  
  1627022438 502957207 0  
  1627022439 502957207 0  
  1627022440 502957564 0  
  1627022441 502957564 0  
  1627022442 502957564 0  
  1627022443 502957564 0  
  1627022444 502957564 0  
  1627022445 502962197 0  
  1627022446 502962197 0  
  1627022447 502967674 0  
  1627022448 502967674 0  
  1627022449 502968314 0  
  1627022450 502968314 0  
  1627022451 502968314 0  
  1627022452 502968314 0  
  1627022453 502977512 0  
  1627022454 502977580 0  
  1627022455 502978996 0  
  1627022457 502978996 0  
  1627022458 502978996 0  
  1627022459 502978996 0  
  1627022460 502978996 0  
  1627022461 502978996 0  
  1627022462 502978996 0  
  1627022463 502978996 0  
  1627022464 502978996 0  
  1627022465 502978996 0  
  1627022466 502978996 0  
  1627022467 502978996 0  
  1627022468 502978996 0  
  1627022469 502978996 0  
  1627022470 502978996 0  
  1627022471 502978996 0  
  1627022472 502978996 0  
  1627022473 502978996 0  
  1627022474 502978996 0  
  1627022475 502978996 0  
  1627022476 502978996 0  
  1627022477 502978996 0  
  1627022478 502978996 0  
  1627022479 502978996 0  
  1627022480 502978996 0  
  1627022481 502978996 0  
  1627022482 502978996 0  
  1627022483 502978996 0  
  1627022484 502978996 0  
  1627022485 502978996 0  
  1627022486 502978996 0  
  1627022487 502978996 0  
  1627022488 502978996 0  
  1627022489 502978996 0  
  1627022490 502979088 0  
  1627022491 502979088 0  
  1627022492 502979088 0  
  1627022493 502979088 0  
  1627022494 502979088 0  
  1627022495 502979088 0  
  1627022497 502979088 0  
  1627022498 502979088 0  
  1627022499 502979088 0  
  1627022500 502979088 0  
  1627022501 502979088 0  
  1627022502 502979088 0  
  1627022503 502979088 0  
  1627022504 502979088 0  
  1627022505 502979088 0  
  1627022506 502979088 0  
  1627022507 502979088 0  
  1627022508 502979088 0  
  1627022509 502979088 0  
  1627022510 502979088 0  
  1627022511 502979088 0  
  1627022512 502979088 0  
  1627022513 502979088 0  
  1627022514 502979088 0  
  1627022515 502979088 0  
  1627022516 502979088 0  
  1627022517 502979088 0  
  1627022518 502979088 0  
  1627022519 502979088 0  
  1627022520 502979088 0  
  1627022521 502979088 0  
  1627022522 502979088 0  
  1627022523 502979088 0  
  1627022524 502979088 0  
  1627022525 502979088 0  
  1627022526 502979088 0  
  1627022527 502979088 0  
  1627022528 502979088 0  
  1627022529 502979088 0  
  1627022530 502979088 0  
  1627022531 502979088 0  
  1627022532 502979088 0  
  1627022533 502979088 0  
  1627022534 502979088 0  
  1627022535 502979088 0  
  1627022536 502979088 0  
  1627022538 502979088 0  
  1627022539 502979088 0  
  1627022540 502979088 0  
  1627022541 502979088 0  
  1627022542 502979088 0  
  1627022543 502979088 0  
  1627022544 502979088 0  
  1627022545 502979088 0  
  1627022546 502979088 0  
  1627022547 502979088 0  
  1627022548 502979088 0  
  1627022549 502979088 0  
  1627022550 502979088 0  
  1627022551 502979088 0  
  1627022552 502979088 0  
  1627022553 502979088 0  
  1627022554 502979088 0  
  1627022555 502979088 0  
  1627022556 502979088 0  
  1627022557 502979088 0  
  1627022558 502979088 0  
  1627022559 502979088 0  
  1627022560 502979088 0  
  1627022561 502979088 0  
  1627022562 502979088 0  
  1627022563 502979088 0  
  1627022564 502979088 0  
  1627022565 502979088 0  
  1627022566 502979088 0  
  1627022567 502979088 0  
  1627022568 502979088 0  
  1627022569 502979088 0  
  1627022570 502979684 0  
  1627022571 502979684 0  
  1627022572 502979740 0  
  1627022573 502979832 0  
  1627022574 502979832 0  
  1627022575 502979832 0  
  1627022576 502979832 0  
  1627022578 502979832 0  
  1627022579 502979832 0  
  1627022580 502979832 0  
  1627022581 502979832 0  
  1627022582 502979832 0  
  1627022583 502979832 0  
  1627022584 502979832 0  
  1627022585 502979832 0  
  1627022586 502979832 0  
  1627022587 502979832 0  
  1627022588 502979832 0  
  1627022589 502979832 0  
  1627022590 502979832 0  
  1627022591 502979832 0  
  1627022592 502979832 0  
  1627022593 502979832 0  
  1627022594 502979832 0  
  1627022595 502979832 0  
  1627022596 502979832 0  
  1627022597 502979832 0  
  1627022598 502979900 0  
  1627022599 502979900 0  
  1627022600 502979900 0  
  1627022601 502979900 0  
  1627022602 502979900 0  
  1627022603 502979900 0  
  1627022604 502981056 0  
  1627022605 502981056 0  
  1627022606 502981056 0  
  1627022607 502981056 0  
  1627022608 502981056 0  
  1627022609 502981056 0  
  1627022610 502981056 0  
  1627022611 502981056 0  
  1627022612 502981056 0  
  1627022613 502981056 0  
  1627022614 502981056 0  
  1627022615 502981056 0  
  1627022617 502981056 0  
  1627022618 502981056 0  
  1627022619 502981056 0  
  1627022620 502981056 0  
  1627022621 502981056 0  
  1627022622 502985365 0  
  1627022623 502985689 0  
  1627022624 502986397 0  
  1627022625 502986397 0  
  1627022626 502986397 0  
  1627022627 502986397 0  
  1627022628 502986397 0  
  1627022629 502986397 0  
  1627022630 502986397 0  
  1627022631 502986397 0  
  1627022632 502986397 0  
  1627022633 502986397 0  
  1627022634 502986397 0  
  1627022635 502986397 0  
  1627022636 502986397 0  
  1627022637 502986397 0  
  1627022638 502986397 0  
  1627022639 502986397 0  
  1627022640 502986397 0  
  1627022641 502986397 0  
  1627022642 502986397 0  
  1627022643 502986397 0  
  1627022644 502986397 0  
  1627022645 502986397 0  
  1627022646 502986397 0  
  1627022647 502986397 0  
  1627022648 502986397 0  
  1627022649 502986397 0  
 