 1627436643 563538760 0  
  1627436644 563538760 0  
  1627436645 563538760 0  
  1627436646 563538760 0  
  1627436647 563538760 0  
  1627436648 563538760 0  
  1627436649 563538760 0  
  1627436650 563538760 0  
  1627436651 563538760 0  
  1627436652 563538760 0  
  1627436653 563538760 0  
  1627436654 563538760 0  
  1627436655 563538760 0  
  1627436656 563538760 0  
  1627436657 563538760 0  
  1627436658 563538852 0  
  1627436659 563538852 0  
  1627436660 563538852 0  
  1627436661 563538852 0  
  1627436662 563538852 0  
  1627436663 563538852 0  
  1627436664 563538852 0  
  1627436665 563538852 0  
  1627436666 563538852 0  
  1627436667 563538852 0  
  1627436669 563538852 0  
  1627436670 563538852 0  
  1627436671 563538852 0  
  1627436672 563538852 0  
  1627436673 563538852 0  
  1627436674 563539190 0  
  1627436675 563539190 0  
  1627436676 563539190 0  
  1627436677 563539190 0  
  1627436678 563539190 0  
  1627436679 563539190 0  
  1627436680 563539282 0  
  1627436681 563539282 0  
  1627436682 563539282 0  
  1627436683 563539282 0  
  1627436684 563539282 0  
  1627436685 563539282 0  
  1627436686 563539282 0  
  1627436687 563539282 0  
  1627436688 563539282 0  
  1627436689 563539282 0  
  1627436690 563539282 0  
  1627436691 563539282 0  
  1627436692 563539282 0  
  1627436693 563539282 0  
  1627436694 563539282 0  
  1627436695 563539282 0  
  1627436696 563539282 0  
  1627436697 563539282 0  
  1627436698 563539282 0  
  1627436699 563539282 0  
  1627436700 563539282 0  
  1627436701 563539282 0  
  1627436702 563539282 0  
  1627436703 563539282 0  
  1627436704 563539282 0  
  1627436705 563539282 0  
  1627436706 563539282 0  
  1627436707 563539282 0  
  1627436709 563539282 0  
  1627436710 563539282 0  
  1627436711 563539282 0  
  1627436712 563539282 0  
  1627436713 563539282 0  
  1627436714 563539282 0  
  1627436715 563539282 0  
  1627436716 563539282 0  
  1627436717 563539282 0  
  1627436718 563539620 0  
  1627436719 563539620 0  
  1627436720 563539620 0  
  1627436721 563539620 0  
  1627436722 563539620 0  
  1627436723 563539620 0  
  1627436724 563539620 0  
  1627436725 563539620 0  
  1627436726 563539620 0  
  1627436727 563539620 0  
  1627436728 563539620 0  
  1627436729 563539620 0  
  1627436730 563539620 0  
  1627436731 563539620 0  
  1627436732 563539620 0  
  1627436733 563539620 0  
  1627436734 563539620 0  
  1627436735 563539620 0  
  1627436736 563539620 0  
  1627436737 563539620 0  
  1627436738 563539620 0  
  1627436739 563539620 0  
  1627436740 563628839 0  
  1627436741 563789068 0  
  1627436742 563789068 0  
  1627436743 563789187 0  
  1627436744 563789187 0  
  1627436745 563789187 0  
  1627436746 563789187 0  
  1627436747 563789187 0  
  1627436749 563789187 0  
  1627436750 563789187 0  
  1627436751 563789187 0  
  1627436752 563789187 0  
  1627436753 563789187 0  
  1627436754 563789187 0  
  1627436755 563789187 0  
  1627436756 563789187 0  
  1627436757 563789187 0  
  1627436758 563789187 0  
  1627436759 563789187 0  
  1627436760 563789187 0  
  1627436761 563789187 0  
  1627436762 563789187 0  
  1627436763 563789187 0  
  1627436764 563789187 0  
  1627436765 563789187 0  
  1627436766 563789187 0  
  1627436767 563789187 0  
  1627436768 563789187 0  
  1627436769 563789187 0  
  1627436770 563789187 0  
  1627436771 563789187 0  
  1627436772 563789187 0  
  1627436773 563789187 0  
  1627436774 563789187 0  
  1627436775 563789187 0  
  1627436776 563789187 0  
  1627436777 563789187 0  
  1627436778 563789187 0  
  1627436779 563790782 0  
  1627436780 563790782 0  
  1627436781 563790782 0  
  1627436782 563790782 0  
  1627436783 563790782 0  
  1627436784 563790782 0  
  1627436785 563790782 0  
  1627436786 563790782 0  
  1627436787 563790782 0  
  1627436789 563790782 0  
  1627436790 563790782 0  
  1627436791 563790782 0  
  1627436792 563790782 0  
  1627436793 563790782 0  
  1627436794 563790782 0  
  1627436795 563790782 0  
  1627436796 563790782 0  
  1627436797 563790782 0  
  1627436798 563790782 0  
  1627436799 563790782 0  
  1627436800 563790782 0  
  1627436801 563790782 0  
  1627436802 563790782 0  
  1627436803 563790782 0  
  1627436804 563790782 0  
  1627436805 563790782 0  
  1627436806 563790782 0  
  1627436807 563790782 0  
  1627436808 563790782 0  
  1627436809 563790782 0  
  1627436810 563790782 0  
  1627436811 563790782 0  
  1627436812 563790782 0  
  1627436813 563790782 0  
  1627436814 563790782 0  
  1627436815 563790782 0  
  1627436816 563790782 0  
  1627436817 563790782 0  
  1627436818 563790782 0  
  1627436819 563790782 0  
  1627436820 563790782 0  
  1627436821 563790782 0  
  1627436822 563790782 0  
  1627436823 563790782 0  
  1627436824 563790782 0  
  1627436825 563790782 0  
  1627436826 563790782 0  
  1627436827 563790782 0  
  1627436829 563795347 0  
  1627436830 563795415 0  
  1627436831 563796123 0  
  1627436832 563796123 0  
  1627436833 563796123 0  
  1627436834 563796123 0  
  1627436835 563796123 0  
  1627436836 563796123 0  
  1627436837 563796123 0  
  1627436838 563796123 0  
  1627436839 563796123 0  
  1627436840 563796123 0  
  1627436841 563796123 0  
  1627436842 563796123 0  
  1627436843 563796123 0  
  1627436844 563796123 0  
  1627436845 563796123 0  
  1627436846 563796123 0  
  1627436847 563796123 0  
  1627436848 563796123 0  
  1627436849 563796123 0  
  1627436850 563796123 0  
  1627436851 563796123 0  
  1627436852 563796123 0  
  1627436853 563796123 0  
  1627436854 563796123 0  
  1627436855 563796267 0  
  1627436856 563800756 0  
  1627436857 563800756 0  
  1627436858 563801464 0  
  1627436859 563801464 0  
  1627436860 563801464 0  
  1627436861 563801464 0  
  1627436862 563801464 0  
  1627436863 563801464 0  
  1627436864 563801464 0  
  1627436865 563801464 0  
  1627436866 563801464 0  
  1627436867 563801464 0  
  1627436869 563801802 0  
  1627436870 563801802 0  
  1627436871 563801802 0  
  1627436872 563801802 0  
  1627436873 563801802 0  
  1627436874 563801802 0  
  1627436875 563801802 0  
  1627436876 563801802 0  
  1627436877 563801802 0  
  1627436878 563801802 0  
  1627436879 563801802 0  
  1627436880 563801802 0  
  1627436881 563801802 0  
  1627436882 563801802 0  
  1627436883 563801802 0  
  1627436884 563801802 0  
  1627436885 563801802 0  
  1627436886 563801802 0  
  1627436887 563801802 0  
  1627436888 563801802 0  
  1627436889 563801802 0  
  1627436890 563801802 0  
  1627436891 563801802 0  
  1627436892 563801802 0  
  1627436893 563801802 0  
  1627436894 563801802 0  
  1627436895 563801802 0  
  1627436896 563801802 0  
  1627436897 563801802 0  
  1627436898 563801802 0  
  1627436899 563810420 0  
  1627436900 563811068 0  
  1627436901 563812484 0  
  1627436902 563812484 0  
  1627436903 563812484 0  
  1627436904 563812484 0  
  1627436905 563812484 0  
  1627436906 563812484 0  
  1627436907 563812484 0  
  1627436909 563812484 0  
  1627436910 563812484 0  
  1627436911 563812484 0  
  1627436912 563812484 0  
  1627436913 563812484 0  
  1627436914 563812484 0  
  1627436915 563812484 0  
  1627436916 563812484 0  
  1627436917 563812484 0  
  1627436918 563812484 0  
  1627436919 563812484 0  
  1627436920 563812484 0  
  1627436921 563812484 0  
  1627436922 563812484 0  
  1627436923 563812484 0  
  1627436924 563812484 0  
  1627436925 563812484 0  
  1627436926 563812484 0  
  1627436927 563812484 0  
  1627436928 563812484 0  
  1627436929 563812484 0  
  1627436930 563812484 0  
  1627436931 563812484 0  
  1627436932 563812484 0  
  1627436933 563812484 0  
  1627436934 563812484 0  
  1627436935 563812484 0  
  1627436936 563812484 0  
  1627436937 563812484 0  
  1627436938 563816793 0  
  1627436939 563817117 0  
  1627436940 563817689 0  
  1627436941 563817689 0  
  1627436942 563817689 0  
  1627436943 563817689 0  
  1627436944 563817689 0  
  1627436945 563817689 0  
  1627436946 563817689 0  
  1627436947 563817689 0  
  1627436949 563817689 0  
  1627436950 563817689 0  
  1627436951 563817689 0  
  1627436952 563817689 0  
  1627436953 563817689 0  
  1627436954 563817689 0  
  1627436955 563817689 0  
  1627436956 563817689 0  
  1627436957 563817689 0  
  1627436958 563817689 0  
  1627436959 563817689 0  
  1627436960 563817689 0  
  1627436961 563817689 0  
  1627436962 563817689 0  
  1627436963 563817689 0  
  1627436964 563817689 0  
  1627436965 563817689 0  
 