 1627015485 508594569 82307  
  1627015486 508594569 82307  
  1627015487 508594569 82307  
  1627015488 508594569 82307  
  1627015489 508594569 82307  
  1627015490 508594569 82307  
  1627015491 508594569 82307  
  1627015492 508594569 82307  
  1627015493 508594569 82307  
  1627015494 508594569 82307  
  1627015495 508594569 82307  
  1627015496 508594569 82307  
  1627015497 508594569 82307  
  1627015498 508594569 82307  
  1627015499 508594569 82307  
  1627015500 508594569 82307  
  1627015501 508594569 82307  
  1627015502 508594569 82307  
  1627015503 508594569 82307  
  1627015504 508594569 82307  
  1627015505 508594569 82307  
  1627015506 508594569 82307  
  1627015507 508594569 82307  
  1627015508 508594569 82307  
  1627015509 508594569 82307  
  1627015510 508594569 82307  
  1627015511 508594569 82307  
  1627015512 508594569 82307  
  1627015513 508594569 82307  
  1627015514 508594569 82307  
  1627015515 508594569 82307  
  1627015516 508594569 82307  
  1627015517 508594569 82307  
  1627015518 508594569 82307  
  1627015519 508594569 82307  
  1627015520 508594569 82307  
  1627015522 508594569 82307  
  1627015523 508594569 82307  
  1627015524 508594569 82307  
  1627015525 508594569 82307  
  1627015526 508594569 82307  
  1627015527 508594569 82307  
  1627015528 508594569 82307  
  1627015529 508594569 82307  
  1627015530 508594569 82307  
  1627015531 508594569 82307  
  1627015532 508594569 82307  
  1627015533 508594569 82307  
  1627015534 508594569 82307  
  1627015535 508594569 82307  
  1627015536 508594569 82307  
  1627015537 508594569 82307  
  1627015538 508594569 82307  
  1627015539 508594569 82307  
  1627015540 508594926 82307  
  1627015541 508594926 82307  
  1627015542 508594926 82307  
  1627015543 508594926 82307  
  1627015544 508594926 82307  
  1627015545 508596803 82307  
  1627015546 508599559 82307  
  1627015547 508604124 82307  
  1627015548 508604900 82307  
  1627015549 508605608 82307  
  1627015550 508605608 82307  
  1627015551 508605608 82307  
  1627015552 508605608 82307  
  1627015553 508614874 82307  
  1627015554 508614874 82307  
  1627015555 508616086 82307  
  1627015556 508616086 82307  
  1627015557 508616086 82307  
  1627015558 508616086 82307  
  1627015559 508616086 82307  
  1627015561 508616086 82307  
  1627015562 508616086 82307  
  1627015563 508616086 82307  
  1627015564 508616086 82307  
  1627015565 508616086 82307  
  1627015566 508616086 82307  
  1627015567 508616086 82307  
  1627015568 508616086 82307  
  1627015569 508616086 82307  
  1627015570 508616086 82307  
  1627015571 508616086 82307  
  1627015572 508616086 82307  
  1627015573 508616086 82307  
  1627015574 508616086 82307  
  1627015575 508616086 82307  
  1627015576 508616086 82307  
  1627015577 508616086 82307  
  1627015578 508616086 82307  
  1627015579 508616086 82307  
  1627015580 508616086 82307  
  1627015581 508616086 82307  
  1627015582 508616086 82307  
  1627015583 508616086 82307  
  1627015584 508616086 82307  
  1627015585 508616086 82307  
  1627015586 508616086 82307  
  1627015587 508616086 82307  
  1627015588 508616086 82307  
  1627015589 508616086 82307  
  1627015590 508616086 82307  
  1627015591 508616086 82307  
  1627015592 508616086 82307  
  1627015593 508616086 82307  
  1627015594 508616086 82307  
  1627015595 508616086 82307  
  1627015596 508616086 82307  
  1627015597 508616086 82307  
  1627015598 508616086 82307  
  1627015600 508616086 82307  
  1627015601 508616086 82307  
  1627015602 508616086 82307  
  1627015603 508616086 82307  
  1627015604 508616086 82307  
  1627015605 508616086 82307  
  1627015606 508616086 82307  
  1627015607 508616086 82307  
  1627015608 508616086 82307  
  1627015609 508616086 82307  
  1627015610 508616086 82307  
  1627015611 508616086 82307  
  1627015612 508616086 82307  
  1627015613 508616086 82307  
  1627015614 508616086 82307  
  1627015615 508616086 82307  
  1627015616 508616086 82307  
  1627015617 508616086 82307  
  1627015618 508616086 82307  
  1627015619 508616086 82307  
  1627015620 508616086 82307  
  1627015621 508616086 82307  
  1627015622 508616086 82307  
  1627015623 508616086 82307  
  1627015624 508616086 82307  
  1627015625 508616086 82307  
  1627015626 508616086 82307  
  1627015627 508616086 82307  
  1627015628 508616086 82307  
  1627015629 508616086 82307  
  1627015630 508616086 82307  
  1627015631 508616086 82307  
  1627015632 508616086 82307  
  1627015633 508616086 82307  
  1627015634 508616086 82307  
  1627015635 508616086 82307  
  1627015636 508616086 82307  
  1627015637 508616086 82307  
  1627015638 508616086 82307  
  1627015640 508616086 82307  
  1627015641 508616086 82307  
  1627015642 508616086 82307  
  1627015643 508616086 82307  
  1627015644 508616086 82307  
  1627015645 508616086 82307  
  1627015646 508616086 82307  
  1627015647 508616086 82307  
  1627015648 508616086 82307  
  1627015649 508616086 82307  
  1627015650 508616086 82307  
  1627015651 508616086 82307  
  1627015652 508616086 82307  
  1627015653 508616086 82307  
  1627015654 508616086 82307  
  1627015655 508616086 82307  
  1627015656 508616086 82307  
  1627015657 508616086 82307  
  1627015658 508616086 82307  
  1627015659 508616086 82307  
  1627015660 508616086 82307  
  1627015661 508616086 82307  
  1627015662 508616086 82307  
  1627015663 508616086 82307  
  1627015664 508616086 82307  
  1627015665 508616086 82307  
  1627015666 508616086 82307  
  1627015667 508616086 82307  
  1627015668 508616086 82307  
  1627015669 508616086 82307  
  1627015670 508616682 82307  
  1627015671 508616682 82307  
  1627015672 508616682 82307  
  1627015673 508616682 82307  
  1627015674 508616682 82307  
  1627015675 508616682 82307  
  1627015676 508616682 82307  
  1627015677 508616682 82307  
  1627015679 508616682 82307  
  1627015680 508616682 82307  
  1627015681 508616682 82307  
  1627015682 508616682 82307  
  1627015683 508616682 82307  
  1627015684 508616682 82307  
  1627015685 508616682 82307  
  1627015686 508616682 82307  
  1627015687 508616682 82307  
  1627015688 508616682 82307  
  1627015689 508616682 82307  
  1627015690 508616682 82307  
  1627015691 508616682 82307  
  1627015692 508616682 82307  
  1627015693 508616682 82307  
  1627015694 508616682 82307  
  1627015695 508616682 82307  
  1627015696 508616682 82307  
  1627015697 508616682 82307  
  1627015698 508616682 82307  
  1627015699 508616682 82307  
  1627015700 508616682 82307  
  1627015701 508616682 82307  
  1627015702 508616682 82307  
  1627015703 508616682 82307  
  1627015704 508616682 82307  
  1627015705 508616682 82307  
  1627015706 508616682 82307  
  1627015707 508616682 82307  
  1627015708 508616682 82307  
  1627015709 508616682 82307  
  1627015710 508616682 82307  
  1627015711 508616682 82307  
  1627015712 508616682 82307  
  1627015713 508616682 82307  
  1627015714 508616682 82307  
  1627015715 508616682 82307  
  1627015716 508616682 82307  
  1627015717 508616682 82307  
  1627015719 508616682 82307  
  1627015720 508616682 82307  
  1627015721 508620991 82307  
  1627015722 508621315 82307  
  1627015723 508621315 82307  
  1627015724 508622023 82307  
  1627015725 508622023 82307  
  1627015726 508622023 82307  
  1627015727 508622023 82307  
  1627015728 508622023 82307  
  1627015729 508622023 82307  
  1627015730 508622023 82307  
  1627015731 508622023 82307  
  1627015732 508622023 82307  
  1627015733 508622023 82307  
  1627015734 508622023 82307  
  1627015735 508622023 82307  
  1627015736 508622023 82307  
  1627015737 508622023 82307  
  1627015738 508622023 82307  
  1627015739 508622023 82307  
  1627015740 508622023 82307  
  1627015741 508622023 82307  
  1627015742 508622023 82307  
  1627015743 508622023 82307  
  1627015744 508622023 82307  
  1627015745 508622023 82307  
  1627015746 508622023 82307  
  1627015747 508622023 82307  
  1627015748 508622023 82307  
  1627015749 508622023 82307  
  1627015750 508622023 82307  
  1627015751 508622023 82307  
  1627015752 508622023 82307  
  1627015753 508622023 82307  
  1627015754 508622023 82307  
  1627015755 508622023 82307  
  1627015756 508622023 82307  
  1627015758 508622023 82307  
  1627015759 508622023 82307  
  1627015760 508622023 82307  
  1627015761 508622115 82307  
  1627015762 508622115 82307  
  1627015763 508622115 82307  
  1627015764 508622115 82307  
  1627015765 508622115 82307  
  1627015766 508622115 82307  
  1627015767 508622115 82307  
  1627015768 508622115 82307  
  1627015769 508622115 82307  
  1627015770 508622115 82307  
  1627015771 508622115 82307  
  1627015772 508622115 82307  
  1627015773 508622115 82307  
  1627015774 508622115 82307  
  1627015775 508622115 82307  
  1627015776 508622115 82307  
  1627015777 508622115 82307  
  1627015778 508622115 82307  
  1627015779 508622115 82307  
  1627015780 508622115 82307  
  1627015781 508622207 82307  
  1627015782 508622207 82307  
  1627015783 508622207 82307  
  1627015784 508622207 82307  
  1627015785 508622207 82307  
  1627015786 508622207 82307  
  1627015787 508622207 82307  
  1627015788 508622207 82307  
  1627015789 508622207 82307  
  1627015790 508622207 82307  
  1627015791 508622207 82307  
  1627015792 508622207 82307  
  1627015793 508622207 82307  
  1627015794 508622207 82307  
  1627015795 508622207 82307  
  1627015796 508622207 82307  
  1627015798 508622207 82307  
  1627015799 508622207 82307  
  1627015800 508622207 82307  
  1627015801 508622207 82307  
  1627015802 508622207 82307  
  1627015803 508622207 82307  
  1627015804 508622207 82307  
  1627015805 508622207 82307  
  1627015806 508622207 82307  
  1627015807 508622207 82307  
  1627015808 508622207 82307  
  1627015809 508622207 82307  
  1627015810 508622207 82307  
  1627015811 508622207 82307  
  1627015812 508622207 82307  
  1627015813 508622207 82307  
  1627015814 508622207 82307  
  1627015815 508622207 82307  
  1627015816 508622207 82307  
  1627015817 508622207 82307  
  1627015818 508622207 82307  
  1627015819 508622207 82307  
  1627015820 508622207 82307  
  1627015821 508622207 82307  
  1627015822 508622207 82307  
  1627015823 508622207 82307  
  1627015824 508622207 82307  
  1627015825 508622207 82307  
  1627015826 508622207 82307  
  1627015827 508622207 82307  
  1627015828 508622207 82307  
  1627015829 508622207 82307  
  1627015830 508622207 82307  
  1627015831 508622207 82307  
  1627015832 508622207 82307  
  1627015833 508622207 82307  
  1627015834 508622207 82307  
  1627015835 508622207 82307  
  1627015837 508622207 82307  
  1627015838 508622207 82307  
  1627015839 508622207 82307  
  1627015840 508622564 82307  
  1627015841 508622564 82307  
  1627015842 508622564 82307  
  1627015843 508622564 82307  
  1627015844 508622564 82307  
  1627015845 508626873 82307  
  1627015846 508627197 82307  
  1627015847 508627197 82307  
  1627015848 508632538 82307  
  1627015849 508632538 82307  
  1627015850 508633246 82307  
  1627015851 508633246 82307  
  1627015852 508633246 82307  
  1627015853 508635207 82307  
  1627015854 508642512 82307  
  1627015855 508643220 82307  
  1627015856 508643928 82307  
  1627015857 508643928 82307  
  1627015858 508643928 82307  
  1627015859 508643928 82307  
  1627015860 508643928 82307  
  1627015861 508643928 82307  
  1627015862 508643928 82307  
  1627015863 508643928 82307  
  1627015864 508643928 82307  
  1627015865 508643928 82307  
  1627015866 508643928 82307  
  1627015867 508643928 82307  
  1627015868 508643928 82307  
  1627015869 508643928 82307  
  1627015870 508644524 82307  
  1627015871 508644524 82307  
  1627015872 508644524 82307  
  1627015873 508644524 82307  
  1627015874 508644524 82307  
  1627015876 508644524 82307  
  1627015877 508644524 82307  
  1627015878 508644524 82307  
  1627015879 508644524 82307  
  1627015880 508644524 82307  
  1627015881 508644524 82307  
  1627015882 508644524 82307  
  1627015883 508644524 82307  
  1627015884 508644524 82307  
  1627015885 508644524 82307  
  1627015886 508644524 82307  
  1627015887 508644524 82307  
  1627015888 508644524 82307  
  1627015889 508644524 82307  
  1627015890 508644524 82307  
  1627015891 508644524 82307  
  1627015892 508644524 82307  
  1627015893 508644524 82307  
  1627015894 508644524 82307  
  1627015895 508644524 82307  
  1627015896 508644524 82307  
  1627015897 508644524 82307  
  1627015898 508644524 82307  
  1627015899 508644524 82307  
  1627015900 508644524 82307  
  1627015901 508644524 82307  
  1627015902 508644524 82307  
  1627015903 508644524 82307  
  1627015904 508644524 82307  
  1627015905 508644524 82307  
  1627015906 508644524 82307  
  1627015907 508644524 82307  
  1627015908 508644524 82307  
  1627015909 508644524 82307  
  1627015910 508644524 82307  
  1627015911 508644524 82307  
  1627015912 508644524 82307  
  1627015913 508644524 82307  
  1627015914 508644524 82307  
  1627015916 508644524 82307  
  1627015917 508644524 82307  
  1627015918 508644524 82307  
  1627015919 508644524 82307  
  1627015920 508644524 82307  
  1627015921 508644524 82307  
  1627015922 508644524 82307  
  1627015923 508644524 82307  
  1627015924 508644524 82307  
  1627015925 508644524 82307  
  1627015926 508644524 82307  
  1627015927 508644524 82307  
  1627015928 508644524 82307  
  1627015929 508644524 82307  
  1627015930 508644524 82307  
  1627015931 508644524 82307  
  1627015932 508644524 82307  
  1627015933 508644524 82307  
  1627015934 508644524 82307  
  1627015935 508644524 82307  
  1627015936 508644524 82307  
  1627015937 508644524 82307  
  1627015938 508644524 82307  
  1627015939 508644524 82307  
  1627015940 508644524 82307  
  1627015941 508644524 82307  
  1627015942 508644524 82307  
  1627015943 508644524 82307  
  1627015944 508644524 82307  
  1627015945 508644524 82307  
  1627015946 508644524 82307  
  1627015947 508644524 82307  
  1627015948 508644524 82307  
  1627015949 508644524 82307  
  1627015950 508644524 82307  
  1627015951 508644524 82307  
  1627015952 508644524 82307  
 