 1627024803 503489813 0  
  1627024804 503489813 0  
  1627024805 503489813 0  
  1627024806 503489813 0  
  1627024807 503489813 0  
  1627024808 503489813 0  
  1627024809 503489813 0  
  1627024810 503489813 0  
  1627024811 503489813 0  
  1627024812 503489813 0  
  1627024813 503489813 0  
  1627024814 503489813 0  
  1627024815 503489813 0  
  1627024816 503489813 0  
  1627024817 503489813 0  
  1627024818 503489813 0  
  1627024819 503489813 0  
  1627024820 503489813 0  
  1627024821 503489813 0  
  1627024822 503489813 0  
  1627024823 503489813 0  
  1627024824 503489813 0  
  1627024826 503489813 0  
  1627024827 503489813 0  
  1627024828 503489813 0  
  1627024829 503489813 0  
  1627024830 503489813 0  
  1627024831 503489813 0  
  1627024832 503489813 0  
  1627024833 503489813 0  
  1627024834 503489813 0  
  1627024835 503489813 0  
  1627024836 503489813 0  
  1627024837 503489813 0  
  1627024838 503489813 0  
  1627024839 503489813 0  
  1627024840 503490170 0  
  1627024841 503490170 0  
  1627024842 503490170 0  
  1627024843 503490170 0  
  1627024844 503490170 0  
  1627024845 503490170 0  
  1627024846 503494479 0  
  1627024847 503494803 0  
  1627024848 503500144 0  
  1627024849 503500144 0  
  1627024850 503500852 0  
  1627024851 503500852 0  
  1627024852 503500852 0  
  1627024853 503500852 0  
  1627024854 503508382 0  
  1627024855 503510758 0  
  1627024856 503511398 0  
  1627024857 503511398 0  
  1627024858 503511398 0  
  1627024859 503511398 0  
  1627024860 503511398 0  
  1627024861 503511398 0  
  1627024862 503511398 0  
  1627024863 503511398 0  
  1627024864 503511398 0  
  1627024866 503511398 0  
  1627024867 503511398 0  
  1627024868 503511398 0  
  1627024869 503511398 0  
  1627024870 503511398 0  
  1627024871 503511398 0  
  1627024872 503511398 0  
  1627024873 503511398 0  
  1627024874 503511398 0  
  1627024875 503511398 0  
  1627024876 503511398 0  
  1627024877 503511398 0  
  1627024878 503511398 0  
  1627024879 503511398 0  
  1627024880 503511398 0  
  1627024881 503511398 0  
  1627024882 503511398 0  
  1627024883 503511398 0  
  1627024884 503511398 0  
  1627024885 503511398 0  
  1627024886 503511398 0  
  1627024887 503511398 0  
  1627024888 503511398 0  
  1627024889 503511398 0  
  1627024890 503511398 0  
  1627024891 503511398 0  
  1627024892 503511398 0  
  1627024893 503511398 0  
  1627024894 503511398 0  
  1627024895 503511398 0  
  1627024896 503511398 0  
  1627024897 503511398 0  
  1627024898 503511398 0  
  1627024899 503511398 0  
  1627024900 503511398 0  
  1627024901 503511398 0  
  1627024902 503511398 0  
  1627024903 503511398 0  
  1627024904 503511398 0  
  1627024906 503511398 0  
  1627024907 503511398 0  
  1627024908 503511398 0  
  1627024909 503511398 0  
  1627024910 503511398 0  
  1627024911 503511398 0  
  1627024912 503511398 0  
  1627024913 503511398 0  
  1627024914 503511398 0  
  1627024915 503511398 0  
  1627024916 503511398 0  
  1627024917 503511398 0  
  1627024918 503511398 0  
  1627024919 503511398 0  
  1627024920 503511398 0  
  1627024921 503511398 0  
  1627024922 503511398 0  
  1627024923 503511398 0  
  1627024924 503511398 0  
  1627024925 503511398 0  
  1627024926 503511398 0  
  1627024927 503511398 0  
  1627024928 503511398 0  
  1627024929 503511398 0  
  1627024930 503511398 0  
  1627024931 503511398 0  
  1627024932 503511398 0  
  1627024933 503511398 0  
  1627024934 503511398 0  
  1627024935 503511398 0  
  1627024936 503511398 0  
  1627024937 503511398 0  
  1627024938 503511398 0  
  1627024939 503511398 0  
  1627024940 503511398 0  
  1627024941 503511398 0  
  1627024942 503511398 0  
  1627024943 503511398 0  
  1627024944 503511398 0  
  1627024946 503511398 0  
  1627024947 503511398 0  
  1627024948 503511398 0  
  1627024949 503511398 0  
  1627024950 503511398 0  
  1627024951 503511398 0  
  1627024952 503511398 0  
  1627024953 503511398 0  
  1627024954 503511398 0  
  1627024955 503511398 0  
  1627024956 503511398 0  
  1627024957 503511398 0  
  1627024958 503511398 0  
  1627024959 503511398 0  
  1627024960 503511398 0  
  1627024961 503511398 0  
  1627024962 503511398 0  
  1627024963 503511398 0  
  1627024964 503511398 0  
  1627024965 503511398 0  
  1627024966 503511398 0  
  1627024967 503511398 0  
  1627024968 503511398 0  
  1627024969 503511398 0  
  1627024970 503511994 0  
  1627024971 503511994 0  
  1627024972 503511994 0  
  1627024973 503511994 0  
  1627024974 503511994 0  
  1627024975 503511994 0  
  1627024976 503511994 0  
  1627024977 503511994 0  
  1627024978 503511994 0  
  1627024979 503511994 0  
  1627024980 503511994 0  
  1627024981 503512332 0  
  1627024982 503512332 0  
  1627024983 503512332 0  
  1627024984 503512332 0  
  1627024986 503512332 0  
  1627024987 503512332 0  
  1627024988 503512332 0  
  1627024989 503512332 0  
  1627024990 503512332 0  
  1627024991 503512332 0  
  1627024992 503512332 0  
  1627024993 503512332 0  
  1627024994 503512332 0  
  1627024995 503512332 0  
  1627024996 503512332 0  
  1627024997 503512332 0  
  1627024998 503512332 0  
  1627024999 503512332 0  
  1627025000 503512332 0  
  1627025001 503512332 0  
  1627025002 503512332 0  
  1627025003 503512332 0  
  1627025004 503512332 0  
  1627025005 503512332 0  
  1627025006 503512332 0  
  1627025007 503512332 0  
  1627025008 503512332 0  
  1627025009 503512332 0  
  1627025010 503512332 0  
  1627025011 503512332 0  
  1627025012 503512332 0  
  1627025013 503512332 0  
  1627025014 503512332 0  
  1627025015 503512332 0  
  1627025016 503512332 0  
  1627025017 503512332 0  
  1627025018 503512332 0  
  1627025019 503512332 0  
  1627025020 503512332 0  
  1627025021 503516641 0  
  1627025022 503516965 0  
  1627025023 503516965 0  
  1627025025 503517673 0  
  1627025026 503517673 0  
  1627025027 503517673 0  
  1627025028 503517673 0  
  1627025029 503517673 0  
  1627025030 503517673 0  
  1627025031 503517673 0  
  1627025032 503517673 0  
  1627025033 503517673 0  
  1627025034 503517673 0  
  1627025035 503517673 0  
  1627025036 503517673 0  
  1627025037 503517673 0  
  1627025038 503517673 0  
  1627025039 503517673 0  
  1627025040 503517673 0  
  1627025041 503518011 0  
  1627025042 503518011 0  
  1627025043 503518011 0  
  1627025044 503518011 0  
  1627025045 503518011 0  
  1627025046 503518011 0  
  1627025047 503518011 0  
  1627025048 503518011 0  
  1627025049 503518011 0  
  1627025050 503518011 0  
  1627025051 503518011 0  
  1627025052 503518011 0  
  1627025053 503518011 0  
  1627025054 503518011 0  
  1627025055 503518011 0  
  1627025056 503518011 0  
  1627025057 503518011 0  
  1627025058 503518011 0  
  1627025059 503518011 0  
  1627025060 503518011 0  
  1627025061 503518011 0  
  1627025062 503518011 0  
  1627025063 503518011 0  
  1627025065 503518011 0  
  1627025066 503518011 0  
  1627025067 503518011 0  
  1627025068 503518011 0  
  1627025069 503518011 0  
  1627025070 503518011 0  
  1627025071 503518011 0  
  1627025072 503518011 0  
  1627025073 503518011 0  
  1627025074 503518103 0  
  1627025075 503518103 0  
  1627025076 503518103 0  
  1627025077 503518103 0  
  1627025078 503518103 0  
  1627025079 503518103 0  
  1627025080 503518103 0  
  1627025081 503518103 0  
  1627025082 503518103 0  
  1627025083 503518103 0  
  1627025084 503518103 0  
  1627025085 503518103 0  
  1627025086 503518103 0  
  1627025087 503518103 0  
  1627025088 503518103 0  
  1627025089 503518103 0  
  1627025090 503518103 0  
  1627025091 503518103 0  
  1627025092 503518103 0  
  1627025093 503518103 0  
  1627025094 503518103 0  
  1627025095 503518103 0  
  1627025096 503518103 0  
  1627025097 503518103 0  
  1627025098 503518103 0  
  1627025099 503518103 0  
  1627025100 503518103 0  
  1627025101 503518103 0  
  1627025102 503518103 0  
  1627025103 503518103 0  
  1627025105 503518103 0  
  1627025106 503518103 0  
  1627025107 503518103 0  
  1627025108 503518103 0  
  1627025109 503518103 0  
  1627025110 503518103 0  
  1627025111 503518103 0  
  1627025112 503518103 0  
  1627025113 503518103 0  
  1627025114 503518103 0  
  1627025115 503518103 0  
  1627025116 503518103 0  
  1627025117 503518103 0  
  1627025118 503518103 0  
  1627025119 503518103 0  
  1627025120 503518103 0  
  1627025121 503518103 0  
  1627025122 503518103 0  
  1627025123 503518103 0  
  1627025124 503518103 0  
  1627025125 503518103 0  
 