 1626889733 478583353 0  
  1626889734 478583353 0  
  1626889735 478583353 0  
  1626889736 478583353 0  
  1626889737 478583353 0  
  1626889738 478583353 0  
  1626889739 478583353 0  
  1626889740 478583353 0  
  1626889741 478583353 0  
  1626889742 478583353 0  
  1626889743 478583353 0  
  1626889744 478583353 0  
  1626889745 478583353 0  
  1626889746 478583353 0  
  1626889747 478583353 0  
  1626889748 478583353 0  
  1626889749 478583353 0  
  1626889750 478583353 0  
  1626889751 478583353 0  
  1626889752 478583353 0  
  1626889753 478583353 0  
  1626889754 478583353 0  
  1626889755 478583353 0  
  1626889756 478583353 0  
  1626889757 478583353 0  
  1626889758 478583353 0  
  1626889759 478583353 0  
  1626889761 478583353 0  
  1626889762 478583353 0  
  1626889763 478583353 0  
  1626889764 478583353 0  
  1626889765 478583353 0  
  1626889766 478583353 0  
  1626889767 478583353 0  
  1626889768 478583353 0  
  1626889769 478583353 0  
  1626889770 478583353 0  
  1626889771 478583353 0  
  1626889772 478583353 0  
  1626889773 478583353 0  
  1626889774 478583353 0  
  1626889775 478583353 0  
  1626889776 478583353 0  
  1626889777 478583353 0  
  1626889778 478583353 0  
  1626889779 478583353 0  
  1626889780 478583353 0  
  1626889781 478583353 0  
  1626889782 478583353 0  
  1626889783 478583353 0  
  1626889784 478583353 0  
  1626889785 478583353 0  
  1626889786 478583353 0  
  1626889787 478583353 0  
  1626889788 478583353 0  
  1626889789 478583353 0  
  1626889790 478583353 0  
  1626889791 478583353 0  
  1626889792 478583353 0  
  1626889793 478583353 0  
  1626889794 478583353 0  
  1626889795 478583353 0  
  1626889796 478583353 0  
  1626889797 478583353 0  
  1626889798 478583353 0  
  1626889799 478583353 0  
  1626889801 478583353 0  
  1626889802 478583445 0  
  1626889803 478583445 0  
  1626889804 478583445 0  
  1626889805 478583445 0  
  1626889806 478583445 0  
  1626889807 478583445 0  
  1626889808 478583445 0  
  1626889809 478583445 0  
  1626889810 478583445 0  
  1626889811 478583445 0  
  1626889812 478583445 0  
  1626889813 478583445 0  
  1626889814 478583445 0  
  1626889815 478583445 0  
  1626889816 478583445 0  
  1626889817 478583445 0  
  1626889818 478583445 0  
  1626889819 478583445 0  
  1626889820 478583445 0  
  1626889821 478583445 0  
  1626889822 478583445 0  
  1626889823 478583445 0  
  1626889824 478583445 0  
  1626889825 478583445 0  
  1626889826 478583445 0  
  1626889827 478583445 0  
  1626889828 478583445 0  
  1626889829 478583445 0  
  1626889830 478583445 0  
  1626889831 478583445 0  
  1626889832 478583445 0  
  1626889833 478583445 0  
  1626889834 478583445 0  
  1626889835 478583445 0  
  1626889836 478583445 0  
  1626889837 478583445 0  
  1626889838 478583445 0  
  1626889840 478583445 0  
  1626889841 478583445 0  
  1626889842 478583445 0  
  1626889843 478583445 0  
  1626889844 478583802 0  
  1626889845 478583802 0  
  1626889846 478583802 0  
  1626889847 478583802 0  
  1626889848 478583802 0  
  1626889849 478588111 0  
  1626889850 478588435 0  
  1626889851 478593068 0  
  1626889852 478593776 0  
  1626889853 478594484 0  
  1626889854 478594484 0  
  1626889855 478599117 0  
  1626889856 478603750 0  
  1626889857 478604458 0  
  1626889858 478605166 0  
  1626889859 478605166 0  
  1626889860 478605166 0  
  1626889861 478605166 0  
  1626889862 478605166 0  
  1626889863 478605166 0  
  1626889864 478605166 0  
  1626889865 478605166 0  
  1626889866 478605166 0  
  1626889867 478605166 0  
  1626889868 478605762 0  
  1626889869 478605762 0  
  1626889870 478605762 0  
  1626889871 478605762 0  
  1626889872 478605762 0  
  1626889873 478605762 0  
  1626889874 478605762 0  
  1626889875 478605762 0  
  1626889876 478605762 0  
  1626889877 478605762 0  
  1626889878 478605762 0  
  1626889880 478605762 0  
  1626889881 478605762 0  
  1626889882 478605762 0  
  1626889883 478605762 0  
  1626889884 478605762 0  
  1626889885 478605762 0  
  1626889886 478605762 0  
  1626889887 478605762 0  
  1626889888 478605762 0  
  1626889889 478605762 0  
  1626889890 478605762 0  
  1626889891 478605762 0  
  1626889892 478605762 0  
  1626889893 478605762 0  
  1626889894 478605762 0  
  1626889895 478605762 0  
  1626889896 478605762 0  
  1626889897 478605762 0  
  1626889898 478605762 0  
  1626889899 478605762 0  
  1626889900 478605762 0  
  1626889901 478605762 0  
  1626889902 478605762 0  
  1626889903 478605762 0  
  1626889904 478605762 0  
  1626889905 478605762 0  
  1626889906 478605762 0  
  1626889907 478605762 0  
  1626889908 478605762 0  
  1626889909 478605762 0  
  1626889910 478605762 0  
  1626889911 478605762 0  
  1626889912 478605762 0  
  1626889913 478605762 0  
  1626889914 478605762 0  
  1626889915 478605762 0  
  1626889916 478605762 0  
  1626889917 478605762 0  
  1626889918 478605762 0  
  1626889920 478605762 0  
  1626889921 478605762 0  
  1626889922 478605762 0  
  1626889923 478605762 0  
  1626889924 478605762 0  
  1626889925 478605762 0  
  1626889926 478605762 0  
  1626889927 478605762 0  
  1626889928 478605762 0  
  1626889929 478605762 0  
  1626889930 478605762 0  
  1626889931 478605762 0  
  1626889932 478605854 0  
  1626889933 478605854 0  
  1626889934 478605854 0  
  1626889935 478605854 0  
  1626889936 478605854 0  
  1626889937 478605854 0  
  1626889938 478605854 0  
  1626889939 478605854 0  
  1626889940 478605854 0  
  1626889941 478605854 0  
  1626889942 478605854 0  
  1626889943 478605854 0  
  1626889944 478605854 0  
  1626889945 478605854 0  
  1626889946 478605854 0  
  1626889947 478605854 0  
  1626889948 478605854 0  
  1626889949 478605854 0  
  1626889950 478605854 0  
  1626889951 478605854 0  
  1626889952 478605854 0  
  1626889953 478605854 0  
  1626889954 478605854 0  
  1626889955 478605854 0  
  1626889956 478605854 0  
  1626889957 478605854 0  
  1626889959 478605854 0  
  1626889960 478605854 0  
  1626889961 478605854 0  
  1626889962 478605854 0  
  1626889963 478605854 0  
  1626889964 478605854 0  
  1626889965 478605854 0  
  1626889966 478605854 0  
  1626889967 478605854 0  
  1626889968 478605854 0  
  1626889969 478605854 0  
  1626889970 478605946 0  
  1626889971 478605946 0  
  1626889972 478605946 0  
  1626889973 478605946 0  
  1626889974 478605946 0  
  1626889975 478605946 0  
  1626889976 478605946 0  
  1626889977 478607907 0  
  1626889978 478610579 0  
  1626889979 478610579 0  
  1626889980 478611287 0  
  1626889981 478611287 0  
  1626889982 478611287 0  
  1626889983 478611287 0  
  1626889984 478611287 0  
  1626889985 478611287 0  
  1626889986 478611287 0  
  1626889987 478611287 0  
  1626889988 478611287 0  
  1626889989 478611287 0  
  1626889990 478611287 0  
  1626889991 478611287 0  
  1626889992 478611287 0  
  1626889993 478611287 0  
  1626889994 478611287 0  
  1626889995 478611287 0  
  1626889996 478611287 0  
  1626889997 478611287 0  
  1626889999 478611287 0  
  1626890000 478611287 0  
  1626890001 478611287 0  
  1626890002 478611287 0  
  1626890003 478611287 0  
  1626890004 478611287 0  
  1626890005 478611287 0  
  1626890006 478611287 0  
  1626890007 478611287 0  
  1626890008 478611287 0  
  1626890009 478611287 0  
  1626890010 478611287 0  
  1626890011 478611287 0  
  1626890012 478611287 0  
  1626890013 478611287 0  
  1626890014 478611287 0  
  1626890015 478611287 0  
  1626890016 478611287 0  
  1626890017 478611287 0  
  1626890018 478611287 0  
  1626890019 478611287 0  
  1626890020 478611287 0  
  1626890021 478611287 0  
  1626890022 478611287 0  
  1626890023 478611287 0  
  1626890024 478611287 0  
  1626890025 478611287 0  
  1626890026 478611287 0  
  1626890027 478611287 0  
  1626890028 478611287 0  
  1626890029 478611287 0  
  1626890030 478611287 0  
  1626890031 478611287 0  
  1626890032 478611287 0  
  1626890033 478611287 0  
  1626890034 478611287 0  
  1626890035 478611287 0  
  1626890036 478611287 0  
  1626890038 478611287 0  
  1626890039 478611287 0  
  1626890040 478611287 0  
  1626890041 478611287 0  
  1626890042 478611287 0  
  1626890043 478611287 0  
  1626890044 478611287 0  
  1626890045 478611287 0  
  1626890046 478611287 0  
  1626890047 478611287 0  
  1626890048 478611287 0  
  1626890049 478611287 0  
  1626890050 478611287 0  
  1626890051 478611287 0  
  1626890052 478611287 0  
  1626890053 478611287 0  
  1626890054 478611287 0  
  1626890055 478611287 0  
  1626890056 478611287 0  
  1626890057 478611287 0  
  1626890058 478611287 0  
  1626890059 478611287 0  
  1626890060 478611379 0  
  1626890061 478611379 0  
  1626890062 478611379 0  
  1626890063 478611379 0  
  1626890064 478611379 0  
  1626890065 478611379 0  
  1626890066 478611379 0  
  1626890067 478611379 0  
  1626890068 478611975 0  
  1626890069 478611975 0  
  1626890070 478611975 0  
  1626890071 478611975 0  
  1626890072 478611975 0  
  1626890073 478611975 0  
  1626890074 478611975 0  
  1626890075 478611975 0  
  1626890076 478611975 0  
  1626890078 478611975 0  
  1626890079 478611975 0  
  1626890080 478611975 0  
  1626890081 478611975 0  
  1626890082 478611975 0  
  1626890083 478611975 0  
  1626890084 478611975 0  
  1626890085 478611975 0  
  1626890086 478611975 0  
  1626890087 478611975 0  
  1626890088 478611975 0  
  1626890089 478611975 0  
  1626890090 478611975 0  
  1626890091 478611975 0  
  1626890092 478611975 0  
  1626890093 478611975 0  
  1626890094 478611975 0  
  1626890095 478611975 0  
  1626890096 478611975 0  
  1626890097 478611975 0  
  1626890098 478611975 0  
  1626890099 478611975 0  
  1626890100 478611975 0  
  1626890101 478611975 0  
  1626890102 478611975 0  
  1626890103 478611975 0  
  1626890104 478611975 0  
  1626890105 478611975 0  
  1626890106 478611975 0  
  1626890107 478611975 0  
  1626890108 478611975 0  
  1626890109 478611975 0  
  1626890110 478611975 0  
  1626890111 478611975 0  
  1626890112 478611975 0  
  1626890113 478611975 0  
  1626890114 478611975 0  
  1626890115 478611975 0  
  1626890117 478611975 0  
  1626890118 478611975 0  
  1626890119 478611975 0  
  1626890120 478611975 0  
  1626890121 478611975 0  
  1626890122 478611975 0  
  1626890123 478611975 0  
  1626890124 478611975 0  
  1626890125 478611975 0  
  1626890126 478611975 0  
  1626890127 478611975 0  
  1626890128 478611975 0  
  1626890129 478611975 0  
  1626890130 478611975 0  
  1626890131 478611975 0  
  1626890132 478611975 0  
  1626890133 478611975 0  
  1626890134 478611975 0  
  1626890135 478611975 0  
  1626890136 478611975 0  
  1626890137 478611975 0  
  1626890138 478611975 0  
  1626890139 478611975 0  
  1626890140 478611975 0  
  1626890141 478611975 0  
  1626890142 478611975 0  
  1626890143 478611975 0  
  1626890144 478612332 0  
  1626890145 478612332 0  
  1626890146 478612332 0  
  1626890147 478616641 0  
  1626890148 478616965 0  
  1626890149 478616965 0  
  1626890150 478622238 0  
  1626890151 478622306 0  
  1626890152 478623014 0  
  1626890153 478623014 0  
  1626890154 478623014 0  
  1626890155 478631776 0  
  1626890157 478632280 0  
  1626890158 478633696 0  
  1626890159 478633696 0  
  1626890160 478633696 0  
  1626890161 478633696 0  
  1626890162 478633696 0  
  1626890163 478633696 0  
  1626890164 478633696 0  
  1626890165 478633696 0  
  1626890166 478633696 0  
  1626890167 478633696 0  
  1626890168 478633696 0  
  1626890169 478633696 0  
  1626890170 478633696 0  
  1626890171 478633696 0  
  1626890172 478633696 0  
  1626890173 478633696 0  
  1626890174 478633696 0  
  1626890175 478633696 0  
  1626890176 478633696 0  
  1626890177 478633696 0  
  1626890178 478633696 0  
  1626890179 478633696 0  
  1626890180 478633696 0  
  1626890181 478633696 0  
  1626890182 478633696 0  
  1626890183 478633696 0  
  1626890184 478633696 0  
  1626890185 478633696 0  
  1626890186 478633696 0  
  1626890187 478633696 0  
  1626890188 478633696 0  
  1626890189 478633696 0  
  1626890190 478633696 0  
  1626890191 478633788 0  
  1626890192 478633788 0  
  1626890193 478633788 0  
  1626890194 478633788 0  
  1626890195 478633788 0  
  1626890197 478633788 0  
  1626890198 478633788 0  
  1626890199 478633788 0  
  1626890200 478633788 0  
  1626890201 478633788 0  
  1626890202 478633788 0  
  1626890203 478633788 0  
  1626890204 478633788 0  
  1626890205 478633788 0  
  1626890206 478633788 0  
  1626890207 478633788 0  
  1626890208 478633788 0  
  1626890209 478633788 0  
  1626890210 478633788 0  
  1626890211 478633788 0  
  1626890212 478633788 0  
  1626890213 478633788 0  
  1626890214 478633788 0  
  1626890215 478633788 0  
  1626890216 478633788 0  
  1626890217 478633788 0  
  1626890218 478633788 0  
  1626890219 478633788 0  
  1626890220 478633788 0  
  1626890221 478633788 0  
  1626890222 478633788 0  
  1626890223 478633788 0  
  1626890224 478633788 0  
  1626890225 478633788 0  
  1626890226 478633788 0  
  1626890227 478633788 0  
  1626890228 478633788 0  
  1626890229 478633788 0  
  1626890230 478633788 0  
  1626890231 478633788 0  
  1626890232 478633788 0  
  1626890233 478633788 0  
  1626890234 478633788 0  
  1626890235 478633788 0  
  1626890237 478633788 0  
  1626890238 478633788 0  
  1626890239 478633788 0  
  1626890240 478633788 0  
  1626890241 478633788 0  
  1626890242 478633788 0  
  1626890243 478633788 0  
  1626890244 478633788 0  
  1626890245 478633788 0  
  1626890246 478633788 0  
  1626890247 478633788 0  
  1626890248 478633788 0  
  1626890249 478633788 0  
  1626890250 478633788 0  
  1626890251 478633788 0  
  1626890252 478633788 0  
  1626890253 478633788 0  
  1626890254 478633788 0  
  1626890255 478633856 0  
  1626890256 478633856 0  
  1626890257 478633856 0  
  1626890258 478633856 0  
  1626890259 478633856 0  
  1626890260 478633856 0  
  1626890261 478635012 0  
  1626890262 478635012 0  
  1626890263 478635012 0  
  1626890264 478635012 0  
  1626890265 478635012 0  
  1626890266 478635012 0  
  1626890267 478635012 0  
  1626890268 478635608 0  
  1626890269 478635608 0  
  1626890270 478635608 0  
  1626890271 478635608 0  
  1626890272 478635608 0  
  1626890273 478635608 0  
  1626890274 478635608 0  
  1626890275 478635608 0  
  1626890276 478635608 0  
  1626890278 478639917 0  
  1626890279 478640241 0  
  1626890280 478640949 0  
  1626890281 478640949 0  
  1626890282 478640949 0  
  1626890283 478640949 0  
  1626890284 478640949 0  
  1626890285 478640949 0  
  1626890286 478640949 0  
  1626890287 478640949 0  
  1626890288 478640949 0  
  1626890289 478640949 0  
  1626890290 478640949 0  
  1626890291 478640949 0  
  1626890292 478640949 0  
  1626890293 478640949 0  
  1626890294 478640949 0  
  1626890295 478640949 0  
  1626890296 478640949 0  
  1626890297 478640949 0  
  1626890298 478640949 0  
  1626890299 478640949 0  
  1626890300 478640949 0  
  1626890301 478640949 0  
  1626890302 478640949 0  
  1626890303 478640949 0  
  1626890304 478640949 0  
  1626890305 478640949 0  
  1626890306 478640949 0  
  1626890307 478640949 0  
  1626890308 478640949 0  
  1626890309 478640949 0  
  1626890310 478640949 0  
  1626890311 478640949 0  
  1626890312 478640949 0  
  1626890313 478640949 0  
  1626890314 478640949 0  
  1626890315 478640949 0  
  1626890317 478640949 0  
  1626890318 478640949 0  
  1626890319 478640949 0  
  1626890320 478640949 0  
  1626890321 478640949 0  
  1626890322 478641041 0  
  1626890323 478641041 0  
  1626890324 478641041 0  
  1626890325 478641041 0  
  1626890326 478641041 0  
  1626890327 478641041 0  
  1626890328 478641041 0  
  1626890329 478641041 0  
  1626890330 478641041 0  
  1626890331 478641041 0  
  1626890332 478641041 0  
  1626890333 478641041 0  
  1626890334 478641041 0  
  1626890335 478641041 0  
  1626890336 478641041 0  
  1626890337 478641041 0  
  1626890338 478641041 0  
  1626890339 478641041 0  
  1626890340 478641041 0  
  1626890341 478641041 0  
  1626890342 478641041 0  
  1626890343 478641041 0  
  1626890344 478641041 0  
  1626890345 478641041 0  
  1626890346 478641041 0  
  1626890347 478641041 0  
  1626890348 478641041 0  
  1626890349 478641041 0  
  1626890350 478641041 0  
  1626890351 478641041 0  
  1626890352 478641041 0  
  1626890353 478641041 0  
  1626890354 478641041 0  
  1626890355 478641041 0  
  1626890357 478641041 0  
  1626890358 478641041 0  
  1626890359 478641041 0  
  1626890360 478641041 0  
  1626890361 478641041 0  
  1626890362 478641041 0  
  1626890363 478641041 0  
  1626890364 478641041 0  
  1626890365 478641041 0  
  1626890366 478641041 0  
 