 1626885233 483097286 0  
  1626885234 483097286 0  
  1626885235 483097286 0  
  1626885236 483097286 0  
  1626885237 483097286 0  
  1626885238 483097286 0  
  1626885239 483097286 0  
  1626885240 483097286 0  
  1626885241 483097286 0  
  1626885242 483097286 0  
  1626885243 483097286 0  
  1626885244 483097286 0  
  1626885245 483097286 0  
  1626885246 483097286 0  
  1626885247 483097286 0  
  1626885248 483097286 0  
  1626885249 483097286 0  
  1626885250 483097286 0  
  1626885251 483097286 0  
  1626885252 483097286 0  
  1626885253 483097286 0  
  1626885254 483097286 0  
  1626885255 483097286 0  
  1626885256 483097286 0  
  1626885257 483097286 0  
  1626885258 483097286 0  
  1626885259 483097286 0  
  1626885260 483097286 0  
  1626885261 483097286 0  
  1626885262 483097624 0  
  1626885263 483097624 0  
  1626885264 483097624 0  
  1626885265 483097624 0  
  1626885266 483097624 0  
  1626885267 483097624 0  
  1626885268 483097624 0  
  1626885269 483097624 0  
  1626885271 483097624 0  
  1626885272 483097624 0  
  1626885273 483097624 0  
  1626885274 483097624 0  
  1626885275 483097624 0  
  1626885276 483097624 0  
  1626885277 483097624 0  
  1626885278 483097624 0  
  1626885279 483097624 0  
  1626885280 483097624 0  
  1626885281 483097716 0  
  1626885282 483097716 0  
  1626885283 483097716 0  
  1626885284 483097716 0  
  1626885285 483097716 0  
  1626885286 483097716 0  
  1626885287 483097716 0  
  1626885288 483097716 0  
  1626885289 483097716 0  
  1626885290 483097716 0  
  1626885291 483097716 0  
  1626885292 483097716 0  
  1626885293 483097716 0  
  1626885294 483097716 0  
  1626885295 483097716 0  
  1626885296 483097716 0  
  1626885297 483097716 0  
  1626885298 483097716 0  
  1626885299 483097716 0  
  1626885300 483097716 0  
  1626885301 483097716 0  
  1626885302 483097716 0  
  1626885303 483097716 0  
  1626885304 483097716 0  
  1626885305 483097716 0  
  1626885306 483097716 0  
  1626885307 483097716 0  
  1626885308 483097716 0  
  1626885310 483097716 0  
  1626885311 483097716 0  
  1626885312 483097716 0  
  1626885313 483097716 0  
  1626885314 483097716 0  
  1626885315 483097716 0  
  1626885316 483097716 0  
  1626885317 483097716 0  
  1626885318 483097716 0  
  1626885319 483097716 0  
  1626885320 483097716 0  
  1626885321 483097716 0  
  1626885322 483097716 0  
  1626885323 483097716 0  
  1626885324 483097716 0  
  1626885325 483097716 0  
  1626885326 483097716 0  
  1626885327 483097716 0  
  1626885328 483097716 0  
  1626885329 483097716 0  
  1626885330 483097716 0  
  1626885331 483097716 0  
  1626885332 483097716 0  
  1626885333 483097716 0  
  1626885334 483097716 0  
  1626885335 483097716 0  
  1626885336 483097716 0  
  1626885337 483098073 0  
  1626885338 483098073 0  
  1626885339 483098073 0  
  1626885340 483098073 0  
  1626885341 483098073 0  
  1626885342 483098073 0  
  1626885343 483102382 0  
  1626885344 483102798 0  
  1626885345 483102798 0  
  1626885346 483103506 0  
  1626885347 483108139 0  
  1626885349 483108711 0  
  1626885350 483108711 0  
  1626885351 483108711 0  
  1626885352 483116241 0  
  1626885353 483117977 0  
  1626885354 483119393 0  
  1626885355 483119393 0  
  1626885356 483119393 0  
  1626885357 483119393 0  
  1626885358 483119393 0  
  1626885359 483119393 0  
  1626885360 483119393 0  
  1626885361 483119393 0  
  1626885362 483119393 0  
  1626885363 483119393 0  
  1626885364 483119393 0  
  1626885365 483119393 0  
  1626885366 483119393 0  
  1626885367 483119393 0  
  1626885368 483119393 0  
  1626885369 483119989 0  
  1626885370 483119989 0  
  1626885371 483119989 0  
  1626885372 483119989 0  
  1626885373 483119989 0  
  1626885374 483119989 0  
  1626885375 483119989 0  
  1626885376 483119989 0  
  1626885377 483119989 0  
  1626885378 483119989 0  
  1626885379 483119989 0  
  1626885380 483119989 0  
  1626885381 483119989 0  
  1626885382 483119989 0  
  1626885383 483119989 0  
  1626885384 483119989 0  
  1626885385 483119989 0  
  1626885386 483119989 0  
  1626885387 483119989 0  
  1626885389 483119989 0  
  1626885390 483119989 0  
  1626885391 483119989 0  
  1626885392 483119989 0  
  1626885393 483119989 0  
  1626885394 483119989 0  
  1626885395 483119989 0  
  1626885396 483119989 0  
  1626885397 483119989 0  
  1626885398 483119989 0  
  1626885399 483119989 0  
  1626885400 483119989 0  
  1626885401 483119989 0  
  1626885402 483119989 0  
  1626885403 483119989 0  
  1626885404 483119989 0  
  1626885405 483119989 0  
  1626885406 483119989 0  
  1626885407 483119989 0  
  1626885408 483119989 0  
  1626885409 483119989 0  
  1626885410 483119989 0  
  1626885411 483120081 0  
  1626885412 483120081 0  
  1626885413 483120419 0  
  1626885414 483120419 0  
  1626885415 483120419 0  
  1626885416 483120419 0  
  1626885417 483120419 0  
  1626885418 483120419 0  
  1626885419 483120419 0  
  1626885420 483120419 0  
  1626885421 483120419 0  
  1626885422 483120419 0  
  1626885423 483120419 0  
  1626885424 483120419 0  
  1626885425 483120419 0  
  1626885426 483120419 0  
  1626885427 483120419 0  
  1626885429 483120419 0  
  1626885430 483120419 0  
  1626885431 483120419 0  
  1626885432 483120419 0  
  1626885433 483120419 0  
  1626885434 483120419 0  
  1626885435 483120419 0  
  1626885436 483120419 0  
  1626885437 483120419 0  
  1626885438 483120419 0  
  1626885439 483120419 0  
  1626885440 483120419 0  
  1626885441 483120419 0  
  1626885442 483120419 0  
  1626885443 483120419 0  
  1626885444 483120419 0  
  1626885445 483120419 0  
  1626885446 483120419 0  
  1626885447 483120419 0  
  1626885448 483120419 0  
  1626885449 483120419 0  
  1626885450 483120419 0  
  1626885451 483120419 0  
  1626885452 483120419 0  
  1626885453 483120419 0  
  1626885454 483120419 0  
  1626885455 483120419 0  
  1626885456 483120419 0  
  1626885457 483120419 0  
  1626885458 483120419 0  
  1626885459 483120419 0  
  1626885460 483120419 0  
  1626885461 483120419 0  
  1626885462 483120419 0  
  1626885463 483120419 0  
  1626885464 483120419 0  
  1626885465 483120419 0  
  1626885466 483120419 0  
  1626885468 483120419 0  
  1626885469 483120419 0  
  1626885470 483120419 0  
  1626885471 483120419 0  
  1626885472 483120419 0  
  1626885473 483122296 0  
  1626885474 483125052 0  
  1626885475 483125052 0  
  1626885476 483125760 0  
  1626885477 483125760 0  
  1626885478 483125760 0  
  1626885479 483125760 0  
  1626885480 483125760 0  
  1626885481 483125760 0  
  1626885482 483125760 0  
  1626885483 483125760 0  
  1626885484 483125760 0  
  1626885485 483125760 0  
  1626885486 483125760 0  
  1626885487 483125760 0  
  1626885488 483125760 0  
  1626885489 483125760 0  
  1626885490 483125760 0  
  1626885491 483125760 0  
  1626885492 483125760 0  
  1626885493 483125760 0  
  1626885494 483125760 0  
  1626885495 483125760 0  
  1626885496 483125760 0  
  1626885497 483125760 0  
  1626885498 483125760 0  
  1626885499 483125760 0  
  1626885500 483125760 0  
  1626885501 483125760 0  
  1626885502 483125760 0  
  1626885503 483125760 0  
  1626885504 483125760 0  
  1626885505 483125760 0  
  1626885506 483125760 0  
  1626885508 483125760 0  
  1626885509 483125760 0  
  1626885510 483125760 0  
  1626885511 483125760 0  
  1626885512 483125760 0  
  1626885513 483125760 0  
  1626885514 483125760 0  
  1626885515 483125760 0  
  1626885516 483125760 0  
  1626885517 483125760 0  
  1626885518 483125760 0  
  1626885519 483125760 0  
  1626885520 483125760 0  
  1626885521 483125760 0  
  1626885522 483125760 0  
  1626885523 483125760 0  
  1626885524 483125760 0  
  1626885525 483125760 0  
  1626885526 483125760 0  
  1626885527 483125760 0  
  1626885528 483125760 0  
  1626885529 483125760 0  
  1626885530 483125760 0  
  1626885531 483125760 0  
  1626885532 483125760 0  
  1626885533 483125760 0  
  1626885534 483125760 0  
  1626885535 483125760 0  
  1626885536 483125760 0  
  1626885537 483125760 0  
  1626885538 483125760 0  
  1626885539 483125852 0  
  1626885540 483125852 0  
  1626885541 483125852 0  
  1626885542 483125852 0  
  1626885543 483125852 0  
  1626885544 483125852 0  
  1626885545 483125852 0  
  1626885546 483125852 0  
  1626885548 483125852 0  
  1626885549 483125852 0  
  1626885550 483125852 0  
  1626885551 483125852 0  
  1626885552 483125852 0  
  1626885553 483125852 0  
  1626885554 483125852 0  
  1626885555 483125852 0  
  1626885556 483125852 0  
  1626885557 483125852 0  
  1626885558 483125852 0  
  1626885559 483125852 0  
  1626885560 483125852 0  
  1626885561 483125852 0  
  1626885562 483125852 0  
  1626885563 483126190 0  
  1626885564 483126190 0  
  1626885565 483126190 0  
  1626885566 483126190 0  
  1626885567 483126190 0  
  1626885568 483126786 0  
  1626885569 483126786 0  
  1626885570 483126786 0  
  1626885571 483126786 0  
  1626885572 483126786 0  
  1626885573 483126786 0  
  1626885574 483126786 0  
  1626885575 483126786 0  
  1626885576 483126786 0  
  1626885577 483126786 0  
  1626885578 483126786 0  
  1626885579 483126786 0  
  1626885580 483126786 0  
  1626885581 483126786 0  
  1626885582 483126786 0  
  1626885583 483126786 0  
  1626885584 483126786 0  
  1626885585 483126786 0  
  1626885586 483126786 0  
  1626885588 483126786 0  
  1626885589 483126786 0  
  1626885590 483126786 0  
  1626885591 483126786 0  
  1626885592 483126786 0  
  1626885593 483126786 0  
  1626885594 483126786 0  
  1626885595 483126786 0  
  1626885596 483126786 0  
  1626885597 483126786 0  
  1626885598 483126786 0  
  1626885599 483126786 0  
  1626885600 483126786 0  
  1626885601 483126786 0  
  1626885602 483126786 0  
  1626885603 483126786 0  
  1626885604 483126878 0  
  1626885605 483126878 0  
  1626885606 483126878 0  
  1626885607 483126878 0  
  1626885608 483126878 0  
  1626885609 483126878 0  
  1626885610 483126878 0  
  1626885611 483126878 0  
  1626885612 483126878 0  
  1626885613 483126878 0  
  1626885614 483126878 0  
  1626885615 483126878 0  
  1626885616 483126878 0  
  1626885617 483126878 0  
  1626885618 483126878 0  
 