 1627026765 506201217 0  
  1627026766 506201217 0  
  1627026767 506201217 0  
  1627026768 506201217 0  
  1627026769 506201217 0  
  1627026770 506202812 0  
  1627026771 506202812 0  
  1627026772 506202812 0  
  1627026773 506202812 0  
  1627026774 506202812 0  
  1627026775 506202812 0  
  1627026776 506202812 0  
  1627026777 506202812 0  
  1627026778 506202812 0  
  1627026779 506202812 0  
  1627026780 506202812 0  
  1627026781 506202812 0  
  1627026782 506202812 0  
  1627026783 506202812 0  
  1627026784 506202812 0  
  1627026785 506202812 0  
  1627026786 506202812 0  
  1627026787 506202812 0  
  1627026788 506202812 0  
  1627026789 506202812 0  
  1627026790 506202812 0  
  1627026791 506202812 0  
  1627026792 506202812 0  
  1627026794 506202812 0  
  1627026795 506202812 0  
  1627026796 506202812 0  
  1627026797 506202812 0  
  1627026798 506202812 0  
  1627026799 506202812 0  
  1627026800 506202812 0  
  1627026801 506202812 0  
  1627026802 506202812 0  
  1627026803 506202812 0  
  1627026804 506202812 0  
  1627026805 506202812 0  
  1627026806 506202812 0  
  1627026807 506202812 0  
  1627026808 506202812 0  
  1627026809 506202812 0  
  1627026810 506202812 0  
  1627026811 506202812 0  
  1627026812 506202812 0  
  1627026813 506202812 0  
  1627026814 506202812 0  
  1627026815 506202812 0  
  1627026816 506202812 0  
  1627026817 506202812 0  
  1627026818 506202812 0  
  1627026819 506202812 0  
  1627026820 506202812 0  
  1627026821 506202812 0  
  1627026822 506202812 0  
  1627026823 506202904 0  
  1627026824 506202904 0  
  1627026825 506202904 0  
  1627026826 506202904 0  
  1627026827 506202904 0  
  1627026828 506202904 0  
  1627026829 506202904 0  
  1627026830 506202904 0  
  1627026831 506202904 0  
  1627026833 506202904 0  
  1627026834 506202904 0  
  1627026835 506202904 0  
  1627026836 506202904 0  
  1627026837 506202904 0  
  1627026838 506202904 0  
  1627026839 506207213 0  
  1627026840 506207537 0  
  1627026841 506207629 0  
  1627026842 506208337 0  
  1627026843 506208337 0  
  1627026844 506208337 0  
  1627026845 506208337 0  
  1627026846 506208337 0  
  1627026847 506208337 0  
  1627026848 506208337 0  
  1627026849 506208337 0  
  1627026850 506208337 0  
  1627026851 506208337 0  
  1627026852 506208337 0  
  1627026853 506208337 0  
  1627026854 506208337 0  
  1627026855 506208337 0  
  1627026856 506208337 0  
  1627026857 506208337 0  
  1627026858 506208337 0  
  1627026859 506208337 0  
  1627026860 506208337 0  
  1627026861 506208337 0  
  1627026862 506208337 0  
  1627026863 506208337 0  
  1627026864 506208337 0  
  1627026865 506208337 0  
  1627026866 506208337 0  
  1627026867 506208337 0  
  1627026868 506208337 0  
  1627026869 506208337 0  
  1627026871 506208337 0  
  1627026872 506208337 0  
  1627026873 506208337 0  
  1627026874 506208337 0  
  1627026875 506208337 0  
  1627026876 506208337 0  
  1627026877 506208337 0  
  1627026878 506208337 0  
  1627026879 506208337 0  
  1627026880 506208337 0  
  1627026881 506208337 0  
  1627026882 506208337 0  
  1627026883 506208337 0  
  1627026884 506208337 0  
  1627026885 506208337 0  
  1627026886 506208337 0  
  1627026887 506208337 0  
  1627026888 506208337 0  
  1627026889 506208337 0  
  1627026890 506208337 0  
  1627026891 506208337 0  
  1627026892 506208337 0  
  1627026893 506208337 0  
  1627026894 506208337 0  
  1627026895 506208337 0  
  1627026896 506208337 0  
  1627026897 506208337 0  
  1627026898 506208337 0  
  1627026899 506208337 0  
  1627026900 506208337 0  
  1627026901 506208337 0  
  1627026902 506208337 0  
  1627026903 506208337 0  
  1627026904 506208337 0  
  1627026905 506208337 0  
  1627026906 506208337 0  
  1627026907 506208337 0  
  1627026908 506208337 0  
  1627026909 506208337 0  
  1627026911 506208337 0  
  1627026912 506208337 0  
  1627026913 506208337 0  
  1627026914 506208337 0  
  1627026915 506208337 0  
  1627026916 506208337 0  
  1627026917 506208337 0  
  1627026918 506208337 0  
  1627026919 506208337 0  
  1627026920 506208337 0  
  1627026921 506208337 0  
  1627026922 506208337 0  
  1627026923 506208337 0  
  1627026924 506208337 0  
  1627026925 506208337 0  
  1627026926 506208337 0  
  1627026927 506208337 0  
  1627026928 506208337 0  
  1627026929 506208337 0  
  1627026930 506208337 0  
  1627026931 506208337 0  
  1627026932 506208337 0  
  1627026933 506208337 0  
  1627026934 506208405 0  
  1627026935 506208405 0  
  1627026936 506208405 0  
  1627026937 506208405 0  
  1627026938 506208405 0  
  1627026939 506208405 0  
  1627026940 506209986 0  
  1627026941 506209986 0  
  1627026942 506209986 0  
  1627026943 506209986 0  
  1627026944 506209986 0  
  1627026945 506214619 0  
  1627026946 506214619 0  
  1627026947 506219960 0  
  1627026949 506219960 0  
  1627026950 506220668 0  
  1627026951 506220668 0  
  1627026952 506220668 0  
  1627026953 506224797 0  
  1627026954 506225301 0  
  1627026955 506226009 0  
  1627026956 506230642 0  
  1627026957 506231282 0  
  1627026958 506231282 0  
  1627026959 506231282 0  
  1627026960 506231282 0  
  1627026961 506231282 0  
  1627026962 506231282 0  
  1627026963 506231282 0  
  1627026964 506231282 0  
  1627026965 506231282 0  
  1627026966 506231282 0  
  1627026967 506231282 0  
  1627026968 506231282 0  
  1627026969 506231282 0  
  1627026970 506231878 0  
  1627026971 506231878 0  
  1627026972 506231878 0  
  1627026973 506231878 0  
  1627026974 506231878 0  
  1627026975 506231878 0  
  1627026976 506231878 0  
  1627026977 506231878 0  
  1627026978 506231878 0  
  1627026979 506231878 0  
  1627026980 506231878 0  
  1627026981 506231878 0  
  1627026982 506231878 0  
  1627026983 506231878 0  
  1627026984 506231878 0  
  1627026985 506231878 0  
  1627026986 506231878 0  
  1627026988 506231878 0  
  1627026989 506231878 0  
  1627026990 506231878 0  
  1627026991 506231878 0  
  1627026992 506231878 0  
  1627026993 506231878 0  
  1627026994 506231878 0  
  1627026995 506231878 0  
  1627026996 506231878 0  
  1627026997 506231878 0  
  1627026998 506231878 0  
  1627026999 506231878 0  
  1627027000 506231878 0  
  1627027001 506231878 0  
  1627027002 506231878 0  
  1627027003 506231878 0  
  1627027004 506231878 0  
  1627027005 506231878 0  
  1627027006 506231878 0  
  1627027007 506231878 0  
  1627027008 506231878 0  
  1627027009 506231878 0  
  1627027010 506231878 0  
  1627027011 506231878 0  
  1627027012 506231878 0  
  1627027013 506231878 0  
  1627027014 506231878 0  
  1627027015 506231878 0  
  1627027016 506231878 0  
  1627027017 506231878 0  
  1627027018 506231878 0  
  1627027019 506231878 0  
  1627027020 506231878 0  
  1627027021 506231878 0  
  1627027022 506231878 0  
  1627027023 506231878 0  
  1627027024 506231878 0  
  1627027025 506231878 0  
  1627027027 506231878 0  
  1627027028 506231878 0  
  1627027029 506231878 0  
  1627027030 506231878 0  
  1627027031 506231878 0  
  1627027032 506231878 0  
  1627027033 506231878 0  
  1627027034 506231878 0  
  1627027035 506231878 0  
  1627027036 506231878 0  
  1627027037 506231878 0  
  1627027038 506231878 0  
  1627027039 506231878 0  
  1627027040 506231878 0  
  1627027041 506231878 0  
  1627027042 506231878 0  
  1627027043 506231878 0  
  1627027044 506231878 0  
  1627027045 506231878 0  
  1627027046 506231878 0  
  1627027047 506231878 0  
  1627027048 506231878 0  
  1627027049 506231878 0  
  1627027050 506231878 0  
  1627027051 506231878 0  
  1627027052 506231878 0  
  1627027053 506231878 0  
  1627027054 506231878 0  
  1627027055 506231878 0  
  1627027056 506231878 0  
  1627027057 506231878 0  
  1627027058 506231878 0  
  1627027059 506231878 0  
  1627027060 506231878 0  
  1627027061 506231878 0  
  1627027062 506231878 0  
  1627027063 506231878 0  
  1627027064 506231878 0  
  1627027066 506231878 0  
  1627027067 506231878 0  
  1627027068 506231878 0  
  1627027069 506231878 0  
  1627027070 506231878 0  
  1627027071 506231878 0  
  1627027072 506231878 0  
  1627027073 506231878 0  
  1627027074 506231878 0  
  1627027075 506231878 0  
  1627027076 506231878 0  
  1627027077 506231878 0  
  1627027078 506231878 0  
  1627027079 506231878 0  
  1627027080 506231878 0  
  1627027081 506231878 0  
  1627027082 506231878 0  
  1627027083 506231878 0  
  1627027084 506231878 0  
  1627027085 506231878 0  
  1627027086 506231878 0  
  1627027087 506231878 0  
  1627027088 506231878 0  
  1627027089 506231878 0  
  1627027090 506231878 0  
  1627027091 506231878 0  
  1627027092 506231878 0  
  1627027093 506231878 0  
  1627027094 506231878 0  
  1627027095 506231878 0  
  1627027096 506231878 0  
  1627027097 506231878 0  
  1627027098 506231878 0  
  1627027099 506231878 0  
  1627027100 506231878 0  
  1627027101 506231970 0  
  1627027102 506231970 0  
  1627027104 506231970 0  
  1627027105 506231970 0  
  1627027106 506231970 0  
  1627027107 506231970 0  
  1627027108 506231970 0  
  1627027109 506231970 0  
  1627027110 506231970 0  
  1627027111 506231970 0  
  1627027112 506231970 0  
  1627027113 506231970 0  
  1627027114 506231970 0  
  1627027115 506231970 0  
  1627027116 506231970 0  
  1627027117 506231970 0  
  1627027118 506231970 0  
  1627027119 506231970 0  
  1627027120 506231970 0  
  1627027121 506231970 0  
  1627027122 506231970 0  
  1627027123 506231970 0  
  1627027124 506231970 0  
  1627027125 506231970 0  
  1627027126 506231970 0  
  1627027127 506231970 0  
  1627027128 506231970 0  
  1627027129 506231970 0  
  1627027130 506231970 0  
  1627027131 506231970 0  
  1627027132 506231970 0  
  1627027133 506231970 0  
  1627027134 506231970 0  
  1627027135 506231970 0  
  1627027136 506231970 0  
  1627027137 506231970 0  
  1627027138 506236535 0  
  1627027139 506236603 0  
  1627027140 506237311 0  
  1627027141 506237311 0  
  1627027143 506237311 0  
  1627027144 506237311 0  
  1627027145 506237311 0  
  1627027146 506237311 0  
  1627027147 506237311 0  
  1627027148 506237311 0  
  1627027149 506237311 0  
  1627027150 506237311 0  
  1627027151 506237311 0  
  1627027152 506237311 0  
  1627027153 506237311 0  
  1627027154 506237311 0  
  1627027155 506237311 0  
  1627027156 506237311 0  
  1627027157 506237311 0  
  1627027158 506237311 0  
  1627027159 506237311 0  
  1627027160 506237311 0  
  1627027161 506237311 0  
  1627027162 506237311 0  
  1627027163 506237311 0  
  1627027164 506237311 0  
  1627027165 506237311 0  
  1627027166 506237311 0  
  1627027167 506237311 0  
  1627027168 506237311 0  
  1627027169 506237311 0  
  1627027170 506237311 0  
  1627027171 506237907 0  
  1627027172 506237907 0  
  1627027173 506237907 0  
  1627027174 506237907 0  
  1627027175 506237907 0  
  1627027176 506237907 0  
  1627027177 506237907 0  
  1627027178 506237907 0  
  1627027179 506237907 0  
  1627027181 506237907 0  
  1627027182 506237907 0  
  1627027183 506237907 0  
  1627027184 506237907 0  
  1627027185 506237907 0  
  1627027186 506237907 0  
  1627027187 506237907 0  
  1627027188 506237907 0  
  1627027189 506237907 0  
  1627027190 506237907 0  
  1627027191 506237907 0  
  1627027192 506237907 0  
  1627027193 506237907 0  
  1627027194 506237907 0  
  1627027195 506237907 0  
  1627027196 506237907 0  
  1627027197 506237907 0  
  1627027198 506237907 0  
  1627027199 506237907 0  
  1627027200 506237907 0  
  1627027201 506237907 0  
  1627027202 506237907 0  
  1627027203 506237907 0  
  1627027204 506237907 0  
  1627027205 506237907 0  
  1627027206 506237907 0  
  1627027207 506237907 0  
  1627027208 506237907 0  
  1627027209 506237907 0  
  1627027210 506237907 0  
  1627027211 506237907 0  
  1627027212 506237907 0  
  1627027213 506237907 0  
  1627027214 506237907 0  
  1627027215 506237907 0  
  1627027216 506237907 0  
  1627027217 506237907 0  
  1627027218 506237907 0  
  1627027220 506237907 0  
  1627027221 506237907 0  
  1627027222 506237907 0  
  1627027223 506237907 0  
  1627027224 506237907 0  
  1627027225 506237907 0  
  1627027226 506237907 0  
  1627027227 506237907 0  
  1627027228 506237907 0  
  1627027229 506237907 0  
  1627027230 506237907 0  
  1627027231 506237907 0  
  1627027232 506237907 0  
  1627027233 506237907 0  
  1627027234 506237907 0  
  1627027235 506237907 0  
  1627027236 506237907 0  
  1627027237 506237907 0  
  1627027238 506237907 0  
  1627027239 506237907 0  
  1627027240 506238264 0  
  1627027241 506238264 0  
  1627027242 506238264 0  
  1627027243 506238264 0  
  1627027244 506238264 0  
  1627027245 506242573 0  
  1627027246 506242897 0  
  1627027247 506248238 0  
  1627027248 506248238 0  
  1627027249 506248810 0  
  1627027250 506248810 0  
  1627027251 506248810 0  
  1627027252 506248810 0  
  1627027253 506253443 0  
  1627027254 506254015 0  
  1627027255 506258648 0  
  1627027256 506258648 0  
  1627027257 506259356 0  
  1627027258 506259356 0  
  1627027260 506259356 0  
  1627027261 506259356 0  
  1627027262 506259356 0  
  1627027263 506259356 0  
  1627027264 506259356 0  
  1627027265 506264277 0  
  1627027266 506264277 0  
  1627027267 506264985 0  
  1627027268 506264985 0  
  1627027269 506264985 0  
  1627027270 506264985 0  
  1627027271 506264985 0  
  1627027272 506264985 0  
  1627027273 506264985 0  
  1627027274 506264985 0  
  1627027275 506264985 0  
  1627027276 506264985 0  
  1627027277 506264985 0  
  1627027278 506264985 0  
  1627027279 506264985 0  
  1627027280 506264985 0  
  1627027281 506264985 0  
  1627027282 506264985 0  
  1627027283 506264985 0  
  1627027284 506264985 0  
  1627027285 506264985 0  
  1627027286 506264985 0  
  1627027287 506264985 0  
  1627027288 506264985 0  
  1627027289 506264985 0  
  1627027290 506264985 0  
  1627027291 506264985 0  
  1627027292 506264985 0  
  1627027293 506264985 0  
  1627027294 506264985 0  
  1627027295 506264985 0  
  1627027296 506264985 0  
  1627027298 506264985 0  
  1627027299 506264985 0  
  1627027300 506264985 0  
  1627027301 506264985 0  
  1627027302 506264985 0  
  1627027303 506264985 0  
  1627027304 506264985 0  
  1627027305 506264985 0  
  1627027306 506264985 0  
  1627027307 506264985 0  
  1627027308 506264985 0  
  1627027309 506264985 0  
  1627027310 506264985 0  
  1627027311 506264985 0  
  1627027312 506264985 0  
  1627027313 506264985 0  
  1627027314 506264985 0  
  1627027315 506264985 0  
  1627027316 506264985 0  
  1627027317 506264985 0  
  1627027318 506264985 0  
  1627027319 506264985 0  
  1627027320 506264985 0  
  1627027321 506264985 0  
  1627027322 506264985 0  
  1627027323 506264985 0  
  1627027324 506264985 0  
  1627027325 506264985 0  
  1627027326 506264985 0  
  1627027327 506264985 0  
  1627027328 506264985 0  
  1627027329 506264985 0  
  1627027330 506264985 0  
  1627027331 506264985 0  
  1627027332 506264985 0  
  1627027333 506264985 0  
  1627027334 506264985 0  
  1627027335 506264985 0  
  1627027337 506264985 0  
  1627027338 506264985 0  
  1627027339 506264985 0  
  1627027340 506264985 0  
  1627027341 506264985 0  
  1627027342 506264985 0  
  1627027343 506264985 0  
  1627027344 506264985 0  
  1627027345 506264985 0  
  1627027346 506264985 0  
  1627027347 506264985 0  
  1627027348 506264985 0  
  1627027349 506264985 0  
  1627027350 506264985 0  
  1627027351 506264985 0  
  1627027352 506264985 0  
  1627027353 506264985 0  
  1627027354 506264985 0  
  1627027355 506264985 0  
  1627027356 506264985 0  
  1627027357 506264985 0  
  1627027358 506264985 0  
  1627027359 506264985 0  
  1627027360 506265077 0  
  1627027361 506265077 0  
  1627027362 506265077 0  
  1627027363 506265077 0  
  1627027364 506265077 0  
  1627027365 506265077 0  
  1627027366 506265077 0  
  1627027367 506265077 0  
  1627027368 506265077 0  
  1627027369 506265077 0  
  1627027370 506265673 0  
  1627027371 506265673 0  
  1627027372 506265673 0  
  1627027373 506265673 0  
  1627027375 506265673 0  
  1627027376 506265673 0  
  1627027377 506265673 0  
  1627027378 506265673 0  
  1627027379 506265673 0  
  1627027380 506265673 0  
  1627027381 506265673 0  
  1627027382 506265673 0  
  1627027383 506265673 0  
  1627027384 506265673 0  
  1627027385 506265673 0  
  1627027386 506265673 0  
  1627027387 506265673 0  
  1627027388 506265673 0  
  1627027389 506265673 0  
  1627027390 506265673 0  
  1627027391 506265673 0  
  1627027392 506265673 0  
  1627027393 506265673 0  
  1627027394 506265673 0  
  1627027395 506265673 0  
  1627027396 506265673 0  
  1627027397 506265673 0  
  1627027398 506265673 0  
  1627027399 506265673 0  
 