 1626884544 482414577 0  
  1626884545 482414577 0  
  1626884546 482414577 0  
  1626884547 482414577 0  
  1626884548 482414577 0  
  1626884549 482414577 0  
  1626884550 482414577 0  
  1626884551 482414577 0  
  1626884552 482414577 0  
  1626884554 482414577 0  
  1626884555 482414577 0  
  1626884556 482414577 0  
  1626884557 482414577 0  
  1626884558 482414577 0  
  1626884559 482414577 0  
  1626884560 482414577 0  
  1626884561 482414577 0  
  1626884562 482414577 0  
  1626884563 482414577 0  
  1626884564 482414577 0  
  1626884565 482414577 0  
  1626884566 482414577 0  
  1626884567 482414577 0  
  1626884568 482414577 0  
  1626884569 482414577 0  
  1626884570 482414577 0  
  1626884571 482414577 0  
  1626884572 482414577 0  
  1626884573 482414878 0  
  1626884574 482419210 0  
  1626884575 482419302 0  
  1626884576 482419874 0  
  1626884577 482419874 0  
  1626884578 482419874 0  
  1626884579 482419874 0  
  1626884580 482419874 0  
  1626884581 482419874 0  
  1626884582 482419874 0  
  1626884583 482419874 0  
  1626884584 482419874 0  
  1626884585 482419874 0  
  1626884586 482419874 0  
  1626884587 482419874 0  
  1626884588 482419874 0  
  1626884589 482419966 0  
  1626884590 482419966 0  
  1626884591 482419966 0  
  1626884593 482419966 0  
  1626884594 482419966 0  
  1626884595 482419966 0  
  1626884596 482419966 0  
  1626884597 482419966 0  
  1626884598 482419966 0  
  1626884599 482419966 0  
  1626884600 482419966 0  
  1626884601 482419966 0  
  1626884602 482419966 0  
  1626884603 482419966 0  
  1626884604 482419966 0  
  1626884605 482419966 0  
  1626884606 482419966 0  
  1626884607 482419966 0  
  1626884608 482419966 0  
  1626884609 482419966 0  
  1626884610 482419966 0  
  1626884611 482419966 0  
  1626884612 482419966 0  
  1626884613 482419966 0  
  1626884614 482419966 0  
  1626884615 482419966 0  
  1626884616 482419966 0  
  1626884617 482419966 0  
  1626884618 482419966 0  
  1626884619 482419966 0  
  1626884620 482419966 0  
  1626884621 482419966 0  
  1626884622 482419966 0  
  1626884623 482419966 0  
  1626884624 482419966 0  
  1626884625 482419966 0  
  1626884626 482419966 0  
  1626884627 482419966 0  
  1626884628 482419966 0  
  1626884629 482419966 0  
  1626884630 482419966 0  
  1626884631 482419966 0  
  1626884632 482419966 0  
  1626884634 482419966 0  
  1626884635 482419966 0  
  1626884636 482419966 0  
  1626884637 482419966 0  
  1626884638 482419966 0  
  1626884639 482419966 0  
  1626884640 482419966 0  
  1626884641 482419966 0  
  1626884642 482419966 0  
  1626884643 482419966 0  
  1626884644 482419966 0  
  1626884645 482419966 0  
  1626884646 482419966 0  
  1626884647 482419966 0  
  1626884648 482419966 0  
  1626884649 482419966 0  
  1626884650 482419966 0  
  1626884651 482419966 0  
  1626884652 482419966 0  
  1626884653 482419966 0  
  1626884654 482419966 0  
  1626884655 482419966 0  
  1626884656 482419966 0  
  1626884657 482419966 0  
  1626884658 482419966 0  
  1626884659 482419966 0  
  1626884660 482419966 0  
  1626884661 482419966 0  
  1626884662 482419966 0  
  1626884663 482419966 0  
  1626884664 482419966 0  
  1626884665 482419966 0  
  1626884666 482419966 0  
  1626884667 482419966 0  
  1626884668 482421561 0  
  1626884669 482421561 0  
  1626884670 482421561 0  
  1626884671 482421561 0  
  1626884673 482421561 0  
  1626884674 482421561 0  
  1626884675 482421561 0  
  1626884676 482421561 0  
  1626884677 482421561 0  
  1626884678 482421561 0  
  1626884679 482421561 0  
  1626884680 482421561 0  
  1626884681 482421561 0  
  1626884682 482421561 0  
  1626884683 482421561 0  
  1626884684 482421561 0  
  1626884685 482421561 0  
  1626884686 482421561 0  
  1626884687 482421561 0  
  1626884688 482421561 0  
  1626884689 482421561 0  
  1626884690 482421561 0  
  1626884691 482421561 0  
  1626884692 482421561 0  
  1626884693 482421561 0  
  1626884694 482421561 0  
  1626884695 482421561 0  
  1626884696 482421561 0  
  1626884697 482421561 0  
  1626884698 482421561 0  
  1626884699 482421561 0  
  1626884700 482421561 0  
  1626884701 482421561 0  
  1626884702 482421561 0  
  1626884703 482421653 0  
  1626884704 482421653 0  
  1626884705 482421653 0  
  1626884706 482421653 0  
  1626884707 482421653 0  
  1626884708 482421653 0  
  1626884709 482421653 0  
  1626884710 482421653 0  
  1626884711 482421653 0  
  1626884713 482421653 0  
  1626884714 482421653 0  
  1626884715 482421653 0  
  1626884716 482421653 0  
  1626884717 482421653 0  
  1626884718 482421653 0  
  1626884719 482421653 0  
  1626884720 482421745 0  
  1626884721 482421745 0  
  1626884722 482421745 0  
  1626884723 482421745 0  
  1626884724 482421745 0  
  1626884725 482421745 0  
  1626884726 482421745 0  
  1626884727 482421745 0  
  1626884728 482421745 0  
  1626884729 482421745 0  
  1626884730 482421745 0  
  1626884731 482421745 0  
  1626884732 482421745 0  
  1626884733 482421745 0  
  1626884734 482421745 0  
  1626884735 482421745 0  
  1626884736 482421745 0  
  1626884737 482422102 0  
  1626884738 482422102 0  
  1626884739 482422102 0  
  1626884740 482422102 0  
  1626884741 482422102 0  
  1626884742 482422102 0  
  1626884743 482426411 0  
  1626884744 482426735 0  
  1626884745 482427443 0  
  1626884746 482427443 0  
  1626884747 482432076 0  
  1626884748 482432716 0  
  1626884749 482432716 0  
  1626884750 482432716 0  
  1626884751 482441982 0  
  1626884753 482441982 0  
  1626884754 482443398 0  
  1626884755 482443398 0  
  1626884756 482443398 0  
  1626884757 482443398 0  
  1626884758 482443398 0  
  1626884759 482443398 0  
  1626884760 482443398 0  
  1626884761 482443398 0  
  1626884762 482443398 0  
  1626884763 482443398 0  
  1626884764 482443398 0  
  1626884765 482443398 0  
  1626884766 482443398 0  
  1626884767 482443398 0  
  1626884768 482443994 0  
  1626884769 482443994 0  
  1626884770 482443994 0  
  1626884771 482443994 0  
  1626884772 482443994 0  
  1626884773 482443994 0  
  1626884774 482443994 0  
  1626884775 482443994 0  
  1626884776 482443994 0  
  1626884777 482443994 0  
  1626884778 482443994 0  
  1626884779 482443994 0  
  1626884780 482443994 0  
  1626884781 482443994 0  
  1626884782 482443994 0  
  1626884783 482443994 0  
  1626884784 482443994 0  
  1626884785 482443994 0  
  1626884786 482443994 0  
  1626884787 482443994 0  
  1626884788 482443994 0  
  1626884789 482443994 0  
  1626884790 482443994 0  
  1626884792 482443994 0  
  1626884793 482443994 0  
  1626884794 482443994 0  
  1626884795 482443994 0  
  1626884796 482443994 0  
  1626884797 482443994 0  
  1626884798 482443994 0  
  1626884799 482443994 0  
  1626884800 482443994 0  
  1626884801 482443994 0  
  1626884802 482443994 0  
  1626884803 482443994 0  
  1626884804 482443994 0  
  1626884805 482443994 0  
  1626884806 482443994 0  
  1626884807 482443994 0  
  1626884808 482443994 0  
  1626884809 482443994 0  
  1626884810 482443994 0  
  1626884811 482443994 0  
  1626884812 482443994 0  
  1626884813 482443994 0  
  1626884814 482443994 0  
  1626884815 482443994 0  
  1626884816 482443994 0  
  1626884817 482443994 0  
  1626884818 482443994 0  
  1626884819 482443994 0  
  1626884820 482443994 0  
  1626884821 482443994 0  
  1626884822 482443994 0  
  1626884823 482443994 0  
  1626884824 482443994 0  
  1626884825 482443994 0  
  1626884826 482443994 0  
  1626884827 482443994 0  
  1626884828 482443994 0  
  1626884829 482443994 0  
  1626884830 482443994 0  
  1626884832 482443994 0  
  1626884833 482443994 0  
  1626884834 482444086 0  
  1626884835 482444086 0  
  1626884836 482444086 0  
  1626884837 482444086 0  
  1626884838 482444086 0  
  1626884839 482444086 0  
  1626884840 482444086 0  
  1626884841 482444086 0  
  1626884842 482444086 0  
  1626884843 482444086 0  
  1626884844 482444086 0  
  1626884845 482444086 0  
  1626884846 482444086 0  
  1626884847 482444086 0  
  1626884848 482444086 0  
  1626884849 482444086 0  
  1626884850 482444178 0  
  1626884851 482444178 0  
  1626884852 482444178 0  
  1626884853 482444178 0  
  1626884854 482444178 0  
  1626884855 482444246 0  
  1626884856 482444246 0  
  1626884857 482444246 0  
  1626884858 482444246 0  
  1626884859 482444246 0  
  1626884860 482444246 0  
  1626884861 482445402 0  
  1626884862 482445402 0  
  1626884863 482445402 0  
  1626884864 482445402 0  
  1626884865 482445402 0  
  1626884866 482445402 0  
 