 1626716416 452063988 0  
  1626716417 452068621 0  
  1626716418 452068621 0  
  1626716419 452073962 0  
  1626716420 452073962 0  
  1626716421 452074602 0  
  1626716422 452074602 0  
  1626716423 452074602 0  
  1626716424 452074602 0  
  1626716425 452074602 0  
  1626716426 452074602 0  
  1626716427 452074602 0  
  1626716428 452074602 0  
  1626716429 452074602 0  
  1626716430 452074602 0  
  1626716431 452074602 0  
  1626716432 452074602 0  
  1626716433 452074602 0  
  1626716434 452074602 0  
  1626716435 452074602 0  
  1626716436 452074602 0  
  1626716437 452074959 0  
  1626716438 452074959 0  
  1626716439 452074959 0  
  1626716440 452074959 0  
  1626716441 452074959 0  
  1626716443 452074959 0  
  1626716444 452074959 0  
  1626716445 452074959 0  
  1626716446 452074959 0  
  1626716447 452075041 0  
  1626716448 452075041 0  
  1626716449 452075041 0  
  1626716450 452075041 0  
  1626716451 452075041 0  
  1626716452 452075041 0  
  1626716453 452075041 0  
  1626716454 452075041 0  
  1626716455 452075041 0  
  1626716456 452075041 0  
  1626716457 452075041 0  
  1626716458 452075041 0  
  1626716459 452075041 0  
  1626716460 452075041 0  
  1626716461 452075041 0  
  1626716462 452075041 0  
  1626716463 452075041 0  
  1626716464 452075041 0  
  1626716465 452075041 0  
  1626716466 452075041 0  
  1626716467 452075041 0  
  1626716468 452075041 0  
  1626716469 452075041 0  
  1626716470 452075041 0  
  1626716471 452075041 0  
  1626716472 452075041 0  
  1626716473 452075041 0  
  1626716474 452075133 0  
  1626716475 452075133 0  
  1626716476 452075225 0  
  1626716477 452075225 0  
  1626716478 452075225 0  
  1626716479 452075225 0  
  1626716480 452075225 0  
  1626716482 452075225 0  
  1626716483 452075225 0  
  1626716484 452075225 0  
  1626716485 452075225 0  
  1626716486 452075225 0  
  1626716487 452075225 0  
  1626716488 452075225 0  
  1626716489 452075225 0  
  1626716490 452075225 0  
  1626716491 452075225 0  
  1626716492 452075225 0  
  1626716493 452075225 0  
  1626716494 452075225 0  
  1626716495 452075225 0  
  1626716496 452075225 0  
  1626716497 452075225 0  
  1626716498 452075225 0  
  1626716499 452075225 0  
  1626716500 452075225 0  
  1626716501 452075225 0  
  1626716502 452075225 0  
  1626716503 452075225 0  
  1626716504 452075225 0  
  1626716505 452075225 0  
  1626716506 452075225 0  
  1626716507 452075225 0  
  1626716508 452075225 0  
  1626716509 452075225 0  
  1626716510 452075225 0  
  1626716511 452075225 0  
  1626716512 452075225 0  
  1626716513 452075225 0  
  1626716514 452075225 0  
  1626716515 452075225 0  
  1626716516 452075225 0  
  1626716517 452075225 0  
  1626716518 452075225 0  
  1626716519 452075225 0  
  1626716521 452075225 0  
  1626716522 452075225 0  
  1626716523 452075225 0  
  1626716524 452075225 0  
  1626716525 452075225 0  
  1626716526 452075225 0  
  1626716527 452075225 0  
  1626716528 452075225 0  
  1626716529 452075225 0  
  1626716530 452075225 0  
  1626716531 452075225 0  
  1626716532 452075225 0  
  1626716533 452075225 0  
  1626716534 452075225 0  
  1626716535 452075225 0  
  1626716536 452075225 0  
  1626716537 452075225 0  
  1626716538 452075225 0  
  1626716539 452075225 0  
  1626716540 452075225 0  
  1626716541 452075225 0  
  1626716542 452075225 0  
  1626716543 452075225 0  
  1626716544 452075225 0  
  1626716545 452075225 0  
  1626716546 452075225 0  
  1626716547 452075225 0  
  1626716548 452075225 0  
  1626716549 452075225 0  
  1626716550 452075225 0  
  1626716551 452075225 0  
  1626716552 452075225 0  
  1626716553 452075225 0  
  1626716554 452075225 0  
  1626716555 452075293 0  
  1626716556 452075293 0  
  1626716557 452075293 0  
  1626716558 452075293 0  
  1626716559 452075293 0  
  1626716561 452075548 0  
  1626716562 452076449 0  
  1626716563 452076449 0  
  1626716564 452077045 0  
  1626716565 452077045 0  
  1626716566 452081678 0  
  1626716567 452081678 0  
  1626716568 452082386 0  
  1626716569 452082386 0  
  1626716570 452082386 0  
  1626716571 452082386 0  
  1626716572 452082386 0  
  1626716573 452082386 0  
  1626716574 452082386 0  
  1626716575 452082386 0  
  1626716576 452082386 0  
  1626716577 452082386 0  
  1626716578 452082386 0  
  1626716579 452082386 0  
  1626716580 452082386 0  
  1626716581 452082386 0  
  1626716582 452082386 0  
  1626716583 452082386 0  
  1626716584 452082386 0  
  1626716585 452082386 0  
  1626716586 452082386 0  
  1626716587 452082386 0  
  1626716588 452082446 0  
  1626716589 452082446 0  
  1626716590 452082446 0  
  1626716591 452082446 0  
  1626716592 452082446 0  
  1626716593 452082446 0  
  1626716594 452082446 0  
  1626716595 452082446 0  
  1626716596 452082446 0  
  1626716597 452082446 0  
  1626716598 452082446 0  
  1626716599 452082446 0  
  1626716601 452082446 0  
  1626716602 452082446 0  
  1626716603 452082446 0  
  1626716604 452082446 0  
  1626716605 452082446 0  
  1626716606 452082446 0  
  1626716607 452082446 0  
  1626716608 452082446 0  
  1626716609 452082446 0  
  1626716610 452082446 0  
  1626716611 452082446 0  
  1626716612 452082446 0  
  1626716613 452082446 0  
  1626716614 452082446 0  
  1626716615 452082446 0  
  1626716616 452082446 0  
  1626716617 452082446 0  
  1626716618 452082446 0  
  1626716619 452082446 0  
  1626716620 452082446 0  
  1626716621 452082446 0  
  1626716622 452082446 0  
  1626716623 452082446 0  
  1626716624 452082446 0  
  1626716625 452082446 0  
  1626716626 452082446 0  
  1626716627 452082446 0  
  1626716628 452082446 0  
  1626716629 452082446 0  
  1626716630 452082446 0  
  1626716631 452082446 0  
  1626716632 452082446 0  
  1626716633 452082446 0  
  1626716634 452082446 0  
  1626716635 452082446 0  
  1626716636 452082446 0  
  1626716637 452082446 0  
  1626716638 452082446 0  
  1626716639 452082446 0  
  1626716641 452082446 0  
  1626716642 452082446 0  
  1626716643 452082446 0  
  1626716644 452082446 0  
  1626716645 452082446 0  
  1626716646 452082446 0  
  1626716647 452082446 0  
  1626716648 452082446 0  
  1626716649 452082446 0  
  1626716650 452082446 0  
  1626716651 452082446 0  
  1626716652 452082446 0  
  1626716653 452082446 0  
  1626716654 452082446 0  
  1626716655 452082446 0  
  1626716656 452082446 0  
  1626716657 452082446 0  
  1626716658 452082446 0  
  1626716659 452082446 0  
  1626716660 452082446 0  
  1626716661 452082446 0  
  1626716662 452082446 0  
  1626716663 452082446 0  
  1626716664 452084041 0  
  1626716665 452084041 0  
  1626716666 452084041 0  
  1626716667 452084041 0  
  1626716668 452084041 0  
  1626716669 452084041 0  
  1626716670 452084041 0  
  1626716671 452084041 0  
  1626716672 452084041 0  
  1626716673 452084041 0  
  1626716674 452084041 0  
  1626716675 452084041 0  
  1626716676 452084041 0  
  1626716677 452084041 0  
  1626716678 452084041 0  
  1626716680 452084041 0  
  1626716681 452084041 0  
  1626716682 452084041 0  
  1626716683 452084041 0  
  1626716684 452084041 0  
  1626716685 452084041 0  
  1626716686 452084041 0  
  1626716687 452084041 0  
  1626716688 452084041 0  
  1626716689 452084041 0  
  1626716690 452084041 0  
  1626716691 452084041 0  
  1626716692 452084041 0  
  1626716693 452084041 0  
  1626716694 452084041 0  
  1626716695 452084041 0  
  1626716696 452084041 0  
  1626716697 452084041 0  
  1626716698 452084041 0  
  1626716699 452084041 0  
  1626716700 452084041 0  
  1626716701 452086002 0  
  1626716702 452088674 0  
  1626716703 452088674 0  
  1626716704 452089382 0  
  1626716705 452089382 0  
  1626716706 452089382 0  
  1626716707 452089382 0  
  1626716708 452089382 0  
  1626716709 452089382 0  
  1626716710 452089382 0  
  1626716711 452089382 0  
  1626716712 452089382 0  
  1626716713 452089382 0  
  1626716714 452089382 0  
  1626716715 452093947 0  
  1626716716 452098648 0  
  1626716717 452099288 0  
  1626716719 452099996 0  
  1626716720 452104629 0  
  1626716721 452104629 0  
  1626716722 452105337 0  
  1626716723 452105337 0  
  1626716724 452105337 0  
  1626716725 452105337 0  
  1626716726 452105337 0  
  1626716727 452105337 0  
  1626716728 452105337 0  
  1626716729 452105337 0  
  1626716730 452105337 0  
  1626716731 452105429 0  
  1626716732 452105429 0  
  1626716733 452105521 0  
  1626716734 452105521 0  
  1626716735 452105521 0  
  1626716736 452105521 0  
  1626716737 452105878 0  
  1626716738 452105878 0  
  1626716739 452105878 0  
  1626716740 452105878 0  
  1626716741 452105878 0  
  1626716742 452105878 0  
  1626716743 452105878 0  
  1626716744 452105878 0  
  1626716745 452105878 0  
  1626716746 452105878 0  
  1626716747 452105878 0  
  1626716748 452105878 0  
  1626716749 452105878 0  
  1626716750 452105878 0  
  1626716751 452105878 0  
  1626716752 452105878 0  
  1626716753 452105878 0  
  1626716754 452105878 0  
  1626716755 452105878 0  
  1626716757 452105878 0  
  1626716758 452105878 0  
  1626716759 452105878 0  
  1626716760 452105878 0  
  1626716761 452105878 0  
  1626716762 452105878 0  
  1626716763 452105878 0  
  1626716764 452105878 0  
  1626716765 452105878 0  
  1626716766 452105878 0  
  1626716767 452105878 0  
  1626716768 452105878 0  
  1626716769 452105878 0  
  1626716770 452105878 0  
  1626716771 452105878 0  
  1626716772 452105878 0  
  1626716773 452105878 0  
  1626716774 452105878 0  
  1626716775 452105878 0  
  1626716776 452105878 0  
  1626716777 452105878 0  
  1626716778 452105878 0  
  1626716779 452105878 0  
  1626716780 452105878 0  
  1626716781 452105878 0  
  1626716782 452105878 0  
  1626716783 452105878 0  
  1626716784 452105878 0  
  1626716785 452105878 0  
  1626716786 452105878 0  
  1626716787 452105878 0  
  1626716788 452105878 0  
  1626716789 452105878 0  
  1626716790 452105878 0  
  1626716791 452105878 0  
  1626716792 452105878 0  
  1626716793 452105878 0  
  1626716794 452105878 0  
  1626716795 452105878 0  
  1626716797 452105878 0  
  1626716798 452105878 0  
  1626716799 452105878 0  
  1626716800 452105878 0  
  1626716801 452105878 0  
  1626716802 452105878 0  
  1626716803 452105878 0  
  1626716804 452105878 0  
  1626716805 452105878 0  
  1626716806 452105878 0  
  1626716807 452105878 0  
  1626716808 452105878 0  
  1626716809 452105878 0  
  1626716810 452105878 0  
  1626716811 452105878 0  
  1626716812 452105878 0  
  1626716813 452105878 0  
  1626716814 452105878 0  
  1626716815 452105878 0  
  1626716816 452105878 0  
  1626716817 452105878 0  
  1626716818 452105878 0  
  1626716819 452105878 0  
  1626716820 452105878 0  
  1626716821 452105878 0  
  1626716822 452105878 0  
  1626716823 452105878 0  
  1626716824 452105878 0  
  1626716825 452105878 0  
  1626716826 452105878 0  
  1626716827 452105878 0  
  1626716828 452105878 0  
  1626716829 452105878 0  
  1626716830 452105878 0  
  1626716831 452105878 0  
  1626716832 452105878 0  
  1626716833 452105878 0  
  1626716834 452105878 0  
  1626716835 452105878 0  
  1626716837 452105878 0  
  1626716838 452105878 0  
  1626716839 452105878 0  
  1626716840 452105878 0  
  1626716841 452105878 0  
  1626716842 452105878 0  
  1626716843 452105878 0  
  1626716844 452105878 0  
  1626716845 452105878 0  
  1626716846 452105878 0  
  1626716847 452105878 0  
  1626716848 452105878 0  
  1626716849 452105878 0  
  1626716850 452105878 0  
  1626716851 452105878 0  
  1626716852 452105878 0  
  1626716853 452105878 0  
  1626716854 452105878 0  
  1626716855 452105878 0  
  1626716856 452105878 0  
  1626716857 452105878 0  
  1626716858 452105878 0  
  1626716859 452105878 0  
  1626716860 452105878 0  
  1626716861 452105878 0  
  1626716862 452105878 0  
  1626716863 452106474 0  
  1626716864 452106474 0  
  1626716865 452110783 0  
  1626716866 452111107 0  
  1626716867 452111815 0  
  1626716868 452111815 0  
  1626716869 452111815 0  
  1626716870 452111815 0  
  1626716871 452111815 0  
  1626716872 452111815 0  
  1626716873 452111815 0  
  1626716874 452111815 0  
  1626716875 452111815 0  
  1626716877 452111815 0  
  1626716878 452111815 0  
  1626716879 452111815 0  
  1626716880 452111815 0  
  1626716881 452111815 0  
  1626716882 452111815 0  
  1626716883 452111815 0  
  1626716884 452111815 0  
  1626716885 452111815 0  
  1626716886 452111815 0  
  1626716887 452111815 0  
  1626716888 452111815 0  
  1626716889 452111815 0  
  1626716890 452111815 0  
  1626716891 452111815 0  
  1626716892 452111815 0  
  1626716893 452111815 0  
  1626716894 452111815 0  
  1626716895 452111815 0  
  1626716896 452111815 0  
  1626716897 452111815 0  
  1626716898 452111815 0  
  1626716899 452111815 0  
  1626716900 452111815 0  
  1626716901 452111815 0  
  1626716902 452111815 0  
  1626716903 452111815 0  
  1626716904 452111815 0  
  1626716905 452111815 0  
  1626716906 452111815 0  
  1626716907 452111815 0  
  1626716908 452111815 0  
  1626716909 452111815 0  
  1626716910 452111815 0  
  1626716911 452111815 0  
  1626716912 452111815 0  
  1626716913 452111815 0  
  1626716914 452111815 0  
  1626716916 452111815 0  
  1626716917 452111815 0  
  1626716918 452111815 0  
  1626716919 452111815 0  
  1626716920 452111815 0  
  1626716921 452111815 0  
  1626716922 452111815 0  
  1626716923 452111815 0  
  1626716924 452111815 0  
  1626716925 452112153 0  
  1626716926 452112153 0  
  1626716927 452112153 0  
  1626716928 452112153 0  
  1626716929 452112153 0  
  1626716930 452112153 0  
  1626716931 452112153 0  
  1626716932 452112153 0  
  1626716933 452112153 0  
  1626716934 452112153 0  
  1626716935 452112153 0  
  1626716936 452112153 0  
  1626716937 452112153 0  
  1626716938 452112153 0  
  1626716939 452112153 0  
  1626716940 452112153 0  
  1626716941 452112153 0  
  1626716942 452112153 0  
  1626716943 452112153 0  
  1626716944 452112153 0  
  1626716945 452112153 0  
  1626716946 452112153 0  
  1626716947 452112153 0  
  1626716948 452112153 0  
  1626716949 452112153 0  
  1626716950 452112153 0  
  1626716951 452112153 0  
  1626716952 452112153 0  
  1626716953 452112153 0  
  1626716954 452112153 0  
  1626716956 452112153 0  
  1626716957 452112153 0  
  1626716958 452112153 0  
  1626716959 452112153 0  
  1626716960 452112153 0  
  1626716961 452112153 0  
  1626716962 452112153 0  
  1626716963 452112153 0  
  1626716964 452112153 0  
  1626716965 452112153 0  
  1626716966 452112153 0  
  1626716967 452112153 0  
  1626716968 452112153 0  
  1626716969 452112153 0  
  1626716970 452112153 0  
  1626716971 452112153 0  
  1626716972 452112153 0  
  1626716973 452112153 0  
  1626716974 452112153 0  
  1626716975 452112153 0  
  1626716976 452112153 0  
  1626716977 452112153 0  
  1626716978 452112153 0  
  1626716979 452112153 0  
  1626716980 452112153 0  
  1626716981 452112153 0  
  1626716982 452112153 0  
  1626716983 452112153 0  
  1626716984 452112153 0  
  1626716985 452112153 0  
  1626716986 452112153 0  
  1626716987 452112153 0  
  1626716988 452112153 0  
  1626716989 452112153 0  
  1626716990 452112337 0  
  1626716991 452112337 0  
  1626716992 452112337 0  
  1626716993 452112337 0  
  1626716994 452112337 0  
  1626716996 452112337 0  
  1626716997 452112337 0  
  1626716998 452112337 0  
  1626716999 452112675 0  
  1626717000 452112675 0  
  1626717001 452112675 0  
  1626717002 452117240 0  
  1626717003 452117308 0  
  1626717004 452117948 0  
  1626717005 452117948 0  
  1626717006 452117948 0  
  1626717007 452117948 0  
  1626717008 452117948 0  
  1626717009 452117948 0  
  1626717010 452117948 0  
  1626717011 452117948 0  
  1626717012 452117948 0  
  1626717013 452117948 0  
  1626717014 452122257 0  
  1626717015 452122581 0  
  1626717016 452122581 0  
  1626717017 452127922 0  
  1626717018 452132691 0  
  1626717019 452133263 0  
  1626717020 452133903 0  
  1626717021 452133903 0  
  1626717022 452133903 0  
  1626717023 452133903 0  
  1626717024 452133903 0  
  1626717025 452133903 0  
  1626717026 452133903 0  
  1626717027 452133903 0  
  1626717028 452133903 0  
  1626717029 452133903 0  
  1626717030 452133903 0  
  1626717031 452133903 0  
  1626717032 452133903 0  
  1626717033 452133903 0  
  1626717035 452133903 0  
  1626717036 452133903 0  
  1626717037 452134260 0  
  1626717038 452134260 0  
  1626717039 452134260 0  
  1626717040 452134260 0  
  1626717041 452134260 0  
  1626717042 452134260 0  
  1626717043 452134260 0  
  1626717044 452134260 0  
  1626717045 452134260 0  
  1626717046 452134260 0  
  1626717047 452134260 0  
  1626717048 452134260 0  
  1626717049 452134260 0  
  1626717050 452134260 0  
  1626717051 452134260 0  
 