 1626880972 478775993 0  
  1626880973 478776317 0  
  1626880974 478776317 0  
  1626880975 478777117 0  
  1626880976 478777117 0  
  1626880977 478777117 0  
  1626880978 478777117 0  
  1626880979 478777117 0  
  1626880980 478777117 0  
  1626880981 478777117 0  
  1626880982 478777117 0  
  1626880983 478777117 0  
  1626880984 478777117 0  
  1626880986 478777117 0  
  1626880987 478777117 0  
  1626880988 478777117 0  
  1626880989 478777117 0  
  1626880990 478777117 0  
  1626880991 478777117 0  
  1626880992 478777117 0  
  1626880993 478777117 0  
  1626880994 478777117 0  
  1626880995 478777117 0  
  1626880996 478777117 0  
  1626880997 478777117 0  
  1626880998 478777117 0  
  1626880999 478777117 0  
  1626881000 478777117 0  
  1626881001 478777117 0  
  1626881002 478777117 0  
  1626881003 478777117 0  
  1626881004 478777117 0  
  1626881005 478777117 0  
  1626881006 478777117 0  
  1626881007 478777117 0  
  1626881008 478777117 0  
  1626881009 478777117 0  
  1626881010 478777117 0  
  1626881011 478777117 0  
  1626881012 478777117 0  
  1626881013 478777117 0  
  1626881014 478777117 0  
  1626881015 478777117 0  
  1626881016 478777117 0  
  1626881017 478777117 0  
  1626881018 478777117 0  
  1626881019 478777117 0  
  1626881020 478777117 0  
  1626881021 478777117 0  
  1626881022 478777117 0  
  1626881023 478777117 0  
  1626881025 478777117 0  
  1626881026 478777117 0  
  1626881027 478777117 0  
  1626881028 478777117 0  
  1626881029 478777117 0  
  1626881030 478777117 0  
  1626881031 478777117 0  
  1626881032 478777117 0  
  1626881033 478777117 0  
  1626881034 478777117 0  
  1626881035 478777117 0  
  1626881036 478777209 0  
  1626881037 478777209 0  
  1626881038 478777209 0  
  1626881039 478777209 0  
  1626881040 478777301 0  
  1626881041 478777301 0  
  1626881042 478777301 0  
  1626881043 478777301 0  
  1626881044 478777301 0  
  1626881045 478777301 0  
  1626881046 478777301 0  
  1626881047 478777301 0  
  1626881048 478777301 0  
  1626881049 478777301 0  
  1626881050 478777301 0  
  1626881051 478777301 0  
  1626881052 478777301 0  
  1626881053 478777301 0  
  1626881054 478777301 0  
  1626881055 478777301 0  
  1626881056 478777301 0  
  1626881057 478777301 0  
  1626881058 478777301 0  
  1626881059 478777301 0  
  1626881060 478777301 0  
  1626881061 478777301 0  
  1626881062 478777301 0  
  1626881063 478777301 0  
  1626881065 478777301 0  
  1626881066 478777301 0  
  1626881067 478777301 0  
  1626881068 478777301 0  
  1626881069 478777301 0  
  1626881070 478777301 0  
  1626881071 478777301 0  
  1626881072 478777393 0  
  1626881073 478777393 0  
  1626881074 478777393 0  
  1626881075 478777393 0  
  1626881076 478777393 0  
  1626881077 478777393 0  
  1626881078 478777393 0  
  1626881079 478777393 0  
  1626881080 478777393 0  
  1626881081 478777393 0  
  1626881082 478777393 0  
  1626881083 478777393 0  
  1626881084 478777393 0  
  1626881085 478777393 0  
  1626881086 478777393 0  
  1626881087 478777393 0  
  1626881088 478777393 0  
  1626881089 478777393 0  
  1626881090 478777393 0  
  1626881091 478777393 0  
  1626881092 478777393 0  
  1626881093 478777393 0  
  1626881094 478777393 0  
  1626881095 478777393 0  
  1626881096 478777393 0  
  1626881097 478777393 0  
  1626881098 478777393 0  
  1626881099 478777393 0  
  1626881100 478777485 0  
  1626881101 478777485 0  
  1626881102 478777485 0  
  1626881104 478777485 0  
  1626881105 478777577 0  
  1626881106 478777577 0  
  1626881107 478777577 0  
  1626881108 478777577 0  
  1626881109 478777577 0  
  1626881110 478777577 0  
  1626881111 478777577 0  
  1626881112 478777577 0  
  1626881113 478777577 0  
  1626881114 478777577 0  
  1626881115 478777577 0  
  1626881116 478777577 0  
  1626881117 478777577 0  
  1626881118 478777577 0  
  1626881119 478777577 0  
  1626881120 478777577 0  
  1626881121 478777577 0  
  1626881122 478777577 0  
  1626881123 478777577 0  
  1626881124 478777577 0  
  1626881125 478777577 0  
  1626881126 478777577 0  
  1626881127 478777577 0  
  1626881128 478777577 0  
  1626881129 478777577 0  
  1626881130 478777577 0  
  1626881131 478777577 0  
  1626881132 478777577 0  
  1626881133 478777577 0  
  1626881134 478777577 0  
  1626881135 478777577 0  
  1626881136 478777669 0  
  1626881137 478777669 0  
  1626881138 478777669 0  
  1626881139 478777669 0  
  1626881140 478778026 0  
  1626881141 478778026 0  
  1626881142 478778026 0  
  1626881144 478778026 0  
  1626881145 478782591 0  
  1626881146 478782659 0  
  1626881147 478783367 0  
  1626881148 478783367 0  
  1626881149 478788000 0  
  1626881150 478788000 0  
  1626881151 478788708 0  
  1626881152 478788708 0  
  1626881153 478791605 0  
  1626881154 478797974 0  
  1626881155 478798682 0  
  1626881156 478799322 0  
  1626881157 478799322 0  
  1626881158 478799322 0  
  1626881159 478799322 0  
  1626881160 478799322 0  
  1626881161 478799322 0  
  1626881162 478799322 0  
  1626881163 478799322 0  
  1626881164 478799322 0  
  1626881165 478799322 0  
  1626881166 478799414 0  
  1626881167 478800072 0  
  1626881168 478800072 0  
  1626881169 478800164 0  
  1626881170 478800164 0  
  1626881171 478800164 0  
  1626881172 478800164 0  
  1626881173 478800164 0  
  1626881174 478800164 0  
  1626881175 478800164 0  
  1626881176 478800164 0  
  1626881177 478800164 0  
  1626881178 478800164 0  
  1626881179 478800164 0  
  1626881180 478800164 0  
  1626881181 478800164 0  
  1626881183 478800164 0  
  1626881184 478800164 0  
  1626881185 478800164 0  
  1626881186 478800164 0  
  1626881187 478800164 0  
  1626881188 478800164 0  
  1626881189 478800164 0  
  1626881190 478800164 0  
  1626881191 478800164 0  
  1626881192 478800164 0  
  1626881193 478800164 0  
  1626881194 478800164 0  
  1626881195 478800164 0  
  1626881196 478800164 0  
  1626881197 478800164 0  
  1626881198 478800164 0  
  1626881199 478800164 0  
  1626881200 478800164 0  
  1626881201 478800256 0  
  1626881202 478800256 0  
  1626881203 478800256 0  
  1626881204 478800256 0  
  1626881205 478800256 0  
  1626881206 478800256 0  
  1626881207 478800256 0  
  1626881208 478800256 0  
  1626881209 478800256 0  
  1626881210 478800256 0  
  1626881211 478800256 0  
  1626881212 478800256 0  
  1626881213 478800256 0  
  1626881214 478800256 0  
  1626881215 478800256 0  
  1626881216 478800256 0  
  1626881217 478800256 0  
  1626881218 478800256 0  
  1626881219 478800256 0  
  1626881220 478800256 0  
  1626881222 478800256 0  
  1626881223 478800256 0  
  1626881224 478800256 0  
  1626881225 478800256 0  
  1626881226 478800256 0  
  1626881227 478800256 0  
  1626881228 478800256 0  
  1626881229 478800256 0  
  1626881230 478800348 0  
  1626881231 478800348 0  
  1626881232 478800348 0  
  1626881233 478800348 0  
  1626881234 478800440 0  
  1626881235 478800440 0  
  1626881236 478800440 0  
  1626881237 478800440 0  
  1626881238 478800440 0  
  1626881239 478800440 0  
  1626881240 478800440 0  
  1626881241 478800440 0  
  1626881242 478800440 0  
  1626881243 478800440 0  
  1626881244 478800440 0  
  1626881245 478800440 0  
  1626881246 478800440 0  
  1626881247 478800440 0  
  1626881248 478800440 0  
  1626881249 478800440 0  
  1626881250 478800440 0  
  1626881251 478800440 0  
  1626881252 478800440 0  
  1626881253 478800440 0  
  1626881254 478800440 0  
  1626881255 478800440 0  
  1626881256 478800440 0  
  1626881257 478800440 0  
  1626881258 478800440 0  
  1626881259 478800440 0  
  1626881261 478800440 0  
  1626881262 478800440 0  
  1626881263 478800440 0  
  1626881264 478800440 0  
  1626881265 478800440 0  
  1626881266 478800440 0  
  1626881267 478800532 0  
  1626881268 478800532 0  
  1626881269 478800532 0  
  1626881270 478800532 0  
  1626881271 478804841 0  
  1626881272 478805165 0  
  1626881273 478805873 0  
  1626881274 478805873 0  
  1626881275 478805873 0  
  1626881276 478805873 0  
  1626881277 478805873 0  
  1626881278 478805873 0  
  1626881279 478805873 0  
  1626881280 478805873 0  
  1626881281 478805873 0  
  1626881282 478805873 0  
  1626881283 478805873 0  
  1626881284 478805873 0  
  1626881285 478805873 0  
  1626881286 478805873 0  
  1626881287 478805873 0  
  1626881288 478805873 0  
  1626881289 478805873 0  
  1626881290 478805873 0  
  1626881291 478805873 0  
  1626881292 478805873 0  
  1626881293 478805873 0  
  1626881294 478805965 0  
 