 1626889252 475415187 0  
  1626889254 475415265 0  
  1626889255 475415265 0  
  1626889256 475415265 0  
  1626889257 475415265 0  
  1626889258 475415265 0  
  1626889259 475415265 0  
  1626889260 475415265 0  
  1626889261 475415265 0  
  1626889262 475415265 0  
  1626889263 475415265 0  
  1626889264 475415265 0  
  1626889265 475415265 0  
  1626889266 475415265 0  
  1626889267 475415357 0  
  1626889268 475415357 0  
  1626889269 475415357 0  
  1626889270 475415357 0  
  1626889271 475415357 0  
  1626889272 475415357 0  
  1626889273 475415357 0  
  1626889274 475415357 0  
  1626889275 475415357 0  
  1626889276 475415357 0  
  1626889277 475415357 0  
  1626889278 475415357 0  
  1626889279 475415357 0  
  1626889280 475415357 0  
  1626889281 475415357 0  
  1626889282 475415357 0  
  1626889283 475415357 0  
  1626889284 475415357 0  
  1626889285 475415357 0  
  1626889286 475415357 0  
  1626889287 475415357 0  
  1626889288 475415357 0  
  1626889289 475415357 0  
  1626889291 475415357 0  
  1626889292 475415357 0  
  1626889293 475415357 0  
  1626889294 475415357 0  
  1626889295 475415357 0  
  1626889296 475415357 0  
  1626889297 475415357 0  
  1626889298 475415357 0  
  1626889299 475415357 0  
  1626889300 475415357 0  
  1626889301 475415357 0  
  1626889302 475415357 0  
  1626889303 475415357 0  
  1626889304 475415357 0  
  1626889305 475415357 0  
  1626889306 475415357 0  
  1626889307 475415357 0  
  1626889308 475415357 0  
  1626889309 475415357 0  
  1626889310 475415357 0  
  1626889311 475415357 0  
  1626889312 475415695 0  
  1626889313 475415695 0  
  1626889314 475415695 0  
  1626889315 475415695 0  
  1626889316 475415695 0  
  1626889317 475415695 0  
  1626889318 475415695 0  
  1626889319 475415695 0  
  1626889320 475415695 0  
  1626889321 475415695 0  
  1626889322 475415695 0  
  1626889323 475415695 0  
  1626889324 475415695 0  
  1626889325 475415695 0  
  1626889326 475415695 0  
  1626889327 475415695 0  
  1626889328 475415695 0  
  1626889329 475415695 0  
  1626889331 475415695 0  
  1626889332 475415695 0  
  1626889333 475415695 0  
  1626889334 475415695 0  
  1626889335 475415695 0  
  1626889336 475415695 0  
  1626889337 475415695 0  
  1626889338 475415695 0  
  1626889339 475415695 0  
  1626889340 475415695 0  
  1626889341 475415695 0  
  1626889342 475415695 0  
  1626889343 475415787 0  
  1626889344 475415787 0  
  1626889345 475415787 0  
  1626889346 475415787 0  
  1626889347 475415787 0  
  1626889348 475415787 0  
  1626889349 475415787 0  
  1626889350 475415787 0  
  1626889351 475415787 0  
  1626889352 475415787 0  
  1626889353 475415787 0  
  1626889354 475415787 0  
  1626889355 475415855 0  
  1626889356 475415855 0  
  1626889357 475415855 0  
  1626889358 475415855 0  
  1626889359 475415855 0  
  1626889360 475415855 0  
  1626889361 475417011 0  
  1626889362 475417011 0  
  1626889363 475417011 0  
  1626889364 475417011 0  
  1626889365 475417011 0  
  1626889366 475417011 0  
  1626889367 475421320 0  
  1626889368 475422240 0  
  1626889369 475422880 0  
  1626889371 475422948 0  
  1626889372 475422948 0  
  1626889373 475422948 0  
  1626889374 475422948 0  
  1626889375 475422948 0  
  1626889376 475422948 0  
  1626889377 475422948 0  
  1626889378 475422948 0  
  1626889379 475422948 0  
  1626889380 475422948 0  
  1626889381 475422948 0  
  1626889382 475422948 0  
  1626889383 475422948 0  
  1626889384 475422948 0  
  1626889385 475422948 0  
  1626889386 475422948 0  
  1626889387 475422948 0  
  1626889388 475422948 0  
  1626889389 475422948 0  
  1626889390 475422948 0  
  1626889391 475422948 0  
  1626889392 475422948 0  
  1626889393 475422948 0  
  1626889394 475422948 0  
  1626889395 475423040 0  
  1626889396 475423040 0  
  1626889397 475423040 0  
  1626889398 475423040 0  
  1626889399 475423040 0  
  1626889400 475423040 0  
  1626889401 475423040 0  
  1626889402 475423040 0  
  1626889403 475423040 0  
  1626889404 475423040 0  
  1626889405 475423040 0  
  1626889406 475423040 0  
  1626889407 475423040 0  
  1626889408 475423040 0  
  1626889410 475423040 0  
  1626889411 475423040 0  
  1626889412 475423040 0  
  1626889413 475423040 0  
  1626889414 475423040 0  
  1626889415 475423040 0  
  1626889416 475423040 0  
  1626889417 475423040 0  
  1626889418 475423040 0  
  1626889419 475423040 0  
  1626889420 475423040 0  
  1626889421 475423040 0  
  1626889422 475423040 0  
  1626889423 475423040 0  
  1626889424 475423040 0  
  1626889425 475423040 0  
  1626889426 475423040 0  
  1626889427 475423040 0  
  1626889428 475423040 0  
  1626889429 475423040 0  
  1626889430 475423040 0  
  1626889431 475423040 0  
  1626889432 475423040 0  
  1626889433 475423040 0  
  1626889434 475423040 0  
  1626889435 475423040 0  
  1626889436 475423040 0  
  1626889437 475423040 0  
  1626889438 475423040 0  
  1626889439 475423040 0  
  1626889440 475423040 0  
  1626889441 475423040 0  
  1626889442 475423040 0  
  1626889443 475423040 0  
  1626889444 475423040 0  
  1626889445 475423040 0  
  1626889446 475423040 0  
  1626889447 475423040 0  
  1626889448 475423040 0  
  1626889450 475423040 0  
  1626889451 475423040 0  
  1626889452 475423040 0  
  1626889453 475423040 0  
  1626889454 475423040 0  
  1626889455 475423040 0  
  1626889456 475423040 0  
  1626889457 475423040 0  
  1626889458 475423040 0  
  1626889459 475423040 0  
  1626889460 475423040 0  
  1626889461 475423040 0  
  1626889462 475423378 0  
  1626889463 475423378 0  
  1626889464 475423378 0  
  1626889465 475423378 0  
  1626889466 475423378 0  
  1626889467 475423378 0  
  1626889468 475423378 0  
  1626889469 475423378 0  
  1626889470 475423378 0  
  1626889471 475423378 0  
  1626889472 475423378 0  
  1626889473 475423378 0  
  1626889474 475423378 0  
  1626889475 475423378 0  
  1626889476 475423378 0  
  1626889477 475423378 0  
  1626889478 475423378 0  
  1626889479 475423378 0  
  1626889480 475423378 0  
  1626889481 475423378 0  
  1626889482 475423378 0  
  1626889483 475423378 0  
  1626889484 475423378 0  
  1626889485 475423378 0  
  1626889486 475423378 0  
  1626889487 475423378 0  
  1626889488 475423378 0  
  1626889490 475423378 0  
  1626889491 475423378 0  
  1626889492 475423378 0  
  1626889493 475423378 0  
  1626889494 475423378 0  
  1626889495 475423378 0  
  1626889496 475423378 0  
  1626889497 475423378 0  
  1626889498 475423378 0  
  1626889499 475423378 0  
  1626889500 475423378 0  
  1626889501 475423378 0  
  1626889502 475423378 0  
  1626889503 475423378 0  
  1626889504 475423378 0  
  1626889505 475423378 0  
  1626889506 475423378 0  
  1626889507 475423378 0  
  1626889508 475423378 0  
  1626889509 475423378 0  
  1626889510 475423378 0  
  1626889511 475423378 0  
  1626889512 475423378 0  
  1626889513 475423378 0  
  1626889514 475423378 0  
  1626889515 475423378 0  
  1626889516 475423378 0  
  1626889517 475423378 0  
  1626889518 475423378 0  
  1626889519 475423378 0  
  1626889520 475423378 0  
  1626889521 475423378 0  
  1626889522 475423378 0  
  1626889523 475423378 0  
  1626889524 475423470 0  
  1626889525 475423470 0  
  1626889526 475423470 0  
  1626889527 475423470 0  
  1626889528 475423470 0  
  1626889530 475423470 0  
  1626889531 475423589 0  
  1626889532 475423827 0  
  1626889533 475423827 0  
  1626889534 475423827 0  
  1626889535 475423827 0  
  1626889536 475423827 0  
  1626889537 475423827 0  
  1626889538 475428136 0  
  1626889539 475428460 0  
  1626889540 475429168 0  
  1626889541 475429168 0  
  1626889542 475429168 0  
  1626889543 475433801 0  
  1626889544 475433801 0  
  1626889545 475434509 0  
  1626889546 475434509 0  
  1626889547 475434653 0  
  1626889548 475443775 0  
  1626889549 475444347 0  
  1626889550 475445123 0  
  1626889551 475445123 0  
  1626889552 475445123 0  
  1626889553 475445123 0  
  1626889554 475445123 0  
  1626889555 475445123 0  
  1626889556 475445123 0  
  1626889557 475445123 0  
  1626889558 475445123 0  
  1626889559 475445123 0  
  1626889560 475445123 0  
  1626889561 475445123 0  
  1626889562 475445123 0  
  1626889563 475445123 0  
  1626889564 475445123 0  
  1626889565 475445123 0  
  1626889566 475445123 0  
  1626889567 475445123 0  
  1626889568 475445719 0  
  1626889570 475445719 0  
  1626889571 475445719 0  
  1626889572 475445719 0  
  1626889573 475445719 0  
  1626889574 475445719 0  
  1626889575 475445719 0  
  1626889576 475445719 0  
  1626889577 475445719 0  
  1626889578 475445719 0  
  1626889579 475445719 0  
  1626889580 475445719 0  
  1626889581 475445719 0  
  1626889582 475445719 0  
  1626889583 475445719 0  
  1626889584 475445719 0  
  1626889585 475445719 0  
  1626889586 475445719 0  
  1626889587 475445719 0  
  1626889588 475445719 0  
  1626889589 475445719 0  
  1626889590 475445719 0  
  1626889591 475445719 0  
  1626889592 475445719 0  
  1626889593 475445719 0  
  1626889594 475445719 0  
  1626889595 475445719 0  
  1626889596 475445719 0  
  1626889597 475445719 0  
  1626889598 475445719 0  
  1626889599 475445719 0  
  1626889600 475445719 0  
  1626889601 475445719 0  
  1626889602 475445719 0  
  1626889603 475445811 0  
  1626889604 475445811 0  
  1626889605 475445811 0  
  1626889606 475445811 0  
  1626889607 475445811 0  
  1626889609 475445811 0  
  1626889610 475445811 0  
  1626889611 475445811 0  
  1626889612 475445811 0  
  1626889613 475446149 0  
  1626889614 475446149 0  
  1626889615 475446149 0  
  1626889616 475446149 0  
  1626889617 475446149 0  
  1626889618 475446149 0  
  1626889619 475446149 0  
  1626889620 475446149 0  
  1626889621 475446149 0  
  1626889622 475446149 0  
  1626889623 475446149 0  
  1626889624 475446149 0  
  1626889625 475446149 0  
  1626889626 475446149 0  
  1626889627 475446149 0  
  1626889628 475446149 0  
  1626889629 475446149 0  
  1626889630 475446149 0  
  1626889631 475446149 0  
  1626889632 475446149 0  
  1626889633 475446149 0  
  1626889634 475446149 0  
  1626889635 475446149 0  
  1626889636 475446149 0  
  1626889637 475446149 0  
  1626889638 475446149 0  
  1626889639 475446149 0  
  1626889640 475446149 0  
  1626889641 475446149 0  
  1626889642 475446149 0  
  1626889643 475446149 0  
  1626889644 475446149 0  
  1626889645 475446149 0  
  1626889646 475446149 0  
  1626889647 475446149 0  
  1626889649 475446149 0  
  1626889650 475446149 0  
  1626889651 475446149 0  
  1626889652 475446149 0  
  1626889653 475446149 0  
  1626889654 475446149 0  
  1626889655 475446241 0  
  1626889656 475446241 0  
  1626889657 475446241 0  
  1626889658 475446241 0  
  1626889659 475446241 0  
  1626889660 475446241 0  
  1626889661 475446241 0  
  1626889662 475446241 0  
  1626889663 475446241 0  
  1626889664 475446241 0  
  1626889665 475446241 0  
  1626889666 475446241 0  
  1626889667 475449138 0  
  1626889668 475450874 0  
  1626889669 475450874 0  
  1626889670 475451582 0  
  1626889671 475451582 0  
  1626889672 475451582 0  
  1626889673 475451582 0  
  1626889674 475451582 0  
  1626889675 475451582 0  
  1626889676 475451582 0  
  1626889677 475451582 0  
  1626889678 475451582 0  
  1626889679 475451582 0  
  1626889680 475451582 0  
  1626889681 475451582 0  
  1626889682 475451582 0  
  1626889683 475451582 0  
  1626889684 475451582 0  
  1626889685 475451582 0  
  1626889686 475451582 0  
  1626889688 475451582 0  
  1626889689 475451582 0  
  1626889690 475451582 0  
  1626889691 475451582 0  
  1626889692 475451582 0  
  1626889693 475451582 0  
  1626889694 475451582 0  
  1626889695 475451582 0  
  1626889696 475451582 0  
  1626889697 475451582 0  
  1626889698 475451582 0  
  1626889699 475451582 0  
  1626889700 475451582 0  
  1626889701 475451582 0  
  1626889702 475451582 0  
  1626889703 475451582 0  
  1626889704 475451582 0  
  1626889705 475451582 0  
  1626889706 475451582 0  
  1626889707 475451582 0  
  1626889708 475451582 0  
  1626889709 475451582 0  
  1626889710 475451582 0  
  1626889711 475451582 0  
  1626889712 475451582 0  
  1626889713 475451582 0  
  1626889714 475451582 0  
  1626889715 475451582 0  
  1626889716 475451582 0  
  1626889717 475451582 0  
  1626889718 475451582 0  
  1626889719 475451582 0  
  1626889720 475451582 0  
 