 1627428363 566375853 0  
  1627428364 566375853 0  
  1627428365 566375853 0  
  1627428366 566375853 0  
  1627428367 566375853 0  
  1627428368 566375853 0  
  1627428369 566375853 0  
  1627428370 566375853 0  
  1627428371 566375853 0  
  1627428372 566375853 0  
  1627428373 566375853 0  
  1627428374 566375853 0  
  1627428375 566375853 0  
  1627428376 566375853 0  
  1627428377 566375853 0  
  1627428378 566375853 0  
  1627428379 566375853 0  
  1627428380 566375853 0  
  1627428381 566375853 0  
  1627428382 566375853 0  
  1627428383 566375853 0  
  1627428384 566375853 0  
  1627428385 566375853 0  
  1627428386 566375853 0  
  1627428387 566375853 0  
  1627428388 566375853 0  
  1627428389 566375853 0  
  1627428390 566375853 0  
  1627428391 566375853 0  
  1627428392 566375853 0  
  1627428393 566375853 0  
  1627428395 566375853 0  
  1627428396 566375853 0  
  1627428397 566375853 0  
  1627428398 566375853 0  
  1627428399 566375853 0  
  1627428400 566375853 0  
  1627428401 566375853 0  
  1627428402 566375853 0  
  1627428403 566375853 0  
  1627428404 566375853 0  
  1627428405 566375853 0  
  1627428406 566375853 0  
  1627428407 566375853 0  
  1627428408 566375853 0  
  1627428409 566375853 0  
  1627428410 566375853 0  
  1627428411 566375853 0  
  1627428412 566375853 0  
  1627428413 566375853 0  
  1627428414 566375853 0  
  1627428415 566375853 0  
  1627428416 566375853 0  
  1627428417 566375853 0  
  1627428418 566375853 0  
  1627428419 566375853 0  
  1627428420 566375853 0  
  1627428421 566375853 0  
  1627428422 566375853 0  
  1627428423 566375853 0  
  1627428424 566375853 0  
  1627428425 566375853 0  
  1627428426 566380162 0  
  1627428427 566380486 0  
  1627428428 566381194 0  
  1627428429 566381194 0  
  1627428430 566381194 0  
  1627428431 566381194 0  
  1627428432 566381194 0  
  1627428434 566381194 0  
  1627428435 566381194 0  
  1627428436 566381194 0  
  1627428437 566381194 0  
  1627428438 566381194 0  
  1627428439 566381194 0  
  1627428440 566381194 0  
  1627428441 566381194 0  
  1627428442 566381194 0  
  1627428443 566381194 0  
  1627428444 566381194 0  
  1627428445 566381194 0  
  1627428446 566381194 0  
  1627428447 566381194 0  
  1627428448 566381194 0  
  1627428449 566381194 0  
  1627428450 566381194 0  
  1627428451 566381194 0  
  1627428452 566381194 0  
  1627428453 566381194 0  
  1627428454 566385503 0  
  1627428455 566385895 0  
  1627428456 566386603 0  
  1627428457 566386603 0  
  1627428458 566386603 0  
  1627428459 566386603 0  
  1627428460 566386603 0  
  1627428461 566387759 0  
  1627428462 566387759 0  
  1627428463 566387759 0  
  1627428464 566387759 0  
  1627428465 566387759 0  
  1627428466 566387759 0  
  1627428467 566387759 0  
  1627428468 566387759 0  
  1627428469 566387759 0  
  1627428470 566387759 0  
  1627428471 566387759 0  
  1627428473 566387759 0  
  1627428474 566387759 0  
  1627428475 566387759 0  
  1627428476 566387759 0  
  1627428477 566387759 0  
  1627428478 566387759 0  
  1627428479 566388355 0  
  1627428480 566388355 0  
  1627428481 566388355 0  
  1627428482 566388355 0  
  1627428483 566388355 0  
  1627428484 566388355 0  
  1627428485 566388355 0  
  1627428486 566388355 0  
  1627428487 566388355 0  
  1627428488 566388355 0  
  1627428489 566388355 0  
  1627428490 566388355 0  
  1627428491 566388355 0  
  1627428492 566388355 0  
  1627428493 566388355 0  
  1627428494 566388355 0  
  1627428495 566388355 0  
  1627428496 566388355 0  
  1627428497 566392664 0  
  1627428498 566397621 0  
  1627428499 566398833 0  
  1627428500 566398901 0  
  1627428501 566398901 0  
  1627428502 566398901 0  
  1627428503 566398901 0  
  1627428504 566398901 0  
  1627428505 566398901 0  
  1627428506 566398901 0  
  1627428507 566398901 0  
  1627428508 566398901 0  
  1627428509 566398901 0  
  1627428511 566398901 0  
  1627428512 566398901 0  
  1627428513 566398901 0  
  1627428514 566398901 0  
  1627428515 566398901 0  
  1627428516 566398901 0  
  1627428517 566398901 0  
  1627428518 566398901 0  
  1627428519 566398901 0  
  1627428520 566398901 0  
  1627428521 566398901 0  
  1627428522 566398901 0  
  1627428523 566398901 0  
  1627428524 566398901 0  
  1627428525 566398901 0  
  1627428526 566398901 0  
  1627428527 566398901 0  
  1627428528 566398901 0  
  1627428529 566398901 0  
  1627428530 566398901 0  
  1627428531 566398901 0  
  1627428532 566398901 0  
  1627428533 566398901 0  
  1627428534 566398901 0  
  1627428535 566398901 0  
  1627428536 566403534 0  
  1627428537 566403534 0  
  1627428538 566404242 0  
  1627428539 566404242 0  
  1627428540 566404242 0  
  1627428541 566404242 0  
  1627428542 566404242 0  
  1627428543 566404242 0  
  1627428544 566404242 0  
  1627428545 566404242 0  
  1627428546 566404242 0  
  1627428547 566404242 0  
  1627428548 566404242 0  
  1627428550 566404242 0  
  1627428551 566404242 0  
  1627428552 566404242 0  
  1627428553 566404242 0  
  1627428554 566404242 0  
  1627428555 566404242 0  
  1627428556 566404242 0  
  1627428557 566404242 0  
  1627428558 566404242 0  
  1627428559 566404242 0  
  1627428560 566404242 0  
  1627428561 566404242 0  
  1627428562 566404242 0  
  1627428563 566404242 0  
  1627428564 566404242 0  
  1627428565 566404242 0  
  1627428566 566404242 0  
  1627428567 566404242 0  
  1627428568 566404242 0  
  1627428569 566404242 0  
  1627428570 566404242 0  
  1627428571 566404242 0  
  1627428572 566404242 0  
  1627428573 566404242 0  
  1627428574 566404242 0  
  1627428575 566404242 0  
  1627428576 566404242 0  
  1627428577 566404242 0  
  1627428578 566404242 0  
  1627428579 566404242 0  
  1627428580 566404242 0  
  1627428581 566404242 0  
  1627428582 566404242 0  
  1627428583 566404242 0  
  1627428584 566404242 0  
  1627428585 566404242 0  
  1627428586 566404242 0  
  1627428588 566404242 0  
  1627428589 566404242 0  
  1627428590 566404242 0  
  1627428591 566404242 0  
  1627428592 566404242 0  
  1627428593 566404242 0  
  1627428594 566404242 0  
  1627428595 566404242 0  
  1627428596 566404242 0  
  1627428597 566404242 0  
  1627428598 566404242 0  
  1627428599 566404242 0  
  1627428600 566404242 0  
  1627428601 566404242 0  
  1627428602 566404242 0  
  1627428603 566404242 0  
  1627428604 566404242 0  
  1627428605 566404242 0  
  1627428606 566404242 0  
  1627428607 566404242 0  
  1627428608 566404242 0  
  1627428609 566404242 0  
  1627428610 566404242 0  
  1627428611 566404242 0  
  1627428612 566404242 0  
  1627428613 566404242 0  
  1627428614 566404242 0  
  1627428615 566404242 0  
  1627428616 566404242 0  
  1627428617 566404242 0  
  1627428618 566404242 0  
  1627428619 566404242 0  
  1627428620 566404242 0  
  1627428621 566404242 0  
  1627428622 566404242 0  
  1627428623 566404242 0  
  1627428624 566404242 0  
  1627428625 566404242 0  
  1627428627 566404242 0  
  1627428628 566404242 0  
  1627428629 566404242 0  
  1627428630 566404242 0  
  1627428631 566404242 0  
  1627428632 566404242 0  
  1627428633 566404242 0  
  1627428634 566404242 0  
  1627428635 566404242 0  
  1627428636 566404242 0  
  1627428637 566404242 0  
  1627428638 566404242 0  
  1627428639 566404242 0  
  1627428640 566404599 0  
  1627428641 566404599 0  
  1627428642 566404599 0  
  1627428643 566404599 0  
  1627428644 566404599 0  
  1627428645 566404599 0  
  1627428646 566404599 0  
  1627428647 566404599 0  
  1627428648 566404599 0  
  1627428649 566404599 0  
  1627428650 566404599 0  
  1627428651 566404599 0  
  1627428652 566404599 0  
  1627428653 566404599 0  
  1627428654 566404599 0  
  1627428655 566404599 0  
  1627428656 566404599 0  
  1627428657 566404599 0  
  1627428658 566404599 0  
  1627428659 566404599 0  
  1627428660 566404599 0  
  1627428661 566404599 0  
  1627428662 566404599 0  
  1627428663 566404599 0  
  1627428664 566404599 0  
  1627428666 566404599 0  
  1627428667 566404599 0  
  1627428668 566404599 0  
  1627428669 566404599 0  
  1627428670 566404599 0  
  1627428671 566404599 0  
  1627428672 566404599 0  
  1627428673 566404599 0  
  1627428674 566404599 0  
  1627428675 566404599 0  
  1627428676 566404599 0  
  1627428677 566404599 0  
  1627428678 566404599 0  
  1627428679 566404599 0  
  1627428680 566406194 0  
  1627428681 566406194 0  
  1627428682 566406194 0  
  1627428683 566406194 0  
  1627428684 566406194 0  
  1627428685 566406194 0  
  1627428686 566406194 0  
  1627428687 566406194 0  
  1627428688 566406194 0  
  1627428689 566406194 0  
  1627428690 566406194 0  
  1627428691 566406194 0  
  1627428692 566406194 0  
  1627428693 566406194 0  
  1627428694 566406194 0  
  1627428695 566406194 0  
  1627428696 566406194 0  
  1627428697 566406194 0  
  1627428698 566406194 0  
  1627428699 566406194 0  
  1627428700 566406194 0  
  1627428701 566406194 0  
  1627428702 566406194 0  
  1627428703 566406194 0  
  1627428705 566406194 0  
  1627428706 566406194 0  
  1627428707 566406194 0  
  1627428708 566406194 0  
  1627428709 566406194 0  
  1627428710 566406194 0  
  1627428711 566406194 0  
  1627428712 566406194 0  
  1627428713 566406194 0  
  1627428714 566406194 0  
  1627428715 566406194 0  
  1627428716 566406194 0  
  1627428717 566406194 0  
  1627428718 566406194 0  
  1627428719 566406194 0  
  1627428720 566406194 0  
  1627428721 566406194 0  
  1627428722 566406194 0  
  1627428723 566406194 0  
  1627428724 566406194 0  
  1627428725 566406194 0  
  1627428726 566410827 0  
  1627428727 566410827 0  
  1627428728 566411535 0  
  1627428729 566411535 0  
  1627428730 566411535 0  
  1627428731 566411535 0  
  1627428732 566411535 0  
  1627428733 566411535 0  
  1627428734 566411535 0  
  1627428735 566411535 0  
  1627428736 566411535 0  
  1627428737 566411535 0  
  1627428738 566411535 0  
  1627428739 566411535 0  
  1627428740 566411535 0  
  1627428741 566411535 0  
  1627428743 566411535 0  
  1627428744 566411535 0  
  1627428745 566411535 0  
  1627428746 566415844 0  
  1627428747 566416252 0  
  1627428748 566416252 0  
  1627428749 566416756 0  
  1627428750 566416756 0  
  1627428751 566416756 0  
  1627428752 566416756 0  
  1627428753 566421389 0  
  1627428754 566421389 0  
  1627428755 566422097 0  
  1627428756 566422097 0  
  1627428757 566422097 0  
  1627428758 566422097 0  
  1627428759 566422097 0  
  1627428760 566422097 0  
  1627428761 566422097 0  
  1627428762 566422097 0  
  1627428763 566422097 0  
  1627428764 566422097 0  
  1627428765 566422097 0  
  1627428766 566422097 0  
  1627428767 566422097 0  
  1627428768 566422097 0  
  1627428769 566422097 0  
  1627428770 566422097 0  
  1627428771 566422097 0  
  1627428772 566422097 0  
  1627428773 566422097 0  
  1627428774 566422097 0  
  1627428775 566422097 0  
  1627428776 566422097 0  
  1627428777 566422097 0  
  1627428778 566422097 0  
  1627428779 566422097 0  
  1627428780 566422097 0  
  1627428782 566422097 0  
  1627428783 566422097 0  
  1627428784 566422097 0  
  1627428785 566422097 0  
  1627428786 566422097 0  
  1627428787 566422097 0  
  1627428788 566422097 0  
  1627428789 566422097 0  
  1627428790 566422097 0  
  1627428791 566422097 0  
  1627428792 566422097 0  
  1627428793 566422097 0  
  1627428794 566422097 0  
  1627428795 566422097 0  
  1627428796 566423974 0  
  1627428797 566431295 0  
  1627428798 566431363 0  
  1627428799 566432779 0  
  1627428800 566432779 0  
  1627428801 566432779 0  
  1627428802 566432779 0  
  1627428803 566432779 0  
  1627428804 566432779 0  
  1627428805 566432779 0  
  1627428806 566432779 0  
  1627428807 566432779 0  
  1627428808 566432779 0  
  1627428809 566432871 0  
  1627428810 566432871 0  
  1627428811 566432871 0  
  1627428812 566432871 0  
  1627428813 566432871 0  
  1627428814 566432871 0  
  1627428815 566432871 0  
  1627428816 566432871 0  
  1627428817 566432871 0  
  1627428818 566432871 0  
  1627428820 566432871 0  
  1627428821 566432871 0  
  1627428822 566432871 0  
  1627428823 566432871 0  
  1627428824 566432871 0  
  1627428825 566432871 0  
  1627428826 566432871 0  
  1627428827 566432871 0  
  1627428828 566432871 0  
  1627428829 566432871 0  
  1627428830 566432871 0  
  1627428831 566432871 0  
  1627428832 566432871 0  
  1627428833 566432871 0  
  1627428834 566432871 0  
  1627428835 566432871 0  
  1627428836 566437436 0  
  1627428837 566437504 0  
  1627428838 566438144 0  
  1627428839 566438144 0  
  1627428840 566438144 0  
  1627428841 566438144 0  
  1627428842 566438144 0  
  1627428843 566438144 0  
  1627428844 566438144 0  
  1627428845 566438144 0  
  1627428846 566438144 0  
  1627428847 566438144 0  
  1627428848 566438144 0  
  1627428849 566438144 0  
  1627428850 566438144 0  
  1627428851 566438144 0  
  1627428852 566438144 0  
  1627428853 566438144 0  
  1627428854 566438144 0  
  1627428855 566438144 0  
  1627428856 566438144 0  
  1627428857 566438144 0  
  1627428859 566438144 0  
  1627428860 566438144 0  
  1627428861 566438144 0  
  1627428862 566438144 0  
  1627428863 566438144 0  
  1627428864 566438144 0  
  1627428865 566438144 0  
  1627428866 566438144 0  
  1627428867 566438144 0  
  1627428868 566438144 0  
  1627428869 566438144 0  
  1627428870 566438144 0  
  1627428871 566438144 0  
  1627428872 566438144 0  
  1627428873 566438144 0  
  1627428874 566438144 0  
  1627428875 566438144 0  
  1627428876 566438144 0  
  1627428877 566438144 0  
  1627428878 566438144 0  
  1627428879 566438144 0  
  1627428880 566438802 0  
  1627428881 566438802 0  
  1627428882 566438802 0  
  1627428883 566438802 0  
  1627428884 566438802 0  
  1627428885 566438802 0  
  1627428886 566438802 0  
  1627428887 566438802 0  
  1627428888 566438802 0  
  1627428889 566438802 0  
  1627428890 566438802 0  
  1627428891 566438802 0  
  1627428892 566438802 0  
  1627428893 566438802 0  
  1627428894 566438802 0  
  1627428895 566438802 0  
  1627428897 566438802 0  
  1627428898 566438802 0  
  1627428899 566438802 0  
  1627428900 566438802 0  
  1627428901 566438802 0  
  1627428902 566438802 0  
  1627428903 566438802 0  
  1627428904 566438802 0  
  1627428905 566438802 0  
  1627428906 566438802 0  
  1627428907 566438802 0  
  1627428908 566438802 0  
  1627428909 566438802 0  
  1627428910 566438802 0  
  1627428911 566438802 0  
  1627428912 566438802 0  
  1627428913 566438802 0  
  1627428914 566438802 0  
  1627428915 566438802 0  
  1627428916 566438802 0  
  1627428917 566438802 0  
  1627428918 566438802 0  
  1627428919 566438802 0  
  1627428920 566438802 0  
  1627428921 566438802 0  
  1627428922 566438802 0  
  1627428923 566438802 0  
  1627428924 566438802 0  
  1627428925 566438802 0  
  1627428926 566438802 0  
  1627428927 566438802 0  
  1627428928 566438802 0  
  1627428929 566438802 0  
  1627428930 566438802 0  
  1627428931 566438802 0  
  1627428932 566438802 0  
  1627428933 566438802 0  
  1627428934 566438802 0  
  1627428936 566438802 0  
  1627428937 566438802 0  
  1627428938 566438802 0  
  1627428939 566438802 0  
  1627428940 566439159 0  
  1627428941 566439159 0  
  1627428942 566439159 0  
  1627428943 566439159 0  
  1627428944 566439159 0  
  1627428945 566439159 0  
  1627428946 566439159 0  
  1627428947 566439251 0  
  1627428948 566439251 0  
  1627428949 566439251 0  
  1627428950 566439251 0  
  1627428951 566439251 0  
  1627428952 566439251 0  
  1627428953 566439251 0  
  1627428954 566439251 0  
  1627428955 566439251 0  
  1627428956 566439251 0  
  1627428957 566439251 0  
  1627428958 566439251 0  
  1627428959 566439251 0  
  1627428960 566439251 0  
  1627428961 566439589 0  
  1627428962 566439589 0  
  1627428963 566439589 0  
  1627428964 566439589 0  
  1627428965 566439589 0  
  1627428966 566439589 0  
  1627428967 566439589 0  
  1627428968 566439589 0  
  1627428969 566439589 0  
  1627428970 566439589 0  
  1627428971 566439589 0  
  1627428972 566439589 0  
  1627428974 566439589 0  
  1627428975 566439589 0  
  1627428976 566439589 0  
  1627428977 566439589 0  
  1627428978 566439589 0  
  1627428979 566439589 0  
  1627428980 566439589 0  
  1627428981 566439589 0  
  1627428982 566439589 0  
  1627428983 566439589 0  
  1627428984 566439589 0  
  1627428985 566439589 0  
  1627428986 566439589 0  
  1627428987 566439589 0  
  1627428988 566439589 0  
  1627428989 566439589 0  
  1627428990 566439589 0  
  1627428991 566439589 0  
  1627428992 566439589 0  
  1627428993 566439589 0  
  1627428994 566439589 0  
  1627428995 566439589 0  
  1627428996 566439589 0  
  1627428997 566439589 0  
  1627428998 566439589 0  
  1627428999 566439589 0  
  1627429000 566439589 0  
  1627429001 566439589 0  
  1627429002 566439589 0  
  1627429003 566439589 0  
  1627429004 566439589 0  
  1627429005 566439589 0  
  1627429006 566439589 0  
  1627429007 566439589 0  
  1627429008 566439589 0  
  1627429009 566439589 0  
  1627429010 566439589 0  
  1627429011 566439589 0  
  1627429012 566439589 0  
  1627429014 566439589 0  
  1627429015 566439589 0  
  1627429016 566439589 0  
  1627429017 566439589 0  
  1627429018 566439589 0  
  1627429019 566439589 0  
  1627429020 566439589 0  
  1627429021 566439589 0  
  1627429022 566439589 0  
  1627429023 566439589 0  
  1627429024 566439589 0  
  1627429025 566439589 0  
  1627429026 566444154 0  
  1627429027 566444222 0  
  1627429028 566444862 0  
  1627429029 566444862 0  
  1627429030 566444862 0  
  1627429031 566444862 0  
  1627429032 566444862 0  
  1627429033 566444862 0  
  1627429034 566444862 0  
  1627429035 566444862 0  
  1627429036 566444862 0  
  1627429037 566444862 0  
  1627429038 566444862 0  
  1627429039 566444862 0  
  1627429040 566444862 0  
  1627429041 566444862 0  
  1627429042 566444862 0  
  1627429043 566444862 0  
  1627429044 566444862 0  
  1627429045 566444862 0  
  1627429046 566444862 0  
  1627429047 566444862 0  
  1627429048 566444862 0  
  1627429049 566444862 0  
  1627429051 566444862 0  
  1627429052 566444862 0  
  1627429053 566444862 0  
  1627429054 566449171 0  
  1627429055 566449495 0  
  1627429056 566449495 0  
  1627429057 566450203 0  
  1627429058 566450203 0  
  1627429059 566450203 0  
  1627429060 566450203 0  
  1627429061 566450203 0  
  1627429062 566450203 0  
  1627429063 566450203 0  
  1627429064 566450203 0  
  1627429065 566450203 0  
  1627429066 566450541 0  
  1627429067 566450541 0  
  1627429068 566450541 0  
  1627429069 566450541 0  
  1627429070 566450541 0  
  1627429071 566450541 0  
  1627429072 566450541 0  
  1627429073 566450541 0  
  1627429074 566450541 0  
  1627429075 566450541 0  
  1627429076 566450541 0  
  1627429077 566450541 0  
  1627429078 566450541 0  
  1627429079 566451137 0  
  1627429080 566451137 0  
  1627429081 566451137 0  
  1627429082 566451137 0  
  1627429083 566451137 0  
  1627429084 566451137 0  
  1627429085 566451137 0  
  1627429086 566451137 0  
  1627429088 566451137 0  
  1627429089 566451137 0  
  1627429090 566451137 0  
  1627429091 566451137 0  
  1627429092 566451137 0  
  1627429093 566451137 0  
  1627429094 566451137 0  
  1627429095 566451137 0  
  1627429096 566451137 0  
  1627429097 566455446 0  
  1627429098 566460403 0  
  1627429099 566460403 0  
  1627429100 566461751 0  
  1627429101 566461751 0  
  1627429102 566461751 0  
  1627429103 566461751 0  
  1627429104 566461751 0  
  1627429105 566461751 0  
  1627429106 566461751 0  
  1627429107 566461751 0  
  1627429108 566461751 0  
  1627429109 566461751 0  
  1627429110 566461751 0  
  1627429111 566461751 0  
  1627429112 566461751 0  
  1627429113 566461751 0  
  1627429114 566461751 0  
  1627429115 566461751 0  
  1627429116 566461751 0  
  1627429117 566461751 0  
  1627429118 566461751 0  
  1627429119 566461751 0  
  1627429120 566461751 0  
  1627429121 566461751 0  
  1627429122 566461751 0  
  1627429123 566461751 0  
  1627429125 566461751 0  
  1627429126 566461751 0  
  1627429127 566461751 0  
  1627429128 566461751 0  
  1627429129 566461751 0  
  1627429130 566461751 0  
  1627429131 566461751 0  
  1627429132 566461751 0  
  1627429133 566461751 0  
  1627429134 566461751 0  
  1627429135 566461751 0  
  1627429136 566466060 0  
  1627429137 566466384 0  
  1627429138 566467092 0  
  1627429139 566467092 0  
  1627429140 566467092 0  
  1627429141 566467092 0  
  1627429142 566467092 0  
  1627429143 566467092 0  
  1627429144 566467092 0  
  1627429145 566467092 0  
  1627429146 566467092 0  
  1627429147 566467092 0  
  1627429148 566467092 0  
  1627429149 566467092 0  
  1627429150 566467092 0  
  1627429151 566467092 0  
  1627429152 566467092 0  
  1627429153 566467092 0  
  1627429154 566467092 0  
  1627429155 566467092 0  
  1627429156 566467092 0  
  1627429157 566467092 0  
  1627429158 566467092 0  
  1627429159 566467092 0  
  1627429160 566467092 0  
  1627429162 566467092 0  
  1627429163 566467092 0  
  1627429164 566467092 0  
  1627429165 566467092 0  
  1627429166 566467092 0  
  1627429167 566467092 0  
  1627429168 566467092 0  
  1627429169 566467092 0  
  1627429170 566467092 0  
  1627429171 566467092 0  
  1627429172 566467092 0  
  1627429173 566467092 0  
  1627429174 566467092 0  
  1627429175 566467092 0  
  1627429176 566467092 0  
  1627429177 566467092 0  
  1627429178 566467092 0  
  1627429179 566467092 0  
  1627429180 566467092 0  
  1627429181 566467092 0  
  1627429182 566467092 0  
  1627429183 566467092 0  
  1627429184 566467092 0  
  1627429185 566467092 0  
  1627429186 566467092 0  
  1627429187 566467092 0  
  1627429188 566467092 0  
  1627429189 566467092 0  
  1627429190 566467092 0  
  1627429191 566467092 0  
  1627429192 566467092 0  
  1627429193 566467092 0  
  1627429194 566467092 0  
  1627429195 566467092 0  
  1627429196 566467092 0  
  1627429197 566467092 0  
  1627429199 566467092 0  
  1627429200 566467092 0  
  1627429201 566467092 0  
  1627429202 566467092 0  
  1627429203 566467092 0  
  1627429204 566467092 0  
  1627429205 566467092 0  
  1627429206 566467092 0  
  1627429207 566467092 0  
  1627429208 566467092 0  
  1627429209 566467092 0  
  1627429210 566467092 0  
  1627429211 566467092 0  
  1627429212 566467092 0  
  1627429213 566467092 0  
  1627429214 566467092 0  
  1627429215 566467092 0  
  1627429216 566467430 0  
  1627429217 566467430 0  
  1627429218 566467430 0  
  1627429219 566467430 0  
  1627429220 566467430 0  
  1627429221 566467430 0  
  1627429222 566467430 0  
  1627429223 566467430 0  
  1627429224 566467430 0  
  1627429225 566467430 0  
  1627429226 566467430 0  
  1627429227 566467430 0  
  1627429228 566467430 0  
  1627429229 566467430 0  
  1627429230 566467430 0  
  1627429231 566467430 0  
  1627429232 566467430 0  
  1627429233 566467430 0  
  1627429234 566467430 0  
  1627429236 566467430 0  
  1627429237 566467430 0  
  1627429238 566467430 0  
  1627429239 566467430 0  
  1627429240 566467787 0  
  1627429241 566467787 0  
  1627429242 566467787 0  
  1627429243 566467787 0  
  1627429244 566467787 0  
  1627429245 566467787 0  
  1627429246 566467787 0  
  1627429247 566467787 0  
  1627429248 566467787 0  
  1627429249 566467787 0  
  1627429250 566467843 0  
  1627429251 566467843 0  
  1627429252 566467843 0  
  1627429253 566467843 0  
  1627429254 566467843 0  
  1627429255 566467843 0  
  1627429256 566467843 0  
  1627429257 566467843 0  
  1627429258 566467843 0  
  1627429259 566467843 0  
  1627429260 566467843 0  
  1627429261 566467843 0  
  1627429262 566467843 0  
  1627429263 566467843 0  
  1627429264 566467843 0  
  1627429265 566467843 0  
  1627429266 566467843 0  
  1627429267 566467843 0  
  1627429268 566467843 0  
  1627429269 566467843 0  
  1627429270 566467843 0  
  1627429271 566467843 0  
  1627429273 566467843 0  
  1627429274 566467843 0  
  1627429275 566467843 0  
  1627429276 566467843 0  
  1627429277 566467843 0  
  1627429278 566467843 0  
  1627429279 566467843 0  
  1627429280 566468439 0  
  1627429281 566468439 0  
  1627429282 566468439 0  
  1627429283 566468439 0  
  1627429284 566468439 0  
  1627429285 566468439 0  
  1627429286 566468439 0  
  1627429287 566468439 0  
  1627429288 566468439 0  
  1627429289 566468439 0  
  1627429290 566468439 0  
  1627429291 566468439 0  
  1627429292 566468439 0  
  1627429293 566468439 0  
  1627429294 566468439 0  
  1627429295 566468439 0  
  1627429296 566468439 0  
  1627429297 566468439 0  
  1627429298 566468439 0  
  1627429299 566468439 0  
  1627429300 566468439 0  
  1627429301 566468439 0  
  1627429302 566468439 0  
  1627429303 566468439 0  
  1627429304 566468439 0  
  1627429305 566468439 0  
  1627429306 566468439 0  
  1627429307 566468439 0  
  1627429308 566468439 0  
  1627429310 566468439 0  
  1627429311 566468439 0  
  1627429312 566468439 0  
  1627429313 566468439 0  
  1627429314 566468439 0  
  1627429315 566468439 0  
  1627429316 566468439 0  
  1627429317 566468439 0  
  1627429318 566468439 0  
  1627429319 566468439 0  
  1627429320 566468439 0  
  1627429321 566468439 0  
  1627429322 566468439 0  
  1627429323 566468439 0  
  1627429324 566468439 0  
  1627429325 566468439 0  
  1627429326 566472748 0  
  1627429327 566473072 0  
  1627429328 566473072 0  
  1627429329 566473780 0  
  1627429330 566473780 0  
  1627429331 566478777 0  
  1627429332 566480412 0  
 