 1626771929 457117169 77498  
  1626771930 457117169 77498  
  1626771931 457117848 77498  
  1626771932 457117848 77498  
  1626771933 457117848 77498  
  1626771934 457117848 77498  
  1626771935 457117848 77498  
  1626771936 457117848 77498  
  1626771937 457117848 77498  
  1626771938 457117848 77498  
  1626771939 457117848 77498  
  1626771940 457117848 77498  
  1626771941 457117848 77498  
  1626771942 457117848 77498  
  1626771943 457117848 77498  
  1626771944 457117848 77498  
  1626771945 457117848 77498  
  1626771946 457117848 77498  
  1626771947 457117848 77498  
  1626771948 457117848 77498  
  1626771949 457117940 77498  
  1626771950 457117940 77498  
  1626771951 457117940 77498  
  1626771952 457117940 77498  
  1626771953 457117940 77498  
  1626771954 457117940 77498  
  1626771955 457117940 77498  
  1626771956 457117940 77498  
  1626771957 457117940 77498  
  1626771958 457117940 77498  
  1626771959 457117940 77498  
  1626771961 457117940 77498  
  1626771962 457117940 77498  
  1626771963 457117940 77498  
  1626771964 457117940 77498  
  1626771965 457117940 77498  
  1626771966 457117940 77498  
  1626771967 457117940 77498  
  1626771968 457117940 77498  
  1626771969 457117940 77498  
  1626771970 457117940 77498  
  1626771971 457117940 77498  
  1626771972 457117940 77498  
  1626771973 457117940 77498  
  1626771974 457117940 77498  
  1626771975 457117940 77498  
  1626771976 457117940 77498  
  1626771977 457117940 77498  
  1626771978 457117940 77498  
  1626771979 457117940 77498  
  1626771980 457117940 77498  
  1626771981 457118032 77498  
  1626771982 457118032 77498  
  1626771983 457118032 77498  
  1626771984 457118032 77498  
  1626771985 457118032 77498  
  1626771986 457118032 77498  
  1626771987 457118032 77498  
  1626771988 457118032 77498  
  1626771989 457118032 77498  
  1626771990 457118032 77498  
  1626771991 457118032 77498  
  1626771992 457118032 77498  
  1626771993 457118032 77498  
  1626771994 457118032 77498  
  1626771995 457118032 77498  
  1626771996 457118032 77498  
  1626771997 457118032 77498  
  1626771998 457118032 77498  
  1626771999 457118032 77498  
  1626772000 457118032 77498  
  1626772002 457118032 77498  
  1626772003 457118032 77498  
  1626772004 457118032 77498  
  1626772005 457118032 77498  
  1626772006 457118032 77498  
  1626772007 457118032 77498  
  1626772008 457118032 77498  
  1626772009 457118032 77498  
  1626772010 457118032 77498  
  1626772011 457118032 77498  
  1626772012 457118032 77498  
  1626772013 457118032 77498  
  1626772014 457118124 77498  
  1626772015 457118124 77498  
  1626772016 457118124 77498  
  1626772017 457118124 77498  
  1626772018 457118216 77498  
  1626772019 457118216 77498  
  1626772020 457118216 77498  
  1626772021 457118216 77498  
  1626772022 457118216 77498  
  1626772023 457118216 77498  
  1626772024 457118216 77498  
  1626772025 457118216 77498  
  1626772026 457118216 77498  
  1626772027 457118216 77498  
  1626772028 457118216 77498  
  1626772029 457118216 77498  
  1626772030 457118216 77498  
  1626772031 457118216 77498  
  1626772032 457118216 77498  
  1626772033 457118216 77498  
  1626772034 457118216 77498  
  1626772035 457118216 77498  
  1626772036 457118216 77498  
  1626772037 457118216 77498  
  1626772038 457118216 77498  
  1626772039 457118216 77498  
  1626772040 457118216 77498  
  1626772042 457118216 77498  
  1626772043 457118216 77498  
  1626772044 457118216 77498  
  1626772045 457118216 77498  
  1626772046 457118216 77498  
  1626772047 457118308 77498  
  1626772048 457118308 77498  
  1626772049 457118308 77498  
  1626772050 457118308 77498  
  1626772051 457118308 77498  
  1626772052 457118308 77498  
  1626772053 457118308 77498  
  1626772054 457118308 77498  
  1626772055 457118308 77498  
  1626772056 457118308 77498  
  1626772057 457118308 77498  
  1626772058 457118308 77498  
  1626772059 457118308 77498  
  1626772060 457118308 77498  
  1626772061 457118308 77498  
  1626772062 457122617 77498  
  1626772063 457122941 77498  
  1626772064 457122941 77498  
  1626772065 457123649 77498  
  1626772066 457124245 77498  
  1626772067 457124245 77498  
  1626772068 457124245 77498  
  1626772069 457124245 77498  
  1626772070 457124245 77498  
  1626772071 457124245 77498  
  1626772072 457124245 77498  
  1626772073 457124245 77498  
  1626772074 457124245 77498  
  1626772075 457124245 77498  
  1626772076 457124245 77498  
  1626772077 457124245 77498  
  1626772078 457124337 77498  
  1626772079 457124337 77498  
  1626772080 457124337 77498  
  1626772081 457124337 77498  
  1626772083 457124337 77498  
  1626772084 457124337 77498  
  1626772085 457124337 77498  
  1626772086 457124337 77498  
  1626772087 457124337 77498  
  1626772088 457124337 77498  
  1626772089 457124337 77498  
  1626772090 457124337 77498  
  1626772091 457124337 77498  
  1626772092 457124337 77498  
  1626772093 457124337 77498  
  1626772094 457124337 77498  
  1626772095 457124337 77498  
  1626772096 457124337 77498  
  1626772097 457124337 77498  
  1626772098 457124337 77498  
  1626772099 457124337 77498  
  1626772100 457124337 77498  
  1626772101 457124337 77498  
  1626772102 457124337 77498  
  1626772103 457124337 77498  
  1626772104 457124337 77498  
  1626772105 457124337 77498  
  1626772106 457124337 77498  
  1626772107 457124337 77498  
  1626772108 457124337 77498  
  1626772109 457124337 77498  
  1626772110 457124429 77498  
  1626772111 457124429 77498  
  1626772112 457124429 77498  
  1626772113 457124429 77498  
  1626772114 457124429 77498  
  1626772115 457124429 77498  
  1626772116 457124429 77498  
  1626772117 457124429 77498  
  1626772118 457124429 77498  
  1626772119 457124429 77498  
  1626772120 457124429 77498  
  1626772121 457124429 77498  
  1626772123 457124429 77498  
  1626772124 457124429 77498  
  1626772125 457124767 77498  
  1626772126 457124767 77498  
  1626772127 457124767 77498  
  1626772128 457124767 77498  
  1626772129 457124767 77498  
  1626772130 457124767 77498  
  1626772131 457124767 77498  
  1626772132 457124767 77498  
  1626772133 457124767 77498  
  1626772134 457124767 77498  
  1626772135 457124767 77498  
  1626772136 457124767 77498  
  1626772137 457124767 77498  
  1626772138 457124767 77498  
  1626772139 457124767 77498  
  1626772140 457124767 77498  
  1626772141 457124767 77498  
  1626772142 457124767 77498  
  1626772143 457124859 77498  
  1626772144 457124859 77498  
  1626772145 457124859 77498  
  1626772146 457124951 77498  
  1626772147 457124951 77498  
  1626772148 457124951 77498  
  1626772149 457124951 77498  
  1626772150 457124951 77498  
  1626772151 457124951 77498  
  1626772152 457124951 77498  
  1626772153 457124951 77498  
  1626772154 457124951 77498  
  1626772155 457125007 77498  
  1626772156 457125007 77498  
  1626772157 457125007 77498  
  1626772158 457125007 77498  
  1626772159 457125007 77498  
  1626772160 457125007 77498  
  1626772161 457125007 77498  
  1626772163 457125007 77498  
  1626772164 457125007 77498  
  1626772165 457125007 77498  
  1626772166 457125007 77498  
  1626772167 457125007 77498  
  1626772168 457125007 77498  
  1626772169 457125007 77498  
  1626772170 457125007 77498  
  1626772171 457125007 77498  
  1626772172 457125007 77498  
  1626772173 457125007 77498  
  1626772174 457125007 77498  
  1626772175 457125099 77498  
  1626772176 457125099 77498  
  1626772177 457125099 77498  
  1626772178 457125099 77498  
  1626772179 457125099 77498  
  1626772180 457125099 77498  
  1626772181 457125099 77498  
  1626772182 457125099 77498  
  1626772183 457125099 77498  
  1626772184 457125099 77498  
  1626772185 457125099 77498  
  1626772186 457125099 77498  
  1626772187 457125099 77498  
  1626772188 457125099 77498  
  1626772189 457125099 77498  
  1626772190 457125099 77498  
  1626772191 457125099 77498  
  1626772192 457125099 77498  
  1626772193 457125099 77498  
  1626772194 457125099 77498  
  1626772195 457125437 77498  
  1626772196 457125437 77498  
  1626772197 457125437 77498  
  1626772198 457129746 77498  
  1626772199 457130070 77498  
  1626772200 457130778 77498  
  1626772201 457130778 77498  
  1626772203 457130778 77498  
  1626772204 457130778 77498  
  1626772205 457130778 77498  
  1626772206 457130778 77498  
  1626772207 457130778 77498  
  1626772208 457130778 77498  
  1626772209 457130778 77498  
  1626772210 457130778 77498  
  1626772211 457130778 77498  
  1626772212 457132739 77498  
  1626772213 457135411 77498  
  1626772214 457135411 77498  
  1626772215 457138880 77498  
  1626772216 457144745 77498  
  1626772217 457145957 77498  
  1626772218 457146665 77498  
  1626772219 457146665 77498  
  1626772220 457146665 77498  
  1626772221 457146665 77498  
  1626772222 457146665 77498  
  1626772223 457146665 77498  
  1626772224 457146665 77498  
  1626772225 457146665 77498  
  1626772226 457146665 77498  
  1626772227 457146665 77498  
  1626772228 457146665 77498  
  1626772229 457146665 77498  
  1626772230 457146665 77498  
  1626772231 457147022 77498  
  1626772232 457147022 77498  
  1626772233 457147022 77498  
  1626772234 457147022 77498  
  1626772235 457147022 77498  
  1626772236 457147022 77498  
  1626772237 457147022 77498  
  1626772238 457147022 77498  
  1626772239 457147114 77498  
  1626772240 457147114 77498  
  1626772241 457147114 77498  
  1626772243 457147114 77498  
  1626772244 457147114 77498  
  1626772245 457147114 77498  
  1626772246 457147114 77498  
  1626772247 457147114 77498  
  1626772248 457147114 77498  
  1626772249 457147114 77498  
  1626772250 457147114 77498  
  1626772251 457147114 77498  
 