 1626726404 451543751 0  
  1626726405 451543751 0  
  1626726406 451543751 0  
  1626726407 451543751 0  
  1626726408 451543751 0  
  1626726409 451543751 0  
  1626726410 451543751 0  
  1626726411 451543751 0  
  1626726412 451543751 0  
  1626726413 451543751 0  
  1626726414 451543751 0  
  1626726415 451543751 0  
  1626726416 451543751 0  
  1626726417 451543751 0  
  1626726418 451543751 0  
  1626726419 451543751 0  
  1626726420 451543751 0  
  1626726421 451543751 0  
  1626726422 451543751 0  
  1626726423 451543751 0  
  1626726424 451543751 0  
  1626726425 451543751 0  
  1626726427 451543751 0  
  1626726428 451543751 0  
  1626726429 451543751 0  
  1626726430 451543751 0  
  1626726431 451543751 0  
  1626726432 451543751 0  
  1626726433 451543751 0  
  1626726434 451543751 0  
  1626726435 451543751 0  
  1626726436 451543751 0  
  1626726437 451543751 0  
  1626726438 451543751 0  
  1626726439 451543751 0  
  1626726440 451543751 0  
  1626726441 451543751 0  
  1626726442 451543751 0  
  1626726443 451543751 0  
  1626726444 451543751 0  
  1626726445 451543751 0  
  1626726446 451543751 0  
  1626726447 451543751 0  
  1626726448 451543751 0  
  1626726449 451543751 0  
  1626726450 451543751 0  
  1626726451 451543751 0  
  1626726452 451543751 0  
  1626726453 451543751 0  
  1626726454 451543751 0  
  1626726455 451543819 0  
  1626726456 451543819 0  
  1626726457 451543819 0  
  1626726458 451543819 0  
  1626726459 451543819 0  
  1626726460 451543819 0  
  1626726461 451544975 0  
  1626726462 451547872 0  
  1626726463 451549700 0  
  1626726464 451549700 0  
  1626726465 451550408 0  
  1626726467 451550408 0  
  1626726468 451550408 0  
  1626726469 451550408 0  
  1626726470 451550408 0  
  1626726471 451550408 0  
  1626726472 451550408 0  
  1626726473 451550408 0  
  1626726474 451550408 0  
  1626726475 451550408 0  
  1626726476 451550408 0  
  1626726477 451550408 0  
  1626726478 451550408 0  
  1626726479 451550408 0  
  1626726480 451550408 0  
  1626726481 451550408 0  
  1626726482 451550408 0  
  1626726483 451550408 0  
  1626726484 451550408 0  
  1626726485 451550408 0  
  1626726486 451550408 0  
  1626726487 451550408 0  
  1626726488 451550408 0  
  1626726489 451550408 0  
  1626726490 451550408 0  
  1626726491 451550408 0  
  1626726492 451550408 0  
  1626726493 451550408 0  
  1626726494 451550408 0  
  1626726495 451550408 0  
  1626726496 451550408 0  
  1626726497 451550408 0  
  1626726498 451550408 0  
  1626726499 451550408 0  
  1626726500 451550408 0  
  1626726501 451550408 0  
  1626726502 451550408 0  
  1626726503 451550408 0  
  1626726504 451550408 0  
  1626726505 451550408 0  
  1626726506 451550408 0  
  1626726508 451550408 0  
  1626726509 451550408 0  
  1626726510 451550408 0  
  1626726511 451550408 0  
  1626726512 451550408 0  
  1626726513 451550408 0  
  1626726514 451550408 0  
  1626726515 451550408 0  
  1626726516 451550408 0  
  1626726517 451550408 0  
  1626726518 451550408 0  
  1626726519 451550408 0  
  1626726520 451550408 0  
  1626726521 451550408 0  
  1626726522 451550408 0  
  1626726523 451550408 0  
  1626726524 451550408 0  
  1626726525 451550408 0  
  1626726526 451550408 0  
  1626726527 451550408 0  
  1626726528 451550408 0  
  1626726529 451550408 0  
  1626726530 451550408 0  
  1626726531 451550408 0  
  1626726532 451550408 0  
  1626726533 451550408 0  
  1626726534 451550408 0  
  1626726535 451550408 0  
  1626726536 451550408 0  
  1626726537 451550408 0  
  1626726538 451550408 0  
  1626726539 451550408 0  
  1626726540 451550408 0  
  1626726541 451550408 0  
  1626726542 451550408 0  
  1626726543 451550408 0  
  1626726544 451550408 0  
  1626726545 451550408 0  
  1626726546 451550408 0  
  1626726548 451550408 0  
  1626726549 451550408 0  
  1626726550 451550408 0  
  1626726551 451550408 0  
  1626726552 451550408 0  
  1626726553 451550408 0  
  1626726554 451550408 0  
  1626726555 451550500 0  
  1626726556 451550500 0  
  1626726557 451550500 0  
  1626726558 451550500 0  
  1626726559 451550500 0  
  1626726560 451550500 0  
  1626726561 451550500 0  
  1626726562 451550500 0  
  1626726563 451550500 0  
  1626726564 451552095 0  
  1626726565 451552095 0  
  1626726566 451552095 0  
  1626726567 451552095 0  
  1626726568 451552095 0  
  1626726569 451552095 0  
  1626726570 451552095 0  
  1626726571 451552095 0  
  1626726572 451552095 0  
  1626726573 451552095 0  
  1626726574 451552095 0  
  1626726575 451552095 0  
  1626726576 451552095 0  
  1626726577 451552095 0  
  1626726578 451552095 0  
  1626726579 451552095 0  
  1626726580 451552095 0  
  1626726581 451552095 0  
  1626726582 451552095 0  
  1626726583 451552095 0  
  1626726584 451552095 0  
  1626726585 451552095 0  
  1626726586 451552095 0  
  1626726588 451552095 0  
  1626726589 451552095 0  
  1626726590 451552095 0  
  1626726591 451552095 0  
  1626726592 451552095 0  
  1626726593 451552095 0  
  1626726594 451552095 0  
  1626726595 451552095 0  
  1626726596 451552095 0  
  1626726597 451552095 0  
  1626726598 451552095 0  
  1626726599 451556404 0  
  1626726600 451556728 0  
  1626726601 451556728 0  
  1626726602 451557436 0  
  1626726603 451557436 0  
  1626726604 451557436 0  
  1626726605 451557436 0  
  1626726606 451557436 0  
  1626726607 451557436 0  
  1626726608 451557436 0  
  1626726609 451557436 0  
  1626726610 451557436 0  
  1626726611 451557436 0  
  1626726612 451561745 0  
  1626726613 451562069 0  
  1626726614 451562777 0  
  1626726615 451567410 0  
  1626726616 451567410 0  
  1626726617 451572751 0  
  1626726618 451573459 0  
  1626726619 451573459 0  
  1626726620 451573459 0  
  1626726621 451573459 0  
  1626726622 451573459 0  
  1626726623 451573459 0  
  1626726624 451573459 0  
  1626726625 451573459 0  
  1626726626 451573459 0  
  1626726628 451573459 0  
  1626726629 451573459 0  
  1626726630 451573459 0  
  1626726631 451573816 0  
  1626726632 451573816 0  
  1626726633 451573816 0  
  1626726634 451573816 0  
  1626726635 451573816 0  
  1626726636 451573816 0  
  1626726637 451573816 0  
  1626726638 451573816 0  
  1626726639 451573816 0  
  1626726640 451573816 0  
  1626726641 451573816 0  
  1626726642 451573816 0  
  1626726643 451573816 0  
  1626726644 451573816 0  
  1626726645 451573816 0  
  1626726646 451573816 0  
  1626726647 451573816 0  
  1626726648 451573816 0  
  1626726649 451573816 0  
  1626726650 451573816 0  
  1626726651 451573816 0  
  1626726652 451573816 0  
  1626726653 451573816 0  
  1626726654 451573816 0  
  1626726655 451573816 0  
  1626726656 451573816 0  
  1626726657 451573816 0  
  1626726658 451573816 0  
  1626726659 451573816 0  
  1626726660 451573816 0  
  1626726661 451573816 0  
  1626726662 451573816 0  
  1626726663 451573816 0  
  1626726664 451573816 0  
  1626726665 451578125 0  
  1626726666 451578533 0  
  1626726668 451578533 0  
  1626726669 451579037 0  
  1626726670 451579037 0  
  1626726671 451579037 0  
  1626726672 451579037 0  
  1626726673 451579037 0  
  1626726674 451579037 0  
  1626726675 451579037 0  
  1626726676 451579037 0  
  1626726677 451579037 0  
  1626726678 451579037 0  
  1626726679 451579037 0  
  1626726680 451579037 0  
  1626726681 451579037 0  
  1626726682 451579037 0  
  1626726683 451579037 0  
  1626726684 451579037 0  
  1626726685 451579037 0  
  1626726686 451579037 0  
  1626726687 451579037 0  
  1626726688 451579037 0  
  1626726689 451579037 0  
  1626726690 451579037 0  
  1626726691 451579037 0  
  1626726692 451579037 0  
  1626726693 451579037 0  
  1626726694 451579037 0  
  1626726695 451579037 0  
  1626726696 451579037 0  
  1626726697 451579037 0  
  1626726698 451579037 0  
  1626726699 451579037 0  
  1626726700 451579037 0  
  1626726701 451579037 0  
  1626726702 451579037 0  
  1626726703 451579037 0  
  1626726704 451579037 0  
  1626726705 451579037 0  
  1626726706 451579037 0  
  1626726708 451579037 0  
  1626726709 451579037 0  
  1626726710 451579037 0  
  1626726711 451579037 0  
  1626726712 451579037 0  
  1626726713 451579037 0  
  1626726714 451579037 0  
  1626726715 451579037 0  
  1626726716 451579037 0  
  1626726717 451579037 0  
  1626726718 451579037 0  
  1626726719 451579037 0  
  1626726720 451579037 0  
  1626726721 451579037 0  
  1626726722 451579129 0  
  1626726723 451579129 0  
  1626726724 451579129 0  
  1626726725 451579129 0  
  1626726726 451579129 0  
  1626726727 451579129 0  
  1626726728 451579129 0  
  1626726729 451579129 0  
  1626726730 451579129 0  
  1626726731 451579129 0  
  1626726732 451579129 0  
  1626726733 451579129 0  
  1626726734 451579129 0  
  1626726735 451579129 0  
  1626726736 451579129 0  
  1626726737 451579129 0  
  1626726738 451579129 0  
  1626726739 451579129 0  
  1626726740 451579129 0  
  1626726741 451579129 0  
  1626726742 451579129 0  
  1626726743 451579129 0  
  1626726744 451579129 0  
  1626726745 451579129 0  
  1626726747 451579129 0  
  1626726748 451579129 0  
  1626726749 451579129 0  
  1626726750 451579129 0  
  1626726751 451579129 0  
  1626726752 451579129 0  
  1626726753 451579129 0  
  1626726754 451579129 0  
  1626726755 451579129 0  
  1626726756 451579129 0  
  1626726757 451579129 0  
  1626726758 451579129 0  
  1626726759 451579129 0  
  1626726760 451579129 0  
  1626726761 451579129 0  
  1626726762 451579129 0  
  1626726763 451583438 0  
  1626726764 451584358 0  
  1626726765 451584358 0  
  1626726766 451585066 0  
  1626726767 451585066 0  
  1626726768 451585066 0  
  1626726769 451585066 0  
  1626726770 451585066 0  
  1626726771 451585066 0  
  1626726772 451585066 0  
  1626726773 451585066 0  
  1626726774 451585066 0  
  1626726775 451585066 0  
  1626726776 451585066 0  
  1626726777 451585066 0  
  1626726778 451585066 0  
  1626726779 451585066 0  
  1626726780 451585066 0  
  1626726781 451585066 0  
  1626726782 451585066 0  
  1626726783 451585066 0  
  1626726784 451585066 0  
  1626726785 451585066 0  
  1626726787 451585066 0  
  1626726788 451585066 0  
  1626726789 451585066 0  
  1626726790 451585066 0  
  1626726791 451585066 0  
  1626726792 451585066 0  
  1626726793 451585066 0  
  1626726794 451585066 0  
  1626726795 451585066 0  
  1626726796 451585066 0  
  1626726797 451585066 0  
  1626726798 451585066 0  
  1626726799 451585066 0  
  1626726800 451585066 0  
  1626726801 451585066 0  
  1626726802 451585066 0  
  1626726803 451585066 0  
  1626726804 451585066 0  
  1626726805 451585066 0  
  1626726806 451585066 0  
  1626726807 451585066 0  
  1626726808 451585066 0  
  1626726809 451585066 0  
  1626726810 451585066 0  
  1626726811 451585066 0  
  1626726812 451585158 0  
  1626726813 451585158 0  
  1626726814 451585158 0  
  1626726815 451585158 0  
  1626726816 451585158 0  
  1626726817 451585158 0  
  1626726818 451585158 0  
  1626726819 451585158 0  
  1626726820 451585158 0  
  1626726821 451585158 0  
  1626726822 451585158 0  
  1626726823 451585158 0  
  1626726825 451585158 0  
  1626726826 451585158 0  
  1626726827 451585158 0  
  1626726828 451585158 0  
  1626726829 451585158 0  
  1626726830 451585158 0  
  1626726831 451585158 0  
  1626726832 451585158 0  
  1626726833 451585158 0  
  1626726834 451585158 0  
  1626726835 451585158 0  
  1626726836 451585158 0  
  1626726837 451585158 0  
  1626726838 451585158 0  
  1626726839 451585158 0  
  1626726840 451585158 0  
  1626726841 451585158 0  
  1626726842 451585158 0  
  1626726843 451585158 0  
  1626726844 451585158 0  
  1626726845 451585158 0  
  1626726846 451585158 0  
  1626726847 451585158 0  
  1626726848 451585158 0  
  1626726849 451585158 0  
  1626726850 451585158 0  
  1626726851 451585158 0  
  1626726852 451585158 0  
  1626726853 451585158 0  
  1626726854 451585158 0  
  1626726855 451585158 0  
  1626726856 451585158 0  
  1626726857 451585158 0  
  1626726858 451585158 0  
  1626726859 451585158 0  
  1626726860 451585158 0  
  1626726861 451585158 0  
  1626726862 451585158 0  
  1626726863 451585158 0  
  1626726865 451585158 0  
  1626726866 451585158 0  
  1626726867 451585158 0  
  1626726868 451585158 0  
  1626726869 451585158 0  
  1626726870 451585158 0  
  1626726871 451585158 0  
  1626726872 451585158 0  
  1626726873 451585158 0  
  1626726874 451585158 0  
  1626726875 451585158 0  
  1626726876 451585158 0  
  1626726877 451585158 0  
  1626726878 451585158 0  
  1626726879 451585158 0  
  1626726880 451585158 0  
  1626726881 451585158 0  
  1626726882 451585158 0  
  1626726883 451585158 0  
  1626726884 451585158 0  
  1626726885 451585158 0  
  1626726886 451585158 0  
  1626726887 451585158 0  
  1626726888 451585158 0  
  1626726889 451585158 0  
  1626726890 451585158 0  
  1626726891 451585158 0  
  1626726892 451585158 0  
  1626726893 451585158 0  
  1626726894 451585158 0  
  1626726895 451585158 0  
  1626726896 451585158 0  
  1626726897 451585158 0  
  1626726898 451589467 0  
  1626726899 451589791 0  
  1626726900 451590499 0  
  1626726901 451590499 0  
  1626726902 451590499 0  
  1626726904 451590499 0  
  1626726905 451590499 0  
  1626726906 451590499 0  
  1626726907 451590499 0  
  1626726908 451590499 0  
  1626726909 451590499 0  
  1626726910 451590499 0  
  1626726911 451590499 0  
  1626726912 451594808 0  
  1626726913 451595132 0  
  1626726914 451595840 0  
  1626726915 451600473 0  
  1626726916 451601113 0  
  1626726917 451605814 0  
  1626726918 451605814 0  
  1626726919 451606522 0  
  1626726920 451606522 0  
  1626726921 451606522 0  
  1626726922 451606522 0  
  1626726923 451606522 0  
  1626726924 451606522 0  
  1626726925 451606522 0  
  1626726926 451606522 0  
  1626726927 451606522 0  
  1626726928 451606522 0  
  1626726929 451606522 0  
  1626726930 451606522 0  
  1626726931 451606879 0  
  1626726932 451606879 0  
  1626726933 451606879 0  
  1626726934 451606879 0  
  1626726935 451606879 0  
  1626726936 451607215 0  
  1626726937 451607215 0  
  1626726938 451607215 0  
  1626726939 451607215 0  
  1626726940 451607215 0  
  1626726941 451607215 0  
  1626726943 451607215 0  
  1626726944 451607215 0  
  1626726945 451607215 0  
  1626726946 451607215 0  
  1626726947 451607215 0  
  1626726948 451607215 0  
  1626726949 451607215 0  
  1626726950 451607495 0  
  1626726951 451607607 0  
  1626726952 451607607 0  
  1626726953 451607607 0  
  1626726954 451607607 0  
  1626726955 451607607 0  
  1626726956 451607607 0  
  1626726957 451607607 0  
  1626726958 451607607 0  
  1626726959 451607607 0  
  1626726960 451607607 0  
  1626726961 451607607 0  
  1626726962 451607607 0  
  1626726963 451608203 0  
  1626726964 451608203 0  
  1626726965 451608203 0  
  1626726966 451608203 0  
  1626726967 451608203 0  
  1626726968 451608203 0  
  1626726969 451608203 0  
  1626726970 451608203 0  
  1626726971 451608203 0  
  1626726972 451608203 0  
  1626726973 451608203 0  
  1626726974 451608203 0  
  1626726975 451608203 0  
  1626726976 451608203 0  
  1626726977 451608203 0  
  1626726978 451608203 0  
  1626726979 451608203 0  
  1626726980 451608295 0  
  1626726981 451608295 0  
  1626726983 451608295 0  
  1626726984 451608295 0  
  1626726985 451608295 0  
  1626726986 451608295 0  
  1626726987 451608295 0  
  1626726988 451608295 0  
  1626726989 451608295 0  
  1626726990 451608295 0  
  1626726991 451608295 0  
  1626726992 451608295 0  
  1626726993 451608295 0  
  1626726994 451608295 0  
  1626726995 451608295 0  
  1626726996 451608295 0  
  1626726997 451608295 0  
  1626726998 451608295 0  
  1626726999 451608295 0  
  1626727000 451608295 0  
  1626727001 451608295 0  
  1626727002 451608295 0  
  1626727003 451608295 0  
  1626727004 451608295 0  
  1626727005 451608295 0  
  1626727006 451608295 0  
  1626727007 451608295 0  
  1626727008 451608295 0  
  1626727009 451608295 0  
  1626727010 451608295 0  
  1626727011 451608295 0  
  1626727012 451608295 0  
  1626727013 451608295 0  
  1626727014 451608295 0  
  1626727015 451608295 0  
  1626727016 451608295 0  
  1626727017 451608295 0  
  1626727018 451608633 0  
  1626727019 451608633 0  
  1626727020 451608633 0  
  1626727021 451608633 0  
  1626727023 451608633 0  
  1626727024 451608633 0  
  1626727025 451608633 0  
  1626727026 451608633 0  
  1626727027 451608633 0  
  1626727028 451608633 0  
  1626727029 451608633 0  
  1626727030 451608633 0  
  1626727031 451608633 0  
  1626727032 451608633 0  
  1626727033 451608633 0  
  1626727034 451608633 0  
  1626727035 451608633 0  
  1626727036 451608633 0  
  1626727037 451608633 0  
  1626727038 451608633 0  
  1626727039 451608633 0  
  1626727040 451608633 0  
  1626727041 451608971 0  
  1626727042 451608971 0  
  1626727043 451608971 0  
  1626727044 451608971 0  
  1626727045 451608971 0  
  1626727046 451608971 0  
  1626727047 451608971 0  
  1626727048 451608971 0  
  1626727049 451608971 0  
  1626727050 451608971 0  
  1626727051 451608971 0  
  1626727052 451608971 0  
  1626727053 451608971 0  
  1626727054 451608971 0  
  1626727055 451608971 0  
  1626727056 451608971 0  
  1626727057 451608971 0  
  1626727058 451608971 0  
  1626727059 451608971 0  
  1626727060 451608971 0  
  1626727062 451608971 0  
  1626727063 451613280 0  
  1626727064 451613604 0  
  1626727065 451614312 0  
  1626727066 451614312 0  
  1626727067 451614312 0  
  1626727068 451614312 0  
  1626727069 451614312 0  
  1626727070 451614312 0  
  1626727071 451614312 0  
  1626727072 451614312 0  
  1626727073 451614312 0  
  1626727074 451614312 0  
  1626727075 451614312 0  
  1626727076 451614312 0  
  1626727077 451614312 0  
  1626727078 451614312 0  
  1626727079 451614312 0  
  1626727080 451614312 0  
  1626727081 451614312 0  
  1626727082 451614312 0  
  1626727083 451614312 0  
  1626727084 451614312 0  
  1626727085 451614312 0  
  1626727086 451614312 0  
  1626727087 451614312 0  
  1626727088 451614312 0  
  1626727089 451614312 0  
  1626727090 451614312 0  
  1626727091 451614312 0  
  1626727092 451614312 0  
  1626727093 451614312 0  
  1626727094 451614312 0  
  1626727095 451614312 0  
  1626727096 451614312 0  
  1626727097 451614312 0  
  1626727098 451614312 0  
  1626727099 451614312 0  
  1626727100 451614312 0  
  1626727102 451614312 0  
  1626727103 451614312 0  
  1626727104 451614312 0  
  1626727105 451614312 0  
  1626727106 451614312 0  
  1626727107 451614312 0  
  1626727108 451614312 0  
  1626727109 451614312 0  
  1626727110 451614312 0  
  1626727111 451614312 0  
  1626727112 451614312 0  
  1626727113 451614312 0  
  1626727114 451614312 0  
  1626727115 451614312 0  
  1626727116 451614312 0  
  1626727117 451614312 0  
  1626727118 451614312 0  
  1626727119 451614312 0  
  1626727120 451614312 0  
  1626727121 451614312 0  
  1626727122 451614312 0  
  1626727123 451614312 0  
  1626727124 451614312 0  
  1626727125 451614312 0  
  1626727126 451614312 0  
  1626727127 451614312 0  
  1626727128 451614312 0  
  1626727129 451614312 0  
  1626727130 451614312 0  
  1626727131 451614312 0  
  1626727132 451614312 0  
  1626727133 451614312 0  
  1626727134 451614312 0  
  1626727135 451614312 0  
  1626727136 451614312 0  
  1626727137 451614312 0  
  1626727138 451614312 0  
  1626727139 451614312 0  
  1626727140 451614312 0  
  1626727142 451614312 0  
  1626727143 451614312 0  
  1626727144 451614312 0  
  1626727145 451614312 0  
  1626727146 451614312 0  
  1626727147 451614312 0  
  1626727148 451614312 0  
  1626727149 451614312 0  
  1626727150 451614312 0  
  1626727151 451614312 0  
  1626727152 451614312 0  
  1626727153 451614312 0  
  1626727154 451614312 0  
  1626727155 451614312 0  
  1626727156 451614312 0  
  1626727157 451614312 0  
  1626727158 451614312 0  
  1626727159 451614312 0  
  1626727160 451614312 0  
  1626727161 451614312 0  
  1626727162 451614312 0  
  1626727163 451614312 0  
  1626727164 451614908 0  
  1626727165 451614908 0  
  1626727166 451614908 0  
  1626727167 451614908 0  
  1626727168 451614908 0  
  1626727169 451614908 0  
  1626727170 451614908 0  
  1626727171 451614908 0  
  1626727172 451614908 0  
  1626727173 451614908 0  
  1626727174 451614908 0  
  1626727175 451614908 0  
  1626727176 451614908 0  
  1626727177 451614908 0  
  1626727178 451614908 0  
  1626727179 451614908 0  
  1626727180 451614908 0  
  1626727182 451614908 0  
  1626727183 451614908 0  
  1626727184 451614908 0  
  1626727185 451614908 0  
  1626727186 451614908 0  
  1626727187 451614908 0  
  1626727188 451614908 0  
  1626727189 451614908 0  
  1626727190 451614908 0  
  1626727191 451615246 0  
  1626727192 451615246 0  
  1626727193 451615246 0  
  1626727194 451615246 0  
  1626727195 451615246 0  
  1626727196 451615246 0  
  1626727197 451615246 0  
  1626727198 451615390 0  
  1626727199 451619879 0  
  1626727200 451619879 0  
  1626727201 451620587 0  
  1626727202 451620587 0  
  1626727203 451620587 0  
  1626727204 451620587 0  
  1626727205 451620587 0  
  1626727206 451620587 0  
  1626727207 451620587 0  
  1626727208 451620587 0  
  1626727209 451620587 0  
  1626727210 451620587 0  
  1626727211 451620731 0  
  1626727212 451625220 0  
  1626727213 451625220 0  
  1626727214 451627889 0  
  1626727215 451630561 0  
  1626727216 451635902 0  
  1626727217 451635902 0  
  1626727218 451636610 0  
  1626727219 451636610 0  
  1626727220 451636610 0  
  1626727222 451636610 0  
  1626727223 451636610 0  
  1626727224 451636610 0  
  1626727225 451636610 0  
  1626727226 451636610 0  
  1626727227 451636610 0  
  1626727228 451636610 0  
  1626727229 451636610 0  
  1626727230 451636610 0  
  1626727231 451636967 0  
  1626727232 451636967 0  
  1626727233 451636967 0  
  1626727234 451636967 0  
  1626727235 451636967 0  
  1626727236 451636967 0  
  1626727237 451636967 0  
  1626727238 451637059 0  
  1626727239 451637059 0  
  1626727240 451637059 0  
  1626727241 451637059 0  
  1626727242 451637059 0  
  1626727243 451637059 0  
  1626727244 451637059 0  
  1626727245 451637059 0  
  1626727246 451637059 0  
  1626727247 451637059 0  
  1626727248 451637059 0  
  1626727249 451637059 0  
  1626727250 451637059 0  
  1626727251 451637059 0  
  1626727252 451637059 0  
  1626727253 451637059 0  
  1626727254 451637059 0  
  1626727255 451637059 0  
  1626727256 451637059 0  
  1626727257 451637059 0  
  1626727258 451637059 0  
  1626727259 451637059 0  
  1626727260 451637059 0  
  1626727262 451637059 0  
  1626727263 451637059 0  
  1626727264 451637059 0  
  1626727265 451637059 0  
  1626727266 451637059 0  
  1626727267 451637059 0  
  1626727268 451637059 0  
  1626727269 451637059 0  
  1626727270 451637059 0  
  1626727271 451637059 0  
  1626727272 451637059 0  
  1626727273 451637059 0  
  1626727274 451637059 0  
  1626727275 451637059 0  
  1626727276 451637059 0  
  1626727277 451637059 0  
  1626727278 451637059 0  
  1626727279 451637059 0  
  1626727280 451637059 0  
  1626727281 451637059 0  
  1626727282 451637059 0  
  1626727283 451637059 0  
  1626727284 451637059 0  
  1626727285 451637059 0  
  1626727286 451637059 0  
  1626727287 451637059 0  
  1626727288 451637059 0  
  1626727289 451637059 0  
  1626727290 451637059 0  
  1626727291 451637059 0  
  1626727292 451637059 0  
  1626727293 451637059 0  
  1626727294 451637059 0  
  1626727295 451637059 0  
  1626727296 451637059 0  
  1626727297 451637059 0  
  1626727298 451637059 0  
  1626727299 451637059 0  
  1626727300 451637059 0  
  1626727302 451637059 0  
  1626727303 451637059 0  
  1626727304 451637059 0  
  1626727305 451637059 0  
  1626727306 451637059 0  
  1626727307 451637059 0  
  1626727308 451637059 0  
  1626727309 451637059 0  
  1626727310 451637059 0  
  1626727311 451637059 0  
  1626727312 451637059 0  
  1626727313 451637059 0  
  1626727314 451637059 0  
  1626727315 451637059 0  
  1626727316 451637059 0  
  1626727317 451637059 0  
  1626727318 451637059 0  
  1626727319 451637059 0  
  1626727320 451637059 0  
  1626727321 451637059 0  
  1626727322 451637059 0  
  1626727323 451637059 0  
  1626727324 451637059 0  
  1626727325 451637059 0  
  1626727326 451637059 0  
  1626727327 451637059 0  
  1626727328 451637059 0  
  1626727329 451637059 0  
  1626727330 451637059 0  
  1626727331 451637151 0  
  1626727332 451637151 0  
  1626727333 451637151 0  
  1626727334 451637151 0  
  1626727335 451637151 0  
  1626727336 451637151 0  
  1626727337 451637151 0  
  1626727338 451637151 0  
  1626727339 451637151 0  
  1626727340 451637489 0  
  1626727342 451637489 0  
  1626727343 451637489 0  
  1626727344 451637489 0  
  1626727345 451637489 0  
  1626727346 451637489 0  
  1626727347 451637489 0  
  1626727348 451637489 0  
  1626727349 451637489 0  
  1626727350 451637489 0  
  1626727351 451637489 0  
  1626727352 451637489 0  
  1626727353 451637489 0  
  1626727354 451637489 0  
  1626727355 451637557 0  
  1626727356 451637557 0  
  1626727357 451637557 0  
  1626727358 451637557 0  
  1626727359 451637557 0  
  1626727360 451637557 0  
  1626727361 451638713 0  
  1626727362 451638713 0  
  1626727363 451643874 0  
  1626727364 451643942 0  
  1626727365 451644650 0  
  1626727366 451644650 0  
  1626727367 451644650 0  
  1626727368 451644650 0  
  1626727369 451644650 0  
  1626727370 451644650 0  
  1626727371 451644650 0  
  1626727372 451644650 0  
 