 1626788918 460554800 0  
  1626788919 460554800 0  
  1626788920 460554800 0  
  1626788921 460554800 0  
  1626788922 460554800 0  
  1626788923 460554800 0  
  1626788924 460554800 0  
  1626788925 460554800 0  
  1626788926 460554800 0  
  1626788927 460554800 0  
  1626788928 460554800 0  
  1626788929 460554800 0  
  1626788930 460554800 0  
  1626788931 460554800 0  
  1626788932 460554800 0  
  1626788933 460554800 0  
  1626788934 460554800 0  
  1626788935 460554800 0  
  1626788936 460554800 0  
  1626788938 460554800 0  
  1626788939 460554800 0  
  1626788940 460554800 0  
  1626788941 460554800 0  
  1626788942 460554800 0  
  1626788943 460554800 0  
  1626788944 460554800 0  
  1626788945 460554800 0  
  1626788946 460554800 0  
  1626788947 460554882 0  
  1626788948 460554882 0  
  1626788949 460554882 0  
  1626788950 460554882 0  
  1626788951 460554882 0  
  1626788952 460554882 0  
  1626788953 460554974 0  
  1626788954 460554974 0  
  1626788955 460554974 0  
  1626788956 460554974 0  
  1626788957 460554974 0  
  1626788958 460554974 0  
  1626788959 460554974 0  
  1626788960 460554974 0  
  1626788961 460554974 0  
  1626788962 460554974 0  
  1626788963 460554974 0  
  1626788964 460554974 0  
  1626788965 460554974 0  
  1626788966 460554974 0  
  1626788967 460554974 0  
  1626788968 460554974 0  
  1626788969 460554974 0  
  1626788970 460554974 0  
  1626788971 460554974 0  
  1626788972 460554974 0  
  1626788973 460554974 0  
  1626788974 460554974 0  
  1626788975 460554974 0  
  1626788976 460554974 0  
  1626788978 460554974 0  
  1626788979 460554974 0  
  1626788980 460554974 0  
  1626788981 460554974 0  
  1626788982 460554974 0  
  1626788983 460554974 0  
  1626788984 460554974 0  
  1626788985 460554974 0  
  1626788986 460554974 0  
  1626788987 460554974 0  
  1626788988 460554974 0  
  1626788989 460554974 0  
  1626788990 460555312 0  
  1626788991 460555312 0  
  1626788992 460555312 0  
  1626788993 460555312 0  
  1626788994 460555312 0  
  1626788995 460555312 0  
  1626788996 460555312 0  
  1626788997 460555312 0  
  1626788998 460555312 0  
  1626788999 460555312 0  
  1626789000 460555312 0  
  1626789001 460555312 0  
  1626789002 460555312 0  
  1626789003 460555312 0  
  1626789004 460555312 0  
  1626789005 460555312 0  
  1626789006 460555312 0  
  1626789007 460555312 0  
  1626789008 460555312 0  
  1626789009 460559621 0  
  1626789010 460559945 0  
  1626789011 460559945 0  
  1626789012 460560653 0  
  1626789013 460560653 0  
  1626789014 460560653 0  
  1626789015 460560653 0  
  1626789017 460560653 0  
  1626789018 460560653 0  
  1626789019 460560653 0  
  1626789020 460560653 0  
  1626789021 460560653 0  
  1626789022 460565286 0  
  1626789023 460569415 0  
  1626789024 460574936 0  
  1626789025 460575968 0  
  1626789026 460576608 0  
  1626789027 460576608 0  
  1626789028 460576608 0  
  1626789029 460576608 0  
  1626789030 460576608 0  
  1626789031 460576608 0  
  1626789032 460576608 0  
  1626789033 460576608 0  
  1626789034 460576608 0  
  1626789035 460576608 0  
  1626789036 460576608 0  
  1626789037 460576608 0  
  1626789038 460576608 0  
  1626789039 460576608 0  
  1626789040 460576608 0  
  1626789041 460576608 0  
  1626789042 460576608 0  
  1626789043 460576965 0  
  1626789044 460576965 0  
  1626789045 460576965 0  
  1626789046 460576965 0  
  1626789047 460576965 0  
  1626789048 460576965 0  
  1626789049 460576965 0  
  1626789050 460576965 0  
  1626789051 460576965 0  
  1626789052 460576965 0  
  1626789053 460576965 0  
  1626789054 460576965 0  
  1626789056 460576965 0  
  1626789057 460576965 0  
  1626789058 460576965 0  
  1626789059 460576965 0  
  1626789060 460576965 0  
  1626789061 460576965 0  
  1626789062 460576965 0  
  1626789063 460576965 0  
  1626789064 460576965 0  
  1626789065 460577561 0  
  1626789066 460577561 0  
  1626789067 460577561 0  
  1626789068 460577561 0  
  1626789069 460577561 0  
  1626789070 460577561 0  
  1626789071 460577561 0  
  1626789072 460577561 0  
  1626789073 460577561 0  
  1626789074 460577561 0  
  1626789075 460577561 0  
  1626789076 460577561 0  
  1626789077 460577561 0  
  1626789078 460577561 0  
  1626789079 460577561 0  
  1626789080 460577561 0  
  1626789081 460577561 0  
  1626789082 460577561 0  
  1626789083 460577561 0  
  1626789084 460577561 0  
  1626789085 460577561 0  
  1626789086 460577561 0  
  1626789087 460577561 0  
  1626789088 460577561 0  
  1626789089 460577561 0  
  1626789090 460577561 0  
  1626789091 460577561 0  
  1626789092 460577561 0  
  1626789093 460577561 0  
  1626789094 460577561 0  
  1626789096 460577561 0  
  1626789097 460577561 0  
  1626789098 460577561 0  
  1626789099 460577561 0  
  1626789100 460577561 0  
  1626789101 460577561 0  
  1626789102 460577561 0  
  1626789103 460577561 0  
  1626789104 460577561 0  
  1626789105 460577561 0  
  1626789106 460577561 0  
  1626789107 460577561 0  
  1626789108 460577561 0  
  1626789109 460577561 0  
  1626789110 460577561 0  
  1626789111 460577561 0  
  1626789112 460577561 0  
  1626789113 460577561 0  
  1626789114 460577561 0  
  1626789115 460577561 0  
  1626789116 460577561 0  
  1626789117 460577561 0  
  1626789118 460577561 0  
  1626789119 460577561 0  
  1626789120 460577561 0  
  1626789121 460577561 0  
  1626789122 460577561 0  
  1626789123 460577561 0  
  1626789124 460577561 0  
  1626789125 460577561 0  
  1626789126 460577561 0  
  1626789127 460577561 0  
  1626789128 460577561 0  
  1626789129 460577561 0  
  1626789130 460577561 0  
  1626789131 460577561 0  
  1626789132 460577561 0  
  1626789133 460577561 0  
  1626789134 460577561 0  
  1626789136 460577561 0  
  1626789137 460577561 0  
  1626789138 460577561 0  
  1626789139 460577561 0  
  1626789140 460577899 0  
  1626789141 460577899 0  
  1626789142 460577899 0  
  1626789143 460577899 0  
  1626789144 460577899 0  
  1626789145 460577899 0  
  1626789146 460577899 0  
  1626789147 460577899 0  
  1626789148 460577899 0  
  1626789149 460577899 0  
  1626789150 460577899 0  
  1626789151 460577899 0  
  1626789152 460577899 0  
  1626789153 460577899 0  
  1626789154 460577899 0  
  1626789155 460577899 0  
  1626789156 460577899 0  
  1626789157 460577899 0  
  1626789158 460577899 0  
  1626789159 460577899 0  
  1626789160 460577899 0  
  1626789161 460577899 0  
  1626789162 460577899 0  
  1626789163 460577899 0  
  1626789164 460577899 0  
  1626789165 460577899 0  
  1626789166 460577899 0  
  1626789167 460577899 0  
  1626789168 460577899 0  
  1626789169 460577899 0  
  1626789170 460577899 0  
  1626789171 460582208 0  
  1626789172 460582532 0  
  1626789173 460583104 0  
  1626789175 460583104 0  
  1626789176 460583104 0  
  1626789177 460583104 0  
  1626789178 460583104 0  
  1626789179 460583104 0  
  1626789180 460583104 0  
  1626789181 460583104 0  
  1626789182 460583104 0  
  1626789183 460583104 0  
  1626789184 460583104 0  
  1626789185 460583104 0  
  1626789186 460583104 0  
  1626789187 460583104 0  
  1626789188 460583196 0  
  1626789189 460583196 0  
  1626789190 460583196 0  
  1626789191 460583196 0  
  1626789192 460583196 0  
  1626789193 460583196 0  
  1626789194 460583196 0  
  1626789195 460583196 0  
  1626789196 460583196 0  
  1626789197 460583196 0  
  1626789198 460583196 0  
  1626789199 460583196 0  
  1626789200 460583196 0  
  1626789201 460583196 0  
  1626789202 460583196 0  
  1626789203 460583196 0  
  1626789204 460583196 0  
  1626789205 460583196 0  
  1626789206 460583196 0  
  1626789207 460583196 0  
  1626789208 460583196 0  
  1626789209 460583196 0  
  1626789210 460583196 0  
  1626789211 460583196 0  
  1626789212 460583196 0  
  1626789214 460583288 0  
  1626789215 460583288 0  
  1626789216 460583288 0  
  1626789217 460583288 0  
  1626789218 460583288 0  
  1626789219 460583288 0  
  1626789220 460583288 0  
  1626789221 460583288 0  
  1626789222 460583288 0  
  1626789223 460583288 0  
  1626789224 460583288 0  
  1626789225 460583288 0  
  1626789226 460583288 0  
  1626789227 460583288 0  
  1626789228 460583288 0  
  1626789229 460583288 0  
  1626789230 460583288 0  
  1626789231 460583288 0  
  1626789232 460583288 0  
  1626789233 460583288 0  
  1626789234 460583288 0  
  1626789235 460583288 0  
  1626789236 460583288 0  
  1626789237 460583288 0  
  1626789238 460583288 0  
  1626789239 460583288 0  
  1626789240 460583288 0  
  1626789241 460583288 0  
  1626789242 460583288 0  
  1626789243 460583288 0  
  1626789244 460583288 0  
  1626789245 460583288 0  
  1626789246 460583288 0  
  1626789247 460583288 0  
  1626789248 460583288 0  
  1626789249 460583288 0  
  1626789250 460583288 0  
  1626789251 460583288 0  
  1626789253 460583288 0  
  1626789254 460583288 0  
  1626789255 460583288 0  
  1626789256 460583288 0  
  1626789257 460583288 0  
  1626789258 460583288 0  
  1626789259 460583288 0  
  1626789260 460583288 0  
  1626789261 460583288 0  
  1626789262 460583288 0  
  1626789263 460583288 0  
  1626789264 460583288 0  
  1626789265 460583288 0  
  1626789266 460583884 0  
  1626789267 460583884 0  
  1626789268 460583884 0  
  1626789269 460583884 0  
  1626789270 460583884 0  
  1626789271 460583884 0  
  1626789272 460583884 0  
  1626789273 460583884 0  
  1626789274 460583884 0  
  1626789275 460583884 0  
  1626789276 460583884 0  
  1626789277 460583884 0  
  1626789278 460583884 0  
  1626789279 460583884 0  
  1626789280 460583884 0  
  1626789281 460583884 0  
  1626789282 460583884 0  
  1626789283 460583884 0  
  1626789284 460583884 0  
  1626789285 460583884 0  
  1626789286 460583884 0  
  1626789287 460583884 0  
  1626789288 460583884 0  
  1626789289 460584222 0  
  1626789290 460584222 0  
  1626789291 460584222 0  
  1626789293 460584222 0  
  1626789294 460584222 0  
  1626789295 460584222 0  
  1626789296 460584222 0  
  1626789297 460584222 0  
  1626789298 460584222 0  
  1626789299 460584222 0  
  1626789300 460584222 0  
  1626789301 460584222 0  
  1626789302 460584222 0  
  1626789303 460584222 0  
  1626789304 460584222 0  
  1626789305 460584222 0  
  1626789306 460584222 0  
  1626789307 460584222 0  
  1626789308 460588531 0  
  1626789309 460588855 0  
  1626789310 460588855 0  
  1626789311 460589563 0  
  1626789312 460589563 0  
  1626789313 460589563 0  
  1626789314 460589563 0  
  1626789315 460589563 0  
  1626789316 460589563 0  
  1626789317 460589563 0  
  1626789318 460589563 0  
  1626789319 460589563 0  
  1626789320 460589563 0  
  1626789321 460589563 0  
  1626789322 460589563 0  
  1626789323 460598181 0  
  1626789324 460603462 0  
  1626789325 460604878 0  
  1626789326 460605586 0  
  1626789327 460605586 0  
  1626789328 460605586 0  
  1626789329 460605586 0  
  1626789330 460605586 0  
  1626789332 460605586 0  
  1626789333 460605586 0  
  1626789334 460605586 0  
  1626789335 460605586 0  
  1626789336 460605586 0  
  1626789337 460605586 0  
  1626789338 460605586 0  
  1626789339 460605586 0  
  1626789340 460605586 0  
  1626789341 460605586 0  
  1626789342 460605586 0  
  1626789343 460606286 0  
  1626789344 460606286 0  
  1626789345 460606286 0  
  1626789346 460606286 0  
  1626789347 460606286 0  
  1626789348 460606286 0  
  1626789349 460606286 0  
  1626789350 460606286 0  
  1626789351 460606286 0  
  1626789352 460606286 0  
  1626789353 460606286 0  
  1626789354 460606286 0  
  1626789355 460606286 0  
  1626789356 460606286 0  
  1626789357 460606286 0  
  1626789358 460606286 0  
  1626789359 460606286 0  
  1626789360 460606286 0  
  1626789361 460606286 0  
  1626789362 460606286 0  
  1626789363 460606286 0  
  1626789364 460606286 0  
  1626789365 460606286 0  
  1626789366 460606286 0  
  1626789367 460606286 0  
  1626789368 460606286 0  
  1626789369 460606286 0  
  1626789370 460606286 0  
  1626789372 460606286 0  
  1626789373 460606286 0  
  1626789374 460606286 0  
  1626789375 460606286 0  
  1626789376 460606286 0  
  1626789377 460606286 0  
  1626789378 460606286 0  
  1626789379 460606286 0  
  1626789380 460606286 0  
  1626789381 460606286 0  
  1626789382 460606286 0  
  1626789383 460606286 0  
  1626789384 460606286 0  
  1626789385 460606286 0  
  1626789386 460606286 0  
  1626789387 460606286 0  
  1626789388 460606286 0  
  1626789389 460606286 0  
  1626789390 460606286 0  
  1626789391 460606286 0  
  1626789392 460606286 0  
  1626789393 460606286 0  
  1626789394 460606286 0  
  1626789395 460606286 0  
  1626789396 460606286 0  
  1626789397 460606286 0  
  1626789398 460606286 0  
  1626789399 460606286 0  
  1626789400 460606286 0  
  1626789401 460606286 0  
  1626789402 460606286 0  
  1626789403 460606286 0  
  1626789404 460606286 0  
  1626789405 460606286 0  
  1626789406 460606286 0  
  1626789407 460606286 0  
  1626789408 460606286 0  
  1626789409 460606286 0  
  1626789410 460606286 0  
  1626789412 460606286 0  
  1626789413 460606286 0  
  1626789414 460606286 0  
  1626789415 460606286 0  
  1626789416 460606286 0  
  1626789417 460606286 0  
  1626789418 460606286 0  
  1626789419 460606286 0  
  1626789420 460606286 0  
  1626789421 460606286 0  
  1626789422 460606286 0  
  1626789423 460606286 0  
  1626789424 460606286 0  
  1626789425 460606286 0  
  1626789426 460606286 0  
  1626789427 460606286 0  
  1626789428 460606286 0  
  1626789429 460606286 0  
  1626789430 460606286 0  
  1626789431 460606286 0  
  1626789432 460606286 0  
  1626789433 460606286 0  
  1626789434 460606286 0  
  1626789435 460606286 0  
  1626789436 460606286 0  
  1626789437 460606286 0  
  1626789438 460606286 0  
  1626789439 460606286 0  
  1626789440 460606624 0  
  1626789441 460606624 0  
  1626789442 460606624 0  
  1626789443 460606624 0  
  1626789444 460606624 0  
  1626789445 460606624 0  
  1626789446 460606624 0  
  1626789447 460606624 0  
  1626789448 460606624 0  
  1626789449 460606624 0  
  1626789450 460606624 0  
  1626789452 460606624 0  
  1626789453 460606624 0  
  1626789454 460606624 0  
  1626789455 460606624 0  
  1626789456 460606624 0  
  1626789457 460606624 0  
  1626789458 460606624 0  
  1626789459 460606624 0  
  1626789460 460606624 0  
  1626789461 460606624 0  
  1626789462 460606624 0  
  1626789463 460606624 0  
  1626789464 460606624 0  
  1626789465 460607220 0  
  1626789466 460607220 0  
  1626789467 460607220 0  
  1626789468 460607220 0  
  1626789469 460607220 0  
  1626789470 460607312 0  
  1626789471 460609273 0  
  1626789472 460611945 0  
  1626789473 460611945 0  
  1626789474 460612653 0  
  1626789475 460612653 0  
  1626789476 460612653 0  
  1626789477 460612653 0  
  1626789478 460612653 0  
  1626789479 460612653 0  
  1626789480 460612653 0  
  1626789481 460612653 0  
  1626789482 460612653 0  
  1626789483 460612653 0  
  1626789484 460612653 0  
  1626789485 460612653 0  
  1626789486 460612653 0  
  1626789487 460612653 0  
  1626789488 460612653 0  
  1626789489 460612653 0  
  1626789490 460612653 0  
  1626789492 460612653 0  
  1626789493 460612653 0  
  1626789494 460612653 0  
  1626789495 460612653 0  
  1626789496 460612653 0  
  1626789497 460612653 0  
  1626789498 460612653 0  
  1626789499 460612653 0  
  1626789500 460612801 0  
  1626789501 460612801 0  
  1626789502 460612801 0  
  1626789503 460612801 0  
  1626789504 460612801 0  
  1626789505 460612801 0  
  1626789506 460613957 0  
  1626789507 460613957 0  
  1626789508 460613957 0  
  1626789509 460613957 0  
  1626789510 460613957 0  
  1626789511 460613957 0  
  1626789512 460613957 0  
  1626789513 460613957 0  
  1626789514 460613957 0  
  1626789515 460613957 0  
  1626789516 460613957 0  
  1626789517 460613957 0  
  1626789518 460613957 0  
  1626789519 460613957 0  
  1626789520 460613957 0  
  1626789521 460613957 0  
  1626789522 460613957 0  
  1626789523 460613957 0  
  1626789524 460613957 0  
  1626789525 460613957 0  
  1626789526 460613957 0  
  1626789527 460613957 0  
  1626789528 460613957 0  
  1626789529 460613957 0  
  1626789531 460613957 0  
  1626789532 460613957 0  
  1626789533 460613957 0  
  1626789534 460613957 0  
  1626789535 460613957 0  
  1626789536 460613957 0  
  1626789537 460613957 0  
  1626789538 460613957 0  
  1626789539 460613957 0  
  1626789540 460613957 0  
  1626789541 460613957 0  
  1626789542 460613957 0  
  1626789543 460613957 0  
  1626789544 460613957 0  
  1626789545 460613957 0  
  1626789546 460613957 0  
  1626789547 460613957 0  
  1626789548 460613957 0  
  1626789549 460613957 0  
  1626789550 460613957 0  
  1626789551 460613957 0  
  1626789552 460613957 0  
 