 1626884874 477250005 0  
  1626884875 477250005 0  
  1626884876 477250005 0  
  1626884878 477250005 0  
  1626884879 477250005 0  
  1626884880 477254314 0  
  1626884881 477254638 0  
  1626884882 477254638 0  
  1626884883 477255278 0  
  1626884884 477255278 0  
  1626884885 477255278 0  
  1626884886 477255278 0  
  1626884887 477255278 0  
  1626884888 477255278 0  
  1626884889 477255278 0  
  1626884890 477255278 0  
  1626884891 477255278 0  
  1626884892 477255278 0  
  1626884893 477255278 0  
  1626884894 477255278 0  
  1626884895 477255278 0  
  1626884896 477255278 0  
  1626884897 477255278 0  
  1626884898 477255278 0  
  1626884899 477255278 0  
  1626884900 477255278 0  
  1626884901 477255278 0  
  1626884902 477255278 0  
  1626884903 477255278 0  
  1626884904 477255278 0  
  1626884905 477255278 0  
  1626884906 477255278 0  
  1626884907 477255278 0  
  1626884908 477255278 0  
  1626884909 477255278 0  
  1626884910 477255278 0  
  1626884911 477255278 0  
  1626884912 477255278 0  
  1626884913 477255278 0  
  1626884914 477255278 0  
  1626884915 477255278 0  
  1626884917 477255278 0  
  1626884918 477255278 0  
  1626884919 477255278 0  
  1626884920 477255278 0  
  1626884921 477255278 0  
  1626884922 477255278 0  
  1626884923 477255278 0  
  1626884924 477255278 0  
  1626884925 477255278 0  
  1626884926 477255334 0  
  1626884927 477255334 0  
  1626884928 477255334 0  
  1626884929 477255334 0  
  1626884930 477255334 0  
  1626884931 477255334 0  
  1626884932 477255334 0  
  1626884933 477255334 0  
  1626884934 477255334 0  
  1626884935 477255334 0  
  1626884936 477255334 0  
  1626884937 477255426 0  
  1626884938 477255426 0  
  1626884939 477255426 0  
  1626884940 477255426 0  
  1626884941 477255426 0  
  1626884942 477255426 0  
  1626884943 477255426 0  
  1626884944 477255426 0  
  1626884945 477255426 0  
  1626884946 477255426 0  
  1626884947 477255426 0  
  1626884948 477255426 0  
  1626884949 477255426 0  
  1626884950 477255426 0  
  1626884951 477255426 0  
  1626884952 477255426 0  
  1626884953 477255426 0  
  1626884954 477255426 0  
  1626884955 477255426 0  
  1626884957 477255426 0  
  1626884958 477255426 0  
  1626884959 477255426 0  
  1626884960 477255426 0  
  1626884961 477255426 0  
  1626884962 477255764 0  
  1626884963 477255764 0  
  1626884964 477255764 0  
  1626884965 477255764 0  
  1626884966 477255764 0  
  1626884967 477255764 0  
  1626884968 477255764 0  
  1626884969 477255764 0  
  1626884970 477255764 0  
  1626884971 477255764 0  
  1626884972 477255764 0  
  1626884973 477255764 0  
  1626884974 477255764 0  
  1626884975 477255764 0  
  1626884976 477255764 0  
  1626884977 477255764 0  
  1626884978 477255764 0  
  1626884979 477255764 0  
  1626884980 477255764 0  
  1626884981 477255764 0  
  1626884982 477255764 0  
  1626884983 477255764 0  
  1626884984 477255764 0  
  1626884985 477255764 0  
  1626884986 477255764 0  
  1626884987 477255764 0  
  1626884988 477255764 0  
  1626884989 477255764 0  
  1626884990 477255764 0  
  1626884991 477255764 0  
  1626884992 477255764 0  
  1626884993 477255764 0  
  1626884994 477255764 0  
  1626884995 477255764 0  
  1626884997 477255764 0  
  1626884998 477255764 0  
  1626884999 477255764 0  
  1626885000 477255764 0  
  1626885001 477255764 0  
  1626885002 477255764 0  
  1626885003 477255764 0  
  1626885004 477255764 0  
  1626885005 477255764 0  
  1626885006 477255764 0  
  1626885007 477255764 0  
  1626885008 477255764 0  
  1626885009 477255764 0  
  1626885010 477255764 0  
  1626885011 477255764 0  
  1626885012 477255764 0  
  1626885013 477255764 0  
  1626885014 477255764 0  
  1626885015 477255764 0  
  1626885016 477255764 0  
  1626885017 477255764 0  
  1626885018 477255764 0  
  1626885019 477255764 0  
  1626885020 477255764 0  
  1626885021 477255764 0  
  1626885022 477255764 0  
  1626885023 477255764 0  
  1626885024 477255764 0  
  1626885025 477255764 0  
  1626885026 477255764 0  
  1626885027 477255764 0  
  1626885028 477255764 0  
  1626885029 477255764 0  
  1626885030 477255764 0  
  1626885031 477255764 0  
  1626885032 477255764 0  
  1626885033 477255764 0  
  1626885034 477255764 0  
  1626885036 477255764 0  
  1626885037 477255764 0  
  1626885038 477255764 0  
  1626885039 477255764 0  
  1626885040 477255764 0  
  1626885041 477255764 0  
  1626885042 477255764 0  
  1626885043 477255764 0  
  1626885044 477256121 0  
  1626885045 477256121 0  
  1626885046 477256121 0  
  1626885047 477256121 0  
  1626885048 477260430 0  
  1626885049 477260754 0  
  1626885050 477260754 0  
  1626885051 477266095 0  
  1626885052 477266095 0  
  1626885053 477266803 0  
  1626885054 477266803 0  
  1626885055 477266803 0  
  1626885056 477276069 0  
  1626885057 477276573 0  
  1626885058 477277349 0  
  1626885059 477277349 0  
  1626885060 477277349 0  
  1626885061 477277349 0  
  1626885062 477277349 0  
  1626885063 477277349 0  
  1626885064 477281794 0  
  1626885065 477282202 0  
  1626885066 477282798 0  
  1626885067 477282798 0  
  1626885068 477283524 0  
  1626885069 477283524 0  
  1626885070 477283524 0  
  1626885071 477283524 0  
  1626885072 477283524 0  
  1626885073 477283524 0  
  1626885074 477283524 0  
  1626885076 477283524 0  
  1626885077 477283524 0  
  1626885078 477283524 0  
  1626885079 477283524 0  
  1626885080 477283524 0  
  1626885081 477283524 0  
  1626885082 477283524 0  
  1626885083 477283524 0  
  1626885084 477283524 0  
  1626885085 477283524 0  
  1626885086 477283524 0  
  1626885087 477283524 0  
  1626885088 477283524 0  
  1626885089 477283524 0  
  1626885090 477283524 0  
  1626885091 477283524 0  
  1626885092 477283524 0  
  1626885093 477283524 0  
  1626885094 477283524 0  
  1626885095 477283524 0  
  1626885096 477283524 0  
  1626885097 477283524 0  
  1626885098 477283524 0  
  1626885099 477283524 0  
  1626885100 477283524 0  
  1626885101 477283524 0  
  1626885102 477283524 0  
  1626885103 477283524 0  
  1626885104 477283524 0  
  1626885105 477283524 0  
  1626885106 477283524 0  
  1626885107 477283524 0  
  1626885108 477283524 0  
  1626885109 477283524 0  
  1626885110 477283524 0  
  1626885111 477283524 0  
  1626885112 477283524 0  
  1626885113 477283524 0  
  1626885114 477283524 0  
  1626885116 477283524 0  
  1626885117 477283524 0  
  1626885118 477283524 0  
  1626885119 477283524 0  
  1626885120 477283524 0  
  1626885121 477283524 0  
  1626885122 477283524 0  
  1626885123 477283524 0  
  1626885124 477283524 0  
  1626885125 477283524 0  
  1626885126 477283524 0  
  1626885127 477283524 0  
  1626885128 477283524 0  
  1626885129 477283524 0  
  1626885130 477283524 0  
  1626885131 477283524 0  
  1626885132 477283524 0  
  1626885133 477283524 0  
  1626885134 477283524 0  
  1626885135 477283524 0  
  1626885136 477283524 0  
  1626885137 477283524 0  
  1626885138 477283524 0  
  1626885139 477283524 0  
  1626885140 477283524 0  
  1626885141 477283524 0  
  1626885142 477283524 0  
  1626885143 477283524 0  
  1626885144 477283524 0  
  1626885145 477283524 0  
  1626885146 477283524 0  
  1626885147 477283524 0  
  1626885148 477283524 0  
  1626885149 477283524 0  
  1626885150 477283524 0  
  1626885151 477283524 0  
  1626885152 477283524 0  
  1626885153 477283524 0  
  1626885155 477283524 0  
  1626885156 477283524 0  
  1626885157 477283524 0  
  1626885158 477283524 0  
  1626885159 477283524 0  
  1626885160 477283524 0  
  1626885161 477283524 0  
  1626885162 477283524 0  
  1626885163 477283524 0  
  1626885164 477283524 0  
  1626885165 477283524 0  
  1626885166 477283524 0  
  1626885167 477283524 0  
  1626885168 477283524 0  
  1626885169 477283524 0  
  1626885170 477283524 0  
  1626885171 477283524 0  
  1626885172 477283524 0  
  1626885173 477283524 0  
  1626885174 477283524 0  
  1626885175 477283524 0  
  1626885176 477283524 0  
  1626885177 477283524 0  
  1626885178 477287833 0  
  1626885179 477288157 0  
  1626885180 477288865 0  
  1626885181 477288865 0  
  1626885182 477288865 0  
  1626885183 477288865 0  
  1626885184 477288865 0  
  1626885185 477288865 0  
  1626885186 477288865 0  
  1626885187 477288865 0  
  1626885188 477288865 0  
  1626885189 477288865 0  
  1626885190 477288865 0  
  1626885191 477288865 0  
  1626885192 477288865 0  
  1626885194 477288865 0  
  1626885195 477288865 0  
  1626885196 477288865 0  
  1626885197 477288957 0  
  1626885198 477288957 0  
  1626885199 477288957 0  
  1626885200 477288957 0  
  1626885201 477288957 0  
  1626885202 477288957 0  
  1626885203 477288957 0  
  1626885204 477288957 0  
  1626885205 477288957 0  
  1626885206 477288957 0  
  1626885207 477288957 0  
  1626885208 477288957 0  
  1626885209 477288957 0  
  1626885210 477288957 0  
  1626885211 477288957 0  
  1626885212 477288957 0  
  1626885213 477288957 0  
  1626885214 477288957 0  
  1626885215 477288957 0  
  1626885216 477288957 0  
  1626885217 477288957 0  
 