 1627027425 502723830 0  
  1627027426 502723830 0  
  1627027427 502723830 0  
  1627027428 502723830 0  
  1627027429 502723830 0  
  1627027430 502723830 0  
  1627027431 502723830 0  
  1627027432 502723830 0  
  1627027433 502723830 0  
  1627027434 502723830 0  
  1627027435 502723830 0  
  1627027436 502723830 0  
  1627027437 502723830 0  
  1627027438 502723830 0  
  1627027439 502728139 0  
  1627027440 502728463 0  
  1627027441 502729103 0  
  1627027442 502729509 0  
  1627027443 502729509 0  
  1627027444 502729509 0  
  1627027445 502729509 0  
  1627027446 502729509 0  
  1627027447 502729509 0  
  1627027449 502729509 0  
  1627027450 502729509 0  
  1627027451 502729509 0  
  1627027452 502729509 0  
  1627027453 502729509 0  
  1627027454 502729509 0  
  1627027455 502729509 0  
  1627027456 502729509 0  
  1627027457 502729509 0  
  1627027458 502729509 0  
  1627027459 502729509 0  
  1627027460 502729509 0  
  1627027461 502729509 0  
  1627027462 502729509 0  
  1627027463 502729509 0  
  1627027464 502729509 0  
  1627027465 502729509 0  
  1627027466 502729509 0  
  1627027467 502729509 0  
  1627027468 502729509 0  
  1627027469 502729509 0  
  1627027470 502729509 0  
  1627027471 502729509 0  
  1627027472 502729509 0  
  1627027473 502729509 0  
  1627027474 502729509 0  
  1627027475 502729509 0  
  1627027476 502729509 0  
  1627027477 502729509 0  
  1627027478 502729509 0  
  1627027479 502729509 0  
  1627027480 502729509 0  
  1627027481 502729509 0  
  1627027482 502729509 0  
  1627027483 502729509 0  
  1627027484 502729509 0  
  1627027485 502729509 0  
  1627027486 502729509 0  
  1627027488 502729509 0  
  1627027489 502729509 0  
  1627027490 502729509 0  
  1627027491 502729509 0  
  1627027492 502729509 0  
  1627027493 502729509 0  
  1627027494 502729509 0  
  1627027495 502729509 0  
  1627027496 502729509 0  
  1627027497 502729509 0  
  1627027498 502729509 0  
  1627027499 502729509 0  
  1627027500 502729601 0  
  1627027501 502729601 0  
  1627027502 502729601 0  
  1627027503 502729601 0  
  1627027504 502729601 0  
  1627027505 502729601 0  
  1627027506 502729601 0  
  1627027507 502729601 0  
  1627027508 502729601 0  
  1627027509 502729601 0  
  1627027510 502729601 0  
  1627027511 502729601 0  
  1627027512 502729601 0  
  1627027513 502729601 0  
  1627027514 502729601 0  
  1627027515 502729601 0  
  1627027516 502729601 0  
  1627027517 502729601 0  
  1627027518 502729601 0  
  1627027519 502729601 0  
  1627027520 502729601 0  
  1627027521 502729601 0  
  1627027522 502729601 0  
  1627027523 502729601 0  
  1627027524 502729601 0  
  1627027525 502729601 0  
  1627027526 502729601 0  
  1627027528 502729601 0  
  1627027529 502729601 0  
  1627027530 502729601 0  
  1627027531 502729601 0  
  1627027532 502729601 0  
  1627027533 502729601 0  
  1627027534 502729601 0  
  1627027535 502729601 0  
  1627027536 502729601 0  
  1627027537 502729601 0  
  1627027538 502729601 0  
  1627027539 502729601 0  
  1627027540 502729601 0  
  1627027541 502729601 0  
  1627027542 502729601 0  
  1627027543 502729958 0  
  1627027544 502729958 0  
  1627027545 502734267 0  
  1627027546 502734591 0  
  1627027547 502739428 0  
  1627027548 502739932 0  
  1627027549 502740640 0  
  1627027550 502740640 0  
  1627027551 502740640 0  
  1627027552 502740640 0  
  1627027553 502740640 0  
  1627027554 502745273 0  
  1627027555 502749906 0  
  1627027556 502750614 0  
  1627027557 502751322 0  
  1627027558 502751322 0  
  1627027559 502751322 0  
  1627027560 502751322 0  
  1627027561 502751322 0  
  1627027562 502751322 0  
  1627027563 502751322 0  
  1627027564 502751322 0  
  1627027565 502751322 0  
  1627027567 502751322 0  
  1627027568 502751322 0  
  1627027569 502751322 0  
  1627027570 502751322 0  
  1627027571 502751918 0  
  1627027572 502751918 0  
  1627027573 502751918 0  
  1627027574 502751918 0  
  1627027575 502751918 0  
  1627027576 502751918 0  
  1627027577 502751918 0  
  1627027578 502751918 0  
  1627027579 502751918 0  
  1627027580 502751918 0  
  1627027581 502751918 0  
  1627027582 502751918 0  
  1627027583 502751918 0  
  1627027584 502751918 0  
  1627027585 502751918 0  
  1627027586 502751918 0  
  1627027587 502751918 0  
  1627027588 502751918 0  
  1627027589 502751918 0  
  1627027590 502751918 0  
  1627027591 502751918 0  
  1627027592 502752256 0  
  1627027593 502752256 0  
  1627027594 502752256 0  
  1627027595 502752256 0  
  1627027596 502752256 0  
  1627027597 502752256 0  
  1627027598 502752256 0  
  1627027599 502752256 0  
  1627027600 502752256 0  
  1627027601 502752256 0  
  1627027602 502752256 0  
  1627027603 502752256 0  
  1627027604 502752256 0  
  1627027606 502752256 0  
  1627027607 502752256 0  
  1627027608 502752256 0  
  1627027609 502752256 0  
  1627027610 502752256 0  
  1627027611 502752256 0  
  1627027612 502752256 0  
  1627027613 502752256 0  
  1627027614 502752256 0  
  1627027615 502752256 0  
  1627027616 502752256 0  
  1627027617 502752256 0  
  1627027618 502752256 0  
  1627027619 502752256 0  
  1627027620 502752256 0  
  1627027621 502752256 0  
  1627027622 502752256 0  
  1627027623 502752256 0  
  1627027624 502752256 0  
  1627027625 502752256 0  
  1627027626 502752256 0  
  1627027627 502752256 0  
  1627027628 502752256 0  
  1627027629 502752256 0  
  1627027630 502752256 0  
  1627027631 502752256 0  
  1627027632 502752256 0  
  1627027633 502752256 0  
  1627027634 502752256 0  
  1627027635 502752256 0  
  1627027636 502752256 0  
  1627027637 502752256 0  
  1627027638 502752256 0  
  1627027639 502752256 0  
  1627027640 502752256 0  
  1627027641 502752256 0  
  1627027642 502752256 0  
  1627027643 502752256 0  
  1627027644 502752256 0  
  1627027646 502752256 0  
  1627027647 502752256 0  
  1627027648 502752256 0  
  1627027649 502752256 0  
  1627027650 502752256 0  
  1627027651 502752256 0  
  1627027652 502752256 0  
  1627027653 502752256 0  
  1627027654 502752256 0  
  1627027655 502752256 0  
  1627027656 502752256 0  
  1627027657 502752256 0  
  1627027658 502752256 0  
  1627027659 502752256 0  
  1627027660 502752256 0  
  1627027661 502752256 0  
  1627027662 502752256 0  
  1627027663 502752256 0  
  1627027664 502752256 0  
  1627027665 502752256 0  
  1627027666 502752256 0  
  1627027667 502752256 0  
  1627027668 502752256 0  
  1627027669 502752256 0  
  1627027670 502752256 0  
  1627027671 502752256 0  
  1627027672 502752256 0  
  1627027673 502752256 0  
  1627027674 502752256 0  
  1627027675 502752256 0  
  1627027676 502752256 0  
  1627027677 502752256 0  
  1627027678 502752256 0  
  1627027679 502752256 0  
  1627027680 502752256 0  
  1627027681 502752256 0  
  1627027682 502752256 0  
  1627027683 502752256 0  
  1627027685 502752256 0  
  1627027686 502752256 0  
  1627027687 502752256 0  
  1627027688 502752256 0  
  1627027689 502752256 0  
  1627027690 502752332 0  
  1627027691 502752332 0  
  1627027692 502752332 0  
  1627027693 502752332 0  
  1627027694 502752332 0  
  1627027695 502752332 0  
  1627027696 502752332 0  
  1627027697 502752332 0  
  1627027698 502752332 0  
  1627027699 502752332 0  
  1627027700 502752332 0  
  1627027701 502752332 0  
  1627027702 502752332 0  
  1627027703 502752332 0  
  1627027704 502752332 0  
  1627027705 502752332 0  
  1627027706 502752332 0  
  1627027707 502752332 0  
  1627027708 502752332 0  
  1627027709 502752332 0  
  1627027710 502752332 0  
  1627027711 502752332 0  
  1627027712 502752332 0  
  1627027713 502752332 0  
  1627027714 502752332 0  
  1627027715 502752332 0  
  1627027716 502752332 0  
  1627027717 502752332 0  
  1627027718 502752332 0  
  1627027719 502752332 0  
  1627027720 502752332 0  
  1627027721 502752332 0  
  1627027722 502752332 0  
  1627027724 502752332 0  
  1627027725 502752332 0  
  1627027726 502752332 0  
  1627027727 502752332 0  
  1627027728 502752332 0  
  1627027729 502752332 0  
  1627027730 502752332 0  
  1627027731 502752332 0  
  1627027732 502752332 0  
  1627027733 502752332 0  
  1627027734 502752332 0  
  1627027735 502752332 0  
  1627027736 502752332 0  
  1627027737 502752332 0  
  1627027738 502752332 0  
  1627027739 502756641 0  
  1627027740 502756965 0  
  1627027741 502757673 0  
  1627027742 502758011 0  
  1627027743 502758011 0  
  1627027744 502758011 0  
  1627027745 502758011 0  
  1627027746 502758011 0  
  1627027747 502758011 0  
  1627027748 502758011 0  
  1627027749 502758011 0  
  1627027750 502758011 0  
  1627027751 502758011 0  
  1627027752 502758011 0  
  1627027753 502758011 0  
  1627027754 502758011 0  
  1627027755 502758011 0  
  1627027756 502758011 0  
  1627027757 502758011 0  
  1627027758 502758011 0  
  1627027759 502758011 0  
  1627027760 502758011 0  
  1627027761 502758011 0  
  1627027763 502758011 0  
  1627027764 502758011 0  
  1627027765 502758011 0  
  1627027766 502758011 0  
  1627027767 502758011 0  
  1627027768 502758011 0  
  1627027769 502758011 0  
  1627027770 502758607 0  
  1627027771 502758607 0  
  1627027772 502758607 0  
  1627027773 502758607 0  
  1627027774 502758607 0  
  1627027775 502758607 0  
  1627027776 502758607 0  
  1627027777 502758607 0  
  1627027778 502758607 0  
  1627027779 502758607 0  
  1627027780 502758607 0  
  1627027781 502758607 0  
  1627027782 502758607 0  
  1627027783 502758607 0  
  1627027784 502758607 0  
  1627027785 502758607 0  
  1627027786 502758607 0  
  1627027787 502758607 0  
  1627027788 502758607 0  
  1627027789 502758607 0  
  1627027790 502758607 0  
  1627027791 502758607 0  
  1627027792 502758607 0  
  1627027793 502758607 0  
  1627027794 502758607 0  
  1627027795 502758607 0  
  1627027796 502758607 0  
  1627027797 502758607 0  
  1627027798 502758607 0  
  1627027799 502758607 0  
  1627027800 502758607 0  
  1627027802 502758607 0  
  1627027803 502758607 0  
  1627027804 502758607 0  
  1627027805 502758607 0  
  1627027806 502758607 0  
  1627027807 502758607 0  
  1627027808 502758607 0  
  1627027809 502758607 0  
  1627027810 502758607 0  
  1627027811 502758607 0  
  1627027812 502758607 0  
  1627027813 502758607 0  
  1627027814 502758607 0  
  1627027815 502758607 0  
  1627027816 502758607 0  
  1627027817 502758607 0  
  1627027818 502758607 0  
  1627027819 502758607 0  
  1627027820 502758607 0  
  1627027821 502758607 0  
  1627027822 502758607 0  
  1627027823 502758607 0  
  1627027824 502758607 0  
  1627027825 502758607 0  
  1627027826 502758607 0  
  1627027827 502758607 0  
  1627027828 502758607 0  
  1627027829 502758607 0  
  1627027830 502758607 0  
  1627027831 502758607 0  
  1627027832 502758607 0  
  1627027833 502758607 0  
  1627027834 502758607 0  
  1627027835 502758607 0  
  1627027836 502758607 0  
  1627027837 502758755 0  
  1627027838 502758755 0  
  1627027839 502758755 0  
  1627027841 502758755 0  
  1627027842 502758755 0  
  1627027843 502760615 0  
  1627027844 502760615 0  
  1627027845 502760615 0  
  1627027846 502764924 0  
  1627027847 502765248 0  
  1627027848 502770589 0  
  1627027849 502770589 0  
  1627027850 502771297 0  
  1627027851 502771297 0  
  1627027852 502771297 0  
  1627027853 502771297 0  
  1627027854 502775862 0  
  1627027855 502777891 0  
  1627027856 502781271 0  
  1627027857 502781979 0  
  1627027858 502781979 0  
  1627027859 502781979 0  
  1627027860 502781979 0  
  1627027861 502781979 0  
  1627027862 502781979 0  
  1627027863 502781979 0  
  1627027864 502781979 0  
  1627027865 502781979 0  
  1627027866 502781979 0  
  1627027867 502781979 0  
  1627027868 502781979 0  
  1627027869 502781979 0  
  1627027870 502781979 0  
  1627027871 502781979 0  
  1627027872 502781979 0  
  1627027873 502781979 0  
  1627027874 502781979 0  
  1627027875 502781979 0  
  1627027876 502781979 0  
  1627027877 502781979 0  
  1627027878 502781979 0  
  1627027880 502781979 0  
  1627027881 502781979 0  
  1627027882 502781979 0  
  1627027883 502781979 0  
  1627027884 502781979 0  
  1627027885 502781979 0  
  1627027886 502781979 0  
  1627027887 502781979 0  
  1627027888 502781979 0  
  1627027889 502781979 0  
  1627027890 502781979 0  
  1627027891 502781979 0  
  1627027892 502781979 0  
  1627027893 502782317 0  
  1627027894 502782317 0  
  1627027895 502782317 0  
  1627027896 502782317 0  
  1627027897 502782317 0  
  1627027898 502782317 0  
  1627027899 502782317 0  
  1627027900 502782409 0  
  1627027901 502782409 0  
  1627027902 502782409 0  
  1627027903 502782409 0  
  1627027904 502782409 0  
  1627027905 502782409 0  
  1627027906 502782409 0  
  1627027907 502782409 0  
  1627027908 502782409 0  
  1627027909 502782409 0  
  1627027910 502782409 0  
  1627027911 502782409 0  
  1627027912 502782409 0  
  1627027913 502782409 0  
  1627027914 502782409 0  
  1627027915 502782409 0  
  1627027916 502782409 0  
  1627027917 502782409 0  
  1627027919 502782409 0  
  1627027920 502782409 0  
  1627027921 502782409 0  
  1627027922 502782409 0  
  1627027923 502782409 0  
  1627027924 502782409 0  
  1627027925 502782409 0  
  1627027926 502782409 0  
  1627027927 502782409 0  
  1627027928 502782409 0  
  1627027929 502782409 0  
  1627027930 502782409 0  
  1627027931 502782409 0  
  1627027932 502782409 0  
  1627027933 502782409 0  
  1627027934 502782409 0  
  1627027935 502782409 0  
  1627027936 502782409 0  
  1627027937 502782409 0  
  1627027938 502782409 0  
  1627027939 502782409 0  
  1627027940 502782409 0  
  1627027941 502782409 0  
  1627027942 502782409 0  
  1627027943 502782409 0  
  1627027944 502782409 0  
  1627027945 502782409 0  
  1627027946 502782409 0  
  1627027947 502782409 0  
  1627027948 502782409 0  
  1627027949 502782409 0  
  1627027950 502782409 0  
  1627027951 502782409 0  
  1627027952 502782409 0  
  1627027953 502782409 0  
  1627027954 502782409 0  
  1627027955 502782409 0  
  1627027957 502782409 0  
  1627027958 502782409 0  
  1627027959 502782409 0  
  1627027960 502782409 0  
  1627027961 502782409 0  
  1627027962 502782409 0  
  1627027963 502782409 0  
  1627027964 502782409 0  
  1627027965 502782409 0  
  1627027966 502782409 0  
  1627027967 502782409 0  
  1627027968 502782409 0  
  1627027969 502782409 0  
  1627027970 502782409 0  
  1627027971 502783005 0  
  1627027972 502783005 0  
  1627027973 502783005 0  
  1627027974 502783005 0  
  1627027975 502783005 0  
  1627027976 502783005 0  
  1627027977 502783005 0  
  1627027978 502783005 0  
  1627027979 502783005 0  
  1627027980 502783005 0  
  1627027981 502783005 0  
  1627027982 502783005 0  
  1627027983 502783005 0  
  1627027984 502783005 0  
  1627027985 502783005 0  
  1627027986 502783005 0  
  1627027987 502783005 0  
  1627027988 502783005 0  
  1627027989 502783005 0  
  1627027990 502783005 0  
  1627027991 502783005 0  
  1627027992 502783005 0  
  1627027993 502783005 0  
  1627027994 502783005 0  
  1627027996 502783005 0  
  1627027997 502783005 0  
  1627027998 502783005 0  
  1627027999 502783005 0  
  1627028000 502783005 0  
  1627028001 502783005 0  
  1627028002 502783005 0  
  1627028003 502783005 0  
  1627028004 502783005 0  
  1627028005 502783005 0  
  1627028006 502783005 0  
  1627028007 502783005 0  
  1627028008 502783005 0  
  1627028009 502783005 0  
  1627028010 502783005 0  
  1627028011 502783005 0  
  1627028012 502783005 0  
  1627028013 502783005 0  
  1627028014 502783005 0  
  1627028015 502783005 0  
  1627028016 502783005 0  
  1627028017 502783005 0  
  1627028018 502783005 0  
  1627028019 502783005 0  
  1627028020 502783005 0  
  1627028021 502783097 0  
  1627028022 502783097 0  
  1627028023 502783097 0  
  1627028024 502783097 0  
  1627028025 502783097 0  
  1627028026 502783097 0  
  1627028027 502783097 0  
  1627028028 502783097 0  
  1627028029 502783097 0  
  1627028030 502783097 0  
  1627028031 502783097 0  
  1627028032 502783097 0  
  1627028033 502783097 0  
  1627028035 502783097 0  
  1627028036 502783097 0  
  1627028037 502783097 0  
  1627028038 502783097 0  
  1627028039 502787406 0  
  1627028040 502787730 0  
  1627028041 502788438 0  
  1627028042 502788438 0  
  1627028043 502788438 0  
  1627028044 502788438 0  
  1627028045 502788438 0  
  1627028046 502788438 0  
  1627028047 502788438 0  
  1627028048 502788438 0  
  1627028049 502788438 0  
  1627028050 502788438 0  
  1627028051 502788438 0  
  1627028052 502788438 0  
  1627028053 502788438 0  
  1627028054 502788438 0  
  1627028055 502788438 0  
  1627028056 502788438 0  
  1627028057 502788438 0  
  1627028058 502788438 0  
  1627028059 502788438 0  
  1627028060 502788438 0  
  1627028061 502788438 0  
  1627028062 502788438 0  
  1627028063 502788438 0  
  1627028064 502788438 0  
  1627028065 502788438 0  
  1627028066 502788438 0  
  1627028067 502788438 0  
  1627028068 502788438 0  
  1627028069 502788438 0  
  1627028070 502788438 0  
  1627028071 502788438 0  
  1627028072 502788438 0  
  1627028074 502788438 0  
  1627028075 502788438 0  
  1627028076 502788438 0  
  1627028077 502788438 0  
  1627028078 502788438 0  
  1627028079 502788438 0  
  1627028080 502788438 0  
  1627028081 502788438 0  
  1627028082 502788438 0  
  1627028083 502788438 0  
  1627028084 502788438 0  
  1627028085 502788438 0  
  1627028086 502788438 0  
  1627028087 502788438 0  
  1627028088 502788438 0  
  1627028089 502788438 0  
  1627028090 502788438 0  
  1627028091 502788438 0  
  1627028092 502788438 0  
  1627028093 502788438 0  
  1627028094 502788438 0  
  1627028095 502788438 0  
  1627028096 502788438 0  
  1627028097 502788438 0  
  1627028098 502788438 0  
  1627028099 502788438 0  
  1627028100 502788438 0  
  1627028101 502788438 0  
  1627028102 502788438 0  
  1627028103 502788438 0  
  1627028104 502788438 0  
  1627028105 502788438 0  
  1627028106 502788438 0  
  1627028107 502788438 0  
  1627028108 502788438 0  
  1627028109 502788438 0  
  1627028110 502788438 0  
  1627028111 502788438 0  
  1627028113 502788438 0  
  1627028114 502788438 0  
  1627028115 502788438 0  
  1627028116 502788438 0  
  1627028117 502788438 0  
  1627028118 502788438 0  
  1627028119 502788438 0  
  1627028120 502788438 0  
  1627028121 502788438 0  
  1627028122 502788438 0  
  1627028123 502788438 0  
  1627028124 502788438 0  
  1627028125 502788438 0  
  1627028126 502788438 0  
  1627028127 502788438 0  
  1627028128 502788438 0  
  1627028129 502788438 0  
  1627028130 502788438 0  
  1627028131 502788438 0  
  1627028132 502788438 0  
  1627028133 502788438 0  
  1627028134 502788438 0  
  1627028135 502788438 0  
  1627028136 502788438 0  
  1627028137 502788438 0  
  1627028138 502788438 0  
  1627028139 502788438 0  
  1627028140 502788438 0  
  1627028141 502788438 0  
  1627028142 502788438 0  
  1627028143 502788795 0  
  1627028144 502788795 0  
  1627028145 502793104 0  
  1627028146 502793428 0  
  1627028147 502798061 0  
  1627028148 502798769 0  
  1627028149 502799341 0  
  1627028150 502799341 0  
  1627028152 502799341 0  
  1627028153 502799341 0  
  1627028154 502803974 0  
  1627028155 502804682 0  
  1627028156 502809315 0  
  1627028157 502809315 0  
  1627028158 502810023 0  
  1627028159 502810023 0  
  1627028160 502810023 0  
  1627028161 502810023 0  
  1627028162 502810023 0  
  1627028163 502810023 0  
  1627028164 502810023 0  
  1627028165 502810023 0  
  1627028166 502810023 0  
  1627028167 502810023 0  
  1627028168 502810023 0  
  1627028169 502810023 0  
  1627028170 502810619 0  
  1627028171 502810619 0  
  1627028172 502810619 0  
  1627028173 502810619 0  
  1627028174 502810619 0  
  1627028175 502810619 0  
  1627028176 502810619 0  
  1627028177 502810619 0  
  1627028178 502810619 0  
  1627028179 502810619 0  
  1627028180 502810619 0  
  1627028181 502810619 0  
  1627028182 502810619 0  
  1627028183 502810619 0  
  1627028184 502810619 0  
  1627028185 502810619 0  
  1627028186 502810619 0  
  1627028187 502810619 0  
  1627028188 502810619 0  
  1627028189 502810619 0  
  1627028191 502810619 0  
  1627028192 502810619 0  
  1627028193 502810619 0  
  1627028194 502810619 0  
  1627028195 502810619 0  
  1627028196 502810619 0  
  1627028197 502810619 0  
  1627028198 502810619 0  
  1627028199 502810619 0  
  1627028200 502810619 0  
  1627028201 502810619 0  
  1627028202 502810619 0  
  1627028203 502810619 0  
  1627028204 502810619 0  
  1627028205 502810619 0  
  1627028206 502810619 0  
  1627028207 502810619 0  
  1627028208 502810619 0  
  1627028209 502810619 0  
  1627028210 502810619 0  
  1627028211 502810619 0  
  1627028212 502810619 0  
  1627028213 502810619 0  
  1627028214 502810619 0  
  1627028215 502810619 0  
  1627028216 502810619 0  
  1627028217 502810619 0  
  1627028218 502810619 0  
  1627028219 502810701 0  
  1627028220 502810701 0  
  1627028221 502810701 0  
  1627028222 502810701 0  
  1627028223 502810701 0  
  1627028224 502810701 0  
  1627028225 502810701 0  
  1627028226 502810701 0  
  1627028227 502810701 0  
  1627028228 502810701 0  
  1627028230 502810701 0  
  1627028231 502810701 0  
  1627028232 502810701 0  
  1627028233 502810701 0  
  1627028234 502810701 0  
  1627028235 502810701 0  
  1627028236 502810701 0  
  1627028237 502810701 0  
  1627028238 502810701 0  
  1627028239 502810701 0  
  1627028240 502810701 0  
  1627028241 502810701 0  
  1627028242 502810701 0  
  1627028243 502810701 0  
  1627028244 502810701 0  
  1627028245 502810701 0  
  1627028246 502810701 0  
  1627028247 502810701 0  
  1627028248 502810701 0  
  1627028249 502810701 0  
  1627028250 502810701 0  
  1627028251 502810701 0  
  1627028252 502810701 0  
  1627028253 502810701 0  
  1627028254 502810701 0  
  1627028255 502810701 0  
  1627028256 502810701 0  
  1627028257 502810701 0  
  1627028258 502810701 0  
  1627028259 502810701 0  
  1627028260 502810701 0  
  1627028261 502810701 0  
  1627028262 502810701 0  
  1627028263 502810701 0  
  1627028264 502810701 0  
  1627028265 502810701 0  
  1627028266 502810701 0  
  1627028267 502810701 0  
  1627028268 502810701 0  
  1627028270 502810701 0  
  1627028271 502810701 0  
  1627028272 502810701 0  
  1627028273 502810701 0  
  1627028274 502810701 0  
  1627028275 502810701 0  
  1627028276 502810701 0  
  1627028277 502810701 0  
  1627028278 502810701 0  
  1627028279 502810701 0  
  1627028280 502810701 0  
  1627028281 502810701 0  
  1627028282 502810701 0  
  1627028283 502810701 0  
  1627028284 502810701 0  
  1627028285 502810701 0  
  1627028286 502810701 0  
  1627028287 502810701 0  
  1627028288 502810701 0  
  1627028289 502810701 0  
  1627028290 502810701 0  
  1627028291 502810701 0  
  1627028292 502810701 0  
  1627028293 502810701 0  
  1627028294 502810701 0  
  1627028295 502810701 0  
  1627028296 502810701 0  
  1627028297 502810701 0  
  1627028298 502810701 0  
  1627028299 502810701 0  
  1627028300 502810701 0  
  1627028301 502810701 0  
  1627028302 502810701 0  
  1627028303 502810701 0  
  1627028304 502810701 0  
  1627028305 502810701 0  
  1627028306 502810701 0  
  1627028307 502810701 0  
  1627028309 502810701 0  
  1627028310 502810701 0  
  1627028311 502810701 0  
  1627028312 502810701 0  
  1627028313 502810701 0  
  1627028314 502810701 0  
  1627028315 502810701 0  
  1627028316 502810701 0  
  1627028317 502810701 0  
  1627028318 502810701 0  
  1627028319 502810701 0  
  1627028320 502810701 0  
  1627028321 502810701 0  
  1627028322 502810701 0  
  1627028323 502810701 0  
  1627028324 502810701 0  
  1627028325 502810701 0  
  1627028326 502810701 0  
  1627028327 502810701 0  
  1627028328 502810701 0  
  1627028329 502810701 0  
  1627028330 502810701 0  
  1627028331 502810701 0  
  1627028332 502810701 0  
  1627028333 502810701 0  
  1627028334 502810701 0  
  1627028335 502810701 0  
  1627028336 502810701 0  
  1627028337 502810701 0  
  1627028338 502815010 0  
  1627028339 502815334 0  
  1627028340 502816042 0  
  1627028341 502816042 0  
  1627028342 502816042 0  
  1627028343 502816042 0  
  1627028344 502816042 0  
  1627028345 502816042 0  
  1627028346 502816042 0  
  1627028348 502816042 0  
  1627028349 502816042 0  
  1627028350 502816042 0  
  1627028351 502816042 0  
  1627028352 502816042 0  
  1627028353 502816042 0  
  1627028354 502816042 0  
  1627028355 502816042 0  
  1627028356 502816042 0  
  1627028357 502816042 0  
  1627028358 502816042 0  
  1627028359 502816042 0  
  1627028360 502816042 0  
  1627028361 502816042 0  
  1627028362 502816042 0  
  1627028363 502816042 0  
  1627028364 502816042 0  
  1627028365 502816042 0  
  1627028366 502816042 0  
  1627028367 502816042 0  
  1627028368 502816042 0  
  1627028369 502816042 0  
  1627028370 502816638 0  
  1627028371 502816638 0  
  1627028372 502816638 0  
  1627028373 502816638 0  
  1627028374 502816638 0  
  1627028375 502816638 0  
  1627028376 502816638 0  
  1627028377 502816638 0  
  1627028378 502816638 0  
  1627028379 502816638 0  
  1627028380 502816638 0  
  1627028381 502816638 0  
  1627028382 502816638 0  
  1627028383 502816638 0  
  1627028384 502816638 0  
  1627028385 502816638 0  
  1627028387 502816638 0  
  1627028388 502816638 0  
  1627028389 502816638 0  
  1627028390 502816638 0  
  1627028391 502816638 0  
  1627028392 502816638 0  
  1627028393 502816638 0  
 