 1626784665 461194189 0  
  1626784666 461194189 0  
  1626784667 461194281 0  
  1626784668 461194281 0  
  1626784669 461194281 0  
  1626784670 461194281 0  
  1626784671 461198590 0  
  1626784672 461198914 0  
  1626784673 461198914 0  
  1626784674 461199622 0  
  1626784675 461199622 0  
  1626784676 461199622 0  
  1626784677 461199622 0  
  1626784678 461199622 0  
  1626784679 461199622 0  
  1626784680 461199622 0  
  1626784681 461199622 0  
  1626784682 461199622 0  
  1626784683 461199622 0  
  1626784684 461199622 0  
  1626784685 461199622 0  
  1626784686 461199622 0  
  1626784687 461199622 0  
  1626784688 461199622 0  
  1626784689 461199622 0  
  1626784690 461199622 0  
  1626784691 461199622 0  
  1626784692 461199622 0  
  1626784693 461199622 0  
  1626784694 461199622 0  
  1626784695 461199622 0  
  1626784696 461199622 0  
  1626784698 461199622 0  
  1626784699 461199622 0  
  1626784700 461199714 0  
  1626784701 461199714 0  
  1626784702 461199714 0  
  1626784703 461199714 0  
  1626784704 461199714 0  
  1626784705 461199714 0  
  1626784706 461199714 0  
  1626784707 461199714 0  
  1626784708 461199714 0  
  1626784709 461199714 0  
  1626784710 461199714 0  
  1626784711 461199714 0  
  1626784712 461199714 0  
  1626784713 461199714 0  
  1626784714 461199714 0  
  1626784715 461199714 0  
  1626784716 461199806 0  
  1626784717 461199806 0  
  1626784718 461199806 0  
  1626784719 461199806 0  
  1626784720 461199806 0  
  1626784721 461199806 0  
  1626784722 461199806 0  
  1626784723 461199806 0  
  1626784724 461199806 0  
  1626784725 461199806 0  
  1626784726 461199806 0  
  1626784727 461199806 0  
  1626784728 461199806 0  
  1626784729 461199806 0  
  1626784730 461199806 0  
  1626784731 461199898 0  
  1626784732 461199898 0  
  1626784733 461199898 0  
  1626784734 461199898 0  
  1626784735 461199898 0  
  1626784736 461199898 0  
  1626784738 461199898 0  
  1626784739 461199898 0  
  1626784740 461199898 0  
  1626784741 461199898 0  
  1626784742 461199898 0  
  1626784743 461199898 0  
  1626784744 461199898 0  
  1626784745 461199898 0  
  1626784746 461199898 0  
  1626784747 461199898 0  
  1626784748 461199898 0  
  1626784749 461199898 0  
  1626784750 461199898 0  
  1626784751 461199898 0  
  1626784752 461199898 0  
  1626784753 461199898 0  
  1626784754 461199898 0  
  1626784755 461199898 0  
  1626784756 461199898 0  
  1626784757 461199898 0  
  1626784758 461199898 0  
  1626784759 461199898 0  
  1626784760 461199898 0  
  1626784761 461199898 0  
  1626784762 461199898 0  
  1626784763 461199898 0  
  1626784764 461199990 0  
  1626784765 461201585 0  
  1626784766 461201585 0  
  1626784767 461201585 0  
  1626784768 461201585 0  
  1626784769 461201585 0  
  1626784770 461201585 0  
  1626784771 461201585 0  
  1626784772 461201585 0  
  1626784773 461201585 0  
  1626784774 461201585 0  
  1626784775 461201585 0  
  1626784777 461201585 0  
  1626784778 461201585 0  
  1626784779 461201585 0  
  1626784780 461201585 0  
  1626784781 461201585 0  
  1626784782 461201677 0  
  1626784783 461201677 0  
  1626784784 461201677 0  
  1626784785 461201677 0  
  1626784786 461201677 0  
  1626784787 461201677 0  
  1626784788 461201677 0  
  1626784789 461201677 0  
  1626784790 461201677 0  
  1626784791 461201677 0  
  1626784792 461201677 0  
  1626784793 461201677 0  
  1626784794 461201677 0  
  1626784795 461201677 0  
  1626784796 461201769 0  
  1626784797 461201769 0  
  1626784798 461201769 0  
  1626784799 461201769 0  
  1626784800 461201769 0  
  1626784801 461201769 0  
  1626784802 461201769 0  
  1626784803 461201769 0  
  1626784804 461201769 0  
  1626784805 461201769 0  
  1626784806 461206402 0  
  1626784807 461206402 0  
  1626784808 461207110 0  
  1626784809 461207110 0  
  1626784810 461207110 0  
  1626784811 461207110 0  
  1626784812 461207110 0  
  1626784813 461207202 0  
  1626784814 461207202 0  
  1626784816 461207202 0  
  1626784817 461207202 0  
  1626784818 461207202 0  
  1626784819 461207202 0  
  1626784820 461210099 0  
  1626784821 461211835 0  
  1626784822 461216468 0  
  1626784823 461221741 0  
  1626784824 461222449 0  
  1626784825 461223157 0  
  1626784826 461223157 0  
  1626784827 461223157 0  
  1626784828 461223157 0  
  1626784829 461223157 0  
  1626784830 461223157 0  
  1626784831 461223157 0  
  1626784832 461223157 0  
  1626784833 461223157 0  
  1626784834 461223157 0  
  1626784835 461223157 0  
  1626784836 461223157 0  
  1626784837 461223225 0  
  1626784838 461223225 0  
  1626784839 461223225 0  
  1626784840 461223225 0  
  1626784841 461223225 0  
  1626784842 461223225 0  
  1626784843 461224806 0  
  1626784844 461224806 0  
  1626784845 461224806 0  
  1626784846 461224898 0  
  1626784847 461224898 0  
  1626784848 461224898 0  
  1626784849 461224898 0  
  1626784850 461224898 0  
  1626784851 461224898 0  
  1626784852 461224898 0  
  1626784853 461224898 0  
  1626784855 461224898 0  
  1626784856 461224898 0  
  1626784857 461224898 0  
  1626784858 461224898 0  
  1626784859 461224898 0  
  1626784860 461224898 0  
  1626784861 461224990 0  
  1626784862 461224990 0  
  1626784863 461224990 0  
  1626784864 461224990 0  
  1626784865 461224990 0  
  1626784866 461224990 0  
  1626784867 461224990 0  
  1626784868 461224990 0  
  1626784869 461224990 0  
  1626784870 461224990 0  
  1626784871 461224990 0  
  1626784872 461224990 0  
  1626784873 461224990 0  
  1626784874 461224990 0  
  1626784875 461224990 0  
  1626784876 461224990 0  
  1626784877 461224990 0  
  1626784878 461225082 0  
  1626784879 461225082 0  
  1626784880 461225082 0  
  1626784881 461225082 0  
  1626784882 461225082 0  
  1626784883 461225082 0  
  1626784884 461225082 0  
  1626784885 461225082 0  
  1626784886 461225082 0  
  1626784887 461225082 0  
  1626784888 461225082 0  
  1626784889 461225082 0  
  1626784890 461225082 0  
  1626784891 461225082 0  
  1626784892 461225082 0  
  1626784893 461225082 0  
  1626784895 461225082 0  
  1626784896 461225082 0  
  1626784897 461225082 0  
  1626784898 461225082 0  
  1626784899 461225082 0  
  1626784900 461225082 0  
  1626784901 461225082 0  
  1626784902 461225082 0  
  1626784903 461225082 0  
  1626784904 461225082 0  
  1626784905 461225082 0  
  1626784906 461225082 0  
  1626784907 461225082 0  
  1626784908 461225082 0  
  1626784909 461225082 0  
  1626784910 461225082 0  
  1626784911 461225174 0  
  1626784912 461225174 0  
  1626784913 461225174 0  
  1626784914 461225174 0  
  1626784915 461225174 0  
  1626784916 461225174 0  
  1626784917 461225174 0  
  1626784918 461225174 0  
  1626784919 461225174 0  
  1626784920 461225174 0  
  1626784921 461225174 0  
  1626784922 461225174 0  
  1626784923 461225174 0  
  1626784924 461225174 0  
  1626784925 461225266 0  
  1626784926 461225266 0  
  1626784927 461225266 0  
  1626784928 461225266 0  
  1626784929 461225266 0  
  1626784930 461225266 0  
  1626784931 461225266 0  
  1626784932 461225266 0  
  1626784933 461225266 0  
  1626784935 461225266 0  
  1626784936 461225266 0  
  1626784937 461225266 0  
  1626784938 461225266 0  
  1626784939 461225266 0  
  1626784940 461225266 0  
  1626784941 461225266 0  
  1626784942 461225266 0  
  1626784943 461225266 0  
  1626784944 461225266 0  
  1626784945 461225266 0  
  1626784946 461225266 0  
  1626784947 461225266 0  
  1626784948 461225266 0  
  1626784949 461225266 0  
  1626784950 461225266 0  
  1626784951 461225266 0  
  1626784952 461225266 0  
  1626784953 461225266 0  
  1626784954 461225266 0  
  1626784955 461225266 0  
  1626784956 461225266 0  
  1626784957 461225266 0  
  1626784958 461225266 0  
  1626784959 461225266 0  
  1626784960 461225266 0  
  1626784961 461225266 0  
  1626784962 461225266 0  
  1626784963 461225266 0  
  1626784964 461225266 0  
  1626784965 461225266 0  
  1626784966 461225856 0  
  1626784967 461225856 0  
  1626784968 461225856 0  
  1626784969 461230045 0  
  1626784970 461230549 0  
  1626784971 461230549 0  
  1626784972 461231257 0  
  1626784973 461231257 0  
  1626784975 461231257 0  
  1626784976 461231349 0  
  1626784977 461231349 0  
  1626784978 461231349 0  
  1626784979 461231349 0  
  1626784980 461231349 0  
  1626784981 461231349 0  
  1626784982 461231349 0  
  1626784983 461231349 0  
  1626784984 461231349 0  
  1626784985 461231349 0  
  1626784986 461231349 0  
  1626784987 461231349 0  
  1626784988 461231349 0  
  1626784989 461231349 0  
  1626784990 461231441 0  
  1626784991 461231441 0  
  1626784992 461231441 0  
  1626784993 461231441 0  
  1626784994 461231441 0  
  1626784995 461231441 0  
  1626784996 461231441 0  
  1626784997 461231441 0  
  1626784998 461231441 0  
  1626784999 461231441 0  
  1626785000 461231441 0  
  1626785001 461231441 0  
  1626785002 461231441 0  
  1626785003 461231441 0  
  1626785004 461231441 0  
  1626785005 461231441 0  
  1626785006 461231441 0  
  1626785007 461231441 0  
  1626785008 461231441 0  
  1626785009 461231441 0  
  1626785010 461231441 0  
  1626785011 461231441 0  
  1626785012 461231441 0  
  1626785013 461231441 0  
  1626785015 461231441 0  
  1626785016 461231441 0  
  1626785017 461231441 0  
  1626785018 461231441 0  
  1626785019 461231441 0  
  1626785020 461231441 0  
  1626785021 461231441 0  
  1626785022 461231441 0  
  1626785023 461231441 0  
  1626785024 461231441 0  
  1626785025 461231441 0  
  1626785026 461231441 0  
  1626785027 461231441 0  
  1626785028 461231441 0  
  1626785029 461231441 0  
  1626785030 461231441 0  
  1626785031 461231441 0  
  1626785032 461231441 0  
  1626785033 461231441 0  
  1626785034 461231441 0  
  1626785035 461231441 0  
  1626785036 461231441 0  
  1626785037 461231441 0  
  1626785038 461231441 0  
  1626785039 461231441 0  
  1626785040 461231441 0  
  1626785041 461231533 0  
  1626785042 461231533 0  
  1626785043 461231533 0  
  1626785044 461231533 0  
  1626785045 461231533 0  
  1626785046 461231533 0  
  1626785047 461231533 0  
  1626785048 461231533 0  
  1626785049 461231533 0  
  1626785050 461231533 0  
  1626785051 461231533 0  
  1626785052 461231533 0  
  1626785054 461231533 0  
  1626785055 461231533 0  
  1626785056 461231625 0  
  1626785057 461231625 0  
  1626785058 461231625 0  
  1626785059 461231625 0  
  1626785060 461231625 0  
  1626785061 461231625 0  
  1626785062 461231625 0  
  1626785063 461231625 0  
  1626785064 461231625 0  
  1626785065 461231625 0  
  1626785066 461231625 0  
  1626785067 461231625 0  
  1626785068 461231625 0  
  1626785069 461231625 0  
  1626785070 461231625 0  
  1626785071 461231625 0  
  1626785072 461231625 0  
  1626785073 461231625 0  
  1626785074 461231625 0  
  1626785075 461231625 0  
  1626785076 461231625 0  
  1626785077 461231625 0  
  1626785078 461231625 0  
  1626785079 461231625 0  
  1626785080 461231625 0  
  1626785081 461231625 0  
  1626785082 461231625 0  
  1626785083 461231625 0  
  1626785084 461231625 0  
  1626785085 461231625 0  
  1626785086 461231625 0  
  1626785087 461231717 0  
  1626785088 461231717 0  
  1626785089 461231717 0  
  1626785090 461231717 0  
  1626785091 461231717 0  
  1626785092 461231717 0  
  1626785094 461231717 0  
  1626785095 461231717 0  
  1626785096 461231717 0  
  1626785097 461231717 0  
  1626785098 461231717 0  
  1626785099 461231717 0  
  1626785100 461231717 0  
  1626785101 461231717 0  
  1626785102 461231717 0  
  1626785103 461231717 0  
  1626785104 461231717 0  
  1626785105 461231717 0  
  1626785106 461231809 0  
  1626785107 461236118 0  
  1626785108 461236442 0  
  1626785109 461237150 0  
  1626785110 461237150 0  
  1626785111 461237150 0  
  1626785112 461237150 0  
  1626785113 461237150 0  
  1626785114 461237150 0  
  1626785115 461237150 0  
  1626785116 461237150 0  
  1626785117 461237150 0  
  1626785118 461237150 0  
  1626785119 461237150 0  
  1626785120 461241551 0  
  1626785121 461241875 0  
  1626785122 461249093 0  
  1626785123 461251849 0  
  1626785124 461253265 0  
  1626785125 461253265 0  
  1626785126 461253265 0  
  1626785127 461253265 0  
  1626785128 461253265 0  
  1626785129 461253265 0  
  1626785130 461253265 0  
  1626785131 461253265 0  
  1626785133 461253265 0  
 