 1626887785 494074894 2925681  
  1626887786 494074894 2925681  
  1626887787 494074894 2925681  
  1626887788 494074894 2925681  
  1626887789 494074894 2925681  
  1626887790 494074894 2925681  
  1626887791 494074894 2925681  
  1626887792 494074894 2925681  
  1626887794 494074894 2925681  
  1626887795 494074894 2925681  
  1626887796 494074894 2925681  
  1626887797 494074894 2925681  
  1626887798 494074894 2925681  
  1626887799 494074894 2925681  
  1626887800 494074894 2925681  
  1626887801 494074894 2925681  
  1626887802 494074894 2925681  
  1626887803 494074894 2925681  
  1626887804 494074894 2925681  
  1626887805 494074894 2925681  
  1626887806 494074894 2925681  
  1626887807 494074894 2925681  
  1626887808 494074894 2925681  
  1626887809 494074894 2925681  
  1626887810 494074894 2925681  
  1626887811 494074894 2925681  
  1626887812 494074894 2925681  
  1626887813 494075232 2925681  
  1626887814 494075232 2925681  
  1626887815 494075232 2925681  
  1626887816 494075232 2925681  
  1626887817 494075232 2925681  
  1626887818 494075232 2925681  
  1626887819 494075232 2925681  
  1626887820 494075232 2925681  
  1626887821 494075232 2925681  
  1626887822 494075232 2925681  
  1626887823 494075232 2925681  
  1626887824 494075232 2925681  
  1626887825 494075232 2925681  
  1626887826 494075232 2925681  
  1626887827 494075232 2925681  
  1626887828 494075232 2925681  
  1626887829 494075232 2925681  
  1626887830 494075232 2925681  
  1626887831 494075232 2925681  
  1626887833 494075232 2925681  
  1626887834 494075232 2925681  
  1626887835 494075232 2925681  
  1626887836 494075232 2925681  
  1626887837 494075232 2925681  
  1626887838 494075232 2925681  
  1626887839 494075232 2925681  
  1626887840 494075232 2925681  
  1626887841 494075232 2925681  
  1626887842 494075232 2925681  
  1626887843 494075232 2925681  
  1626887844 494075232 2925681  
  1626887845 494075232 2925681  
  1626887846 494075232 2925681  
  1626887847 494075324 2925681  
  1626887848 494075324 2925681  
  1626887849 494075324 2925681  
  1626887850 494075324 2925681  
  1626887851 494075324 2925681  
  1626887852 494075324 2925681  
  1626887853 494075324 2925681  
  1626887854 494075324 2925681  
  1626887855 494075324 2925681  
  1626887856 494075324 2925681  
  1626887857 494075324 2925681  
  1626887858 494075324 2925681  
  1626887859 494075324 2925681  
  1626887860 494075324 2925681  
  1626887861 494075324 2925681  
  1626887862 494075324 2925681  
  1626887863 494075324 2925681  
  1626887864 494075324 2925681  
  1626887865 494075324 2925681  
  1626887866 494075324 2925681  
  1626887867 494075324 2925681  
  1626887868 494075324 2925681  
  1626887869 494075324 2925681  
  1626887870 494079633 2925681  
  1626887871 494079957 2925681  
  1626887873 494080665 2925681  
  1626887874 494080665 2925681  
  1626887875 494080665 2925681  
  1626887876 494080665 2925681  
  1626887877 494080665 2925681  
  1626887878 494080665 2925681  
  1626887879 494080665 2925681  
  1626887880 494080665 2925681  
  1626887881 494080665 2925681  
  1626887882 494080665 2925681  
  1626887883 494080665 2925681  
  1626887884 494080665 2925681  
  1626887885 494080665 2925681  
  1626887886 494080665 2925681  
  1626887887 494080665 2925681  
  1626887888 494080665 2925681  
  1626887889 494080665 2925681  
  1626887890 494080665 2925681  
  1626887891 494080665 2925681  
  1626887892 494080665 2925681  
  1626887893 494080665 2925681  
  1626887894 494080665 2925681  
  1626887895 494080665 2925681  
  1626887896 494080665 2925681  
  1626887897 494080665 2925681  
  1626887898 494080665 2925681  
  1626887899 494080665 2925681  
  1626887900 494080665 2925681  
  1626887901 494080665 2925681  
  1626887902 494080665 2925681  
  1626887903 494080665 2925681  
  1626887904 494080665 2925681  
  1626887905 494080665 2925681  
  1626887906 494080665 2925681  
  1626887907 494080665 2925681  
  1626887908 494080665 2925681  
  1626887909 494080665 2925681  
  1626887911 494080665 2925681  
  1626887912 494080757 2925681  
  1626887913 494080757 2925681  
  1626887914 494080757 2925681  
  1626887915 494080757 2925681  
  1626887916 494080757 2925681  
  1626887917 494080757 2925681  
  1626887918 494080757 2925681  
  1626887919 494080757 2925681  
  1626887920 494080757 2925681  
  1626887921 494080757 2925681  
  1626887922 494080757 2925681  
  1626887923 494080757 2925681  
  1626887924 494080757 2925681  
  1626887925 494080757 2925681  
  1626887926 494080757 2925681  
  1626887927 494080757 2925681  
  1626887928 494080757 2925681  
  1626887929 494080757 2925681  
  1626887930 494080757 2925681  
  1626887931 494080757 2925681  
  1626887932 494080757 2925681  
  1626887933 494080757 2925681  
  1626887934 494080757 2925681  
  1626887935 494080757 2925681  
  1626887936 494080757 2925681  
  1626887937 494080757 2925681  
  1626887938 494080757 2925681  
  1626887939 494080757 2925681  
  1626887940 494080757 2925681  
  1626887941 494080757 2925681  
  1626887942 494080757 2925681  
  1626887943 494080757 2925681  
  1626887944 494080757 2925681  
  1626887945 494080757 2925681  
  1626887946 494080757 2925681  
  1626887947 494080757 2925681  
  1626887948 494080757 2925681  
  1626887950 494080757 2925681  
  1626887951 494080757 2925681  
  1626887952 494080757 2925681  
  1626887953 494080757 2925681  
  1626887954 494080757 2925681  
  1626887955 494080757 2925681  
  1626887956 494080757 2925681  
  1626887957 494080757 2925681  
  1626887958 494080757 2925681  
  1626887959 494080757 2925681  
  1626887960 494080757 2925681  
  1626887961 494080757 2925681  
  1626887962 494080757 2925681  
  1626887963 494081095 2925681  
  1626887964 494081095 2925681  
  1626887965 494081095 2925681  
  1626887966 494081095 2925681  
  1626887967 494081095 2925681  
  1626887968 494081095 2925681  
  1626887969 494111898 2925681  
  1626887970 494111898 2925681  
  1626887971 494111898 2925681  
  1626887972 494111898 2925681  
  1626887973 494111898 2925681  
  1626887974 494111898 2925681  
  1626887975 494111898 2925681  
  1626887976 494111898 2925681  
  1626887977 494111990 2925681  
  1626887978 494111990 2925681  
  1626887979 494111990 2925681  
  1626887980 494111990 2925681  
  1626887981 494111990 2925681  
  1626887982 494111990 2925681  
  1626887983 494112230 2925681  
  1626887984 494112230 2925681  
  1626887985 494112230 2925681  
  1626887986 494112230 2925681  
  1626887987 494112230 2925681  
  1626887989 494112230 2925681  
  1626887990 494112230 2925681  
  1626887991 494112230 2925681  
  1626887992 494112230 2925681  
  1626887993 494112230 2925681  
  1626887994 494112230 2925681  
  1626887995 494112230 2925681  
  1626887996 494112230 2925681  
  1626887997 494112230 2925681  
  1626887998 494112230 2925681  
  1626887999 494112230 2925681  
  1626888000 494112230 2925681  
  1626888001 494112230 2925681  
  1626888002 494112230 2925681  
  1626888003 494112230 2925681  
  1626888004 494112230 2925681  
  1626888005 494112230 2925681  
  1626888006 494112230 2925681  
  1626888007 494112230 2925681  
  1626888008 494112230 2925681  
  1626888009 494112230 2925681  
  1626888010 494112230 2925681  
  1626888011 494112230 2925681  
  1626888012 494112230 2925681  
  1626888013 494112230 2925681  
  1626888014 494112230 2925681  
  1626888015 494112230 2925681  
  1626888016 494112230 2925681  
  1626888017 494112230 2925681  
  1626888018 494112230 2925681  
  1626888019 494112230 2925681  
  1626888020 494112230 2925681  
  1626888021 494112230 2925681  
  1626888022 494112230 2925681  
  1626888023 494112230 2925681  
  1626888024 494112230 2925681  
  1626888025 494112230 2925681  
  1626888026 494112230 2925681  
  1626888028 494112230 2925681  
  1626888029 494112230 2925681  
  1626888030 494112230 2925681  
  1626888031 494112230 2925681  
  1626888032 494112230 2925681  
  1626888033 494112230 2925681  
  1626888034 494112587 2925681  
  1626888035 494112587 2925681  
  1626888036 494112587 2925681  
  1626888037 494112587 2925681  
  1626888038 494112587 2925681  
  1626888039 494112587 2925681  
  1626888040 494112587 2925681  
  1626888041 494116988 2925681  
  1626888042 494117312 2925681  
  1626888043 494118020 2925681  
  1626888044 494119897 2925681  
  1626888045 494122653 2925681  
  1626888046 494123361 2925681  
  1626888047 494123361 2925681  
  1626888048 494123361 2925681  
  1626888049 494127670 2925681  
  1626888050 494132627 2925681  
  1626888051 494133335 2925681  
  1626888052 494134043 2925681  
  1626888053 494134043 2925681  
  1626888054 494134043 2925681  
  1626888055 494134043 2925681  
  1626888056 494134043 2925681  
  1626888057 494134043 2925681  
  1626888058 494134043 2925681  
  1626888059 494134043 2925681  
  1626888060 494134043 2925681  
  1626888061 494134043 2925681  
  1626888062 494134043 2925681  
  1626888063 494134043 2925681  
  1626888064 494134043 2925681  
  1626888065 494134043 2925681  
  1626888067 494134043 2925681  
  1626888068 494134043 2925681  
  1626888069 494134043 2925681  
  1626888070 494134043 2925681  
  1626888071 494134043 2925681  
  1626888072 494134043 2925681  
  1626888073 494134043 2925681  
  1626888074 494134043 2925681  
  1626888075 494134043 2925681  
  1626888076 494134043 2925681  
  1626888077 494134043 2925681  
  1626888078 494134043 2925681  
  1626888079 494134043 2925681  
  1626888080 494134043 2925681  
  1626888081 494134043 2925681  
  1626888082 494134043 2925681  
  1626888083 494134043 2925681  
  1626888084 494134043 2925681  
  1626888085 494134043 2925681  
  1626888086 494134043 2925681  
  1626888087 494134043 2925681  
  1626888088 494134043 2925681  
  1626888089 494134043 2925681  
  1626888090 494134043 2925681  
  1626888091 494134043 2925681  
  1626888092 494134043 2925681  
  1626888093 494134043 2925681  
  1626888094 494134043 2925681  
  1626888095 494134043 2925681  
  1626888096 494134043 2925681  
  1626888097 494134043 2925681  
  1626888098 494134043 2925681  
  1626888099 494134043 2925681  
  1626888100 494134043 2925681  
  1626888101 494134043 2925681  
  1626888102 494134043 2925681  
  1626888103 494134043 2925681  
  1626888104 494134043 2925681  
  1626888106 494134043 2925681  
  1626888107 494134043 2925681  
  1626888108 494134135 2925681  
 