 1626724873 449676591 81416  
  1626724874 449676591 81416  
  1626724875 449676591 81416  
  1626724876 449676591 81416  
  1626724878 449676591 81416  
  1626724879 449676591 81416  
  1626724880 449676591 81416  
  1626724881 449676591 81416  
  1626724882 449676591 81416  
  1626724883 449676591 81416  
  1626724884 449676591 81416  
  1626724885 449676591 81416  
  1626724886 449676591 81416  
  1626724887 449676591 81416  
  1626724888 449676591 81416  
  1626724889 449676591 81416  
  1626724890 449676591 81416  
  1626724891 449676591 81416  
  1626724892 449676591 81416  
  1626724893 449676591 81416  
  1626724894 449676591 81416  
  1626724895 449676591 81416  
  1626724896 449676591 81416  
  1626724897 449676591 81416  
  1626724898 449676591 81416  
  1626724899 449676591 81416  
  1626724900 449676591 81416  
  1626724901 449676591 81416  
  1626724902 449676591 81416  
  1626724903 449676591 81416  
  1626724904 449676591 81416  
  1626724905 449676591 81416  
  1626724906 449676591 81416  
  1626724907 449676591 81416  
  1626724908 449676591 81416  
  1626724909 449676591 81416  
  1626724910 449676591 81416  
  1626724911 449676591 81416  
  1626724912 449676591 81416  
  1626724913 449676591 81416  
  1626724914 449676591 81416  
  1626724915 449676591 81416  
  1626724917 449676591 81416  
  1626724918 449676591 81416  
  1626724919 449676591 81416  
  1626724920 449676591 81416  
  1626724921 449676591 81416  
  1626724922 449676591 81416  
  1626724923 449676591 81416  
  1626724924 449676591 81416  
  1626724925 449676591 81416  
  1626724926 449676591 81416  
  1626724927 449676591 81416  
  1626724928 449676591 81416  
  1626724929 449676591 81416  
  1626724930 449676591 81416  
  1626724931 449676591 81416  
  1626724932 449676591 81416  
  1626724933 449676683 81416  
  1626724934 449676683 81416  
  1626724935 449676683 81416  
  1626724936 449676683 81416  
  1626724937 449676683 81416  
  1626724938 449676683 81416  
  1626724939 449676683 81416  
  1626724940 449676683 81416  
  1626724941 449676683 81416  
  1626724942 449676683 81416  
  1626724943 449676683 81416  
  1626724944 449676683 81416  
  1626724945 449676683 81416  
  1626724946 449676683 81416  
  1626724947 449676683 81416  
  1626724948 449676683 81416  
  1626724949 449676683 81416  
  1626724950 449676683 81416  
  1626724951 449676683 81416  
  1626724952 449676683 81416  
  1626724953 449676683 81416  
  1626724954 449676683 81416  
  1626724956 449676683 81416  
  1626724957 449676683 81416  
  1626724958 449676683 81416  
  1626724959 449676683 81416  
  1626724960 449676683 81416  
  1626724961 449676683 81416  
  1626724962 449676683 81416  
  1626724963 449676683 81416  
  1626724964 449676683 81416  
  1626724965 449676683 81416  
  1626724966 449676683 81416  
  1626724967 449676683 81416  
  1626724968 449676683 81416  
  1626724969 449676683 81416  
  1626724970 449676683 81416  
  1626724971 449676683 81416  
  1626724972 449676683 81416  
  1626724973 449680992 81416  
  1626724974 449681316 81416  
  1626724975 449682024 81416  
  1626724976 449682024 81416  
  1626724977 449682024 81416  
  1626724978 449682024 81416  
  1626724979 449682024 81416  
  1626724980 449682024 81416  
  1626724981 449682024 81416  
  1626724982 449682024 81416  
  1626724983 449682024 81416  
  1626724984 449682024 81416  
  1626724985 449682024 81416  
  1626724986 449682024 81416  
  1626724987 449682024 81416  
  1626724988 449682024 81416  
  1626724989 449682024 81416  
  1626724990 449682024 81416  
  1626724991 449682024 81416  
  1626724992 449682024 81416  
  1626724993 449682024 81416  
  1626724994 449682024 81416  
  1626724996 449682024 81416  
  1626724997 449682024 81416  
  1626724998 449682024 81416  
  1626724999 449682024 81416  
  1626725000 449682024 81416  
  1626725001 449682024 81416  
  1626725002 449682024 81416  
  1626725003 449682024 81416  
  1626725004 449682024 81416  
  1626725005 449682024 81416  
  1626725006 449682024 81416  
  1626725007 449682024 81416  
  1626725008 449682024 81416  
  1626725009 449682024 81416  
  1626725010 449682024 81416  
  1626725011 449682024 81416  
  1626725012 449682024 81416  
  1626725013 449682024 81416  
  1626725014 449682024 81416  
  1626725015 449682024 81416  
  1626725016 449682024 81416  
  1626725017 449682024 81416  
  1626725018 449682024 81416  
  1626725019 449682024 81416  
  1626725020 449682024 81416  
  1626725021 449682024 81416  
  1626725022 449682024 81416  
  1626725023 449682024 81416  
  1626725024 449682024 81416  
  1626725025 449682024 81416  
  1626725026 449682024 81416  
  1626725027 449682024 81416  
  1626725028 449682024 81416  
  1626725029 449682024 81416  
  1626725030 449682024 81416  
  1626725031 449682024 81416  
  1626725032 449682024 81416  
  1626725033 449682024 81416  
  1626725034 449682024 81416  
  1626725036 449682024 81416  
  1626725037 449682116 81416  
  1626725038 449682116 81416  
  1626725039 449682116 81416  
  1626725040 449682116 81416  
  1626725041 449682116 81416  
  1626725042 449682116 81416  
  1626725043 449682116 81416  
  1626725044 449682116 81416  
  1626725045 449682116 81416  
  1626725046 449682116 81416  
  1626725047 449682116 81416  
  1626725048 449682116 81416  
  1626725049 449682116 81416  
  1626725050 449682116 81416  
  1626725051 449682116 81416  
  1626725052 449682116 81416  
  1626725053 449682116 81416  
  1626725054 449682116 81416  
  1626725055 449682116 81416  
  1626725056 449682116 81416  
  1626725057 449682116 81416  
  1626725058 449682116 81416  
  1626725059 449682116 81416  
  1626725060 449682116 81416  
  1626725061 449682116 81416  
  1626725062 449682208 81416  
  1626725063 449682866 81416  
  1626725064 449682866 81416  
  1626725065 449682866 81416  
  1626725066 449682866 81416  
  1626725067 449682866 81416  
  1626725068 449682866 81416  
  1626725069 449682866 81416  
  1626725070 449682866 81416  
  1626725071 449682866 81416  
  1626725072 449682866 81416  
  1626725073 449682866 81416  
  1626725074 449682866 81416  
  1626725076 449682866 81416  
  1626725077 449682866 81416  
  1626725078 449682866 81416  
  1626725079 449682866 81416  
  1626725080 449682866 81416  
  1626725081 449682866 81416  
  1626725082 449682866 81416  
  1626725083 449682866 81416  
  1626725084 449682866 81416  
  1626725085 449682866 81416  
  1626725086 449682866 81416  
  1626725087 449682866 81416  
  1626725088 449682866 81416  
  1626725089 449682866 81416  
  1626725090 449682866 81416  
  1626725091 449682866 81416  
  1626725092 449682866 81416  
  1626725093 449682866 81416  
  1626725094 449682866 81416  
  1626725095 449682866 81416  
  1626725096 449682866 81416  
  1626725097 449682866 81416  
  1626725098 449682866 81416  
  1626725099 449682866 81416  
  1626725100 449682866 81416  
  1626725101 449682866 81416  
  1626725102 449682866 81416  
  1626725103 449682866 81416  
  1626725104 449682866 81416  
  1626725105 449682866 81416  
  1626725106 449682866 81416  
  1626725107 449682866 81416  
  1626725108 449682866 81416  
  1626725109 449687175 81416  
  1626725110 449687499 81416  
  1626725111 449688207 81416  
  1626725112 449688207 81416  
  1626725113 449688207 81416  
  1626725114 449688207 81416  
  1626725116 449688207 81416  
  1626725117 449688207 81416  
  1626725118 449688207 81416  
  1626725119 449688207 81416  
  1626725120 449692840 81416  
  1626725121 449692840 81416  
  1626725122 449693548 81416  
  1626725123 449698181 81416  
  1626725124 449698181 81416  
  1626725125 449703522 81416  
  1626725126 449703522 81416  
  1626725127 449704230 81416  
  1626725128 449704230 81416  
  1626725129 449704230 81416  
  1626725130 449704230 81416  
  1626725131 449704230 81416  
  1626725132 449704230 81416  
  1626725133 449704230 81416  
  1626725134 449704230 81416  
  1626725135 449704230 81416  
  1626725136 449704230 81416  
  1626725137 449704230 81416  
  1626725138 449704230 81416  
  1626725139 449704230 81416  
  1626725140 449704230 81416  
  1626725141 449704230 81416  
  1626725142 449704230 81416  
  1626725143 449704587 81416  
  1626725144 449704587 81416  
  1626725145 449704587 81416  
  1626725146 449704587 81416  
  1626725147 449704587 81416  
  1626725148 449704587 81416  
  1626725149 449704587 81416  
  1626725150 449704587 81416  
  1626725151 449704587 81416  
  1626725152 449704587 81416  
  1626725153 449704587 81416  
  1626725155 449704587 81416  
  1626725156 449704587 81416  
  1626725157 449704587 81416  
  1626725158 449704587 81416  
  1626725159 449704587 81416  
  1626725160 449704587 81416  
  1626725161 449704587 81416  
  1626725162 449704587 81416  
  1626725163 449704587 81416  
  1626725164 449704587 81416  
  1626725165 449704587 81416  
  1626725166 449704587 81416  
  1626725167 449704587 81416  
  1626725168 449704587 81416  
  1626725169 449704587 81416  
  1626725170 449704587 81416  
  1626725171 449704587 81416  
  1626725172 449704587 81416  
  1626725173 449704587 81416  
  1626725174 449704587 81416  
  1626725175 449704587 81416  
  1626725176 449704587 81416  
  1626725177 449704587 81416  
  1626725178 449704587 81416  
  1626725179 449704587 81416  
  1626725180 449704587 81416  
  1626725181 449704587 81416  
  1626725182 449704587 81416  
  1626725183 449704587 81416  
  1626725184 449704587 81416  
  1626725185 449704587 81416  
  1626725186 449704587 81416  
  1626725187 449704587 81416  
  1626725188 449704587 81416  
  1626725189 449704587 81416  
  1626725190 449704587 81416  
  1626725191 449704679 81416  
  1626725192 449704679 81416  
  1626725193 449704679 81416  
  1626725195 449704679 81416  
  1626725196 449704679 81416  
  1626725197 449704679 81416  
  1626725198 449704679 81416  
  1626725199 449704679 81416  
  1626725200 449704679 81416  
  1626725201 449704679 81416  
  1626725202 449704679 81416  
  1626725203 449704679 81416  
  1626725204 449704679 81416  
  1626725205 449704679 81416  
  1626725206 449704679 81416  
  1626725207 449704679 81416  
  1626725208 449704679 81416  
  1626725209 449704679 81416  
  1626725210 449704679 81416  
  1626725211 449704679 81416  
  1626725212 449704679 81416  
  1626725213 449704679 81416  
  1626725214 449704679 81416  
  1626725215 449704679 81416  
  1626725216 449704679 81416  
  1626725217 449704679 81416  
  1626725218 449704679 81416  
  1626725219 449704679 81416  
  1626725220 449704679 81416  
  1626725221 449704679 81416  
  1626725222 449704679 81416  
  1626725223 449704679 81416  
  1626725224 449704679 81416  
  1626725225 449704679 81416  
  1626725226 449704679 81416  
  1626725227 449704679 81416  
  1626725228 449704679 81416  
  1626725229 449704679 81416  
  1626725230 449704679 81416  
  1626725231 449704679 81416  
  1626725232 449704679 81416  
  1626725233 449704679 81416  
  1626725235 449704679 81416  
  1626725236 449704679 81416  
  1626725237 449704679 81416  
  1626725238 449704679 81416  
  1626725239 449704679 81416  
  1626725240 449704679 81416  
  1626725241 449704679 81416  
  1626725242 449704679 81416  
  1626725243 449704679 81416  
  1626725244 449704679 81416  
  1626725245 449704679 81416  
  1626725246 449704679 81416  
  1626725247 449704679 81416  
  1626725248 449704679 81416  
  1626725249 449704679 81416  
  1626725250 449704679 81416  
  1626725251 449704679 81416  
  1626725252 449704679 81416  
  1626725253 449704679 81416  
  1626725254 449704679 81416  
  1626725255 449704679 81416  
  1626725256 449704679 81416  
  1626725257 449704679 81416  
  1626725258 449704679 81416  
 