 1627028745 500982982 0  
  1627028746 500982982 0  
  1627028747 500982982 0  
  1627028748 500982982 0  
  1627028749 500983126 0  
  1627028750 500992248 0  
  1627028751 500992248 0  
  1627028752 500992248 0  
  1627028753 500993664 0  
  1627028754 500993664 0  
  1627028755 500998297 0  
  1627028756 500998297 0  
  1627028757 501003638 0  
  1627028758 501003730 0  
  1627028759 501004438 0  
  1627028760 501004438 0  
  1627028761 501004438 0  
  1627028762 501004438 0  
  1627028763 501004438 0  
  1627028764 501004438 0  
  1627028765 501004438 0  
  1627028766 501004438 0  
  1627028767 501004438 0  
  1627028768 501004438 0  
  1627028769 501004438 0  
  1627028770 501004438 0  
  1627028772 501004438 0  
  1627028773 501004438 0  
  1627028774 501004438 0  
  1627028775 501004438 0  
  1627028776 501004438 0  
  1627028777 501004438 0  
  1627028778 501004438 0  
  1627028779 501004438 0  
  1627028780 501004438 0  
  1627028781 501004438 0  
  1627028782 501004438 0  
  1627028783 501004438 0  
  1627028784 501004438 0  
  1627028785 501004438 0  
  1627028786 501004438 0  
  1627028787 501004438 0  
  1627028788 501004438 0  
  1627028789 501004438 0  
  1627028790 501004438 0  
  1627028791 501004438 0  
  1627028792 501004438 0  
  1627028793 501004438 0  
  1627028794 501004438 0  
  1627028795 501004438 0  
  1627028796 501004438 0  
  1627028797 501004438 0  
  1627028798 501004438 0  
  1627028799 501004438 0  
  1627028800 501004438 0  
  1627028801 501004438 0  
  1627028802 501004438 0  
  1627028803 501004438 0  
  1627028804 501004438 0  
  1627028805 501004438 0  
  1627028806 501004438 0  
  1627028807 501004438 0  
  1627028808 501004438 0  
  1627028809 501004438 0  
  1627028810 501004438 0  
  1627028812 501004438 0  
  1627028813 501004438 0  
  1627028814 501004438 0  
  1627028815 501004438 0  
  1627028816 501004438 0  
  1627028817 501004438 0  
  1627028818 501004438 0  
  1627028819 501004438 0  
  1627028820 501004438 0  
  1627028821 501004438 0  
  1627028822 501004438 0  
  1627028823 501004438 0  
  1627028824 501004438 0  
  1627028825 501004438 0  
  1627028826 501004438 0  
  1627028827 501004438 0  
  1627028828 501004438 0  
  1627028829 501004438 0  
  1627028830 501004438 0  
  1627028831 501004438 0  
  1627028832 501004438 0  
  1627028833 501004438 0  
  1627028834 501004438 0  
  1627028835 501004438 0  
  1627028836 501004438 0  
  1627028837 501004438 0  
  1627028838 501004438 0  
  1627028839 501004438 0  
  1627028840 501004438 0  
  1627028841 501004438 0  
  1627028842 501004438 0  
  1627028843 501004438 0  
  1627028844 501004438 0  
  1627028845 501004438 0  
  1627028846 501004438 0  
  1627028847 501004438 0  
  1627028848 501004438 0  
  1627028849 501004438 0  
  1627028851 501004438 0  
  1627028852 501004438 0  
  1627028853 501004438 0  
  1627028854 501004438 0  
  1627028855 501004506 0  
  1627028856 501004506 0  
  1627028857 501004506 0  
  1627028858 501004506 0  
  1627028859 501004506 0  
  1627028860 501004506 0  
  1627028861 501005662 0  
  1627028862 501005662 0  
  1627028863 501005662 0  
  1627028864 501005662 0  
  1627028865 501005662 0  
  1627028866 501005662 0  
  1627028867 501005662 0  
  1627028868 501005662 0  
  1627028869 501005662 0  
  1627028870 501005662 0  
  1627028871 501007257 0  
  1627028872 501007257 0  
  1627028873 501007257 0  
  1627028874 501007257 0  
  1627028875 501007257 0  
  1627028876 501007257 0  
  1627028877 501007257 0  
  1627028878 501007257 0  
  1627028879 501007257 0  
  1627028880 501007257 0  
  1627028881 501007257 0  
  1627028882 501007257 0  
  1627028883 501007257 0  
  1627028884 501007257 0  
  1627028885 501007257 0  
  1627028886 501007257 0  
  1627028887 501007257 0  
  1627028888 501007257 0  
  1627028889 501007257 0  
  1627028891 501007257 0  
  1627028892 501007257 0  
  1627028893 501007257 0  
  1627028894 501007257 0  
  1627028895 501007257 0  
  1627028896 501007257 0  
  1627028897 501007257 0  
  1627028898 501007257 0  
  1627028899 501007257 0  
  1627028900 501007257 0  
  1627028901 501007257 0  
  1627028902 501007257 0  
  1627028903 501007257 0  
  1627028904 501007257 0  
  1627028905 501007257 0  
  1627028906 501007257 0  
  1627028907 501007257 0  
  1627028908 501007257 0  
  1627028909 501007257 0  
  1627028910 501007257 0  
  1627028911 501007257 0  
  1627028912 501007257 0  
  1627028913 501007257 0  
  1627028914 501007257 0  
  1627028915 501007257 0  
  1627028916 501007257 0  
  1627028917 501007257 0  
  1627028918 501007257 0  
  1627028919 501007257 0  
  1627028920 501007257 0  
  1627028921 501007257 0  
  1627028922 501007349 0  
  1627028923 501007349 0  
  1627028924 501007349 0  
  1627028925 501007349 0  
  1627028926 501007349 0  
  1627028927 501007349 0  
  1627028928 501007349 0  
  1627028929 501007349 0  
  1627028931 501007349 0  
  1627028932 501007349 0  
  1627028933 501007349 0  
  1627028934 501007349 0  
  1627028935 501007349 0  
  1627028936 501007349 0  
  1627028937 501007349 0  
  1627028938 501007349 0  
  1627028939 501007349 0  
  1627028940 501007493 0  
  1627028941 501011982 0  
  1627028942 501011982 0  
  1627028943 501012554 0  
  1627028944 501012554 0  
  1627028945 501012554 0  
  1627028946 501012554 0  
  1627028947 501012554 0  
  1627028948 501012554 0  
  1627028949 501012554 0  
  1627028950 501012554 0  
  1627028951 501012554 0  
  1627028952 501012554 0  
  1627028953 501012554 0  
  1627028954 501012554 0  
  1627028955 501012554 0  
  1627028956 501012554 0  
  1627028957 501012554 0  
  1627028958 501012554 0  
  1627028959 501012554 0  
  1627028960 501012554 0  
  1627028961 501012554 0  
  1627028962 501012554 0  
  1627028963 501012554 0  
  1627028964 501012554 0  
  1627028965 501012554 0  
  1627028966 501012554 0  
  1627028967 501012554 0  
  1627028968 501012554 0  
  1627028969 501012554 0  
  1627028971 501012554 0  
  1627028972 501012554 0  
  1627028973 501012554 0  
  1627028974 501012554 0  
  1627028975 501012554 0  
  1627028976 501012554 0  
  1627028977 501012554 0  
  1627028978 501012554 0  
  1627028979 501012554 0  
  1627028980 501012554 0  
  1627028981 501012554 0  
  1627028982 501012554 0  
  1627028983 501012554 0  
  1627028984 501012554 0  
  1627028985 501012554 0  
  1627028986 501012554 0  
  1627028987 501012554 0  
  1627028988 501012554 0  
  1627028989 501012554 0  
  1627028990 501012554 0  
  1627028991 501012554 0  
  1627028992 501012554 0  
  1627028993 501012554 0  
  1627028994 501012554 0  
  1627028995 501012554 0  
  1627028996 501012554 0  
  1627028997 501012554 0  
  1627028998 501012554 0  
  1627028999 501012554 0  
  1627029000 501012554 0  
  1627029001 501012554 0  
  1627029002 501012554 0  
  1627029003 501012554 0  
  1627029004 501012554 0  
  1627029005 501012554 0  
  1627029006 501012554 0  
  1627029007 501012554 0  
  1627029008 501012554 0  
  1627029009 501012554 0  
  1627029011 501012554 0  
  1627029012 501012554 0  
  1627029013 501012554 0  
  1627029014 501012554 0  
  1627029015 501012554 0  
  1627029016 501012554 0  
  1627029017 501012646 0  
  1627029018 501012646 0  
  1627029019 501012646 0  
  1627029020 501012646 0  
  1627029021 501012646 0  
  1627029022 501012646 0  
  1627029023 501012646 0  
  1627029024 501012646 0  
  1627029025 501012646 0  
  1627029026 501012646 0  
  1627029027 501012646 0  
  1627029028 501012646 0  
  1627029029 501012646 0  
  1627029030 501012646 0  
  1627029031 501012646 0  
  1627029032 501012646 0  
  1627029033 501012646 0  
  1627029034 501012646 0  
  1627029035 501012646 0  
  1627029036 501012646 0  
  1627029037 501012646 0  
  1627029038 501012646 0  
  1627029039 501012646 0  
  1627029040 501012646 0  
  1627029041 501012646 0  
  1627029042 501012646 0  
  1627029043 501012646 0  
  1627029044 501013003 0  
  1627029045 501013003 0  
  1627029046 501013003 0  
  1627029047 501017312 0  
  1627029048 501017636 0  
  1627029050 501022269 0  
  1627029051 501022977 0  
  1627029052 501023685 0  
  1627029053 501023685 0  
  1627029054 501023685 0  
  1627029055 501027994 0  
  1627029056 501028318 0  
  1627029057 501030987 0  
  1627029058 501033659 0  
  1627029059 501034367 0  
  1627029060 501034367 0  
  1627029061 501034367 0  
  1627029062 501034367 0  
  1627029063 501034367 0  
  1627029064 501034367 0  
  1627029065 501038676 0  
  1627029066 501039152 0  
  1627029067 501039860 0  
 