 1626787328 461818000 0  
  1626787329 461818000 0  
  1626787330 461818000 0  
  1626787331 461818000 0  
  1626787332 461818000 0  
  1626787333 461818000 0  
  1626787334 461818000 0  
  1626787335 461818000 0  
  1626787336 461818000 0  
  1626787337 461818000 0  
  1626787338 461818000 0  
  1626787339 461818000 0  
  1626787340 461818338 0  
  1626787341 461818338 0  
  1626787342 461818338 0  
  1626787343 461818338 0  
  1626787344 461818338 0  
  1626787345 461818338 0  
  1626787346 461818338 0  
  1626787347 461818338 0  
  1626787348 461818338 0  
  1626787349 461818338 0  
  1626787350 461818338 0  
  1626787351 461818338 0  
  1626787353 461818338 0  
  1626787354 461818338 0  
  1626787355 461818338 0  
  1626787356 461818338 0  
  1626787357 461818338 0  
  1626787358 461818338 0  
  1626787359 461818338 0  
  1626787360 461818338 0  
  1626787361 461818338 0  
  1626787362 461818338 0  
  1626787363 461818338 0  
  1626787364 461818338 0  
  1626787365 461818338 0  
  1626787366 461818338 0  
  1626787367 461818338 0  
  1626787368 461818430 0  
  1626787369 461818430 0  
  1626787370 461821327 0  
  1626787371 461823063 0  
  1626787372 461823063 0  
  1626787373 461823771 0  
  1626787374 461823771 0  
  1626787375 461823771 0  
  1626787376 461823771 0  
  1626787377 461823771 0  
  1626787378 461823771 0  
  1626787379 461823771 0  
  1626787380 461823771 0  
  1626787381 461823771 0  
  1626787382 461823771 0  
  1626787383 461823771 0  
  1626787384 461823771 0  
  1626787385 461823771 0  
  1626787386 461823771 0  
  1626787387 461823771 0  
  1626787388 461823771 0  
  1626787389 461823771 0  
  1626787390 461823771 0  
  1626787392 461823771 0  
  1626787393 461823771 0  
  1626787394 461823771 0  
  1626787395 461823771 0  
  1626787396 461823771 0  
  1626787397 461823771 0  
  1626787398 461823771 0  
  1626787399 461823771 0  
  1626787400 461823771 0  
  1626787401 461823771 0  
  1626787402 461823771 0  
  1626787403 461823771 0  
  1626787404 461823771 0  
  1626787405 461823771 0  
  1626787406 461823771 0  
  1626787407 461823771 0  
  1626787408 461823771 0  
  1626787409 461823771 0  
  1626787410 461823771 0  
  1626787411 461823771 0  
  1626787412 461823771 0  
  1626787413 461823771 0  
  1626787414 461823771 0  
  1626787415 461823771 0  
  1626787416 461823771 0  
  1626787417 461823771 0  
  1626787418 461823771 0  
  1626787419 461823771 0  
  1626787420 461823771 0  
  1626787421 461823771 0  
  1626787422 461823771 0  
  1626787423 461823771 0  
  1626787424 461823771 0  
  1626787425 461823771 0  
  1626787426 461823771 0  
  1626787427 461823771 0  
  1626787428 461823771 0  
  1626787429 461823771 0  
  1626787431 461823771 0  
  1626787432 461823771 0  
  1626787433 461823771 0  
  1626787434 461823771 0  
  1626787435 461823771 0  
  1626787436 461823771 0  
  1626787437 461823771 0  
  1626787438 461823771 0  
  1626787439 461823771 0  
  1626787440 461823771 0  
  1626787441 461823771 0  
  1626787442 461823771 0  
  1626787443 461823771 0  
  1626787444 461823771 0  
  1626787445 461823771 0  
  1626787446 461823771 0  
  1626787447 461823771 0  
  1626787448 461823771 0  
  1626787449 461823863 0  
  1626787450 461823863 0  
  1626787451 461823863 0  
  1626787452 461823863 0  
  1626787453 461823863 0  
  1626787454 461823863 0  
  1626787455 461823863 0  
  1626787456 461823863 0  
  1626787457 461823863 0  
  1626787458 461823863 0  
  1626787459 461823863 0  
  1626787460 461823863 0  
  1626787461 461823863 0  
  1626787462 461823863 0  
  1626787463 461823863 0  
  1626787464 461823863 0  
  1626787465 461824459 0  
  1626787466 461824459 0  
  1626787467 461824459 0  
  1626787468 461824459 0  
  1626787470 461824459 0  
  1626787471 461824459 0  
  1626787472 461824459 0  
  1626787473 461824459 0  
  1626787474 461824459 0  
  1626787475 461824459 0  
  1626787476 461824459 0  
  1626787477 461824459 0  
  1626787478 461824459 0  
  1626787479 461824459 0  
  1626787480 461824459 0  
  1626787481 461824459 0  
  1626787482 461824459 0  
  1626787483 461824459 0  
  1626787484 461824459 0  
  1626787485 461824459 0  
  1626787486 461824459 0  
  1626787487 461824459 0  
  1626787488 461824459 0  
  1626787489 461824459 0  
  1626787490 461824797 0  
  1626787491 461824797 0  
  1626787492 461824797 0  
  1626787493 461824797 0  
  1626787494 461824797 0  
  1626787495 461824797 0  
  1626787496 461824797 0  
  1626787497 461824797 0  
  1626787498 461824797 0  
  1626787499 461824797 0  
  1626787500 461824797 0  
  1626787501 461824797 0  
  1626787502 461824797 0  
  1626787503 461824797 0  
  1626787504 461824797 0  
  1626787505 461824797 0  
  1626787506 461829106 0  
  1626787507 461829430 0  
  1626787508 461830070 0  
  1626787510 461830138 0  
  1626787511 461830138 0  
  1626787512 461830138 0  
  1626787513 461830138 0  
  1626787514 461830138 0  
  1626787515 461830138 0  
  1626787516 461830138 0  
  1626787517 461830138 0  
  1626787518 461830138 0  
  1626787519 461830138 0  
  1626787520 461830138 0  
  1626787521 461834447 0  
  1626787522 461841365 0  
  1626787523 461844745 0  
  1626787524 461846161 0  
  1626787525 461846161 0  
  1626787526 461846161 0  
  1626787527 461846161 0  
  1626787528 461846161 0  
  1626787529 461846161 0  
  1626787530 461846161 0  
  1626787531 461846161 0  
  1626787532 461846161 0  
  1626787533 461846161 0  
  1626787534 461846161 0  
  1626787535 461846161 0  
  1626787536 461846161 0  
  1626787537 461846229 0  
  1626787538 461846229 0  
  1626787539 461846229 0  
  1626787540 461846229 0  
  1626787541 461846229 0  
  1626787542 461846229 0  
  1626787543 461847742 0  
  1626787544 461847742 0  
  1626787545 461847742 0  
  1626787546 461847742 0  
  1626787547 461847742 0  
  1626787549 461847742 0  
  1626787550 461847742 0  
  1626787551 461847742 0  
  1626787552 461847742 0  
  1626787553 461847742 0  
  1626787554 461847742 0  
  1626787555 461847742 0  
  1626787556 461847742 0  
  1626787557 461847742 0  
  1626787558 461847742 0  
  1626787559 461847742 0  
  1626787560 461847742 0  
  1626787561 461847742 0  
  1626787562 461847742 0  
  1626787563 461847742 0  
  1626787564 461847742 0  
  1626787565 461847742 0  
  1626787566 461847742 0  
  1626787567 461847742 0  
  1626787568 461847742 0  
  1626787569 461847742 0  
  1626787570 461847742 0  
  1626787571 461847742 0  
  1626787572 461847742 0  
  1626787573 461847742 0  
  1626787574 461847742 0  
  1626787575 461847742 0  
  1626787576 461847742 0  
  1626787577 461847742 0  
  1626787578 461847742 0  
  1626787579 461847742 0  
  1626787580 461847742 0  
  1626787581 461847742 0  
  1626787582 461847742 0  
  1626787583 461847742 0  
  1626787584 461847742 0  
  1626787585 461847798 0  
  1626787586 461847798 0  
  1626787588 461847798 0  
  1626787589 461847798 0  
  1626787590 461847798 0  
  1626787591 461847798 0  
  1626787592 461847798 0  
  1626787593 461847798 0  
  1626787594 461847798 0  
  1626787595 461847798 0  
  1626787596 461847798 0  
  1626787597 461847798 0  
  1626787598 461847798 0  
  1626787599 461847798 0  
  1626787600 461847798 0  
  1626787601 461847798 0  
  1626787602 461847798 0  
  1626787603 461847798 0  
  1626787604 461847798 0  
  1626787605 461847798 0  
  1626787606 461847798 0  
  1626787607 461847798 0  
  1626787608 461847798 0  
  1626787609 461847798 0  
  1626787610 461847798 0  
  1626787611 461847798 0  
  1626787612 461847798 0  
  1626787613 461847798 0  
  1626787614 461847798 0  
  1626787615 461847798 0  
  1626787616 461847798 0  
  1626787617 461847798 0  
  1626787618 461847798 0  
  1626787619 461847798 0  
  1626787620 461847798 0  
  1626787621 461847798 0  
  1626787622 461847798 0  
  1626787623 461847798 0  
  1626787624 461847798 0  
  1626787625 461847890 0  
  1626787627 461847890 0  
  1626787628 461847890 0  
  1626787629 461847890 0  
  1626787630 461847890 0  
  1626787631 461847890 0  
  1626787632 461847890 0  
  1626787633 461847890 0  
  1626787634 461847890 0  
  1626787635 461847890 0  
  1626787636 461847890 0  
  1626787637 461847890 0  
  1626787638 461847890 0  
  1626787639 461847890 0  
  1626787640 461848228 0  
  1626787641 461848228 0  
  1626787642 461848228 0  
  1626787643 461848228 0  
  1626787644 461848228 0  
  1626787645 461848228 0  
  1626787646 461848228 0  
  1626787647 461848228 0  
  1626787648 461848228 0  
  1626787649 461848228 0  
  1626787650 461848228 0  
 