 1627020225 568384263 4143231  
  1627020226 568389424 4143345  
  1627020227 568389424 4143345  
  1627020228 568389424 4143345  
  1627020229 568389424 4143345  
  1627020230 568389424 4143345  
  1627020231 568389424 4143345  
  1627020232 568389424 4143345  
  1627020233 568389424 4143345  
  1627020234 568389424 4143345  
  1627020235 568389424 4143345  
  1627020236 568389424 4143345  
  1627020237 568389424 4143345  
  1627020238 568389424 4143345  
  1627020239 568389424 4143345  
  1627020240 568389424 4143345  
  1627020241 568389424 4143345  
  1627020242 568389424 4143345  
  1627020243 568389424 4143345  
  1627020244 568389424 4143345  
  1627020245 568389424 4143345  
  1627020246 568389424 4143345  
  1627020247 568389424 4143345  
  1627020248 568389424 4143345  
  1627020249 568389424 4143345  
  1627020250 568389424 4143345  
  1627020251 568389424 4143345  
  1627020252 568389424 4143345  
  1627020253 568389424 4143345  
  1627020254 568389424 4143345  
  1627020255 568389424 4143345  
  1627020256 568389424 4143345  
  1627020257 568389424 4143345  
  1627020258 568389424 4143345  
  1627020260 568389424 4143345  
  1627020261 568389424 4143345  
  1627020262 568389424 4143345  
  1627020263 568389424 4143345  
  1627020264 568389424 4143345  
  1627020265 568389424 4143345  
  1627020266 568389424 4143345  
  1627020267 568389424 4143345  
  1627020268 568389424 4143345  
  1627020269 568389424 4143345  
  1627020270 568389424 4143345  
  1627020271 568389424 4143345  
  1627020272 568389424 4143345  
  1627020273 568389424 4143345  
  1627020274 568389424 4143345  
  1627020275 568389424 4143345  
  1627020276 568389424 4143345  
  1627020277 568389424 4143345  
  1627020278 568389424 4143345  
  1627020279 568389424 4143345  
  1627020280 568389424 4143345  
  1627020281 568389424 4143345  
  1627020282 568389424 4143345  
  1627020283 568389424 4143345  
  1627020284 568389424 4143345  
  1627020285 568389424 4143345  
  1627020286 568389424 4143345  
  1627020287 568389424 4143345  
  1627020288 568389424 4143345  
  1627020289 568389424 4143345  
  1627020290 568389424 4143345  
  1627020291 568389424 4143345  
  1627020292 568389424 4143345  
  1627020293 568389424 4143345  
  1627020294 568389424 4143345  
  1627020295 568389424 4143345  
  1627020296 568389424 4143345  
  1627020297 568389424 4143345  
  1627020299 568389424 4143345  
  1627020300 568389424 4143345  
  1627020301 568389424 4143345  
  1627020302 568389424 4143345  
  1627020303 568389424 4143345  
  1627020304 568389424 4143345  
  1627020305 568389424 4143345  
  1627020306 568389424 4143345  
  1627020307 568389424 4143345  
  1627020308 568389424 4143345  
  1627020309 568389424 4143345  
  1627020310 568389424 4143345  
  1627020311 568389424 4143345  
  1627020312 568389424 4143345  
  1627020313 568389424 4143345  
  1627020314 568389424 4143345  
  1627020315 568389424 4143345  
  1627020316 568389424 4143345  
  1627020317 568389424 4143345  
  1627020318 568389424 4143345  
  1627020319 568389424 4143345  
  1627020320 568389424 4143345  
  1627020321 568389424 4143345  
  1627020322 568389424 4143345  
  1627020323 568389424 4143345  
  1627020324 568389424 4143345  
  1627020325 568389424 4143345  
  1627020326 568389424 4143345  
  1627020327 568389424 4143345  
  1627020328 568389424 4143345  
  1627020329 568389424 4143345  
  1627020330 568389424 4143345  
  1627020331 568389424 4143345  
  1627020332 568389424 4143345  
  1627020333 568389424 4143345  
  1627020334 568389424 4143345  
  1627020335 568389424 4143345  
  1627020336 568389424 4143345  
  1627020337 568389781 4143345  
  1627020339 568389781 4143345  
  1627020340 568389781 4143345  
  1627020341 568389781 4143345  
  1627020342 568389781 4143345  
  1627020343 568391658 4143345  
  1627020344 568394414 4143345  
  1627020345 568394414 4143345  
  1627020346 568399755 4143345  
  1627020347 568399755 4143345  
  1627020348 568400463 4143345  
  1627020349 568400463 4143345  
  1627020350 568400463 4143345  
  1627020351 568400463 4143345  
  1627020352 568409729 4143345  
  1627020353 568409729 4143345  
  1627020354 568411009 4143345  
  1627020355 568411009 4143345  
  1627020356 568411009 4143345  
  1627020357 568411009 4143345  
  1627020358 568411009 4143345  
  1627020359 568411009 4143345  
  1627020360 568411009 4143345  
  1627020361 568411009 4143345  
  1627020362 568411009 4143345  
  1627020363 568411009 4143345  
  1627020364 568411009 4143345  
  1627020365 568411009 4143345  
  1627020366 568411009 4143345  
  1627020367 568411009 4143345  
  1627020368 568411009 4143345  
  1627020369 568411009 4143345  
  1627020370 568411009 4143345  
  1627020371 568411605 4143345  
  1627020372 568411605 4143345  
  1627020373 568411605 4143345  
  1627020374 568411697 4143345  
  1627020375 568411697 4143345  
  1627020376 568411697 4143345  
  1627020377 568411697 4143345  
  1627020379 568411697 4143345  
  1627020380 568411697 4143345  
  1627020381 568411697 4143345  
  1627020382 568411697 4143345  
  1627020383 568411697 4143345  
  1627020384 568411697 4143345  
  1627020385 568411697 4143345  
  1627020386 568411697 4143345  
  1627020387 568411697 4143345  
  1627020388 568411697 4143345  
  1627020389 568411697 4143345  
  1627020390 568411697 4143345  
  1627020391 568411697 4143345  
  1627020392 568411697 4143345  
  1627020393 568411697 4143345  
  1627020394 568411697 4143345  
  1627020395 568411697 4143345  
  1627020396 568411697 4143345  
  1627020397 568411697 4143345  
  1627020398 568411697 4143345  
  1627020399 568411697 4143345  
  1627020400 568411697 4143345  
  1627020401 568411697 4143345  
  1627020402 568411697 4143345  
  1627020403 568411697 4143345  
  1627020404 568411697 4143345  
  1627020405 568411697 4143345  
  1627020406 568411697 4143345  
  1627020407 568411697 4143345  
  1627020408 568411697 4143345  
  1627020409 568411697 4143345  
  1627020410 568411697 4143345  
  1627020411 568411697 4143345  
  1627020412 568411697 4143345  
  1627020413 568411697 4143345  
  1627020414 568411697 4143345  
  1627020415 568411697 4143345  
  1627020416 568411697 4143345  
  1627020418 568411697 4143345  
  1627020419 568411697 4143345  
  1627020420 568411697 4143345  
  1627020421 568411697 4143345  
  1627020422 568411697 4143345  
  1627020423 568411697 4143345  
  1627020424 568411697 4143345  
  1627020425 568411697 4143345  
  1627020426 568411697 4143345  
  1627020427 568411697 4143345  
  1627020428 568411697 4143345  
  1627020429 568411697 4143345  
  1627020430 568411697 4143345  
  1627020431 568411697 4143345  
  1627020432 568411697 4143345  
  1627020433 568411697 4143345  
  1627020434 568411697 4143345  
  1627020435 568411697 4143345  
  1627020436 568411697 4143345  
  1627020437 568411697 4143345  
  1627020438 568411697 4143345  
  1627020439 568411697 4143345  
  1627020440 568411697 4143345  
  1627020441 568411697 4143345  
  1627020442 568411697 4143345  
  1627020443 568411697 4143345  
  1627020444 568411697 4143345  
  1627020445 568411697 4143345  
  1627020446 568411697 4143345  
  1627020447 568411697 4143345  
  1627020448 568411697 4143345  
  1627020449 568411697 4143345  
  1627020450 568411697 4143345  
  1627020451 568411697 4143345  
  1627020452 568411697 4143345  
  1627020453 568411697 4143345  
  1627020454 568411697 4143345  
  1627020455 568411697 4143345  
  1627020456 568411697 4143345  
  1627020458 568411697 4143345  
  1627020459 568411697 4143345  
  1627020460 568411697 4143345  
  1627020461 568411697 4143345  
  1627020462 568411697 4143345  
  1627020463 568411697 4143345  
  1627020464 568411697 4143345  
  1627020465 568411697 4143345  
  1627020466 568411697 4143345  
  1627020467 568411697 4143345  
  1627020468 568411697 4143345  
  1627020469 568411697 4143345  
  1627020470 568411697 4143345  
  1627020471 568411697 4143345  
  1627020472 568411697 4143345  
  1627020473 568411697 4143345  
  1627020474 568411697 4143345  
  1627020475 568411697 4143345  
  1627020476 568411697 4143345  
  1627020477 568411697 4143345  
  1627020478 568411697 4143345  
  1627020479 568411697 4143345  
  1627020480 568411697 4143345  
  1627020481 568411697 4143345  
  1627020482 568411697 4143345  
  1627020483 568411697 4143345  
  1627020484 568411697 4143345  
  1627020485 568411697 4143345  
  1627020486 568411697 4143345  
  1627020487 568411697 4143345  
  1627020488 568411697 4143345  
  1627020489 568411697 4143345  
  1627020490 568411697 4143345  
  1627020491 568411697 4143345  
  1627020492 568411697 4143345  
  1627020493 568411697 4143345  
  1627020494 568411697 4143345  
  1627020495 568411697 4143345  
  1627020497 568411697 4143345  
  1627020498 568411697 4143345  
  1627020499 568411697 4143345  
  1627020500 568411697 4143345  
  1627020501 568411697 4143345  
  1627020502 568411697 4143345  
  1627020503 568411697 4143345  
  1627020504 568411697 4143345  
  1627020505 568411697 4143345  
  1627020506 568411697 4143345  
  1627020507 568411697 4143345  
  1627020508 568411697 4143345  
  1627020509 568411697 4143345  
  1627020510 568411697 4143345  
  1627020511 568411697 4143345  
  1627020512 568411697 4143345  
  1627020513 568411697 4143345  
  1627020514 568411697 4143345  
  1627020515 568411697 4143345  
  1627020516 568411697 4143345  
  1627020517 568411697 4143345  
  1627020518 568416006 4143345  
  1627020519 568416330 4143345  
  1627020520 568416330 4143345  
  1627020521 568416970 4143345  
  1627020522 568416970 4143345  
  1627020523 568416970 4143345  
  1627020524 568416970 4143345  
  1627020525 568416970 4143345  
  1627020526 568416970 4143345  
  1627020527 568416970 4143345  
  1627020528 568416970 4143345  
  1627020529 568416970 4143345  
  1627020530 568416970 4143345  
  1627020531 568416970 4143345  
  1627020532 568416970 4143345  
  1627020533 568416970 4143345  
  1627020534 568416970 4143345  
  1627020535 568416970 4143345  
  1627020537 568416970 4143345  
  1627020538 568416970 4143345  
  1627020539 568416970 4143345  
  1627020540 568416970 4143345  
  1627020541 568416970 4143345  
  1627020542 568416970 4143345  
  1627020543 568416970 4143345  
  1627020544 568416970 4143345  
  1627020545 568416970 4143345  
  1627020546 568416970 4143345  
  1627020547 568416970 4143345  
  1627020548 568416970 4143345  
  1627020549 568416970 4143345  
  1627020550 568416970 4143345  
  1627020551 568416970 4143345  
  1627020552 568416970 4143345  
  1627020553 568416970 4143345  
  1627020554 568416970 4143345  
  1627020555 568416970 4143345  
  1627020556 568416970 4143345  
  1627020557 568416970 4143345  
  1627020558 568416970 4143345  
  1627020559 568416970 4143345  
  1627020560 568416970 4143345  
  1627020561 568416970 4143345  
  1627020562 568416970 4143345  
  1627020563 568416970 4143345  
  1627020564 568416970 4143345  
  1627020565 568416970 4143345  
  1627020566 568416970 4143345  
  1627020567 568416970 4143345  
  1627020568 568416970 4143345  
  1627020569 568416970 4143345  
  1627020570 568447761 4143345  
  1627020571 568447761 4143345  
  1627020572 568447761 4143345  
  1627020573 568447761 4143345  
  1627020574 568447761 4143345  
  1627020576 568447761 4143345  
  1627020577 568447761 4143345  
  1627020578 568447761 4143345  
  1627020579 568447761 4143345  
  1627020580 568447761 4143345  
  1627020581 568447761 4143345  
  1627020582 568447761 4143345  
  1627020583 568447761 4143345  
  1627020584 568447761 4143345  
  1627020585 568447761 4143345  
  1627020586 568447761 4143345  
  1627020587 568447761 4143345  
  1627020588 568447761 4143345  
  1627020589 568447761 4143345  
  1627020590 568447761 4143345  
  1627020591 568447761 4143345  
  1627020592 568447761 4143345  
  1627020593 568447761 4143345  
  1627020594 568447761 4143345  
  1627020595 568447761 4143345  
  1627020596 568447761 4143345  
  1627020597 568447761 4143345  
  1627020598 568447761 4143345  
  1627020599 568447761 4143345  
  1627020600 568447761 4143345  
  1627020601 568447761 4143345  
  1627020602 568447761 4143345  
  1627020603 568447761 4143345  
  1627020604 568447761 4143345  
  1627020605 568447761 4143345  
  1627020606 568447761 4143345  
  1627020607 568447761 4143345  
  1627020608 568447761 4143345  
  1627020609 568447761 4143345  
  1627020610 568447761 4143345  
  1627020611 568447761 4143345  
  1627020612 568447761 4143345  
  1627020613 568447761 4143345  
  1627020615 568447761 4143345  
  1627020616 568447761 4143345  
  1627020617 568447761 4143345  
  1627020618 568447761 4143345  
  1627020619 568447761 4143345  
  1627020620 568447761 4143345  
  1627020621 568447761 4143345  
  1627020622 568447761 4143345  
  1627020623 568447761 4143345  
  1627020624 568447761 4143345  
  1627020625 568447761 4143345  
  1627020626 568447761 4143345  
  1627020627 568447761 4143345  
  1627020628 568447761 4143345  
  1627020629 568447761 4143345  
  1627020630 568447761 4143345  
  1627020631 568447921 4143345  
  1627020632 568447921 4143345  
  1627020633 568447921 4143345  
  1627020634 568447921 4143345  
  1627020635 568447921 4143345  
  1627020636 568447921 4143345  
  1627020637 568449502 4143345  
  1627020638 568449502 4143345  
  1627020639 568449502 4143345  
  1627020640 568449502 4143345  
  1627020641 568449502 4143345  
  1627020642 568449502 4143345  
  1627020643 568453811 4143345  
  1627020644 568454135 4143345  
  1627020645 568459408 4143345  
  1627020646 568459568 4143345  
  1627020647 568460276 4143345  
  1627020648 568460276 4143345  
  1627020649 568460276 4143345  
  1627020650 568460276 4143345  
  1627020651 568469474 4143345  
  1627020652 568470182 4143345  
  1627020654 568470958 4143345  
  1627020655 568470958 4143345  
  1627020656 568470958 4143345  
  1627020657 568470958 4143345  
  1627020658 568470958 4143345  
  1627020659 568470958 4143345  
  1627020660 568470958 4143345  
  1627020661 568470958 4143345  
  1627020662 568470958 4143345  
  1627020663 568470958 4143345  
  1627020664 568470958 4143345  
  1627020665 568470958 4143345  
  1627020666 568470958 4143345  
  1627020667 568470958 4143345  
  1627020668 568470958 4143345  
  1627020669 568470958 4143345  
  1627020670 568470958 4143345  
  1627020671 568472553 4143345  
  1627020672 568472553 4143345  
  1627020673 568472553 4143345  
  1627020674 568472553 4143345  
  1627020675 568472553 4143345  
  1627020676 568472553 4143345  
  1627020677 568472553 4143345  
  1627020678 568472553 4143345  
  1627020679 568472553 4143345  
  1627020680 568472553 4143345  
  1627020681 568472553 4143345  
  1627020682 568472553 4143345  
  1627020683 568472553 4143345  
  1627020684 568472553 4143345  
  1627020685 568472553 4143345  
  1627020686 568472553 4143345  
  1627020687 568472553 4143345  
  1627020688 568472553 4143345  
  1627020689 568472553 4143345  
  1627020690 568472553 4143345  
  1627020691 568472553 4143345  
  1627020693 568472553 4143345  
  1627020694 568472553 4143345  
  1627020695 568472553 4143345  
  1627020696 568472553 4143345  
  1627020697 568472553 4143345  
  1627020698 568472553 4143345  
  1627020699 568472553 4143345  
  1627020700 568472553 4143345  
  1627020701 568472553 4143345  
  1627020702 568472553 4143345  
  1627020703 568472553 4143345  
  1627020704 568472553 4143345  
  1627020705 568472553 4143345  
  1627020706 568472553 4143345  
  1627020707 568472553 4143345  
  1627020708 568472553 4143345  
  1627020709 568472553 4143345  
  1627020710 568472553 4143345  
  1627020711 568472553 4143345  
  1627020712 568472553 4143345  
  1627020713 568472553 4143345  
  1627020714 568472553 4143345  
  1627020715 568472553 4143345  
  1627020716 568472553 4143345  
  1627020717 568472553 4143345  
  1627020718 568472553 4143345  
  1627020719 568472553 4143345  
  1627020720 568472553 4143345  
  1627020721 568472553 4143345  
  1627020722 568472553 4143345  
  1627020723 568472553 4143345  
  1627020724 568472553 4143345  
  1627020725 568472553 4143345  
  1627020726 568472553 4143345  
  1627020727 568472553 4143345  
  1627020728 568472553 4143345  
  1627020730 568472553 4143345  
  1627020731 568472553 4143345  
  1627020732 568472553 4143345  
  1627020733 568472553 4143345  
  1627020734 568472553 4143345  
  1627020735 568472553 4143345  
  1627020736 568472553 4143345  
  1627020737 568472553 4143345  
  1627020738 568472553 4143345  
  1627020739 568472553 4143345  
  1627020740 568472553 4143345  
  1627020741 568472553 4143345  
  1627020742 568472553 4143345  
  1627020743 568472553 4143345  
  1627020744 568472553 4143345  
  1627020745 568472553 4143345  
  1627020746 568472553 4143345  
  1627020747 568472553 4143345  
  1627020748 568472553 4143345  
  1627020749 568472553 4143345  
  1627020750 568472553 4143345  
  1627020751 568472553 4143345  
  1627020752 568472553 4143345  
  1627020753 568472553 4143345  
  1627020754 568472553 4143345  
  1627020755 568472553 4143345  
  1627020756 568472553 4143345  
  1627020757 568472553 4143345  
  1627020758 568472553 4143345  
  1627020759 568472553 4143345  
  1627020760 568472553 4143345  
  1627020761 568472553 4143345  
  1627020762 568472553 4143345  
  1627020763 568472553 4143345  
  1627020764 568472553 4143345  
  1627020765 568472553 4143345  
  1627020766 568472553 4143345  
  1627020768 568472553 4143345  
  1627020769 568472553 4143345  
  1627020770 568472553 4143345  
  1627020771 568472553 4143345  
  1627020772 568472553 4143345  
  1627020773 568472553 4143345  
  1627020774 568472553 4143345  
  1627020775 568472553 4143345  
  1627020776 568472553 4143345  
  1627020777 568472553 4143345  
  1627020778 568472553 4143345  
  1627020779 568472553 4143345  
  1627020780 568472553 4143345  
  1627020781 568472553 4143345  
  1627020782 568472553 4143345  
  1627020783 568472553 4143345  
  1627020784 568472553 4143345  
  1627020785 568472553 4143345  
  1627020786 568472553 4143345  
  1627020787 568472553 4143345  
  1627020788 568472553 4143345  
  1627020789 568472553 4143345  
  1627020790 568472553 4143345  
  1627020791 568472553 4143345  
  1627020792 568472553 4143345  
  1627020793 568472553 4143345  
  1627020794 568472553 4143345  
  1627020795 568472553 4143345  
  1627020796 568472553 4143345  
  1627020797 568472553 4143345  
  1627020798 568472553 4143345  
  1627020799 568472553 4143345  
  1627020800 568472553 4143345  
  1627020801 568472553 4143345  
  1627020802 568472553 4143345  
  1627020803 568472553 4143345  
  1627020804 568472553 4143345  
  1627020806 568472553 4143345  
  1627020807 568472553 4143345  
  1627020808 568472553 4143345  
  1627020809 568472553 4143345  
  1627020810 568472553 4143345  
  1627020811 568472553 4143345  
  1627020812 568472553 4143345  
  1627020813 568472891 4143345  
  1627020814 568472891 4143345  
  1627020815 568472891 4143345  
  1627020816 568472891 4143345  
  1627020817 568472891 4143345  
  1627020818 568472891 4143345  
  1627020819 568477200 4143345  
  1627020820 568477524 4143345  
  1627020821 568477524 4143345  
  1627020822 568478164 4143345  
  1627020823 568478164 4143345  
  1627020824 568478164 4143345  
  1627020825 568478164 4143345  
  1627020826 568478164 4143345  
  1627020827 568478164 4143345  
  1627020828 568478164 4143345  
  1627020829 568478164 4143345  
  1627020830 568478164 4143345  
  1627020831 568478164 4143345  
  1627020832 568478164 4143345  
  1627020833 568478164 4143345  
  1627020834 568478164 4143345  
  1627020835 568478164 4143345  
  1627020836 568478164 4143345  
  1627020837 568478164 4143345  
  1627020838 568478164 4143345  
  1627020839 568478502 4143345  
  1627020840 568478502 4143345  
  1627020841 568478502 4143345  
  1627020842 568478502 4143345  
  1627020844 568478502 4143345  
  1627020845 568478502 4143345  
  1627020846 568478502 4143345  
  1627020847 568478502 4143345  
  1627020848 568478502 4143345  
  1627020849 568478502 4143345  
  1627020850 568478502 4143345  
  1627020851 568478502 4143345  
  1627020852 568478502 4143345  
  1627020853 568478502 4143345  
  1627020854 568478502 4143345  
  1627020855 568478502 4143345  
  1627020856 568478502 4143345  
  1627020857 568478502 4143345  
  1627020858 568478502 4143345  
  1627020859 568478502 4143345  
  1627020860 568478502 4143345  
  1627020861 568478502 4143345  
  1627020862 568478502 4143345  
  1627020863 568478502 4143345  
  1627020864 568478502 4143345  
  1627020865 568478502 4143345  
  1627020866 568478502 4143345  
  1627020867 568478502 4143345  
  1627020868 568478502 4143345  
  1627020869 568478502 4143345  
  1627020870 568478502 4143345  
  1627020871 568479160 4143345  
  1627020872 568479160 4143345  
  1627020873 568479160 4143345  
  1627020874 568479160 4143345  
  1627020875 568479160 4143345  
  1627020876 568479160 4143345  
  1627020877 568479160 4143345  
  1627020878 568479160 4143345  
  1627020879 568479160 4143345  
  1627020880 568479160 4143345  
  1627020882 568479160 4143345  
  1627020883 568479160 4143345  
  1627020884 568479160 4143345  
  1627020885 568479160 4143345  
  1627020886 568479160 4143345  
  1627020887 568479160 4143345  
  1627020888 568479252 4143345  
  1627020889 568479252 4143345  
  1627020890 568479252 4143345  
  1627020891 568479252 4143345  
  1627020892 568479252 4143345  
  1627020893 568479252 4143345  
  1627020894 568479252 4143345  
  1627020895 568479252 4143345  
  1627020896 568479252 4143345  
  1627020897 568479252 4143345  
  1627020898 568479252 4143345  
  1627020899 568479252 4143345  
  1627020900 568479252 4143345  
  1627020901 568479252 4143345  
  1627020902 568479252 4143345  
  1627020903 568479252 4143345  
  1627020904 568479252 4143345  
  1627020905 568479252 4143345  
  1627020906 568479344 4143345  
  1627020907 568479344 4143345  
  1627020908 568479344 4143345  
  1627020909 568479344 4143345  
  1627020910 568479344 4143345  
  1627020911 568479344 4143345  
  1627020912 568479344 4143345  
  1627020913 568479344 4143345  
  1627020914 568479344 4143345  
  1627020915 568479344 4143345  
  1627020916 568479344 4143345  
  1627020917 568479344 4143345  
  1627020918 568479344 4143345  
  1627020919 568479344 4143345  
  1627020921 568479344 4143345  
  1627020922 568479344 4143345  
  1627020923 568479344 4143345  
  1627020924 568479344 4143345  
  1627020925 568479344 4143345  
  1627020926 568479344 4143345  
  1627020927 568479344 4143345  
  1627020928 568479344 4143345  
  1627020929 568479344 4143345  
  1627020930 568479344 4143345  
  1627020931 568479344 4143345  
  1627020932 568479344 4143345  
  1627020933 568479344 4143345  
  1627020934 568479344 4143345  
  1627020935 568479344 4143345  
  1627020936 568479344 4143345  
  1627020937 568479701 4143345  
  1627020938 568479701 4143345  
  1627020939 568479701 4143345  
  1627020940 568479701 4143345  
  1627020941 568479701 4143345  
  1627020942 568479701 4143345  
  1627020943 568484010 4143345  
  1627020944 568484334 4143345  
  1627020945 568489171 4143345  
  1627020946 568489675 4143345  
  1627020947 568490383 4143345  
  1627020948 568490383 4143345  
  1627020949 568490383 4143345  
  1627020950 568490383 4143345  
  1627020951 568496977 4143345  
  1627020952 568499649 4143345  
  1627020953 568501065 4143345  
  1627020954 568501065 4143345  
  1627020955 568501065 4143345  
  1627020956 568501065 4143345  
  1627020957 568501065 4143345  
  1627020959 568501065 4143345  
  1627020960 568501065 4143345  
  1627020961 568501065 4143345  
  1627020962 568501065 4143345  
  1627020963 568501065 4143345  
  1627020964 568501065 4143345  
  1627020965 568501065 4143345  
  1627020966 568501065 4143345  
  1627020967 568501065 4143345  
  1627020968 568501065 4143345  
  1627020969 568501065 4143345  
  1627020970 568501065 4143345  
  1627020971 568501065 4143345  
  1627020972 568501065 4143345  
  1627020973 568501065 4143345  
  1627020974 568501065 4143345  
  1627020975 568501065 4143345  
  1627020976 568501065 4143345  
  1627020977 568501065 4143345  
  1627020978 568501065 4143345  
  1627020979 568501065 4143345  
  1627020980 568501065 4143345  
  1627020981 568501065 4143345  
  1627020982 568501065 4143345  
  1627020983 568501065 4143345  
  1627020984 568501065 4143345  
  1627020985 568501065 4143345  
  1627020986 568501065 4143345  
  1627020987 568501147 4143345  
  1627020988 568501147 4143345  
  1627020989 568501485 4143345  
  1627020990 568501485 4143345  
  1627020991 568501485 4143345  
  1627020992 568501485 4143345  
  1627020993 568501485 4143345  
  1627020994 568501485 4143345  
  1627020995 568501485 4143345  
  1627020996 568501485 4143345  
  1627020997 568501485 4143345  
  1627020999 568501485 4143345  
  1627021000 568501485 4143345  
  1627021001 568501485 4143345  
  1627021002 568501485 4143345  
  1627021003 568501485 4143345  
  1627021004 568501485 4143345  
  1627021005 568501485 4143345  
  1627021006 568501485 4143345  
  1627021007 568502018 4143345  
  1627021008 568502018 4143345  
  1627021009 568502018 4143345  
  1627021010 568502018 4143345  
  1627021011 568502018 4143345  
  1627021012 568502018 4143345  
  1627021013 568502018 4143345  
  1627021014 568502018 4143345  
  1627021015 568502018 4143345  
  1627021016 568502018 4143345  
  1627021017 568502018 4143345  
  1627021018 568502018 4143345  
  1627021019 568502018 4143345  
  1627021020 568502018 4143345  
  1627021021 568502018 4143345  
  1627021022 568502018 4143345  
  1627021023 568502018 4143345  
  1627021024 568502018 4143345  
  1627021025 568502018 4143345  
  1627021026 568502018 4143345  
  1627021027 568502018 4143345  
  1627021028 568502018 4143345  
  1627021029 568502018 4143345  
  1627021030 568502018 4143345  
  1627021031 568502018 4143345  
  1627021032 568502018 4143345  
  1627021033 568502018 4143345  
  1627021034 568502018 4143345  
  1627021035 568502018 4143345  
  1627021036 568502018 4143345  
  1627021038 568502018 4143345  
  1627021039 568502018 4143345  
  1627021040 568502018 4143345  
  1627021041 568502018 4143345  
  1627021042 568502018 4143345  
  1627021043 568502018 4143345  
  1627021044 568502018 4143345  
  1627021045 568502018 4143345  
  1627021046 568502018 4143345  
  1627021047 568502018 4143345  
  1627021048 568502018 4143345  
  1627021049 568502018 4143345  
  1627021050 568502018 4143345  
  1627021051 568502018 4143345  
  1627021052 568502018 4143345  
  1627021053 568502018 4143345  
  1627021054 568502018 4143345  
  1627021055 568502018 4143345  
  1627021056 568502018 4143345  
  1627021057 568502018 4143345  
  1627021058 568502018 4143345  
  1627021059 568502018 4143345  
  1627021060 568502018 4143345  
  1627021061 568502018 4143345  
  1627021062 568502018 4143345  
  1627021063 568502018 4143345  
  1627021064 568502018 4143345  
  1627021065 568502018 4143345  
  1627021066 568502018 4143345  
  1627021067 568502018 4143345  
  1627021068 568502018 4143345  
  1627021069 568502018 4143345  
  1627021070 568502614 4143345  
  1627021071 568502614 4143345  
  1627021072 568502614 4143345  
  1627021073 568502614 4143345  
  1627021074 568502614 4143345  
  1627021075 568502614 4143345  
  1627021076 568502614 4143345  
  1627021078 568502614 4143345  
  1627021079 568502614 4143345  
  1627021080 568502614 4143345  
  1627021081 568502614 4143345  
  1627021082 568502614 4143345  
  1627021083 568502614 4143345  
  1627021084 568502614 4143345  
  1627021085 568502614 4143345  
  1627021086 568502614 4143345  
  1627021087 568502614 4143345  
  1627021088 568502614 4143345  
  1627021089 568502614 4143345  
  1627021090 568502614 4143345  
  1627021091 568502614 4143345  
  1627021092 568502614 4143345  
  1627021093 568502614 4143345  
  1627021094 568502614 4143345  
  1627021095 568502614 4143345  
  1627021096 568502614 4143345  
  1627021097 568502614 4143345  
  1627021098 568502614 4143345  
  1627021099 568502614 4143345  
  1627021100 568502614 4143345  
  1627021101 568502614 4143345  
  1627021102 568502614 4143345  
  1627021103 568502614 4143345  
  1627021104 568502614 4143345  
  1627021105 568502614 4143345  
  1627021106 568502614 4143345  
  1627021107 568502614 4143345  
  1627021108 568502614 4143345  
  1627021109 568502614 4143345  
  1627021110 568502614 4143345  
  1627021111 568502614 4143345  
  1627021112 568502614 4143345  
  1627021113 568502614 4143345  
  1627021114 568502614 4143345  
  1627021115 568502614 4143345  
  1627021116 568502614 4143345  
  1627021118 568502614 4143345  
  1627021119 568504491 4143345  
  1627021120 568507247 4143345  
  1627021121 568507247 4143345  
  1627021122 568507955 4143345  
  1627021123 568507955 4143345  
  1627021124 568507955 4143345  
  1627021125 568507955 4143345  
  1627021126 568507955 4143345  
  1627021127 568507955 4143345  
  1627021128 568507955 4143345  
  1627021129 568508293 4143345  
  1627021130 568508293 4143345  
  1627021131 568508293 4143345  
  1627021132 568508293 4143345  
  1627021133 568508293 4143345  
  1627021134 568508293 4143345  
  1627021135 568508293 4143345  
  1627021136 568508293 4143345  
  1627021137 568508293 4143345  
  1627021138 568508293 4143345  
  1627021139 568508293 4143345  
  1627021140 568508293 4143345  
  1627021141 568508293 4143345  
  1627021142 568508293 4143345  
  1627021143 568508293 4143345  
  1627021144 568508293 4143345  
  1627021145 568508385 4143345  
  1627021146 568508385 4143345  
  1627021147 568508385 4143345  
  1627021148 568508385 4143345  
  1627021149 568508385 4143345  
  1627021150 568508385 4143345  
  1627021151 568508385 4143345  
  1627021152 568508385 4143345  
  1627021153 568508385 4143345  
  1627021154 568508385 4143345  
  1627021155 568508385 4143345  
  1627021156 568508385 4143345  
  1627021158 568508385 4143345  
  1627021159 568508385 4143345  
  1627021160 568508385 4143345  
  1627021161 568508385 4143345  
  1627021162 568508385 4143345  
  1627021163 568508385 4143345  
  1627021164 568508385 4143345  
  1627021165 568508477 4143345  
  1627021166 568508477 4143345  
  1627021167 568508477 4143345  
  1627021168 568508477 4143345  
  1627021169 568508477 4143345  
  1627021170 568508477 4143345  
  1627021171 568508477 4143345  
  1627021172 568508477 4143345  
  1627021173 568508477 4143345  
  1627021174 568508477 4143345  
  1627021175 568508477 4143345  
  1627021176 568508477 4143345  
  1627021177 568508477 4143345  
  1627021178 568508477 4143345  
  1627021179 568508477 4143345  
  1627021180 568508477 4143345  
  1627021181 568508477 4143345  
  1627021182 568508477 4143345  
  1627021183 568508477 4143345  
  1627021184 568508477 4143345  
  1627021185 568508477 4143345  
  1627021186 568508477 4143345  
  1627021187 568508477 4143345  
  1627021188 568508477 4143345  
  1627021189 568508477 4143345  
  1627021190 568508555 4143345  
  1627021191 568510225 4143345  
  1627021192 568521071 4143345  
 