 1626713587 452382427 0  
  1626713588 452382427 0  
  1626713589 452382427 0  
  1626713591 452382427 0  
  1626713592 452382427 0  
  1626713593 452382427 0  
  1626713594 452382427 0  
  1626713595 452382427 0  
  1626713596 452382427 0  
  1626713597 452382427 0  
  1626713598 452382427 0  
  1626713599 452382427 0  
  1626713600 452382427 0  
  1626713601 452382427 0  
  1626713602 452382427 0  
  1626713603 452382427 0  
  1626713604 452382427 0  
  1626713605 452382427 0  
  1626713606 452382427 0  
  1626713607 452382427 0  
  1626713608 452382427 0  
  1626713609 452382483 0  
  1626713610 452382483 0  
  1626713611 452382483 0  
  1626713612 452382483 0  
  1626713613 452382483 0  
  1626713614 452382483 0  
  1626713615 452382483 0  
  1626713616 452382483 0  
  1626713617 452382483 0  
  1626713618 452382483 0  
  1626713619 452382483 0  
  1626713620 452382483 0  
  1626713621 452382483 0  
  1626713622 452382483 0  
  1626713623 452382483 0  
  1626713624 452382483 0  
  1626713625 452382483 0  
  1626713626 452382483 0  
  1626713627 452382483 0  
  1626713628 452382483 0  
  1626713630 452382483 0  
  1626713631 452382483 0  
  1626713632 452382483 0  
  1626713633 452382483 0  
  1626713634 452382483 0  
  1626713635 452382483 0  
  1626713636 452382483 0  
  1626713637 452382483 0  
  1626713638 452382483 0  
  1626713639 452382483 0  
  1626713640 452382483 0  
  1626713641 452382483 0  
  1626713642 452382483 0  
  1626713643 452382483 0  
  1626713644 452382483 0  
  1626713645 452382483 0  
  1626713646 452382483 0  
  1626713647 452382483 0  
  1626713648 452382483 0  
  1626713649 452382483 0  
  1626713650 452382483 0  
  1626713651 452382483 0  
  1626713652 452382483 0  
  1626713653 452382483 0  
  1626713654 452382483 0  
  1626713655 452382483 0  
  1626713656 452382483 0  
  1626713657 452382483 0  
  1626713658 452382483 0  
  1626713659 452382483 0  
  1626713660 452382483 0  
  1626713661 452382483 0  
  1626713662 452382483 0  
  1626713663 452382483 0  
  1626713664 452382483 0  
  1626713665 452382483 0  
  1626713666 452382483 0  
  1626713667 452382483 0  
  1626713668 452382483 0  
  1626713669 452382575 0  
  1626713671 452382575 0  
  1626713672 452382575 0  
  1626713673 452382575 0  
  1626713674 452382575 0  
  1626713675 452382575 0  
  1626713676 452382575 0  
  1626713677 452382575 0  
  1626713678 452382575 0  
  1626713679 452382575 0  
  1626713680 452382575 0  
  1626713681 452382575 0  
  1626713682 452382575 0  
  1626713683 452382575 0  
  1626713684 452382575 0  
  1626713685 452382575 0  
  1626713686 452382575 0  
  1626713687 452382575 0  
  1626713688 452382575 0  
  1626713689 452382575 0  
  1626713690 452382575 0  
  1626713691 452382575 0  
  1626713692 452382575 0  
  1626713693 452382575 0  
  1626713694 452382575 0  
  1626713695 452382575 0  
  1626713696 452382575 0  
  1626713697 452382913 0  
  1626713698 452382913 0  
  1626713699 452382913 0  
  1626713700 452382913 0  
  1626713701 452382913 0  
  1626713702 452382913 0  
  1626713703 452387222 0  
  1626713704 452387546 0  
  1626713705 452388186 0  
  1626713706 452388186 0  
  1626713707 452388186 0  
  1626713708 452388186 0  
  1626713709 452388186 0  
  1626713711 452388186 0  
  1626713712 452388186 0  
  1626713713 452388186 0  
  1626713714 452388186 0  
  1626713715 452388186 0  
  1626713716 452388186 0  
  1626713717 452392315 0  
  1626713718 452392819 0  
  1626713719 452397452 0  
  1626713720 452398800 0  
  1626713721 452403501 0  
  1626713722 452404209 0  
  1626713723 452404209 0  
  1626713724 452404209 0  
  1626713725 452404209 0  
  1626713726 452404209 0  
  1626713727 452404209 0  
  1626713728 452404209 0  
  1626713729 452404301 0  
  1626713730 452404301 0  
  1626713731 452404301 0  
  1626713732 452404301 0  
  1626713733 452404301 0  
  1626713734 452404301 0  
  1626713735 452404301 0  
  1626713736 452404301 0  
  1626713737 452404658 0  
  1626713738 452404658 0  
  1626713739 452404658 0  
  1626713740 452404658 0  
  1626713741 452404658 0  
  1626713742 452404658 0  
  1626713743 452404658 0  
  1626713744 452404658 0  
  1626713745 452404658 0  
  1626713746 452404658 0  
  1626713747 452404658 0  
  1626713748 452404658 0  
  1626713749 452404658 0  
  1626713751 452404658 0  
  1626713752 452404658 0  
  1626713753 452404658 0  
  1626713754 452404658 0  
  1626713755 452404658 0  
  1626713756 452404658 0  
  1626713757 452404658 0  
  1626713758 452404658 0  
  1626713759 452404658 0  
  1626713760 452404658 0  
  1626713761 452404658 0  
  1626713762 452404658 0  
  1626713763 452404658 0  
  1626713764 452405316 0  
  1626713765 452405316 0  
  1626713766 452405316 0  
  1626713767 452405316 0  
  1626713768 452405316 0  
  1626713769 452405316 0  
  1626713770 452405316 0  
  1626713771 452405316 0  
  1626713772 452405316 0  
  1626713773 452405316 0  
  1626713774 452405316 0  
  1626713775 452405316 0  
  1626713776 452405316 0  
  1626713777 452405316 0  
  1626713778 452405316 0  
  1626713779 452405316 0  
  1626713780 452405316 0  
  1626713781 452405316 0  
  1626713782 452405316 0  
  1626713783 452405316 0  
  1626713784 452405316 0  
  1626713785 452405316 0  
  1626713786 452405316 0  
  1626713787 452405316 0  
  1626713788 452405316 0  
  1626713789 452405316 0  
  1626713791 452405316 0  
  1626713792 452405316 0  
  1626713793 452405316 0  
  1626713794 452405316 0  
  1626713795 452405316 0  
  1626713796 452405316 0  
  1626713797 452405316 0  
  1626713798 452405316 0  
  1626713799 452405316 0  
  1626713800 452405316 0  
  1626713801 452405316 0  
  1626713802 452405316 0  
  1626713803 452405316 0  
  1626713804 452405316 0  
  1626713805 452405316 0  
  1626713806 452405316 0  
  1626713807 452405316 0  
  1626713808 452405316 0  
  1626713809 452405316 0  
  1626713810 452405316 0  
  1626713811 452405316 0  
  1626713812 452405316 0  
  1626713813 452405316 0  
  1626713814 452405316 0  
  1626713815 452405316 0  
  1626713816 452405316 0  
  1626713817 452405316 0  
  1626713818 452405316 0  
  1626713819 452405316 0  
  1626713820 452405316 0  
  1626713821 452405316 0  
  1626713822 452405316 0  
  1626713823 452405316 0  
  1626713824 452405316 0  
  1626713825 452405316 0  
  1626713826 452405316 0  
  1626713827 452405316 0  
  1626713828 452405316 0  
  1626713829 452405316 0  
  1626713831 452405316 0  
  1626713832 452405316 0  
  1626713833 452405316 0  
  1626713834 452405316 0  
  1626713835 452405316 0  
  1626713836 452405316 0  
  1626713837 452405316 0  
  1626713838 452405316 0  
  1626713839 452405316 0  
  1626713840 452405316 0  
  1626713841 452405316 0  
  1626713842 452405316 0  
  1626713843 452405316 0  
  1626713844 452405316 0  
  1626713845 452405316 0  
  1626713846 452405316 0  
  1626713847 452405654 0  
  1626713848 452405654 0  
  1626713849 452405654 0  
  1626713850 452405654 0  
  1626713851 452405654 0  
  1626713852 452405654 0  
  1626713853 452405654 0  
  1626713854 452405654 0  
  1626713855 452405722 0  
  1626713856 452405722 0  
  1626713857 452405722 0  
  1626713858 452405722 0  
  1626713859 452405722 0  
  1626713860 452405722 0  
  1626713861 452406878 0  
  1626713862 452406878 0  
  1626713863 452406878 0  
  1626713864 452406878 0  
  1626713865 452406878 0  
  1626713866 452406878 0  
  1626713867 452408755 0  
  1626713868 452411511 0  
  1626713870 452411511 0  
  1626713871 452412219 0  
  1626713872 452412219 0  
  1626713873 452412219 0  
  1626713874 452412219 0  
  1626713875 452412219 0  
  1626713876 452412219 0  
  1626713877 452412219 0  
  1626713878 452412219 0  
  1626713879 452412219 0  
  1626713880 452412219 0  
  1626713881 452412219 0  
  1626713882 452412219 0  
  1626713883 452412219 0  
  1626713884 452412219 0  
  1626713885 452412219 0  
  1626713886 452412219 0  
  1626713887 452412219 0  
  1626713888 452412219 0  
  1626713889 452412219 0  
  1626713890 452412219 0  
  1626713891 452412219 0  
  1626713892 452412219 0  
  1626713893 452412219 0  
  1626713894 452412219 0  
  1626713895 452412219 0  
  1626713896 452412219 0  
  1626713897 452412219 0  
  1626713898 452412219 0  
  1626713899 452412219 0  
  1626713900 452412219 0  
  1626713901 452412219 0  
  1626713902 452412219 0  
  1626713903 452412219 0  
  1626713904 452412219 0  
  1626713905 452412219 0  
  1626713906 452412219 0  
  1626713907 452412219 0  
  1626713908 452412219 0  
  1626713910 452412219 0  
  1626713911 452412219 0  
  1626713912 452412219 0  
  1626713913 452412219 0  
  1626713914 452412219 0  
  1626713915 452412219 0  
  1626713916 452412219 0  
  1626713917 452412219 0  
  1626713918 452412219 0  
  1626713919 452412219 0  
  1626713920 452412219 0  
  1626713921 452412219 0  
  1626713922 452412219 0  
  1626713923 452412219 0  
  1626713924 452412219 0  
  1626713925 452412219 0  
  1626713926 452412219 0  
  1626713927 452412219 0  
  1626713928 452412219 0  
  1626713929 452412311 0  
  1626713930 452412311 0  
  1626713931 452412311 0  
  1626713932 452412311 0  
  1626713933 452412311 0  
  1626713934 452412311 0  
  1626713935 452412311 0  
  1626713936 452412311 0  
  1626713937 452412311 0  
  1626713938 452412311 0  
  1626713939 452412311 0  
  1626713940 452412311 0  
  1626713941 452412311 0  
  1626713942 452412311 0  
  1626713943 452412311 0  
  1626713944 452412311 0  
  1626713945 452412311 0  
  1626713946 452412311 0  
  1626713948 452412311 0  
  1626713949 452412311 0  
  1626713950 452412311 0  
  1626713951 452412311 0  
  1626713952 452412311 0  
  1626713953 452412311 0  
  1626713954 452412311 0  
  1626713955 452412311 0  
  1626713956 452412311 0  
  1626713957 452412311 0  
  1626713958 452412311 0  
  1626713959 452412311 0  
  1626713960 452412311 0  
  1626713961 452412311 0  
  1626713962 452412311 0  
  1626713963 452412969 0  
  1626713964 452412969 0  
  1626713965 452412969 0  
  1626713966 452412969 0  
  1626713967 452412969 0  
  1626713968 452412969 0  
  1626713969 452412969 0  
  1626713970 452412969 0  
  1626713971 452412969 0  
  1626713972 452412969 0  
  1626713973 452412969 0  
  1626713974 452412969 0  
  1626713975 452412969 0  
  1626713976 452412969 0  
  1626713977 452412969 0  
  1626713978 452412969 0  
  1626713979 452412969 0  
  1626713980 452412969 0  
  1626713981 452412969 0  
  1626713982 452412969 0  
  1626713983 452412969 0  
  1626713984 452412969 0  
  1626713986 452412969 0  
  1626713987 452412969 0  
  1626713988 452413061 0  
  1626713989 452413061 0  
  1626713990 452413061 0  
  1626713991 452413061 0  
  1626713992 452413061 0  
  1626713993 452413061 0  
  1626713994 452413061 0  
  1626713995 452413061 0  
  1626713996 452413061 0  
  1626713997 452413399 0  
  1626713998 452413399 0  
  1626713999 452413399 0  
  1626714000 452413399 0  
  1626714001 452413399 0  
  1626714002 452413399 0  
  1626714003 452413399 0  
  1626714004 452417964 0  
  1626714005 452418032 0  
  1626714006 452418740 0  
  1626714007 452418740 0  
  1626714008 452418740 0  
  1626714009 452418740 0  
  1626714010 452418740 0  
  1626714011 452418740 0  
  1626714012 452418740 0  
  1626714013 452418740 0  
  1626714014 452418740 0  
  1626714015 452423373 0  
  1626714016 452423373 0  
  1626714017 452424081 0  
  1626714018 452428714 0  
  1626714019 452428714 0  
  1626714020 452434055 0  
  1626714021 452434055 0  
  1626714022 452434763 0  
  1626714023 452434763 0  
  1626714025 452434763 0  
  1626714026 452434763 0  
  1626714027 452434763 0  
  1626714028 452434763 0  
  1626714029 452434763 0  
  1626714030 452434763 0  
  1626714031 452434763 0  
  1626714032 452434763 0  
  1626714033 452434763 0  
  1626714034 452434763 0  
  1626714035 452434763 0  
  1626714036 452434763 0  
  1626714037 452435120 0  
  1626714038 452435120 0  
  1626714039 452435120 0  
  1626714040 452435120 0  
  1626714041 452435120 0  
  1626714042 452435120 0  
  1626714043 452435120 0  
  1626714044 452435120 0  
  1626714045 452435120 0  
  1626714046 452435120 0  
  1626714047 452435120 0  
  1626714048 452435120 0  
  1626714049 452435120 0  
  1626714050 452435120 0  
  1626714051 452435120 0  
  1626714052 452435120 0  
  1626714053 452435120 0  
  1626714054 452435120 0  
  1626714055 452435120 0  
  1626714056 452435120 0  
  1626714057 452435120 0  
  1626714058 452435120 0  
  1626714059 452435120 0  
  1626714060 452435120 0  
  1626714061 452435120 0  
  1626714062 452435120 0  
  1626714064 452435120 0  
  1626714065 452435120 0  
  1626714066 452439565 0  
  1626714067 452439973 0  
  1626714068 452439973 0  
  1626714069 452440477 0  
  1626714070 452440477 0  
  1626714071 452440477 0  
  1626714072 452440477 0  
  1626714073 452440477 0  
  1626714074 452440477 0  
  1626714075 452440477 0  
  1626714076 452440477 0  
  1626714077 452440477 0  
  1626714078 452440477 0  
  1626714079 452440477 0  
  1626714080 452440477 0  
  1626714081 452440477 0  
  1626714082 452440477 0  
  1626714083 452440477 0  
  1626714084 452440477 0  
  1626714085 452440477 0  
  1626714086 452440477 0  
  1626714087 452440477 0  
  1626714088 452440477 0  
  1626714089 452440477 0  
  1626714090 452440477 0  
  1626714091 452440477 0  
  1626714092 452440477 0  
  1626714093 452440477 0  
  1626714094 452440477 0  
  1626714095 452440477 0  
  1626714096 452440477 0  
  1626714097 452440477 0  
  1626714098 452440477 0  
  1626714099 452440477 0  
  1626714100 452440477 0  
  1626714101 452440477 0  
  1626714102 452440477 0  
  1626714104 452440477 0  
  1626714105 452440477 0  
  1626714106 452440477 0  
  1626714107 452440477 0  
  1626714108 452440477 0  
  1626714109 452440477 0  
  1626714110 452440477 0  
  1626714111 452440477 0  
  1626714112 452440477 0  
  1626714113 452440477 0  
  1626714114 452440477 0  
  1626714115 452440477 0  
  1626714116 452440477 0  
  1626714117 452440477 0  
  1626714118 452440477 0  
  1626714119 452440477 0  
  1626714120 452440477 0  
  1626714121 452440477 0  
  1626714122 452440477 0  
  1626714123 452440477 0  
  1626714124 452440477 0  
  1626714125 452440477 0  
  1626714126 452440477 0  
  1626714127 452440477 0  
  1626714128 452440477 0  
  1626714129 452440477 0  
  1626714130 452440477 0  
  1626714131 452440477 0  
  1626714132 452440477 0  
  1626714133 452440477 0  
  1626714134 452440477 0  
  1626714135 452440477 0  
  1626714136 452440477 0  
  1626714137 452440477 0  
  1626714138 452440477 0  
  1626714139 452440477 0  
  1626714140 452440477 0  
  1626714141 452440477 0  
  1626714143 452440477 0  
  1626714144 452440477 0  
  1626714145 452440477 0  
  1626714146 452440477 0  
  1626714147 452440477 0  
  1626714148 452440815 0  
  1626714149 452440815 0  
  1626714150 452440815 0  
  1626714151 452440815 0  
  1626714152 452440815 0  
  1626714153 452440815 0  
  1626714154 452440815 0  
  1626714155 452440815 0  
  1626714156 452440815 0  
  1626714157 452440815 0  
  1626714158 452440815 0  
  1626714159 452440815 0  
  1626714160 452440815 0  
  1626714161 452440815 0  
  1626714162 452440815 0  
  1626714163 452440815 0  
  1626714164 452441411 0  
  1626714165 452441411 0  
  1626714166 452441411 0  
  1626714167 452441411 0  
  1626714168 452445720 0  
  1626714169 452446044 0  
  1626714170 452446752 0  
  1626714171 452446752 0  
  1626714172 452446752 0  
  1626714173 452446752 0  
  1626714174 452446752 0  
  1626714175 452446752 0  
  1626714176 452446752 0  
  1626714177 452446752 0  
  1626714178 452446752 0  
  1626714179 452446752 0  
  1626714180 452446752 0  
  1626714182 452446752 0  
  1626714183 452446752 0  
  1626714184 452446752 0  
  1626714185 452446752 0  
  1626714186 452446752 0  
  1626714187 452446752 0  
  1626714188 452446752 0  
  1626714189 452446752 0  
  1626714190 452446752 0  
  1626714191 452446844 0  
  1626714192 452446844 0  
  1626714193 452446844 0  
  1626714194 452446844 0  
  1626714195 452446844 0  
  1626714196 452446844 0  
  1626714197 452446844 0  
  1626714198 452446844 0  
  1626714199 452446844 0  
  1626714200 452446844 0  
  1626714201 452446844 0  
  1626714202 452446844 0  
  1626714203 452446844 0  
  1626714204 452446844 0  
  1626714205 452446844 0  
  1626714206 452446844 0  
  1626714207 452446844 0  
  1626714208 452446844 0  
  1626714209 452446844 0  
  1626714210 452446844 0  
  1626714211 452446844 0  
  1626714212 452446844 0  
  1626714213 452446844 0  
  1626714214 452446844 0  
  1626714215 452446844 0  
  1626714216 452446844 0  
  1626714217 452446844 0  
  1626714218 452446844 0  
  1626714219 452446844 0  
  1626714221 452446844 0  
  1626714222 452446844 0  
 