 1627025505 526437765 355853  
  1627025506 526437765 355853  
  1627025507 526437765 355853  
  1627025508 526437765 355853  
  1627025509 526437765 355853  
  1627025510 526437765 355853  
  1627025511 526437765 355853  
  1627025512 526437765 355853  
  1627025513 526437765 355853  
  1627025514 526437765 355853  
  1627025515 526437765 355853  
  1627025516 526437765 355853  
  1627025517 526437765 355853  
  1627025518 526437765 355853  
  1627025519 526437765 355853  
  1627025520 526437765 355853  
  1627025521 526437765 355853  
  1627025522 526437765 355853  
  1627025523 526437765 355853  
  1627025524 526437765 355853  
  1627025525 526437765 355853  
  1627025526 526437765 355853  
  1627025527 526437765 355853  
  1627025528 526437765 355853  
  1627025529 526437765 355853  
  1627025530 526437765 355853  
  1627025531 526437765 355853  
  1627025532 526437765 355853  
  1627025533 526437765 355853  
  1627025535 526437765 355853  
  1627025536 526437765 355853  
  1627025537 526437765 355853  
  1627025538 526437765 355853  
  1627025539 526437765 355853  
  1627025540 526437765 355853  
  1627025541 526437765 355853  
  1627025542 526437765 355853  
  1627025543 526437765 355853  
  1627025544 526437765 355853  
  1627025545 526437765 355853  
  1627025546 526437765 355853  
  1627025547 526437765 355853  
  1627025548 526437765 355853  
  1627025549 526437765 355853  
  1627025550 526437765 355853  
  1627025551 526437765 355853  
  1627025552 526437765 355853  
  1627025553 526437765 355853  
  1627025554 526437765 355853  
  1627025555 526437765 355853  
  1627025556 526437765 355853  
  1627025557 526437765 355853  
  1627025558 526437765 355853  
  1627025559 526437765 355853  
  1627025560 526437765 355853  
  1627025561 526437765 355853  
  1627025562 526437765 355853  
  1627025563 526437765 355853  
  1627025564 526437765 355853  
  1627025565 526437765 355853  
  1627025566 526437765 355853  
  1627025567 526437765 355853  
  1627025568 526437765 355853  
  1627025569 526437765 355853  
  1627025570 526437765 355853  
  1627025571 526437765 355853  
  1627025572 526437765 355853  
  1627025573 526437765 355853  
  1627025575 526437765 355853  
  1627025576 526437765 355853  
  1627025577 526437765 355853  
  1627025578 526437765 355853  
  1627025579 526437765 355853  
  1627025580 526437765 355853  
  1627025581 526437765 355853  
  1627025582 526437765 355853  
  1627025583 526437765 355853  
  1627025584 526437765 355853  
  1627025585 526437765 355853  
  1627025586 526437765 355853  
  1627025587 526437765 355853  
  1627025588 526437765 355853  
  1627025589 526437765 355853  
  1627025590 526437765 355853  
  1627025591 526437765 355853  
  1627025592 526437765 355853  
  1627025593 526437765 355853  
  1627025594 526437765 355853  
  1627025595 526437765 355853  
  1627025596 526437765 355853  
  1627025597 526437765 355853  
  1627025598 526437765 355853  
  1627025599 526437765 355853  
  1627025600 526437765 355853  
  1627025601 526437765 355853  
  1627025602 526437765 355853  
  1627025603 526437765 355853  
  1627025604 526437765 355853  
  1627025605 526437765 355853  
  1627025606 526437765 355853  
  1627025607 526437765 355853  
  1627025608 526437765 355853  
  1627025609 526437765 355853  
  1627025610 526437765 355853  
  1627025611 526437765 355853  
  1627025612 526437765 355853  
  1627025614 526442074 355853  
  1627025615 526442398 355853  
  1627025616 526442398 355853  
  1627025617 526443106 355853  
  1627025618 526443106 355853  
  1627025619 526443106 355853  
  1627025620 526443106 355853  
  1627025621 526443106 355853  
  1627025622 526443106 355853  
  1627025623 526443106 355853  
  1627025624 526443106 355853  
  1627025625 526443106 355853  
  1627025626 526443106 355853  
  1627025627 526443106 355853  
  1627025628 526443106 355853  
  1627025629 526443106 355853  
  1627025630 526443106 355853  
  1627025631 526443106 355853  
  1627025632 526443106 355853  
  1627025633 526443106 355853  
  1627025634 526443106 355853  
  1627025635 526443106 355853  
  1627025636 526443106 355853  
  1627025637 526443106 355853  
  1627025638 526443106 355853  
  1627025639 526443106 355853  
  1627025640 526443106 355853  
  1627025641 526443106 355853  
  1627025642 526443106 355853  
  1627025643 526443106 355853  
  1627025644 526443106 355853  
  1627025645 526443106 355853  
  1627025646 526443106 355853  
  1627025647 526443106 355853  
  1627025648 526443106 355853  
  1627025649 526443106 355853  
  1627025650 526443106 355853  
  1627025651 526443106 355853  
  1627025652 526443106 355853  
  1627025654 526443106 355853  
  1627025655 526443106 355853  
  1627025656 526443106 355853  
  1627025657 526443106 355853  
  1627025658 526443106 355853  
  1627025659 526443106 355853  
  1627025660 526443106 355853  
  1627025661 526443106 355853  
  1627025662 526443106 355853  
  1627025663 526443106 355853  
  1627025664 526443106 355853  
  1627025665 526443106 355853  
  1627025666 526443106 355853  
  1627025667 526443106 355853  
  1627025668 526443106 355853  
  1627025669 526443106 355853  
  1627025670 526443106 355853  
  1627025671 526444040 355853  
  1627025672 526444040 355853  
  1627025673 526444040 355853  
  1627025674 526444040 355853  
  1627025675 526444040 355853  
  1627025676 526444040 355853  
  1627025677 526444040 355853  
  1627025678 526444040 355853  
  1627025679 526444040 355853  
  1627025680 526444040 355853  
  1627025681 526444040 355853  
  1627025682 526444040 355853  
  1627025683 526444040 355853  
  1627025684 526444040 355853  
  1627025685 526444040 355853  
  1627025686 526444040 355853  
  1627025687 526444040 355853  
  1627025688 526444040 355853  
  1627025689 526444040 355853  
  1627025690 526444040 355853  
  1627025691 526444040 355853  
  1627025692 526444040 355853  
  1627025694 526444040 355853  
  1627025695 526444040 355853  
  1627025696 526444040 355853  
  1627025697 526444040 355853  
  1627025698 526444040 355853  
  1627025699 526444040 355853  
  1627025700 526444040 355853  
  1627025701 526444040 355853  
  1627025702 526444040 355853  
  1627025703 526444040 355853  
  1627025704 526444040 355853  
  1627025705 526444040 355853  
  1627025706 526444040 355853  
  1627025707 526444040 355853  
  1627025708 526444040 355853  
  1627025709 526444040 355853  
  1627025710 526444040 355853  
  1627025711 526444040 355853  
  1627025712 526444040 355853  
  1627025713 526444040 355853  
  1627025714 526444040 355853  
  1627025715 526444040 355853  
  1627025716 526444040 355853  
  1627025717 526444040 355853  
  1627025718 526444040 355853  
  1627025719 526444040 355853  
  1627025720 526444040 355853  
  1627025721 526444040 355853  
  1627025722 526444040 355853  
  1627025723 526444040 355853  
  1627025724 526444040 355853  
  1627025725 526444040 355853  
  1627025726 526444040 355853  
  1627025727 526444040 355853  
  1627025728 526444040 355853  
  1627025729 526444040 355853  
  1627025730 526444040 355853  
  1627025731 526444397 355853  
  1627025732 526444397 355853  
  1627025733 526444397 355853  
  1627025735 526444397 355853  
  1627025736 526444397 355853  
  1627025737 526444397 355853  
  1627025738 526448706 355853  
  1627025739 526449030 355853  
  1627025740 526449030 355853  
  1627025741 526449738 355853  
  1627025742 526454303 355853  
  1627025743 526454371 355853  
  1627025744 526455079 355853  
  1627025745 526455079 355853  
  1627025746 526455079 355853  
  1627025747 526459388 355853  
  1627025748 526459712 355853  
  1627025749 526465053 355853  
  1627025750 526465053 355853  
  1627025751 526465761 355853  
  1627025752 526465761 355853  
  1627025753 526465761 355853  
  1627025754 526465761 355853  
  1627025755 526465761 355853  
  1627025756 526465761 355853  
  1627025757 526465761 355853  
  1627025758 526465761 355853  
  1627025759 526465761 355853  
  1627025760 526465761 355853  
  1627025761 526465761 355853  
  1627025762 526465761 355853  
  1627025763 526465761 355853  
  1627025764 526465761 355853  
  1627025765 526465761 355853  
  1627025766 526465761 355853  
  1627025767 526465761 355853  
  1627025768 526465761 355853  
  1627025769 526465761 355853  
  1627025770 526465761 355853  
  1627025771 526465761 355853  
  1627025772 526465761 355853  
  1627025774 526465761 355853  
  1627025775 526465761 355853  
  1627025776 526465761 355853  
  1627025777 526465761 355853  
  1627025778 526465761 355853  
  1627025779 526465761 355853  
  1627025780 526465761 355853  
  1627025781 526465761 355853  
  1627025782 526465761 355853  
  1627025783 526465761 355853  
  1627025784 526465761 355853  
  1627025785 526465761 355853  
  1627025786 526465761 355853  
  1627025787 526465761 355853  
  1627025788 526465761 355853  
  1627025789 526465761 355853  
  1627025790 526466099 355853  
  1627025791 526466099 355853  
  1627025792 526466099 355853  
  1627025793 526466099 355853  
  1627025794 526466099 355853  
  1627025795 526466099 355853  
  1627025796 526466099 355853  
  1627025797 526466099 355853  
  1627025798 526466099 355853  
  1627025799 526466099 355853  
  1627025800 526466099 355853  
  1627025801 526466099 355853  
  1627025802 526466099 355853  
  1627025803 526466099 355853  
  1627025804 526466099 355853  
  1627025805 526466099 355853  
  1627025806 526466099 355853  
  1627025807 526466099 355853  
  1627025808 526466099 355853  
  1627025809 526466099 355853  
  1627025810 526466099 355853  
  1627025811 526466099 355853  
  1627025812 526466099 355853  
  1627025814 526466099 355853  
  1627025815 526466099 355853  
  1627025816 526466099 355853  
  1627025817 526466099 355853  
  1627025818 526466099 355853  
  1627025819 526466099 355853  
  1627025820 526466099 355853  
  1627025821 526466099 355853  
  1627025822 526466099 355853  
  1627025823 526466099 355853  
  1627025824 526466099 355853  
  1627025825 526466099 355853  
  1627025826 526466099 355853  
  1627025827 526466099 355853  
  1627025828 526466099 355853  
  1627025829 526466099 355853  
  1627025830 526466099 355853  
  1627025831 526466099 355853  
  1627025832 526466099 355853  
  1627025833 526466099 355853  
  1627025834 526466099 355853  
  1627025835 526466099 355853  
  1627025836 526466099 355853  
  1627025837 526466099 355853  
  1627025838 526466099 355853  
  1627025839 526466099 355853  
  1627025840 526466099 355853  
  1627025841 526466099 355853  
  1627025842 526466099 355853  
  1627025843 526466099 355853  
  1627025844 526466099 355853  
  1627025845 526466099 355853  
  1627025846 526466099 355853  
  1627025847 526466099 355853  
  1627025848 526466099 355853  
 