 1626881663 482815507 0  
  1626881664 482815507 0  
  1626881665 482815507 0  
  1626881666 482815507 0  
  1626881667 482815507 0  
  1626881668 482815507 0  
  1626881669 482815507 0  
  1626881670 482815507 0  
  1626881671 482815507 0  
  1626881672 482815507 0  
  1626881673 482815507 0  
  1626881674 482815507 0  
  1626881675 482815507 0  
  1626881676 482815507 0  
  1626881677 482815507 0  
  1626881678 482815507 0  
  1626881679 482815507 0  
  1626881680 482815507 0  
  1626881681 482815507 0  
  1626881682 482815507 0  
  1626881683 482815507 0  
  1626881684 482815507 0  
  1626881685 482815507 0  
  1626881686 482815507 0  
  1626881687 482815507 0  
  1626881688 482815507 0  
  1626881689 482815507 0  
  1626881690 482815507 0  
  1626881691 482815507 0  
  1626881692 482815507 0  
  1626881693 482815507 0  
  1626881694 482815507 0  
  1626881695 482815507 0  
  1626881697 482815507 0  
  1626881698 482815507 0  
  1626881699 482815507 0  
  1626881700 482815507 0  
  1626881701 482815507 0  
  1626881702 482815507 0  
  1626881703 482815507 0  
  1626881704 482815507 0  
  1626881705 482815507 0  
  1626881706 482815507 0  
  1626881707 482815507 0  
  1626881708 482815507 0  
  1626881709 482815507 0  
  1626881710 482815507 0  
  1626881711 482815507 0  
  1626881712 482815507 0  
  1626881713 482815507 0  
  1626881714 482815507 0  
  1626881715 482815507 0  
  1626881716 482815507 0  
  1626881717 482815507 0  
  1626881718 482815507 0  
  1626881719 482815599 0  
  1626881720 482815599 0  
  1626881721 482815599 0  
  1626881722 482815599 0  
  1626881723 482815599 0  
  1626881724 482815599 0  
  1626881725 482815599 0  
  1626881726 482815599 0  
  1626881727 482815599 0  
  1626881728 482815599 0  
  1626881729 482815599 0  
  1626881730 482815599 0  
  1626881731 482815599 0  
  1626881732 482815599 0  
  1626881733 482815599 0  
  1626881734 482815599 0  
  1626881736 482815599 0  
  1626881737 482909646 0  
  1626881738 483058067 0  
  1626881739 483058067 0  
  1626881740 483058278 0  
  1626881741 483058278 0  
  1626881742 483062843 0  
  1626881743 483062911 0  
  1626881744 483063619 0  
  1626881745 483063619 0  
  1626881746 483063619 0  
  1626881747 483068252 0  
  1626881748 483068252 0  
  1626881749 483068960 0  
  1626881750 483068960 0  
  1626881751 483073525 0  
  1626881752 483078226 0  
  1626881753 483078934 0  
  1626881754 483079506 0  
  1626881755 483079506 0  
  1626881756 483079506 0  
  1626881757 483079506 0  
  1626881758 483079506 0  
  1626881759 483079506 0  
  1626881760 483079506 0  
  1626881761 483079506 0  
  1626881762 483079506 0  
  1626881763 483079506 0  
  1626881764 483079506 0  
  1626881765 483079506 0  
  1626881766 483079506 0  
  1626881767 483080102 0  
  1626881768 483080102 0  
  1626881769 483080102 0  
  1626881770 483080102 0  
  1626881771 483080102 0  
  1626881772 483080102 0  
  1626881773 483080102 0  
  1626881774 483080102 0  
  1626881776 483080102 0  
  1626881777 483080102 0  
  1626881778 483080102 0  
  1626881779 483080102 0  
  1626881780 483080102 0  
  1626881781 483080102 0  
  1626881782 483080102 0  
  1626881783 483080102 0  
  1626881784 483080102 0  
  1626881785 483080194 0  
  1626881786 483080194 0  
  1626881787 483080194 0  
  1626881788 483080194 0  
  1626881789 483080194 0  
  1626881790 483080194 0  
  1626881791 483080194 0  
  1626881792 483080194 0  
  1626881793 483080194 0  
  1626881794 483080194 0  
  1626881795 483080194 0  
  1626881796 483080194 0  
  1626881797 483080194 0  
  1626881798 483080194 0  
  1626881799 483080194 0  
  1626881800 483080194 0  
  1626881801 483080194 0  
  1626881802 483080194 0  
  1626881803 483080194 0  
  1626881804 483080194 0  
  1626881805 483080194 0  
  1626881806 483080194 0  
  1626881807 483080194 0  
  1626881808 483080194 0  
  1626881809 483080194 0  
  1626881810 483080194 0  
  1626881811 483080194 0  
  1626881812 483080194 0  
  1626881813 483080194 0  
  1626881815 483080194 0  
  1626881816 483080194 0  
  1626881817 483080194 0  
  1626881818 483080194 0  
  1626881819 483080194 0  
  1626881820 483080194 0  
  1626881821 483080194 0  
  1626881822 483080194 0  
  1626881823 483080194 0  
  1626881824 483080194 0  
  1626881825 483080194 0  
  1626881826 483080194 0  
  1626881827 483080194 0  
  1626881828 483080194 0  
  1626881829 483080194 0  
  1626881830 483080194 0  
  1626881831 483080194 0  
  1626881832 483080194 0  
  1626881833 483080194 0  
  1626881834 483080194 0  
  1626881835 483080194 0  
  1626881836 483080194 0  
  1626881837 483080194 0  
  1626881838 483080194 0  
  1626881839 483080194 0  
  1626881840 483080194 0  
  1626881841 483080194 0  
  1626881842 483080194 0  
  1626881843 483080194 0  
  1626881844 483080194 0  
  1626881845 483080194 0  
  1626881846 483080194 0  
  1626881847 483080194 0  
  1626881848 483080194 0  
  1626881849 483080286 0  
  1626881850 483080286 0  
  1626881851 483080286 0  
  1626881852 483080286 0  
  1626881853 483080286 0  
  1626881855 483080286 0  
  1626881856 483080286 0  
  1626881857 483080286 0  
  1626881858 483080286 0  
  1626881859 483080286 0  
  1626881860 483080286 0  
  1626881861 483080286 0  
  1626881862 483080286 0  
  1626881863 483080286 0  
  1626881864 483080286 0  
  1626881865 483080286 0  
  1626881866 483080286 0  
  1626881867 483080286 0  
  1626881868 483080286 0  
  1626881869 483084595 0  
  1626881870 483085011 0  
  1626881871 483085011 0  
  1626881872 483085719 0  
  1626881873 483085719 0  
  1626881874 483085719 0  
  1626881875 483085719 0  
  1626881876 483085719 0  
  1626881877 483085719 0  
  1626881878 483085719 0  
  1626881879 483085719 0  
  1626881880 483085719 0  
  1626881881 483085719 0  
  1626881882 483085719 0  
  1626881883 483085719 0  
  1626881884 483085719 0  
  1626881885 483085719 0  
  1626881886 483085719 0  
  1626881887 483085719 0  
  1626881888 483085719 0  
  1626881889 483085719 0  
  1626881890 483085719 0  
  1626881891 483085719 0  
  1626881892 483085719 0  
  1626881894 483085719 0  
  1626881895 483085719 0  
  1626881896 483085719 0  
  1626881897 483085719 0  
  1626881898 483085719 0  
  1626881899 483085719 0  
  1626881900 483085719 0  
  1626881901 483085719 0  
  1626881902 483085719 0  
  1626881903 483085719 0  
  1626881904 483085719 0  
  1626881905 483085719 0  
  1626881906 483085719 0  
  1626881907 483085719 0  
  1626881908 483085719 0  
  1626881909 483085719 0  
  1626881910 483085719 0  
  1626881911 483085719 0  
  1626881912 483085719 0  
  1626881913 483085719 0  
  1626881914 483085811 0  
  1626881915 483085811 0  
  1626881916 483085811 0  
  1626881917 483085811 0  
  1626881918 483085811 0  
  1626881919 483085811 0  
  1626881920 483085811 0  
  1626881921 483085811 0  
  1626881922 483085811 0  
  1626881923 483085811 0  
  1626881924 483085811 0  
  1626881925 483085811 0  
  1626881926 483085811 0  
  1626881927 483085811 0  
  1626881928 483085811 0  
  1626881929 483085811 0  
  1626881930 483085811 0  
  1626881931 483085811 0  
  1626881932 483085811 0  
  1626881934 483085811 0  
  1626881935 483085811 0  
  1626881936 483085811 0  
  1626881937 483085811 0  
  1626881938 483085811 0  
  1626881939 483085811 0  
  1626881940 483085811 0  
  1626881941 483085811 0  
  1626881942 483085811 0  
  1626881943 483085811 0  
  1626881944 483085811 0  
  1626881945 483085811 0  
  1626881946 483085811 0  
  1626881947 483085811 0  
  1626881948 483085811 0  
  1626881949 483085811 0  
  1626881950 483085811 0  
  1626881951 483085811 0  
  1626881952 483085811 0  
  1626881953 483085811 0  
  1626881954 483085811 0  
  1626881955 483085811 0  
  1626881956 483085811 0  
  1626881957 483085811 0  
  1626881958 483085811 0  
  1626881959 483085811 0  
  1626881960 483085811 0  
  1626881961 483085811 0  
  1626881962 483085811 0  
  1626881963 483085811 0  
  1626881964 483085811 0  
  1626881965 483085811 0  
  1626881966 483085811 0  
  1626881967 483085811 0  
  1626881968 483086407 0  
  1626881969 483086407 0  
  1626881970 483086407 0  
  1626881971 483086407 0  
  1626881973 483086407 0  
  1626881974 483086407 0  
  1626881975 483086407 0  
  1626881976 483086407 0  
  1626881977 483086407 0  
  1626881978 483086407 0  
  1626881979 483086499 0  
  1626881980 483086499 0  
  1626881981 483086499 0  
  1626881982 483086499 0  
  1626881983 483086499 0  
  1626881984 483086499 0  
  1626881985 483086499 0  
  1626881986 483086499 0  
  1626881987 483086499 0  
  1626881988 483086499 0  
  1626881989 483086499 0  
  1626881990 483086499 0  
  1626881991 483086499 0  
  1626881992 483086499 0  
  1626881993 483086499 0  
  1626881994 483086499 0  
  1626881995 483086499 0  
  1626881996 483086499 0  
  1626881997 483086499 0  
  1626881998 483086591 0  
  1626881999 483086591 0  
  1626882000 483086591 0  
  1626882001 483086591 0  
  1626882002 483086591 0  
  1626882003 483086591 0  
  1626882004 483086591 0  
  1626882005 483086591 0  
  1626882006 483086591 0  
  1626882007 483086591 0  
  1626882008 483086591 0  
  1626882009 483086591 0  
  1626882010 483086591 0  
  1626882011 483086591 0  
  1626882013 483086591 0  
  1626882014 483086591 0  
  1626882015 483086591 0  
  1626882016 483086591 0  
  1626882017 483086591 0  
  1626882018 483086591 0  
  1626882019 483086591 0  
  1626882020 483086591 0  
  1626882021 483086591 0  
  1626882022 483086591 0  
  1626882023 483086591 0  
  1626882024 483086591 0  
  1626882025 483086591 0  
  1626882026 483086591 0  
  1626882027 483086591 0  
  1626882028 483086591 0  
  1626882029 483086591 0  
  1626882030 483086591 0  
  1626882031 483086591 0  
  1626882032 483086591 0  
  1626882033 483086591 0  
  1626882034 483086591 0  
  1626882035 483086591 0  
  1626882036 483086591 0  
  1626882037 483086948 0  
  1626882038 483086948 0  
  1626882039 483086948 0  
  1626882040 483086948 0  
  1626882041 483088825 0  
  1626882042 483091581 0  
  1626882043 483091673 0  
  1626882044 483092381 0  
  1626882045 483092381 0  
  1626882046 483094258 0  
  1626882047 483097014 0  
 