 1626782153 459522299 0  
  1626782154 459522299 0  
  1626782155 459522299 0  
  1626782156 459522299 0  
  1626782157 459522299 0  
  1626782158 459522299 0  
  1626782159 459522299 0  
  1626782160 459522299 0  
  1626782162 459522299 0  
  1626782163 459522299 0  
  1626782164 459522299 0  
  1626782165 459522299 0  
  1626782166 459522299 0  
  1626782167 459522299 0  
  1626782168 459522299 0  
  1626782169 459522299 0  
  1626782170 459522299 0  
  1626782171 459522299 0  
  1626782172 459522299 0  
  1626782173 459522299 0  
  1626782174 459522299 0  
  1626782175 459522299 0  
  1626782176 459522299 0  
  1626782177 459522299 0  
  1626782178 459522299 0  
  1626782179 459522299 0  
  1626782180 459522299 0  
  1626782181 459522299 0  
  1626782182 459522299 0  
  1626782183 459522299 0  
  1626782184 459522299 0  
  1626782185 459522299 0  
  1626782186 459522299 0  
  1626782187 459522299 0  
  1626782188 459522299 0  
  1626782189 459522299 0  
  1626782190 459522299 0  
  1626782191 459522299 0  
  1626782192 459522299 0  
  1626782193 459522299 0  
  1626782194 459522299 0  
  1626782195 459522299 0  
  1626782196 459522299 0  
  1626782197 459522299 0  
  1626782198 459522299 0  
  1626782199 459522299 0  
  1626782201 459522299 0  
  1626782202 459522299 0  
  1626782203 459522299 0  
  1626782204 459522299 0  
  1626782205 459522299 0  
  1626782206 459522299 0  
  1626782207 459522299 0  
  1626782208 459522299 0  
  1626782209 459522299 0  
  1626782210 459522299 0  
  1626782211 459522299 0  
  1626782212 459522299 0  
  1626782213 459522299 0  
  1626782214 459522299 0  
  1626782215 459522299 0  
  1626782216 459522299 0  
  1626782217 459522299 0  
  1626782218 459522299 0  
  1626782219 459522299 0  
  1626782220 459522299 0  
  1626782221 459522299 0  
  1626782222 459522299 0  
  1626782223 459522299 0  
  1626782224 459522299 0  
  1626782225 459522299 0  
  1626782226 459522299 0  
  1626782227 459522299 0  
  1626782228 459522299 0  
  1626782229 459522299 0  
  1626782230 459522299 0  
  1626782231 459522299 0  
  1626782232 459522299 0  
  1626782233 459522299 0  
  1626782234 459522299 0  
  1626782235 459522299 0  
  1626782236 459522299 0  
  1626782237 459522299 0  
  1626782238 459522299 0  
  1626782239 459522299 0  
  1626782241 459522299 0  
  1626782242 459522299 0  
  1626782243 459522299 0  
  1626782244 459522299 0  
  1626782245 459522299 0  
  1626782246 459522299 0  
  1626782247 459522299 0  
  1626782248 459522299 0  
  1626782249 459522637 0  
  1626782250 459522637 0  
  1626782251 459522637 0  
  1626782252 459522637 0  
  1626782253 459522637 0  
  1626782254 459522637 0  
  1626782255 459522637 0  
  1626782256 459522637 0  
  1626782257 459522637 0  
  1626782258 459522637 0  
  1626782259 459522637 0  
  1626782260 459522637 0  
  1626782261 459522637 0  
  1626782262 459522637 0  
  1626782263 459522637 0  
  1626782264 459522637 0  
  1626782265 459523233 0  
  1626782266 459523233 0  
  1626782267 459523233 0  
  1626782268 459523417 0  
  1626782269 459523417 0  
  1626782270 459523417 0  
  1626782271 459523417 0  
  1626782272 459527726 0  
  1626782273 459528050 0  
  1626782274 459528050 0  
  1626782275 459528758 0  
  1626782276 459528758 0  
  1626782277 459528758 0  
  1626782278 459528758 0  
  1626782280 459528758 0  
  1626782281 459528758 0  
  1626782282 459528758 0  
  1626782283 459528758 0  
  1626782284 459528758 0  
  1626782285 459528758 0  
  1626782286 459528758 0  
  1626782287 459528758 0  
  1626782288 459528758 0  
  1626782289 459528758 0  
  1626782290 459528758 0  
  1626782291 459528758 0  
  1626782292 459528758 0  
  1626782293 459528758 0  
  1626782294 459528758 0  
  1626782295 459528758 0  
  1626782296 459528758 0  
  1626782297 459528758 0  
  1626782298 459528758 0  
  1626782299 459528758 0  
  1626782300 459528758 0  
  1626782301 459528758 0  
  1626782302 459528758 0  
  1626782303 459528826 0  
  1626782304 459528826 0  
  1626782305 459528826 0  
  1626782306 459528826 0  
  1626782307 459528826 0  
  1626782308 459528826 0  
  1626782309 459529982 0  
  1626782310 459529982 0  
  1626782311 459529982 0  
  1626782312 459529982 0  
  1626782313 459529982 0  
  1626782314 459529982 0  
  1626782315 459529982 0  
  1626782316 459529982 0  
  1626782317 459529982 0  
  1626782318 459529982 0  
  1626782320 459529982 0  
  1626782321 459529982 0  
  1626782322 459529982 0  
  1626782323 459529982 0  
  1626782324 459529982 0  
  1626782325 459529982 0  
  1626782326 459529982 0  
  1626782327 459529982 0  
  1626782328 459529982 0  
  1626782329 459529982 0  
  1626782330 459529982 0  
  1626782331 459529982 0  
  1626782332 459530074 0  
  1626782333 459530074 0  
  1626782334 459530074 0  
  1626782335 459530074 0  
  1626782336 459530074 0  
  1626782337 459530074 0  
  1626782338 459530074 0  
  1626782339 459530074 0  
  1626782340 459530074 0  
  1626782341 459530074 0  
  1626782342 459530074 0  
  1626782343 459530074 0  
  1626782344 459530074 0  
  1626782345 459530074 0  
  1626782346 459530074 0  
  1626782347 459530074 0  
  1626782348 459530074 0  
  1626782349 459530074 0  
  1626782350 459530074 0  
  1626782351 459530074 0  
  1626782352 459530074 0  
  1626782353 459530074 0  
  1626782354 459530074 0  
  1626782355 459530074 0  
  1626782356 459530074 0  
  1626782357 459530074 0  
  1626782359 459530074 0  
  1626782360 459530074 0  
  1626782361 459530074 0  
  1626782362 459530074 0  
  1626782363 459530074 0  
  1626782364 459530074 0  
  1626782365 459530074 0  
  1626782366 459530074 0  
  1626782367 459530074 0  
  1626782368 459530074 0  
  1626782369 459530074 0  
  1626782370 459530074 0  
  1626782371 459530074 0  
  1626782372 459530074 0  
  1626782373 459530074 0  
  1626782374 459530074 0  
  1626782375 459530074 0  
  1626782376 459530074 0  
  1626782377 459530074 0  
  1626782378 459530074 0  
  1626782379 459530074 0  
  1626782380 459530074 0  
  1626782381 459530074 0  
  1626782382 459530074 0  
  1626782383 459530074 0  
  1626782384 459530074 0  
  1626782385 459530074 0  
  1626782386 459530074 0  
  1626782387 459530074 0  
  1626782388 459530074 0  
  1626782389 459530074 0  
  1626782390 459530074 0  
  1626782391 459530074 0  
  1626782392 459530074 0  
  1626782393 459530074 0  
  1626782394 459530074 0  
  1626782395 459530074 0  
  1626782396 459530166 0  
  1626782398 459530258 0  
  1626782399 459530596 0  
  1626782400 459530596 0  
  1626782401 459530596 0  
  1626782402 459530596 0  
  1626782403 459530596 0  
  1626782404 459530596 0  
  1626782405 459530596 0  
  1626782406 459530596 0  
  1626782407 459530596 0  
  1626782408 459530596 0  
  1626782409 459534905 0  
  1626782410 459535229 0  
  1626782411 459535937 0  
  1626782412 459535937 0  
  1626782413 459535937 0  
  1626782414 459535937 0  
  1626782415 459535937 0  
  1626782416 459535937 0  
  1626782417 459535937 0  
  1626782418 459535937 0  
  1626782419 459535937 0  
  1626782420 459535937 0  
  1626782421 459535937 0  
  1626782422 459540246 0  
  1626782423 459545203 0  
  1626782424 459546055 0  
  1626782425 459551184 0  
  1626782426 459551892 0  
  1626782427 459551892 0  
  1626782428 459551892 0  
  1626782429 459551892 0  
  1626782430 459551892 0  
  1626782431 459551892 0  
  1626782432 459551892 0  
  1626782433 459551892 0  
  1626782434 459551892 0  
  1626782435 459551892 0  
  1626782436 459551892 0  
  1626782438 459551892 0  
  1626782439 459551892 0  
  1626782440 459551892 0  
  1626782441 459551892 0  
  1626782442 459551892 0  
  1626782443 459552249 0  
  1626782444 459552249 0  
  1626782445 459552249 0  
  1626782446 459552249 0  
  1626782447 459552249 0  
  1626782448 459552249 0  
  1626782449 459552249 0  
  1626782450 459552249 0  
  1626782451 459552249 0  
  1626782452 459552249 0  
  1626782453 459552249 0  
  1626782454 459552249 0  
  1626782455 459552249 0  
  1626782456 459552249 0  
  1626782457 459552249 0  
  1626782458 459552249 0  
  1626782459 459552249 0  
  1626782460 459552249 0  
  1626782461 459552249 0  
  1626782462 459552341 0  
  1626782463 459552341 0  
  1626782464 459552341 0  
  1626782465 459556470 0  
  1626782466 459557654 0  
  1626782467 459557654 0  
  1626782468 459558158 0  
  1626782469 459558158 0  
  1626782470 459558158 0  
  1626782471 459558158 0  
  1626782472 459558158 0  
  1626782473 459558158 0  
  1626782474 459558158 0  
  1626782475 459558158 0  
  1626782477 459558158 0  
  1626782478 459558158 0  
  1626782479 459558158 0  
  1626782480 459558158 0  
  1626782481 459558158 0  
  1626782482 459558158 0  
  1626782483 459558158 0  
  1626782484 459558158 0  
  1626782485 459558158 0  
  1626782486 459558158 0  
  1626782487 459558158 0  
  1626782488 459558158 0  
  1626782489 459558158 0  
  1626782490 459558158 0  
  1626782491 459558158 0  
  1626782492 459558158 0  
  1626782493 459558158 0  
  1626782494 459558158 0  
  1626782495 459558158 0  
  1626782496 459558158 0  
  1626782497 459558158 0  
  1626782498 459558158 0  
  1626782499 459558158 0  
  1626782500 459558158 0  
  1626782501 459558158 0  
  1626782502 459558158 0  
  1626782503 459558158 0  
  1626782504 459558158 0  
  1626782505 459558158 0  
  1626782506 459558158 0  
  1626782507 459558158 0  
  1626782508 459558158 0  
  1626782509 459558158 0  
  1626782510 459558158 0  
  1626782511 459558158 0  
  1626782512 459558158 0  
  1626782513 459558158 0  
  1626782514 459558158 0  
  1626782516 459558158 0  
  1626782517 459558158 0  
  1626782518 459558158 0  
  1626782519 459558158 0  
  1626782520 459558158 0  
  1626782521 459558158 0  
  1626782522 459558158 0  
  1626782523 459558158 0  
  1626782524 459558158 0  
  1626782525 459558158 0  
  1626782526 459558250 0  
  1626782527 459558250 0  
  1626782528 459558250 0  
  1626782529 459558250 0  
  1626782530 459558250 0  
  1626782531 459558250 0  
  1626782532 459558250 0  
  1626782533 459558250 0  
  1626782534 459558250 0  
  1626782535 459558250 0  
  1626782536 459558250 0  
  1626782537 459558250 0  
  1626782538 459558250 0  
  1626782539 459558250 0  
  1626782540 459558250 0  
  1626782541 459558250 0  
  1626782542 459558250 0  
  1626782543 459558250 0  
  1626782544 459558250 0  
  1626782545 459558250 0  
  1626782546 459558250 0  
  1626782547 459558250 0  
  1626782548 459558250 0  
  1626782549 459558250 0  
  1626782550 459558250 0  
  1626782551 459558250 0  
  1626782552 459558250 0  
  1626782553 459558250 0  
  1626782555 459558250 0  
  1626782556 459558250 0  
  1626782557 459558250 0  
  1626782558 459558250 0  
  1626782559 459558250 0  
  1626782560 459558250 0  
  1626782561 459558250 0  
  1626782562 459558250 0  
  1626782563 459558250 0  
  1626782564 459558250 0  
  1626782565 459558250 0  
  1626782566 459558250 0  
  1626782567 459558250 0  
  1626782568 459558250 0  
  1626782569 459558250 0  
  1626782570 459558250 0  
  1626782571 459558250 0  
  1626782572 459562559 0  
  1626782573 459562883 0  
  1626782574 459563523 0  
  1626782575 459563523 0  
  1626782576 459563523 0  
  1626782577 459563523 0  
  1626782578 459563523 0  
  1626782579 459563523 0  
  1626782580 459563523 0  
  1626782581 459563523 0  
  1626782582 459563523 0  
  1626782583 459563523 0  
  1626782584 459563523 0  
  1626782585 459563523 0  
  1626782586 459563523 0  
  1626782587 459563523 0  
  1626782588 459563523 0  
  1626782589 459563523 0  
  1626782590 459563615 0  
  1626782591 459563615 0  
  1626782592 459563615 0  
  1626782593 459563615 0  
  1626782595 459563615 0  
  1626782596 459563615 0  
  1626782597 459563615 0  
  1626782598 459563615 0  
  1626782599 459563615 0  
  1626782600 459563615 0  
  1626782601 459563615 0  
  1626782602 459563615 0  
  1626782603 459563615 0  
  1626782604 459563615 0  
  1626782605 459563615 0  
  1626782606 459563615 0  
  1626782607 459563615 0  
  1626782608 459563615 0  
  1626782609 459563615 0  
  1626782610 459563615 0  
  1626782611 459563615 0  
  1626782612 459563615 0  
  1626782613 459563615 0  
  1626782614 459563615 0  
  1626782615 459563615 0  
  1626782616 459563615 0  
  1626782617 459563615 0  
  1626782618 459563615 0  
  1626782619 459563615 0  
  1626782620 459563615 0  
  1626782621 459563615 0  
  1626782622 459563615 0  
  1626782623 459563615 0  
  1626782624 459563615 0  
  1626782625 459563615 0  
  1626782626 459563615 0  
  1626782627 459563615 0  
  1626782628 459563615 0  
  1626782629 459563615 0  
  1626782630 459563615 0  
  1626782631 459563615 0  
  1626782632 459563615 0  
  1626782634 459563615 0  
  1626782635 459563615 0  
  1626782636 459563615 0  
  1626782637 459563615 0  
  1626782638 459563615 0  
  1626782639 459563615 0  
  1626782640 459563615 0  
  1626782641 459563615 0  
  1626782642 459563615 0  
  1626782643 459563615 0  
  1626782644 459563615 0  
  1626782645 459563615 0  
  1626782646 459563615 0  
  1626782647 459563615 0  
  1626782648 459563615 0  
  1626782649 459563615 0  
  1626782650 459563615 0  
  1626782651 459563615 0  
  1626782652 459563615 0  
  1626782653 459563615 0  
  1626782654 459563707 0  
  1626782655 459563799 0  
  1626782656 459563799 0  
  1626782657 459563799 0  
  1626782658 459563799 0  
  1626782659 459563799 0  
  1626782660 459563799 0  
  1626782661 459563799 0  
  1626782662 459563799 0  
  1626782663 459563799 0  
  1626782664 459563799 0  
  1626782665 459564395 0  
  1626782666 459564395 0  
  1626782667 459564395 0  
  1626782668 459564395 0  
  1626782669 459564395 0  
  1626782670 459564395 0  
  1626782671 459564395 0  
  1626782673 459564395 0  
  1626782674 459564395 0  
  1626782675 459564395 0  
  1626782676 459564395 0  
  1626782677 459564395 0  
  1626782678 459564395 0  
  1626782679 459564395 0  
  1626782680 459564395 0  
  1626782681 459564395 0  
  1626782682 459564395 0  
  1626782683 459564395 0  
  1626782684 459564395 0  
  1626782685 459564395 0  
  1626782686 459564395 0  
  1626782687 459564395 0  
  1626782688 459564395 0  
  1626782689 459564395 0  
  1626782690 459564395 0  
  1626782691 459564395 0  
  1626782692 459564395 0  
  1626782693 459564395 0  
  1626782694 459564395 0  
  1626782695 459564395 0  
  1626782696 459564395 0  
  1626782697 459564395 0  
  1626782698 459564395 0  
  1626782699 459564395 0  
  1626782700 459564395 0  
  1626782701 459564395 0  
  1626782702 459564395 0  
  1626782703 459564395 0  
  1626782704 459564395 0  
  1626782705 459564395 0  
  1626782706 459564395 0  
  1626782707 459564395 0  
  1626782708 459568524 0  
  1626782709 459569028 0  
  1626782710 459569028 0  
  1626782712 459569668 0  
  1626782713 459569668 0  
  1626782714 459569668 0  
  1626782715 459569668 0  
  1626782716 459569668 0  
  1626782717 459569668 0  
  1626782718 459569668 0  
  1626782719 459569668 0  
  1626782720 459569760 0  
  1626782721 459569760 0  
  1626782722 459569760 0  
  1626782723 459577290 0  
  1626782724 459583335 0  
  1626782725 459585075 0  
  1626782726 459585715 0  
  1626782727 459585715 0  
  1626782728 459585715 0  
  1626782729 459585715 0  
  1626782730 459585715 0  
  1626782731 459585715 0  
  1626782732 459585715 0  
  1626782733 459585715 0  
  1626782734 459585715 0  
  1626782735 459585715 0  
  1626782736 459585715 0  
  1626782737 459585715 0  
  1626782738 459585715 0  
  1626782739 459585715 0  
  1626782740 459585715 0  
  1626782741 459585715 0  
  1626782742 459585715 0  
  1626782743 459586072 0  
  1626782744 459586072 0  
  1626782745 459586072 0  
  1626782746 459586072 0  
  1626782747 459586072 0  
  1626782748 459586072 0  
  1626782749 459586072 0  
  1626782751 459586072 0  
  1626782752 459586072 0  
  1626782753 459586072 0  
  1626782754 459586072 0  
  1626782755 459586072 0  
  1626782756 459586072 0  
  1626782757 459586072 0  
  1626782758 459586072 0  
  1626782759 459586072 0  
  1626782760 459586072 0  
  1626782761 459586072 0  
  1626782762 459586072 0  
  1626782763 459586072 0  
  1626782764 459586072 0  
  1626782765 459586072 0  
  1626782766 459587667 0  
  1626782767 459587667 0  
  1626782768 459587667 0  
  1626782769 459587667 0  
  1626782770 459587667 0  
  1626782771 459587667 0  
  1626782772 459587667 0  
  1626782773 459587667 0  
  1626782774 459587667 0  
  1626782775 459587667 0  
  1626782776 459587667 0  
  1626782777 459587667 0  
  1626782778 459587667 0  
  1626782779 459587667 0  
  1626782780 459587667 0  
  1626782781 459587667 0  
  1626782782 459587667 0  
  1626782783 459587759 0  
  1626782784 459587851 0  
  1626782785 459587851 0  
  1626782786 459587851 0  
  1626782787 459587851 0  
  1626782788 459587851 0  
  1626782789 459587851 0  
  1626782791 459587851 0  
  1626782792 459587851 0  
  1626782793 459587851 0  
  1626782794 459587851 0  
  1626782795 459587851 0  
  1626782796 459587851 0  
  1626782797 459587851 0  
  1626782798 459587851 0  
  1626782799 459587851 0  
  1626782800 459587851 0  
  1626782801 459587851 0  
  1626782802 459587851 0  
  1626782803 459587851 0  
  1626782804 459587851 0  
  1626782805 459587851 0  
  1626782806 459587851 0  
  1626782807 459587851 0  
  1626782808 459587851 0  
  1626782809 459587851 0  
  1626782810 459587851 0  
  1626782811 459587851 0  
  1626782812 459587851 0  
  1626782813 459587851 0  
  1626782814 459587851 0  
  1626782815 459587851 0  
  1626782816 459587851 0  
  1626782817 459587851 0  
  1626782818 459587851 0  
  1626782819 459587851 0  
  1626782820 459587851 0  
  1626782821 459587851 0  
  1626782822 459587851 0  
  1626782823 459587851 0  
  1626782824 459587851 0  
  1626782825 459587851 0  
  1626782826 459587851 0  
  1626782827 459587851 0  
  1626782828 459587851 0  
  1626782829 459587851 0  
  1626782831 459587851 0  
  1626782832 459587851 0  
  1626782833 459587851 0  
  1626782834 459587851 0  
  1626782835 459587851 0  
  1626782836 459587851 0  
  1626782837 459587851 0  
  1626782838 459587851 0  
  1626782839 459587851 0  
  1626782840 459587851 0  
  1626782841 459587851 0  
  1626782842 459587851 0  
  1626782843 459587851 0  
  1626782844 459587851 0  
  1626782845 459587851 0  
  1626782846 459587851 0  
  1626782847 459587851 0  
  1626782848 459587851 0  
  1626782849 459587943 0  
  1626782850 459587943 0  
  1626782851 459587943 0  
  1626782852 459587943 0  
  1626782853 459587943 0  
  1626782854 459587943 0  
  1626782855 459587943 0  
  1626782856 459587943 0  
  1626782857 459587943 0  
  1626782858 459587943 0  
  1626782859 459587943 0  
  1626782860 459587943 0  
  1626782861 459587943 0  
  1626782862 459587943 0  
  1626782863 459587943 0  
  1626782864 459587943 0  
  1626782865 459587943 0  
  1626782866 459587943 0  
  1626782867 459587943 0  
  1626782868 459587943 0  
  1626782869 459587943 0  
  1626782871 459587943 0  
  1626782872 459590840 0  
  1626782873 459592576 0  
  1626782874 459592576 0  
  1626782875 459593284 0  
  1626782876 459593284 0  
  1626782877 459593284 0  
  1626782878 459593284 0  
  1626782879 459593284 0  
  1626782880 459593284 0  
  1626782881 459593284 0  
  1626782882 459593284 0  
  1626782883 459593284 0  
  1626782884 459593284 0  
  1626782885 459593284 0  
  1626782886 459593284 0  
  1626782887 459593284 0  
  1626782888 459593284 0  
  1626782889 459593284 0  
  1626782890 459593284 0  
  1626782891 459593284 0  
  1626782892 459593284 0  
  1626782893 459593284 0  
  1626782894 459593284 0  
  1626782895 459593284 0  
  1626782896 459593284 0  
  1626782897 459593284 0  
  1626782898 459593284 0  
  1626782899 459593284 0  
  1626782900 459593284 0  
  1626782901 459593284 0  
  1626782902 459593284 0  
  1626782903 459593284 0  
  1626782904 459593284 0  
  1626782905 459593284 0  
  1626782906 459593284 0  
  1626782907 459593284 0  
  1626782908 459593284 0  
  1626782909 459593284 0  
  1626782911 459593284 0  
  1626782912 459593284 0  
  1626782913 459593376 0  
  1626782914 459593376 0  
  1626782915 459593468 0  
  1626782916 459593468 0  
  1626782917 459593468 0  
  1626782918 459593468 0  
  1626782919 459593468 0  
  1626782920 459593468 0  
  1626782921 459593468 0  
  1626782922 459593468 0  
  1626782923 459593468 0  
  1626782924 459593468 0  
  1626782925 459593468 0  
  1626782926 459593468 0  
  1626782927 459593468 0  
  1626782928 459593468 0  
  1626782929 459593468 0  
  1626782930 459593468 0  
  1626782931 459593468 0  
  1626782932 459593468 0  
  1626782933 459593468 0  
  1626782934 459593468 0  
  1626782935 459593468 0  
  1626782936 459593468 0  
  1626782937 459593468 0  
  1626782938 459593468 0  
  1626782939 459593468 0  
  1626782940 459593468 0  
  1626782941 459593468 0  
  1626782942 459593468 0  
  1626782943 459593468 0  
  1626782944 459593468 0  
  1626782945 459593468 0  
  1626782946 459593468 0  
  1626782947 459593468 0  
  1626782948 459593468 0  
  1626782949 459593468 0  
  1626782951 459593468 0  
  1626782952 459593468 0  
  1626782953 459593468 0  
  1626782954 459593468 0  
  1626782955 459593468 0  
  1626782956 459593468 0  
  1626782957 459593468 0  
  1626782958 459593468 0  
  1626782959 459593468 0  
  1626782960 459593468 0  
  1626782961 459593468 0  
  1626782962 459593468 0  
  1626782963 459593468 0  
  1626782964 459593468 0  
  1626782965 459593468 0  
  1626782966 459594126 0  
  1626782967 459594126 0  
  1626782968 459594126 0  
  1626782969 459594126 0  
  1626782970 459594126 0  
  1626782971 459594126 0  
  1626782972 459594126 0  
  1626782973 459594126 0  
  1626782974 459594126 0  
  1626782975 459594126 0  
  1626782976 459594126 0  
  1626782977 459594126 0  
  1626782978 459594126 0  
  1626782979 459594218 0  
  1626782980 459594218 0  
  1626782981 459594218 0  
  1626782982 459594218 0  
  1626782983 459594218 0  
  1626782984 459594218 0  
  1626782985 459594218 0  
  1626782986 459594218 0  
  1626782987 459594218 0  
  1626782988 459594218 0  
  1626782989 459594218 0  
  1626782991 459594218 0  
  1626782992 459594218 0  
  1626782993 459594218 0  
  1626782994 459594218 0  
  1626782995 459594218 0  
  1626782996 459594218 0  
  1626782997 459594218 0  
  1626782998 459594218 0  
  1626782999 459594218 0  
  1626783000 459594218 0  
  1626783001 459594218 0  
  1626783002 459594218 0  
  1626783003 459594218 0  
  1626783004 459594218 0  
  1626783005 459594218 0  
  1626783006 459594218 0  
  1626783007 459594218 0  
  1626783008 459594218 0  
  1626783009 459598527 0  
  1626783010 459598851 0  
  1626783011 459599491 0  
  1626783012 459599491 0  
  1626783013 459599491 0  
  1626783014 459599491 0  
  1626783015 459599491 0  
  1626783016 459599491 0  
  1626783017 459599491 0  
  1626783018 459599491 0  
  1626783019 459599491 0  
  1626783020 459599491 0  
  1626783021 459599491 0  
  1626783022 459603800 0  
  1626783023 459608757 0  
  1626783024 459614098 0  
  1626783025 459614806 0  
  1626783026 459615514 0  
  1626783027 459615514 0  
  1626783028 459615514 0  
  1626783029 459615514 0  
  1626783031 459615514 0  
  1626783032 459615514 0  
  1626783033 459615514 0  
  1626783034 459615514 0  
  1626783035 459615514 0  
  1626783036 459615514 0  
  1626783037 459615514 0  
  1626783038 459615514 0  
  1626783039 459615514 0  
  1626783040 459615514 0  
  1626783041 459615514 0  
  1626783042 459615514 0  
  1626783043 459615963 0  
  1626783044 459616055 0  
  1626783045 459616055 0  
  1626783046 459616055 0  
  1626783047 459616055 0  
  1626783048 459616055 0  
  1626783049 459616055 0  
  1626783050 459616055 0  
  1626783051 459616055 0  
  1626783052 459616055 0  
  1626783053 459616055 0  
  1626783054 459616055 0  
  1626783055 459616055 0  
  1626783056 459616055 0  
  1626783057 459616055 0  
  1626783058 459616055 0  
  1626783059 459616055 0  
  1626783060 459616055 0  
  1626783061 459616055 0  
  1626783062 459616055 0  
  1626783063 459616055 0  
  1626783064 459616055 0  
  1626783065 459616055 0  
  1626783066 459616055 0  
  1626783067 459616055 0  
  1626783068 459616055 0  
  1626783069 459616055 0  
  1626783071 459616055 0  
  1626783072 459616055 0  
  1626783073 459616055 0  
  1626783074 459616055 0  
  1626783075 459616055 0  
  1626783076 459616055 0  
  1626783077 459616055 0  
  1626783078 459616055 0  
  1626783079 459616055 0  
  1626783080 459616055 0  
  1626783081 459616055 0  
  1626783082 459616055 0  
  1626783083 459616055 0  
  1626783084 459616055 0  
  1626783085 459616055 0  
  1626783086 459616055 0  
  1626783087 459616055 0  
  1626783088 459616055 0  
  1626783089 459616055 0  
  1626783090 459616055 0  
  1626783091 459616055 0  
  1626783092 459616055 0  
  1626783093 459616055 0  
  1626783094 459616055 0  
  1626783095 459616055 0  
  1626783096 459616055 0  
  1626783097 459616055 0  
  1626783098 459616055 0  
  1626783099 459616055 0  
  1626783100 459616055 0  
  1626783101 459616055 0  
  1626783102 459616055 0  
  1626783103 459616055 0  
  1626783104 459616055 0  
  1626783105 459616055 0  
  1626783106 459616055 0  
  1626783107 459616055 0  
  1626783108 459616147 0  
  1626783109 459616147 0  
  1626783110 459616147 0  
  1626783112 459616147 0  
  1626783113 459616147 0  
  1626783114 459616147 0  
  1626783115 459616147 0  
  1626783116 459616147 0  
  1626783117 459616147 0  
  1626783118 459616147 0  
  1626783119 459616147 0  
  1626783120 459616147 0  
  1626783121 459616147 0  
  1626783122 459616147 0  
 