 1626780986 463904456 0  
  1626780987 463904456 0  
  1626780988 463904456 0  
  1626780989 463904456 0  
  1626780991 463904456 0  
  1626780992 463904456 0  
  1626780993 463904456 0  
  1626780994 463904456 0  
  1626780995 463904456 0  
  1626780996 463904456 0  
  1626780997 463904456 0  
  1626780998 463904456 0  
  1626780999 463904456 0  
  1626781000 463904456 0  
  1626781001 463904456 0  
  1626781002 463904456 0  
  1626781003 463904456 0  
  1626781004 463904456 0  
  1626781005 463904456 0  
  1626781006 463904456 0  
  1626781007 463904456 0  
  1626781008 463904456 0  
  1626781009 463904456 0  
  1626781010 463904456 0  
  1626781011 463904456 0  
  1626781012 463904456 0  
  1626781013 463904456 0  
  1626781014 463904456 0  
  1626781015 463904456 0  
  1626781016 463904456 0  
  1626781017 463904456 0  
  1626781018 463904456 0  
  1626781019 463904456 0  
  1626781020 463904456 0  
  1626781021 463904456 0  
  1626781022 463904456 0  
  1626781023 463904456 0  
  1626781024 463904456 0  
  1626781025 463904456 0  
  1626781026 463904456 0  
  1626781027 463904456 0  
  1626781028 463904456 0  
  1626781029 463904456 0  
  1626781031 463904456 0  
  1626781032 463904456 0  
  1626781033 463904456 0  
  1626781034 463904456 0  
  1626781035 463904456 0  
  1626781036 463904456 0  
  1626781037 463904456 0  
  1626781038 463904456 0  
  1626781039 463904456 0  
  1626781040 463904456 0  
  1626781041 463904456 0  
  1626781042 463904456 0  
  1626781043 463904456 0  
  1626781044 463904456 0  
  1626781045 463904456 0  
  1626781046 463904456 0  
  1626781047 463904456 0  
  1626781048 463904456 0  
  1626781049 463904456 0  
  1626781050 463904456 0  
  1626781051 463904456 0  
  1626781052 463904456 0  
  1626781053 463904456 0  
  1626781054 463904456 0  
  1626781055 463904456 0  
  1626781056 463904456 0  
  1626781057 463904456 0  
  1626781058 463904456 0  
  1626781059 463904456 0  
  1626781060 463904456 0  
  1626781061 463904456 0  
  1626781062 463904456 0  
  1626781063 463904456 0  
  1626781064 463904456 0  
  1626781065 463904456 0  
  1626781066 463904456 0  
  1626781067 463904456 0  
  1626781068 463904456 0  
  1626781070 463908765 0  
  1626781071 463909089 0  
  1626781072 463909089 0  
  1626781073 463909797 0  
  1626781074 463909797 0  
  1626781075 463909797 0  
  1626781076 463909797 0  
  1626781077 463909797 0  
  1626781078 463909797 0  
  1626781079 463909797 0  
  1626781080 463909797 0  
  1626781081 463909797 0  
  1626781082 463909797 0  
  1626781083 463909797 0  
  1626781084 463909797 0  
  1626781085 463909797 0  
  1626781086 463909797 0  
  1626781087 463909797 0  
  1626781088 463909797 0  
  1626781089 463909797 0  
  1626781090 463909797 0  
  1626781091 463909797 0  
  1626781092 463909797 0  
  1626781093 463909797 0  
  1626781094 463909797 0  
  1626781095 463909797 0  
  1626781096 463909797 0  
  1626781097 463909797 0  
  1626781098 463909797 0  
  1626781099 463909797 0  
  1626781100 463909797 0  
  1626781101 463909797 0  
  1626781102 463909797 0  
  1626781103 463909797 0  
  1626781104 463909797 0  
  1626781105 463909797 0  
  1626781106 463909797 0  
  1626781107 463909797 0  
  1626781108 463909889 0  
  1626781110 463909889 0  
  1626781111 463909889 0  
  1626781112 463909889 0  
  1626781113 463909889 0  
  1626781114 463909889 0  
  1626781115 463909889 0  
  1626781116 463909889 0  
  1626781117 463909889 0  
  1626781118 463909889 0  
  1626781119 463909889 0  
  1626781120 463909889 0  
  1626781121 463909889 0  
  1626781122 463909889 0  
  1626781123 463909889 0  
  1626781124 463909889 0  
  1626781125 463909889 0  
  1626781126 463909889 0  
  1626781127 463909889 0  
  1626781128 463909889 0  
  1626781129 463909889 0  
  1626781130 463909889 0  
  1626781131 463909889 0  
  1626781132 463909889 0  
  1626781133 463909889 0  
  1626781134 463909889 0  
  1626781135 463909889 0  
  1626781136 463909889 0  
  1626781137 463909889 0  
  1626781138 463909889 0  
  1626781139 463909889 0  
  1626781140 463909889 0  
  1626781141 463909889 0  
  1626781142 463909889 0  
  1626781143 463909889 0  
  1626781144 463909889 0  
  1626781145 463909889 0  
  1626781146 463909889 0  
  1626781147 463909889 0  
  1626781149 463909889 0  
  1626781150 463909889 0  
  1626781151 463909889 0  
  1626781152 463909889 0  
  1626781153 463909889 0  
  1626781154 463909889 0  
  1626781155 463909889 0  
  1626781156 463909889 0  
  1626781157 463909889 0  
  1626781158 463909889 0  
  1626781159 463909889 0  
  1626781160 463909889 0  
  1626781161 463909889 0  
  1626781162 463909889 0  
  1626781163 463909889 0  
  1626781164 463909889 0  
  1626781165 463910485 0  
  1626781166 463910485 0  
  1626781167 463910485 0  
  1626781168 463910485 0  
  1626781169 463910485 0  
  1626781170 463910485 0  
  1626781171 463910485 0  
  1626781172 463910485 0  
  1626781173 463910485 0  
  1626781174 463910485 0  
  1626781175 463910485 0  
  1626781176 463910485 0  
  1626781177 463910485 0  
  1626781178 463910485 0  
  1626781179 463910485 0  
  1626781180 463910485 0  
  1626781181 463910485 0  
  1626781182 463910485 0  
  1626781183 463910485 0  
  1626781184 463910485 0  
  1626781185 463910485 0  
  1626781186 463910485 0  
  1626781187 463910485 0  
  1626781189 463910485 0  
  1626781190 463910485 0  
  1626781191 463910485 0  
  1626781192 463910485 0  
  1626781193 463910485 0  
  1626781194 463910485 0  
  1626781195 463910485 0  
  1626781196 463910485 0  
  1626781197 463910485 0  
  1626781198 463910485 0  
  1626781199 463910485 0  
  1626781200 463910485 0  
  1626781201 463910485 0  
  1626781202 463910485 0  
  1626781203 463910485 0  
  1626781204 463910485 0  
  1626781205 463910485 0  
  1626781206 463914794 0  
  1626781207 463915118 0  
  1626781208 463915690 0  
  1626781209 463915758 0  
  1626781210 463915758 0  
  1626781211 463915758 0  
  1626781212 463915758 0  
  1626781213 463915758 0  
  1626781214 463915758 0  
  1626781215 463915758 0  
  1626781216 463915758 0  
  1626781217 463915758 0  
  1626781218 463915758 0  
  1626781219 463915758 0  
  1626781220 463920323 0  
  1626781221 463923288 0  
  1626781222 463930229 0  
  1626781223 463931005 0  
  1626781224 463931713 0  
  1626781225 463931713 0  
  1626781226 463931805 0  
  1626781227 463931805 0  
  1626781228 463931805 0  
  1626781230 463931805 0  
  1626781231 463931805 0  
  1626781232 463931805 0  
  1626781233 463931805 0  
  1626781234 463931805 0  
  1626781235 463931805 0  
  1626781236 463931805 0  
  1626781237 463931897 0  
  1626781238 463931897 0  
  1626781239 463931897 0  
  1626781240 463932254 0  
  1626781241 463932254 0  
  1626781242 463932254 0  
  1626781243 463932254 0  
  1626781244 463932254 0  
  1626781245 463932254 0  
  1626781246 463932254 0  
  1626781247 463932254 0  
  1626781248 463932254 0  
  1626781249 463932254 0  
  1626781250 463932254 0  
  1626781251 463932254 0  
  1626781252 463932254 0  
  1626781253 463932254 0  
  1626781254 463932592 0  
  1626781255 463932592 0  
  1626781256 463932592 0  
  1626781257 463932592 0  
  1626781258 463932592 0  
  1626781259 463932592 0  
  1626781260 463932592 0  
  1626781261 463932592 0  
  1626781262 463932592 0  
  1626781263 463932592 0  
  1626781264 463932592 0  
  1626781265 463932592 0  
  1626781266 463932592 0  
  1626781267 463932592 0  
  1626781268 463932592 0  
  1626781270 463932592 0  
  1626781271 463932592 0  
  1626781272 463932592 0  
  1626781273 463932592 0  
  1626781274 463932592 0  
  1626781275 463932592 0  
  1626781276 463932592 0  
  1626781277 463932592 0  
  1626781278 463932592 0  
  1626781279 463932592 0  
  1626781280 463932592 0  
  1626781281 463932592 0  
  1626781282 463932592 0  
  1626781283 463932592 0  
  1626781284 463932592 0  
  1626781285 463932592 0  
  1626781286 463932592 0  
  1626781287 463932592 0  
  1626781288 463932592 0  
  1626781289 463932592 0  
  1626781290 463932592 0  
  1626781291 463932684 0  
  1626781292 463932684 0  
  1626781293 463932684 0  
  1626781294 463932684 0  
  1626781295 463932684 0  
  1626781296 463932684 0  
  1626781297 463932684 0  
  1626781298 463932684 0  
  1626781299 463932684 0  
  1626781300 463932684 0  
  1626781301 463932684 0  
  1626781302 463932684 0  
  1626781303 463932684 0  
  1626781304 463932684 0  
  1626781305 463932684 0  
  1626781306 463932684 0  
  1626781307 463932684 0  
  1626781308 463932684 0  
  1626781310 463932684 0  
  1626781311 463932684 0  
  1626781312 463932684 0  
  1626781313 463932684 0  
  1626781314 463932684 0  
  1626781315 463932684 0  
  1626781316 463932684 0  
  1626781317 463932684 0  
  1626781318 463932684 0  
  1626781319 463932684 0  
  1626781320 463932684 0  
  1626781321 463932684 0  
  1626781322 463932684 0  
  1626781323 463932684 0  
  1626781324 463932684 0  
  1626781325 463932684 0  
  1626781326 463932684 0  
  1626781327 463932684 0  
  1626781328 463932684 0  
  1626781329 463932684 0  
  1626781330 463932684 0  
  1626781331 463932684 0  
  1626781332 463932684 0  
  1626781333 463932684 0  
  1626781334 463932684 0  
  1626781335 463932684 0  
  1626781336 463932684 0  
  1626781337 463932684 0  
  1626781338 463932684 0  
  1626781339 463932684 0  
  1626781340 463932684 0  
  1626781341 463932684 0  
  1626781342 463932684 0  
  1626781343 463932684 0  
  1626781344 463932684 0  
  1626781345 463932684 0  
  1626781346 463932684 0  
  1626781347 463933022 0  
  1626781348 463933022 0  
  1626781349 463933022 0  
  1626781351 463933022 0  
  1626781352 463933022 0  
  1626781353 463933022 0  
  1626781354 463933022 0  
  1626781355 463933022 0  
  1626781356 463933114 0  
  1626781357 463933114 0  
  1626781358 463933114 0  
  1626781359 463933114 0  
  1626781360 463933114 0  
  1626781361 463933114 0  
  1626781362 463933114 0  
  1626781363 463933114 0  
  1626781364 463933114 0  
  1626781365 463933114 0  
  1626781366 463933710 0  
  1626781367 463933802 0  
  1626781368 463933802 0  
  1626781369 463933802 0  
  1626781370 463938435 0  
  1626781371 463938435 0  
  1626781372 463939075 0  
  1626781373 463939075 0  
  1626781374 463939075 0  
  1626781375 463939075 0  
  1626781376 463939075 0  
  1626781377 463939075 0  
  1626781378 463939075 0  
  1626781379 463939075 0  
  1626781380 463939075 0  
  1626781381 463939075 0  
  1626781382 463939075 0  
  1626781383 463939075 0  
  1626781384 463939075 0  
  1626781385 463939075 0  
  1626781386 463939075 0  
  1626781387 463939075 0  
  1626781388 463939075 0  
  1626781389 463939075 0  
  1626781390 463939075 0  
  1626781392 463939075 0  
  1626781393 463939075 0  
  1626781394 463939075 0  
  1626781395 463939075 0  
  1626781396 463939075 0  
  1626781397 463939075 0  
  1626781398 463939075 0  
  1626781399 463939075 0  
  1626781400 463939075 0  
  1626781401 463939075 0  
  1626781402 463939075 0  
  1626781403 463939075 0  
  1626781404 463939075 0  
  1626781405 463939075 0  
  1626781406 463939075 0  
  1626781407 463939075 0  
  1626781408 463939075 0  
  1626781409 463939075 0  
  1626781410 463939075 0  
  1626781411 463939075 0  
  1626781412 463939075 0  
  1626781413 463939075 0  
  1626781414 463939075 0  
  1626781415 463939143 0  
  1626781416 463939143 0  
  1626781417 463939143 0  
  1626781418 463939143 0  
  1626781419 463939143 0  
  1626781420 463939235 0  
  1626781421 463939235 0  
  1626781422 463940391 0  
  1626781423 463940391 0  
  1626781424 463940391 0  
  1626781425 463940391 0  
  1626781426 463940391 0  
  1626781427 463940391 0  
  1626781428 463940391 0  
  1626781429 463940391 0  
  1626781430 463940391 0  
  1626781432 463940391 0  
  1626781433 463940391 0  
  1626781434 463940391 0  
  1626781435 463940391 0  
  1626781436 463940391 0  
  1626781437 463940391 0  
  1626781438 463940391 0  
  1626781439 463940391 0  
  1626781440 463940391 0  
  1626781441 463940391 0  
  1626781442 463940391 0  
  1626781443 463940391 0  
  1626781444 463940391 0  
  1626781445 463940391 0  
  1626781446 463940391 0  
  1626781447 463940391 0  
  1626781448 463940391 0  
  1626781449 463940391 0  
  1626781450 463940391 0  
  1626781451 463940391 0  
  1626781452 463940391 0  
  1626781453 463940391 0  
  1626781454 463940391 0  
  1626781455 463940391 0  
  1626781456 463940391 0  
 