 1627420622 687804557 12152404  
  1627420623 687808686 12152404  
  1627420624 687809190 12152404  
  1627420626 687809190 12152404  
  1627420627 687809898 12152404  
  1627420628 687809898 12152404  
  1627420629 687809898 12152404  
  1627420630 687809898 12152404  
  1627420631 687809898 12152404  
  1627420632 687809898 12152404  
  1627420633 687809898 12152404  
  1627420634 687809898 12152404  
  1627420635 687809898 12152404  
  1627420636 687809898 12152404  
  1627420637 687809898 12152404  
  1627420638 687809898 12152404  
  1627420639 687809898 12152404  
  1627420640 687809898 12152404  
  1627420641 687809898 12152404  
  1627420642 687809898 12152404  
  1627420643 687809898 12152404  
  1627420644 687809898 12152404  
  1627420645 687809898 12152404  
  1627420646 687809898 12152404  
  1627420647 687809898 12152404  
  1627420648 687809898 12152404  
  1627420649 687809898 12152404  
  1627420650 687809898 12152404  
  1627420651 687814207 12152404  
  1627420652 687814531 12152404  
  1627420653 687815239 12152404  
  1627420654 687815239 12152404  
  1627420655 687815239 12152404  
  1627420656 687815239 12152404  
  1627420657 687815239 12152404  
  1627420658 687815239 12152404  
  1627420659 687815239 12152404  
  1627420660 687815239 12152404  
  1627420661 687815239 12152404  
  1627420662 687815239 12152404  
  1627420664 687815239 12152404  
  1627420665 687815239 12152404  
  1627420666 687815239 12152404  
  1627420667 687815239 12152404  
  1627420668 687815239 12152404  
  1627420669 687815239 12152404  
  1627420670 687815239 12152404  
  1627420671 687815239 12152404  
  1627420672 687815239 12152404  
  1627420673 687815239 12152404  
  1627420674 687815239 12152404  
  1627420675 687815239 12152404  
  1627420676 687815239 12152404  
  1627420677 687815239 12152404  
  1627420678 687815239 12152404  
  1627420679 687816834 12152404  
  1627420680 687816834 12152404  
  1627420681 687816834 12152404  
  1627420682 687816834 12152404  
  1627420683 687816834 12152404  
  1627420684 687816834 12152404  
  1627420685 687816834 12152404  
  1627420686 687816834 12152404  
  1627420687 687816834 12152404  
  1627420688 687816834 12152404  
  1627420689 687816834 12152404  
  1627420690 687816834 12152404  
  1627420691 687816834 12152404  
  1627420692 687816834 12152404  
  1627420693 687816834 12152404  
  1627420694 687821143 12152404  
  1627420695 687823428 12152404  
  1627420696 687826100 12152404  
  1627420697 687827516 12152404  
  1627420698 687827516 12152404  
  1627420699 687827516 12152404  
  1627420700 687827516 12152404  
  1627420702 687827516 12152404  
  1627420703 687827516 12152404  
  1627420704 687827516 12152404  
  1627420705 687827516 12152404  
  1627420706 687827516 12152404  
  1627420707 687827516 12152404  
  1627420708 687827516 12152404  
  1627420709 687827516 12152404  
  1627420710 687827516 12152404  
  1627420711 687827516 12152404  
  1627420712 687827516 12152404  
  1627420713 687827516 12152404  
  1627420714 687827516 12152404  
  1627420715 687827516 12152404  
  1627420716 687827516 12152404  
  1627420717 687827516 12152404  
  1627420718 687827516 12152404  
  1627420719 687827516 12152404  
  1627420720 687827516 12152404  
  1627420721 687827516 12152404  
  1627420722 687827516 12152404  
  1627420723 687827516 12152404  
  1627420724 687827516 12152404  
  1627420725 687827516 12152404  
  1627420726 687827516 12152404  
  1627420727 687827516 12152404  
  1627420728 687827516 12152404  
  1627420729 687827516 12152404  
  1627420730 687827516 12152404  
  1627420731 687827516 12152404  
  1627420732 687827516 12152404  
  1627420733 687831825 12152404  
  1627420734 687832149 12152404  
  1627420735 687832857 12152404  
  1627420736 687832857 12152404  
  1627420737 687832857 12152404  
  1627420738 687832857 12152404  
  1627420740 687832857 12152404  
  1627420741 687832857 12152404  
  1627420742 687832857 12152404  
  1627420743 687832857 12152404  
  1627420744 687832857 12152404  
  1627420745 687832857 12152404  
  1627420746 687832857 12152404  
  1627420747 687832857 12152404  
  1627420748 687832857 12152404  
  1627420749 687832857 12152404  
  1627420750 687832857 12152404  
  1627420751 687832857 12152404  
  1627420752 687832857 12152404  
  1627420753 687832857 12152404  
  1627420754 687832857 12152404  
  1627420755 687832857 12152404  
  1627420756 687832857 12152404  
  1627420757 687832857 12152404  
  1627420758 687832857 12152404  
  1627420759 687832857 12152404  
  1627420760 687832857 12152404  
  1627420761 687832857 12152404  
  1627420762 687832857 12152404  
  1627420763 687832857 12152404  
  1627420764 687832857 12152404  
  1627420765 687832857 12152404  
  1627420766 687832857 12152404  
  1627420767 687832857 12152404  
  1627420768 687832857 12152404  
  1627420769 687832857 12152404  
  1627420770 687832857 12152404  
  1627420771 687832857 12152404  
  1627420772 687832857 12152404  
  1627420773 687832857 12152404  
  1627420774 687832857 12152404  
  1627420775 687832857 12152404  
  1627420776 687832857 12152404  
  1627420777 687832857 12152404  
  1627420779 687832857 12152404  
  1627420780 687832857 12152404  
  1627420781 687832857 12152404  
  1627420782 687832857 12152404  
  1627420783 687832857 12152404  
  1627420784 687832857 12152404  
  1627420785 687832857 12152404  
  1627420786 687832857 12152404  
  1627420787 687832857 12152404  
  1627420788 687832857 12152404  
  1627420789 687832857 12152404  
  1627420790 687832857 12152404  
  1627420791 687832857 12152404  
  1627420792 687832857 12152404  
  1627420793 687832857 12152404  
  1627420794 687832857 12152404  
  1627420795 687832857 12152404  
  1627420796 687832857 12152404  
  1627420797 687832857 12152404  
  1627420798 687832857 12152404  
  1627420799 687832857 12152404  
  1627420800 687832857 12152404  
  1627420801 687832857 12152404  
  1627420802 687832857 12152404  
  1627420803 687832857 12152404  
  1627420804 687832857 12152404  
  1627420805 687832857 12152404  
  1627420806 687832857 12152404  
  1627420807 687832857 12152404  
  1627420808 687832857 12152404  
  1627420809 687832857 12152404  
  1627420810 687832857 12152404  
  1627420811 687832857 12152404  
  1627420812 687832857 12152404  
  1627420813 687832857 12152404  
  1627420814 687832857 12152404  
  1627420815 687832857 12152404  
  1627420816 687832857 12152404  
  1627420818 687832857 12152404  
  1627420819 687832857 12152404  
  1627420820 687832857 12152404  
  1627420821 687832857 12152404  
  1627420822 687832857 12152404  
  1627420823 687832857 12152404  
  1627420824 687832857 12152404  
  1627420825 687832857 12152404  
  1627420826 687832857 12152404  
  1627420827 687832857 12152404  
  1627420828 687832857 12152404  
  1627420829 687832857 12152404  
  1627420830 687832857 12152404  
  1627420831 687832857 12152404  
  1627420832 687832857 12152404  
  1627420833 687832857 12152404  
  1627420834 687833214 12152404  
  1627420835 687833306 12152404  
  1627420836 687833306 12152404  
  1627420837 687833306 12152404  
  1627420838 687833306 12152404  
  1627420839 687833306 12152404  
  1627420840 687833306 12152404  
  1627420841 687833306 12152404  
  1627420842 687833306 12152404  
  1627420843 687833306 12152404  
  1627420844 687833306 12152404  
  1627420845 687833306 12152404  
  1627420846 687833306 12152404  
  1627420847 687833306 12152404  
  1627420848 687833306 12152404  
  1627420849 687833398 12152404  
  1627420850 687833398 12152404  
  1627420851 687833398 12152404  
  1627420852 687833398 12152404  
  1627420853 687833398 12152404  
  1627420854 687833398 12152404  
  1627420855 687833398 12152404  
  1627420856 687833398 12152404  
  1627420858 687833398 12152404  
  1627420859 687833398 12152404  
  1627420860 687833398 12152404  
  1627420861 687833398 12152404  
  1627420862 687833398 12152404  
  1627420863 687833398 12152404  
  1627420864 687833398 12152404  
  1627420865 687833398 12152404  
  1627420866 687833398 12152404  
  1627420867 687833398 12152404  
  1627420868 687833398 12152404  
  1627420869 687833398 12152404  
  1627420870 687833398 12152404  
  1627420871 687833398 12152404  
  1627420872 687833398 12152404  
  1627420873 687833398 12152404  
  1627420874 687833398 12152404  
  1627420875 687833398 12152404  
  1627420876 687833398 12152404  
  1627420877 687833398 12152404  
  1627420878 687833398 12152404  
  1627420879 687833988 12152404  
  1627420880 687833988 12152404  
  1627420881 687833988 12152404  
  1627420882 687833988 12152404  
  1627420883 687833988 12152404  
  1627420884 687833988 12152404  
  1627420885 687833988 12152404  
  1627420886 687833988 12152404  
  1627420887 687833988 12152404  
  1627420888 687834064 12152404  
  1627420889 687834064 12152404  
  1627420890 687834064 12152404  
  1627420891 687834064 12152404  
  1627420892 687834064 12152404  
  1627420893 687834064 12152404  
  1627420894 687834064 12152404  
  1627420895 687834064 12152404  
  1627420897 687834064 12152404  
  1627420898 687834064 12152404  
  1627420899 687834064 12152404  
  1627420900 687834064 12152404  
  1627420901 687834064 12152404  
  1627420902 687834064 12152404  
  1627420903 687834064 12152404  
  1627420904 687834064 12152404  
  1627420905 687834064 12152404  
  1627420906 687834064 12152404  
  1627420907 687834064 12152404  
  1627420908 687834064 12152404  
  1627420909 687834064 12152404  
  1627420910 687834064 12152404  
  1627420911 687834064 12152404  
  1627420912 687834064 12152404  
  1627420913 687834064 12152404  
  1627420914 687834064 12152404  
  1627420915 687834064 12152404  
  1627420916 687834064 12152404  
  1627420917 687834064 12152404  
  1627420918 687834064 12152404  
  1627420919 687834064 12152404  
  1627420920 687834064 12152404  
  1627420921 687834064 12152404  
  1627420922 687834064 12152404  
  1627420923 687838373 12152404  
  1627420924 687838697 12152404  
  1627420925 687839405 12152404  
  1627420926 687839405 12152404  
  1627420927 687839405 12152404  
  1627420928 687839405 12152404  
  1627420929 687839405 12152404  
  1627420930 687839405 12152404  
  1627420931 687839405 12152404  
  1627420932 687839405 12152404  
  1627420933 687839405 12152404  
  1627420934 687839405 12152404  
  1627420936 687839405 12152404  
  1627420937 687839405 12152404  
  1627420938 687839405 12152404  
  1627420939 687839405 12152404  
  1627420940 687839405 12152404  
  1627420941 687839405 12152404  
  1627420942 687839405 12152404  
  1627420943 687839405 12152404  
  1627420944 687839405 12152404  
  1627420945 687839405 12152404  
  1627420946 687839405 12152404  
  1627420947 687839405 12152404  
  1627420948 687839405 12152404  
  1627420949 687839405 12152404  
  1627420950 687839405 12152404  
  1627420951 687843714 12152404  
  1627420952 687844038 12152404  
  1627420953 687844098 12152404  
  1627420954 687844806 12152404  
  1627420955 687844806 12152404  
  1627420956 687844806 12152404  
  1627420957 687844806 12152404  
  1627420958 687844806 12152404  
  1627420959 687844806 12152404  
  1627420960 687844806 12152404  
  1627420961 687844806 12152404  
  1627420962 687844806 12152404  
  1627420963 687844806 12152404  
  1627420964 687844806 12152404  
  1627420965 687844806 12152404  
  1627420966 687844806 12152404  
  1627420967 687844806 12152404  
  1627420968 687844806 12152404  
  1627420969 687844806 12152404  
  1627420971 687844806 12152404  
  1627420972 687844806 12152404  
  1627420973 687844806 12152404  
  1627420974 687844806 12152404  
  1627420975 687844806 12152404  
  1627420976 687844806 12152404  
  1627420977 687844806 12152404  
  1627420978 687844806 12152404  
  1627420979 687844806 12152404  
  1627420980 687844806 12152404  
  1627420981 687844806 12152404  
  1627420982 687844806 12152404  
  1627420983 687844806 12152404  
  1627420984 687844806 12152404  
  1627420985 687844806 12152404  
  1627420986 687844806 12152404  
  1627420987 687844806 12152404  
  1627420988 687844806 12152404  
  1627420989 687844806 12152404  
  1627420990 687844806 12152404  
  1627420991 687844806 12152404  
  1627420992 687844806 12152404  
  1627420993 687844806 12152404  
  1627420994 687848935 12152404  
  1627420995 687849439 12152404  
  1627420996 687854072 12152404  
  1627420997 687854780 12152404  
  1627420998 687855352 12152404  
  1627420999 687855352 12152404  
  1627421001 687855352 12152404  
  1627421002 687855352 12152404  
  1627421003 687855352 12152404  
  1627421004 687855352 12152404  
  1627421005 687855352 12152404  
  1627421006 687855352 12152404  
  1627421007 687855352 12152404  
  1627421008 687855352 12152404  
  1627421009 687855352 12152404  
  1627421010 687855352 12152404  
  1627421011 687855352 12152404  
  1627421012 687855352 12152404  
  1627421013 687855352 12152404  
  1627421014 687855352 12152404  
  1627421015 687855352 12152404  
  1627421016 687855352 12152404  
  1627421017 687855352 12152404  
  1627421018 687855352 12152404  
  1627421019 687855352 12152404  
  1627421020 687855352 12152404  
  1627421021 687855352 12152404  
  1627421022 687855352 12152404  
  1627421023 687855352 12152404  
  1627421024 687855352 12152404  
  1627421025 687855352 12152404  
  1627421026 687855352 12152404  
  1627421027 687855352 12152404  
  1627421028 687855352 12152404  
  1627421029 687855352 12152404  
  1627421030 687855352 12152404  
  1627421032 687855352 12152404  
  1627421033 687858249 12152404  
  1627421034 687859985 12152404  
  1627421035 687859985 12152404  
  1627421036 687860625 12152404  
  1627421037 687860625 12152404  
  1627421038 687860625 12152404  
  1627421039 687860625 12152404  
  1627421040 687860625 12152404  
  1627421041 687860625 12152404  
  1627421042 687860625 12152404  
  1627421043 687860625 12152404  
  1627421044 687860625 12152404  
  1627421045 687860625 12152404  
  1627421046 687860625 12152404  
  1627421047 687860625 12152404  
  1627421048 687860625 12152404  
  1627421049 687860625 12152404  
  1627421050 687860625 12152404  
  1627421051 687860625 12152404  
  1627421052 687860625 12152404  
  1627421053 687860625 12152404  
  1627421054 687860625 12152404  
  1627421055 687860625 12152404  
  1627421056 687860625 12152404  
  1627421057 687860625 12152404  
  1627421058 687860625 12152404  
  1627421059 687860625 12152404  
  1627421060 687860625 12152404  
  1627421062 687860625 12152404  
  1627421063 687860625 12152404  
  1627421064 687860625 12152404  
  1627421065 687860625 12152404  
  1627421066 687860625 12152404  
  1627421067 687860625 12152404  
  1627421068 687860625 12152404  
  1627421069 687860625 12152404  
  1627421070 687860625 12152404  
  1627421071 687860625 12152404  
  1627421072 687860625 12152404  
  1627421073 687860625 12152404  
  1627421074 687860625 12152404  
  1627421075 687860625 12152404  
  1627421076 687860625 12152404  
  1627421077 687860625 12152404  
  1627421078 687860625 12152404  
  1627421079 687860625 12152404  
  1627421080 687861221 12152404  
  1627421081 687861221 12152404  
  1627421082 687861221 12152404  
  1627421083 687861221 12152404  
  1627421084 687861221 12152404  
  1627421085 687861221 12152404  
  1627421086 687861221 12152404  
  1627421087 687861221 12152404  
  1627421088 687861221 12152404  
  1627421089 687861221 12152404  
  1627421090 687861221 12152404  
  1627421091 687861221 12152404  
  1627421093 687861313 12152404  
  1627421094 687861313 12152404  
  1627421095 687861313 12152404  
  1627421096 687861313 12152404  
  1627421097 687861313 12152404  
  1627421098 687861313 12152404  
  1627421099 687861313 12152404  
  1627421100 687861313 12152404  
  1627421101 687861313 12152404  
  1627421102 687861313 12152404  
  1627421103 687861313 12152404  
  1627421104 687861313 12152404  
  1627421105 687861313 12152404  
  1627421106 687861405 12152404  
  1627421107 687861405 12152404  
  1627421108 687861405 12152404  
  1627421109 687861405 12152404  
  1627421110 687861405 12152404  
  1627421111 687861405 12152404  
  1627421112 687861405 12152404  
  1627421113 687861405 12152404  
  1627421114 687861405 12152404  
  1627421115 687861405 12152404  
  1627421116 687861405 12152404  
  1627421117 687861405 12152404  
  1627421118 687861405 12152404  
  1627421119 687861405 12152404  
  1627421120 687861405 12152404  
  1627421121 687861405 12152404  
  1627421123 687861405 12152404  
  1627421124 687861405 12152404  
  1627421125 687861405 12152404  
  1627421126 687861405 12152404  
  1627421127 687861405 12152404  
  1627421128 687861405 12152404  
  1627421129 687861405 12152404  
  1627421130 687861405 12152404  
  1627421131 687861405 12152404  
  1627421132 687861405 12152404  
  1627421133 687861405 12152404  
  1627421134 687861762 12152404  
  1627421135 687861762 12152404  
  1627421136 687861762 12152404  
  1627421137 687861762 12152404  
  1627421138 687861762 12152404  
  1627421139 687861762 12152404  
  1627421140 687861762 12152404  
  1627421141 687861762 12152404  
  1627421142 687861762 12152404  
  1627421143 687861762 12152404  
  1627421144 687861762 12152404  
  1627421145 687861762 12152404  
  1627421146 687861762 12152404  
  1627421147 687861762 12152404  
  1627421148 687861762 12152404  
  1627421149 687861762 12152404  
  1627421150 687861762 12152404  
  1627421151 687861762 12152404  
  1627421153 687861762 12152404  
  1627421154 687861762 12152404  
  1627421155 687861762 12152404  
  1627421156 687861762 12152404  
  1627421157 687861762 12152404  
  1627421158 687861762 12152404  
  1627421159 687861762 12152404  
  1627421160 687861762 12152404  
  1627421161 687861762 12152404  
  1627421162 687861762 12152404  
  1627421163 687861762 12152404  
  1627421164 687861762 12152404  
  1627421165 687861762 12152404  
  1627421166 687861762 12152404  
  1627421167 687861762 12152404  
  1627421168 687861762 12152404  
  1627421169 687861762 12152404  
  1627421170 687861762 12152404  
  1627421171 687861762 12152404  
  1627421172 687861762 12152404  
  1627421173 687861762 12152404  
  1627421174 687861762 12152404  
  1627421175 687861762 12152404  
  1627421176 687861762 12152404  
  1627421177 687861762 12152404  
  1627421178 687861762 12152404  
  1627421179 687861762 12152404  
  1627421180 687861762 12152404  
  1627421181 687861762 12152404  
  1627421182 687861762 12152404  
  1627421184 687861762 12152404  
  1627421185 687861762 12152404  
  1627421186 687861762 12152404  
  1627421187 687861762 12152404  
  1627421188 687861762 12152404  
  1627421189 687861762 12152404  
  1627421190 687861762 12152404  
  1627421191 687861762 12152404  
  1627421192 687861762 12152404  
  1627421193 687861762 12152404  
  1627421194 687861762 12152404  
  1627421195 687861762 12152404  
  1627421196 687861762 12152404  
  1627421197 687861762 12152404  
  1627421198 687861762 12152404  
  1627421199 687861762 12152404  
  1627421200 687861762 12152404  
  1627421201 687861762 12152404  
  1627421202 687861762 12152404  
  1627421203 687861762 12152404  
  1627421204 687861762 12152404  
  1627421205 687861762 12152404  
  1627421206 687861762 12152404  
  1627421207 687861762 12152404  
  1627421208 687861762 12152404  
  1627421209 687861874 12152404  
  1627421210 687861874 12152404  
  1627421211 687861874 12152404  
  1627421212 687861874 12152404  
  1627421214 687861874 12152404  
  1627421215 687861874 12152404  
  1627421216 687861874 12152404  
  1627421217 687861874 12152404  
  1627421218 687861874 12152404  
  1627421219 687861874 12152404  
  1627421220 687861874 12152404  
  1627421221 687861874 12152404  
  1627421222 687861874 12152404  
  1627421223 687866183 12152404  
  1627421224 687866507 12152404  
  1627421225 687866507 12152404  
  1627421226 687867215 12152404  
  1627421227 687867215 12152404  
  1627421228 687867215 12152404  
  1627421229 687867215 12152404  
  1627421230 687867215 12152404  
  1627421231 687867215 12152404  
  1627421232 687867215 12152404  
  1627421233 687867215 12152404  
  1627421234 687867215 12152404  
  1627421235 687867215 12152404  
  1627421236 687867215 12152404  
  1627421237 687867215 12152404  
  1627421238 687867215 12152404  
  1627421239 687867215 12152404  
  1627421240 687867215 12152404  
  1627421241 687867215 12152404  
  1627421242 687867215 12152404  
  1627421244 687867215 12152404  
  1627421245 687867215 12152404  
  1627421246 687867215 12152404  
  1627421247 687867215 12152404  
  1627421248 687867215 12152404  
  1627421249 687867215 12152404  
  1627421250 687867215 12152404  
  1627421251 687871524 12152404  
  1627421252 687871848 12152404  
  1627421253 687871848 12152404  
  1627421254 687872420 12152404  
  1627421255 687872420 12152404  
  1627421256 687872420 12152404  
  1627421257 687872498 12152404  
 