 1627432983 548141174 240256  
  1627432984 548141174 240256  
  1627432985 548141174 240256  
  1627432986 548141174 240256  
  1627432987 548141174 240256  
  1627432988 548141174 240256  
  1627432989 548141174 240256  
  1627432990 548141174 240256  
  1627432991 548141174 240256  
  1627432992 548145807 240256  
  1627432993 548147768 240256  
  1627432994 548151148 240256  
  1627432995 548151856 240256  
  1627432996 548151856 240256  
  1627432997 548151856 240256  
  1627432998 548151856 240256  
  1627432999 548151856 240256  
  1627433000 548151856 240256  
  1627433001 548151856 240256  
  1627433002 548151856 240256  
  1627433003 548151856 240256  
  1627433004 548151856 240256  
  1627433005 548151856 240256  
  1627433006 548151856 240256  
  1627433007 548151856 240256  
  1627433008 548151856 240256  
  1627433009 548151856 240256  
  1627433010 548151856 240256  
  1627433011 548151856 240256  
  1627433012 548151856 240256  
  1627433014 548151856 240256  
  1627433015 548151856 240256  
  1627433016 548151856 240256  
  1627433017 548151856 240256  
  1627433018 548151856 240256  
  1627433019 548151856 240256  
  1627433020 548151856 240256  
  1627433021 548151856 240256  
  1627433022 548151856 240256  
  1627433023 548151856 240256  
  1627433024 548151856 240256  
  1627433025 548151856 240256  
  1627433026 548151856 240256  
  1627433027 548151856 240256  
  1627433028 548151856 240256  
  1627433029 548151856 240256  
  1627433030 548151856 240256  
  1627433031 548156165 240256  
  1627433032 548156489 240256  
  1627433033 548157197 240256  
  1627433034 548157197 240256  
  1627433035 548157197 240256  
  1627433036 548157197 240256  
  1627433037 548157197 240256  
  1627433038 548157197 240256  
  1627433039 548157197 240256  
  1627433040 548157289 240256  
  1627433041 548157289 240256  
  1627433042 548157289 240256  
  1627433043 548157289 240256  
  1627433044 548157289 240256  
  1627433045 548157289 240256  
  1627433046 548157289 240256  
  1627433047 548157289 240256  
  1627433048 548157289 240256  
  1627433049 548157289 240256  
  1627433050 548157289 240256  
  1627433051 548157289 240256  
  1627433052 548157289 240256  
  1627433054 548157289 240256  
  1627433055 548157289 240256  
  1627433056 548157289 240256  
  1627433057 548157289 240256  
  1627433058 548157289 240256  
  1627433059 548157289 240256  
  1627433060 548157289 240256  
  1627433061 548157289 240256  
  1627433062 548157289 240256  
  1627433063 548157289 240256  
  1627433064 548157289 240256  
  1627433065 548157289 240256  
  1627433066 548157289 240256  
  1627433067 548157289 240256  
  1627433068 548157289 240256  
  1627433069 548157289 240256  
  1627433070 548157289 240256  
  1627433071 548157289 240256  
  1627433072 548157289 240256  
  1627433073 548157289 240256  
  1627433074 548157289 240256  
  1627433075 548157289 240256  
  1627433076 548157289 240256  
  1627433077 548157289 240256  
  1627433078 548157289 240256  
  1627433079 548157289 240256  
  1627433080 548157289 240256  
  1627433081 548157289 240256  
  1627433082 548157289 240256  
  1627433083 548157289 240256  
  1627433084 548157289 240256  
  1627433085 548157289 240256  
  1627433086 548157289 240256  
  1627433087 548157289 240256  
  1627433088 548157289 240256  
  1627433089 548157289 240256  
  1627433090 548157289 240256  
  1627433091 548157289 240256  
  1627433092 548157289 240256  
  1627433094 548157289 240256  
  1627433095 548157289 240256  
  1627433096 548157289 240256  
  1627433097 548157289 240256  
  1627433098 548157289 240256  
  1627433099 548157289 240256  
  1627433100 548157289 240256  
  1627433101 548157289 240256  
  1627433102 548157289 240256  
  1627433103 548157289 240256  
  1627433104 548157289 240256  
  1627433105 548157289 240256  
  1627433106 548157289 240256  
  1627433107 548157289 240256  
  1627433108 548157289 240256  
  1627433109 548157289 240256  
  1627433110 548157289 240256  
  1627433111 548157289 240256  
  1627433112 548157289 240256  
  1627433113 548157289 240256  
  1627433114 548157289 240256  
  1627433115 548157289 240256  
  1627433116 548157289 240256  
  1627433117 548157627 240256  
  1627433118 548157719 240256  
  1627433119 548157719 240256  
  1627433120 548157719 240256  
  1627433121 548157719 240256  
  1627433122 548157719 240256  
  1627433123 548157719 240256  
  1627433124 548157719 240256  
  1627433125 548157719 240256  
  1627433126 548157719 240256  
  1627433127 548157719 240256  
  1627433128 548157719 240256  
  1627433129 548157719 240256  
  1627433130 548157719 240256  
  1627433131 548158076 240256  
  1627433132 548158076 240256  
  1627433134 548158076 240256  
  1627433135 548158076 240256  
  1627433136 548158076 240256  
  1627433137 548158076 240256  
  1627433138 548158076 240256  
  1627433139 548158076 240256  
  1627433140 548158076 240256  
  1627433141 548158076 240256  
  1627433142 548158076 240256  
  1627433143 548158076 240256  
  1627433144 548158076 240256  
  1627433145 548158076 240256  
  1627433146 548158076 240256  
  1627433147 548158076 240256  
  1627433148 548158076 240256  
  1627433149 548158076 240256  
  1627433150 548158076 240256  
  1627433151 548158076 240256  
  1627433152 548158076 240256  
  1627433153 548158076 240256  
  1627433154 548158076 240256  
  1627433155 548158076 240256  
  1627433156 548158076 240256  
  1627433157 548158076 240256  
  1627433158 548158076 240256  
  1627433159 548158076 240256  
  1627433160 548158076 240256  
  1627433161 548158076 240256  
  1627433162 548158076 240256  
  1627433163 548158076 240256  
  1627433164 548158076 240256  
  1627433165 548158076 240256  
  1627433166 548158076 240256  
  1627433167 548158076 240256  
  1627433168 548158076 240256  
  1627433169 548158076 240256  
  1627433170 548158076 240256  
  1627433171 548158076 240256  
  1627433173 548158076 240256  
  1627433174 548158076 240256  
  1627433175 548158076 240256  
  1627433176 548158076 240256  
  1627433177 548158076 240256  
  1627433178 548158076 240256  
  1627433179 548158076 240256  
  1627433180 548158672 240256  
  1627433181 548158672 240256  
  1627433182 548158672 240256  
  1627433183 548158672 240256  
  1627433184 548158672 240256  
  1627433185 548158672 240256  
  1627433186 548158672 240256  
  1627433187 548158672 240256  
  1627433188 548158672 240256  
  1627433189 548158672 240256  
  1627433190 548158672 240256  
  1627433191 548158672 240256  
  1627433192 548158672 240256  
  1627433193 548158672 240256  
  1627433194 548158672 240256  
  1627433195 548158672 240256  
  1627433196 548158672 240256  
  1627433197 548158672 240256  
  1627433198 548158672 240256  
  1627433199 548158672 240256  
  1627433200 548158672 240256  
  1627433201 548158672 240256  
  1627433202 548158672 240256  
  1627433203 548158672 240256  
  1627433204 548158672 240256  
  1627433205 548158672 240256  
  1627433206 548158672 240256  
  1627433207 548158672 240256  
  1627433208 548158672 240256  
  1627433209 548158672 240256  
  1627433210 548158672 240256  
  1627433211 548158672 240256  
  1627433213 548158672 240256  
  1627433214 548158672 240256  
  1627433215 548158672 240256  
  1627433216 548158672 240256  
  1627433217 548158672 240256  
  1627433218 548158672 240256  
  1627433219 548158672 240256  
  1627433220 548158672 240256  
  1627433221 548162981 240256  
  1627433222 548163305 240256  
  1627433223 548164013 240256  
  1627433224 548164013 240256  
  1627433225 548164013 240256  
  1627433226 548164013 240256  
  1627433227 548164013 240256  
  1627433228 548164013 240256  
  1627433229 548164013 240256  
  1627433230 548164013 240256  
  1627433231 548164013 240256  
  1627433232 548164013 240256  
  1627433233 548164013 240256  
  1627433234 548164013 240256  
  1627433235 548164013 240256  
  1627433236 548164013 240256  
  1627433237 548164013 240256  
  1627433238 548164013 240256  
  1627433239 548164013 240256  
  1627433240 548164013 240256  
  1627433241 548164013 240256  
  1627433242 548164013 240256  
  1627433243 548164013 240256  
  1627433244 548164013 240256  
  1627433245 548164013 240256  
  1627433246 548164013 240256  
  1627433247 548164013 240256  
  1627433248 548168322 240256  
  1627433249 548168646 240256  
  1627433250 548168646 240256  
  1627433251 548169354 240256  
  1627433253 548169354 240256  
  1627433254 548169354 240256  
  1627433255 548169354 240256  
  1627433256 548169354 240256  
  1627433257 548169354 240256  
  1627433258 548169354 240256  
  1627433259 548169354 240256  
  1627433260 548169354 240256  
  1627433261 548169354 240256  
  1627433262 548169354 240256  
  1627433263 548169354 240256  
  1627433264 548169354 240256  
  1627433265 548169354 240256  
  1627433266 548169354 240256  
  1627433267 548169354 240256  
  1627433268 548169354 240256  
  1627433269 548169354 240256  
  1627433270 548169354 240256  
  1627433271 548169354 240256  
  1627433272 548169354 240256  
  1627433273 548169354 240256  
  1627433274 548169354 240256  
  1627433275 548169354 240256  
  1627433276 548169354 240256  
  1627433277 548169354 240256  
  1627433278 548169410 240256  
  1627433279 548169410 240256  
  1627433280 548169410 240256  
  1627433281 548169410 240256  
  1627433282 548169410 240256  
  1627433283 548169410 240256  
  1627433284 548169410 240256  
  1627433285 548169410 240256  
  1627433286 548169410 240256  
  1627433287 548169410 240256  
  1627433288 548169410 240256  
  1627433289 548169410 240256  
  1627433290 548169410 240256  
  1627433291 548173719 240256  
  1627433293 548174043 240256  
  1627433294 548179384 240256  
  1627433295 548180024 240256  
  1627433296 548180092 240256  
  1627433297 548180092 240256  
  1627433298 548180184 240256  
  1627433299 548180184 240256  
  1627433300 548180184 240256  
  1627433301 548180184 240256  
  1627433302 548180184 240256  
  1627433303 548180184 240256  
  1627433304 548180184 240256  
  1627433305 548180184 240256  
 