 1626398462 409727713 0  
  1626398463 409727713 0  
  1626398465 409727713 0  
  1626398466 409727713 0  
  1626398467 409727713 0  
  1626398468 409727713 0  
  1626398469 409727713 0  
  1626398470 409727713 0  
  1626398471 409727713 0  
  1626398472 409727713 0  
  1626398473 409727713 0  
  1626398474 409727713 0  
  1626398475 409727713 0  
  1626398476 409727713 0  
  1626398477 409727713 0  
  1626398478 409727713 0  
  1626398479 409727713 0  
  1626398480 409727713 0  
  1626398481 409727713 0  
  1626398482 409727713 0  
  1626398483 409727713 0  
  1626398484 409727713 0  
  1626398485 409727713 0  
  1626398486 409727713 0  
  1626398487 409727713 0  
  1626398488 409727713 0  
  1626398489 409727713 0  
  1626398490 409727713 0  
  1626398491 409727713 0  
  1626398492 409727713 0  
  1626398493 409727713 0  
  1626398494 409727713 0  
  1626398495 409727713 0  
  1626398496 409727713 0  
  1626398497 409727713 0  
  1626398498 409727713 0  
  1626398499 409727713 0  
  1626398500 409727713 0  
  1626398501 409727713 0  
  1626398502 409727713 0  
  1626398504 409727713 0  
  1626398505 409727713 0  
  1626398506 409727713 0  
  1626398507 409727713 0  
  1626398508 409727713 0  
  1626398509 409727713 0  
  1626398510 409727713 0  
  1626398511 409727713 0  
  1626398512 409727713 0  
  1626398513 409727713 0  
  1626398514 409727713 0  
  1626398515 409727713 0  
  1626398516 409727713 0  
  1626398517 409727713 0  
  1626398518 409727713 0  
  1626398519 409727713 0  
  1626398520 409727713 0  
  1626398521 409727713 0  
  1626398522 409727713 0  
  1626398523 409727713 0  
  1626398524 409727713 0  
  1626398525 409727713 0  
  1626398526 409727713 0  
  1626398527 409727713 0  
  1626398528 409727713 0  
  1626398529 409727713 0  
  1626398530 409727713 0  
  1626398531 409727713 0  
  1626398532 409727713 0  
  1626398533 409727713 0  
  1626398534 409727713 0  
  1626398535 409727713 0  
  1626398536 409727713 0  
  1626398537 409727713 0  
  1626398538 409727713 0  
  1626398539 409727713 0  
  1626398540 409727713 0  
  1626398541 409727713 0  
  1626398542 409727713 0  
  1626398544 409727713 0  
  1626398545 409727713 0  
  1626398546 409727713 0  
  1626398547 409727713 0  
  1626398548 409728051 0  
  1626398549 409728051 0  
  1626398550 409728051 0  
  1626398551 409728051 0  
  1626398552 409728051 0  
  1626398553 409728051 0  
  1626398554 409728051 0  
  1626398555 409728051 0  
  1626398556 409728051 0  
  1626398557 409728051 0  
  1626398558 409728051 0  
  1626398559 409728051 0  
  1626398560 409728051 0  
  1626398561 409729646 0  
  1626398562 409729646 0  
  1626398563 409729646 0  
  1626398564 409733775 0  
  1626398565 409734279 0  
  1626398566 409734279 0  
  1626398567 409735079 0  
  1626398568 409735079 0  
  1626398569 409735079 0  
  1626398570 409735079 0  
  1626398571 409735079 0  
  1626398572 409735079 0  
  1626398573 409735079 0  
  1626398574 409735079 0  
  1626398575 409735079 0  
  1626398576 409735079 0  
  1626398577 409735079 0  
  1626398578 409735079 0  
  1626398579 409735079 0  
  1626398580 409735079 0  
  1626398581 409735079 0  
  1626398582 409735079 0  
  1626398584 409735079 0  
  1626398585 409735079 0  
  1626398586 409735079 0  
  1626398587 409735079 0  
  1626398588 409735079 0  
  1626398589 409735079 0  
  1626398590 409735079 0  
  1626398591 409735079 0  
  1626398592 409735079 0  
  1626398593 409735079 0  
  1626398594 409735079 0  
  1626398595 409735079 0  
  1626398596 409735079 0  
  1626398597 409735079 0  
  1626398598 409735079 0  
  1626398599 409735079 0  
  1626398600 409735079 0  
  1626398601 409735079 0  
  1626398602 409735079 0  
  1626398603 409735079 0  
  1626398604 409735079 0  
  1626398605 409735079 0  
  1626398606 409735079 0  
  1626398607 409735079 0  
  1626398608 409735079 0  
  1626398609 409735079 0  
  1626398610 409735079 0  
  1626398611 409735079 0  
  1626398612 409735079 0  
  1626398613 409735079 0  
  1626398614 409735079 0  
  1626398615 409735079 0  
  1626398616 409735079 0  
  1626398617 409735079 0  
  1626398618 409735079 0  
  1626398619 409735079 0  
  1626398620 409735079 0  
  1626398621 409735171 0  
  1626398622 409735171 0  
  1626398624 409735171 0  
  1626398625 409735171 0  
  1626398626 409735171 0  
  1626398627 409735171 0  
  1626398628 409735171 0  
  1626398629 409735171 0  
  1626398630 409735171 0  
  1626398631 409735171 0  
  1626398632 409735171 0  
  1626398633 409735171 0  
  1626398634 409735171 0  
  1626398635 409735171 0  
  1626398636 409735171 0  
  1626398637 409735171 0  
  1626398638 409735171 0  
  1626398639 409735171 0  
  1626398640 409735171 0  
  1626398641 409735171 0  
  1626398642 409735171 0  
  1626398643 409735171 0  
  1626398644 409735171 0  
  1626398645 409735171 0  
  1626398646 409735171 0  
  1626398647 409735171 0  
  1626398648 409735171 0  
  1626398649 409735171 0  
  1626398650 409735171 0  
  1626398651 409735171 0  
  1626398652 409735171 0  
  1626398653 409735171 0  
  1626398654 409737132 0  
  1626398655 409739804 0  
  1626398656 409739804 0  
  1626398657 409740512 0  
  1626398658 409740512 0  
  1626398659 409740512 0  
  1626398660 409740512 0  
  1626398661 409740512 0  
  1626398663 409740512 0  
  1626398664 409740512 0  
  1626398665 409740512 0  
  1626398666 409740512 0  
  1626398667 409740512 0  
  1626398668 409749130 0  
  1626398669 409749778 0  
  1626398670 409751126 0  
  1626398671 409751126 0  
  1626398672 409751126 0  
  1626398673 409751126 0  
  1626398674 409751126 0  
  1626398675 409751126 0  
  1626398676 409751126 0  
  1626398677 409751126 0  
  1626398678 409751126 0  
  1626398679 409751126 0  
  1626398680 409751126 0  
  1626398681 409751126 0  
  1626398682 409751126 0  
  1626398683 409751126 0  
  1626398684 409751126 0  
  1626398685 409751126 0  
  1626398686 409751126 0  
  1626398687 409751126 0  
  1626398688 409751126 0  
  1626398689 409751126 0  
  1626398690 409751126 0  
  1626398691 409751126 0  
  1626398692 409751126 0  
  1626398693 409751126 0  
  1626398694 409751126 0  
  1626398695 409751126 0  
  1626398696 409751218 0  
  1626398697 409755865 0  
  1626398698 409756189 0  
  1626398699 409756897 0  
  1626398700 409756897 0  
  1626398702 409756897 0  
  1626398703 409756897 0  
  1626398704 409756897 0  
  1626398705 409756897 0  
  1626398706 409756897 0  
  1626398707 409756897 0  
  1626398708 409756897 0  
  1626398709 409756897 0  
  1626398710 409756897 0  
  1626398711 409756897 0  
  1626398712 409756897 0  
  1626398713 409756897 0  
  1626398714 409756897 0  
  1626398715 409756897 0  
  1626398716 409756897 0  
  1626398717 409756897 0  
  1626398718 409756897 0  
  1626398719 409756897 0  
  1626398720 409756897 0  
  1626398721 409756897 0  
  1626398722 409756897 0  
  1626398723 409756897 0  
  1626398724 409756897 0  
  1626398725 409756897 0  
  1626398726 409756897 0  
  1626398727 409756897 0  
  1626398728 409756965 0  
  1626398729 409756965 0  
  1626398730 409756965 0  
  1626398731 409756965 0  
  1626398732 409756965 0  
  1626398733 409756965 0  
  1626398734 409758546 0  
  1626398735 409758546 0  
  1626398736 409758546 0  
  1626398737 409758546 0  
  1626398738 409758546 0  
  1626398739 409758546 0  
  1626398741 409758546 0  
  1626398742 409758546 0  
  1626398743 409758546 0  
  1626398744 409758546 0  
  1626398745 409758546 0  
  1626398746 409758546 0  
  1626398747 409758546 0  
  1626398748 409758546 0  
  1626398749 409758546 0  
  1626398750 409758546 0  
  1626398751 409758546 0  
  1626398752 409758546 0  
  1626398753 409758546 0  
  1626398754 409758546 0  
  1626398755 409758546 0  
  1626398756 409758546 0  
  1626398757 409758546 0  
  1626398758 409758546 0  
  1626398759 409758546 0  
  1626398760 409759136 0  
  1626398761 409759136 0  
  1626398762 409759136 0  
  1626398763 409759136 0  
  1626398764 409759136 0  
 