 1626400814 412865338 0  
  1626400815 412865338 0  
  1626400816 412865338 0  
  1626400817 412865338 0  
  1626400819 412865338 0  
  1626400820 412865338 0  
  1626400821 412865338 0  
  1626400822 412865338 0  
  1626400823 412865338 0  
  1626400824 412865338 0  
  1626400825 412865338 0  
  1626400826 412865338 0  
  1626400827 412865338 0  
  1626400828 412865338 0  
  1626400829 412865338 0  
  1626400830 412865338 0  
  1626400831 412865338 0  
  1626400832 412865338 0  
  1626400833 412865338 0  
  1626400834 412865338 0  
  1626400835 412865338 0  
  1626400836 412865338 0  
  1626400837 412865338 0  
  1626400838 412865338 0  
  1626400839 412865338 0  
  1626400840 412865695 0  
  1626400841 412865695 0  
  1626400842 412865695 0  
  1626400843 412865695 0  
  1626400844 412865695 0  
  1626400845 412865695 0  
  1626400846 412865695 0  
  1626400847 412865695 0  
  1626400848 412865695 0  
  1626400849 412865695 0  
  1626400850 412865695 0  
  1626400851 412865695 0  
  1626400852 412865695 0  
  1626400853 412865695 0  
  1626400854 412865695 0  
  1626400855 412865695 0  
  1626400856 412865695 0  
  1626400858 412865695 0  
  1626400859 412865695 0  
  1626400860 412865695 0  
  1626400861 412865695 0  
  1626400862 412865695 0  
  1626400863 412865695 0  
  1626400864 412865695 0  
  1626400865 412870004 0  
  1626400866 412870412 0  
  1626400867 412870916 0  
  1626400868 412870916 0  
  1626400869 412870916 0  
  1626400870 412870916 0  
  1626400871 412870916 0  
  1626400872 412870916 0  
  1626400873 412870916 0  
  1626400874 412870916 0  
  1626400875 412870916 0  
  1626400876 412870916 0  
  1626400877 412870916 0  
  1626400878 412870916 0  
  1626400879 412870916 0  
  1626400880 412870916 0  
  1626400881 412870916 0  
  1626400882 412870916 0  
  1626400883 412870916 0  
  1626400884 412870916 0  
  1626400885 412870916 0  
  1626400886 412870916 0  
  1626400887 412870916 0  
  1626400888 412870916 0  
  1626400889 412870916 0  
  1626400890 412870916 0  
  1626400891 412870916 0  
  1626400892 412870916 0  
  1626400893 412870916 0  
  1626400894 412870916 0  
  1626400895 412870916 0  
  1626400896 412870916 0  
  1626400898 412870916 0  
  1626400899 412870916 0  
  1626400900 412870916 0  
  1626400901 412870916 0  
  1626400902 412870916 0  
  1626400903 412870916 0  
  1626400904 412870916 0  
  1626400905 412870916 0  
  1626400906 412870916 0  
  1626400907 412870916 0  
  1626400908 412870916 0  
  1626400909 412870916 0  
  1626400910 412870916 0  
  1626400911 412870916 0  
  1626400912 412870916 0  
  1626400913 412870916 0  
  1626400914 412870916 0  
  1626400915 412870916 0  
  1626400916 412870916 0  
  1626400917 412870916 0  
  1626400918 412870916 0  
  1626400919 412870916 0  
  1626400920 412870916 0  
  1626400921 412870916 0  
  1626400922 412870916 0  
  1626400923 412870916 0  
  1626400924 412870916 0  
  1626400925 412870916 0  
  1626400926 412870916 0  
  1626400927 412870916 0  
  1626400928 412870916 0  
  1626400929 412870916 0  
  1626400930 412870916 0  
  1626400931 412870916 0  
  1626400932 412870916 0  
  1626400933 412870916 0  
  1626400934 412870916 0  
  1626400935 412870916 0  
  1626400936 412870916 0  
  1626400938 412870916 0  
  1626400939 412870916 0  
  1626400940 412870916 0  
  1626400941 412870916 0  
  1626400942 412870916 0  
  1626400943 412870916 0  
  1626400944 412870916 0  
  1626400945 412870916 0  
  1626400946 412870916 0  
  1626400947 412870916 0  
  1626400948 412871254 0  
  1626400949 412871254 0  
  1626400950 412871254 0  
  1626400951 412871254 0  
  1626400952 412871254 0  
  1626400953 412871254 0  
  1626400954 412871254 0  
  1626400955 412871254 0  
  1626400956 412871254 0  
  1626400957 412871254 0  
  1626400958 412871254 0  
  1626400959 412871254 0  
  1626400960 412871254 0  
  1626400961 412871850 0  
  1626400962 412871850 0  
  1626400963 412871850 0  
  1626400964 412871850 0  
  1626400965 412871850 0  
  1626400966 412871850 0  
  1626400967 412871850 0  
  1626400968 412871850 0  
  1626400969 412876159 0  
  1626400970 412876483 0  
  1626400971 412876483 0  
  1626400972 412877191 0  
  1626400973 412877191 0  
  1626400974 412877191 0  
  1626400975 412877191 0  
  1626400977 412877191 0  
  1626400978 412877191 0  
  1626400979 412877191 0  
  1626400980 412877191 0  
  1626400981 412877191 0  
  1626400982 412877191 0  
  1626400983 412877191 0  
  1626400984 412877191 0  
  1626400985 412877191 0  
  1626400986 412877191 0  
  1626400987 412877191 0  
  1626400988 412877191 0  
  1626400989 412877191 0  
  1626400990 412877191 0  
  1626400991 412877191 0  
  1626400992 412877191 0  
  1626400993 412877191 0  
  1626400994 412877191 0  
  1626400995 412877191 0  
  1626400996 412877191 0  
  1626400997 412877191 0  
  1626400998 412877191 0  
  1626400999 412877191 0  
  1626401000 412877191 0  
  1626401001 412877191 0  
  1626401002 412877191 0  
  1626401003 412877191 0  
  1626401004 412877191 0  
  1626401005 412877191 0  
  1626401006 412877191 0  
  1626401007 412877191 0  
  1626401008 412877191 0  
  1626401009 412877191 0  
  1626401010 412877191 0  
  1626401011 412877191 0  
  1626401012 412877191 0  
  1626401013 412877191 0  
  1626401014 412877191 0  
  1626401016 412877191 0  
  1626401017 412877191 0  
  1626401018 412877191 0  
  1626401019 412877191 0  
  1626401020 412877191 0  
  1626401021 412877191 0  
  1626401022 412877191 0  
  1626401023 412877191 0  
  1626401024 412877191 0  
  1626401025 412877191 0  
  1626401026 412877191 0  
  1626401027 412877191 0  
  1626401028 412877191 0  
  1626401029 412877191 0  
  1626401030 412877191 0  
  1626401031 412877191 0  
  1626401032 412877191 0  
  1626401033 412877191 0  
  1626401034 412877191 0  
  1626401035 412877191 0  
  1626401036 412877191 0  
  1626401037 412877191 0  
  1626401038 412877191 0  
  1626401039 412877191 0  
  1626401040 412877191 0  
  1626401041 412877191 0  
  1626401042 412877191 0  
  1626401043 412877191 0  
  1626401044 412877191 0  
  1626401045 412877191 0  
  1626401046 412877191 0  
  1626401047 412877191 0  
  1626401048 412877191 0  
  1626401049 412877191 0  
  1626401050 412877191 0  
  1626401051 412877191 0  
  1626401052 412877191 0  
  1626401053 412877191 0  
  1626401054 412877191 0  
  1626401056 412877191 0  
  1626401057 412877191 0  
  1626401058 412877191 0  
  1626401059 412877191 0  
  1626401060 412881500 0  
  1626401061 412881824 0  
  1626401062 412881824 0  
  1626401063 412882532 0  
  1626401064 412882532 0  
  1626401065 412882532 0  
  1626401066 412882532 0  
  1626401067 412882532 0  
  1626401068 412882532 0  
  1626401069 412882624 0  
  1626401070 412887257 0  
  1626401071 412891890 0  
  1626401072 412892598 0  
  1626401073 412893238 0  
  1626401074 412893238 0  
  1626401075 412893238 0  
  1626401076 412893238 0  
  1626401077 412893238 0  
  1626401078 412893238 0  
  1626401079 412893238 0  
  1626401080 412893238 0  
  1626401081 412893238 0  
  1626401082 412893238 0  
  1626401083 412893238 0  
  1626401084 412893238 0  
  1626401085 412893238 0  
  1626401086 412893238 0  
  1626401087 412893238 0  
  1626401088 412893238 0  
  1626401089 412893238 0  
  1626401090 412893238 0  
  1626401091 412893238 0  
  1626401092 412893238 0  
  1626401093 412893238 0  
  1626401095 412893238 0  
  1626401096 412893238 0  
  1626401097 412893238 0  
  1626401098 412893238 0  
  1626401099 412893238 0  
  1626401100 412893238 0  
  1626401101 412893238 0  
  1626401102 412897547 0  
  1626401103 412897871 0  
  1626401104 412898511 0  
  1626401105 412898579 0  
  1626401106 412898579 0  
  1626401107 412898579 0  
  1626401108 412898579 0  
  1626401109 412898579 0  
  1626401110 412898579 0  
  1626401111 412898579 0  
  1626401112 412898579 0  
  1626401113 412898579 0  
  1626401114 412898579 0  
  1626401115 412898579 0  
  1626401116 412898579 0  
 