 1627438143 570555401 0  
  1627438144 570555401 0  
  1627438145 570555401 0  
  1627438146 570555401 0  
  1627438147 570555401 0  
  1627438148 570555401 0  
  1627438149 570555401 0  
  1627438150 570555401 0  
  1627438151 570555401 0  
  1627438152 570555401 0  
  1627438153 570555401 0  
  1627438154 570555401 0  
  1627438155 570555401 0  
  1627438156 570555401 0  
  1627438157 570555401 0  
  1627438158 570555401 0  
  1627438159 570555401 0  
  1627438160 570555401 0  
  1627438161 570555401 0  
  1627438162 570555401 0  
  1627438163 570555401 0  
  1627438164 570555401 0  
  1627438165 570555401 0  
  1627438166 570555401 0  
  1627438167 570555401 0  
  1627438168 570555401 0  
  1627438169 570555401 0  
  1627438170 570555401 0  
  1627438171 570555401 0  
  1627438172 570555401 0  
  1627438173 570555401 0  
  1627438175 570555401 0  
  1627438176 570555401 0  
  1627438177 570555401 0  
  1627438178 570555401 0  
  1627438179 570555401 0  
  1627438180 570555401 0  
  1627438181 570555401 0  
  1627438182 570555401 0  
  1627438183 570555401 0  
  1627438184 570555401 0  
  1627438185 570555401 0  
  1627438186 570555401 0  
  1627438187 570555401 0  
  1627438188 570555401 0  
  1627438189 570555401 0  
  1627438190 570555401 0  
  1627438191 570555401 0  
  1627438192 570555401 0  
  1627438193 570555401 0  
  1627438194 570555401 0  
  1627438195 570555401 0  
  1627438196 570555401 0  
  1627438197 570555401 0  
  1627438198 570555401 0  
  1627438199 570555401 0  
  1627438200 570555401 0  
  1627438201 570555401 0  
  1627438202 570555401 0  
  1627438203 570555401 0  
  1627438204 570555401 0  
  1627438205 570555401 0  
  1627438206 570555401 0  
  1627438207 570555401 0  
  1627438208 570555401 0  
  1627438209 570555401 0  
  1627438210 570555401 0  
  1627438211 570555401 0  
  1627438212 570555401 0  
  1627438213 570555401 0  
  1627438215 570555401 0  
  1627438216 570555401 0  
  1627438217 570555401 0  
  1627438218 570555401 0  
  1627438219 570555739 0  
  1627438220 570555739 0  
  1627438221 570555739 0  
  1627438222 570555739 0  
  1627438223 570555739 0  
  1627438224 570555739 0  
  1627438225 570555739 0  
  1627438226 570555739 0  
  1627438227 570555739 0  
  1627438228 570555739 0  
  1627438229 570555739 0  
  1627438230 570555739 0  
  1627438231 570555739 0  
  1627438232 570555739 0  
  1627438233 570555739 0  
  1627438234 570555739 0  
  1627438235 570555739 0  
  1627438236 570555739 0  
  1627438237 570555739 0  
  1627438238 570555739 0  
  1627438239 570555739 0  
  1627438240 570556096 0  
  1627438241 570556096 0  
  1627438242 570556096 0  
  1627438243 570556096 0  
  1627438244 570556096 0  
  1627438245 570556096 0  
  1627438246 570556096 0  
  1627438247 570556096 0  
  1627438248 570556096 0  
  1627438249 570556096 0  
  1627438250 570556096 0  
  1627438251 570556096 0  
  1627438252 570556096 0  
  1627438254 570556096 0  
  1627438255 570556096 0  
  1627438256 570556096 0  
  1627438257 570556096 0  
  1627438258 570556096 0  
  1627438259 570556096 0  
  1627438260 570556096 0  
  1627438261 570556096 0  
  1627438262 570556096 0  
  1627438263 570556096 0  
  1627438264 570556096 0  
  1627438265 570556096 0  
  1627438266 570556096 0  
  1627438267 570556096 0  
  1627438268 570556096 0  
  1627438269 570556096 0  
  1627438270 570556096 0  
  1627438271 570556096 0  
  1627438272 570556096 0  
  1627438273 570556096 0  
  1627438274 570556096 0  
  1627438275 570556096 0  
  1627438276 570556096 0  
  1627438277 570556096 0  
  1627438278 570556096 0  
  1627438279 570556692 0  
  1627438280 570556692 0  
  1627438281 570556692 0  
  1627438282 570556692 0  
  1627438283 570556692 0  
  1627438284 570556692 0  
  1627438285 570556692 0  
  1627438286 570556692 0  
  1627438287 570556692 0  
  1627438288 570556692 0  
  1627438289 570556692 0  
  1627438290 570556692 0  
  1627438291 570556692 0  
  1627438292 570556692 0  
  1627438294 570556692 0  
  1627438295 570556692 0  
  1627438296 570556692 0  
  1627438297 570556692 0  
  1627438298 570556692 0  
  1627438299 570556692 0  
  1627438300 570556692 0  
  1627438301 570556692 0  
  1627438302 570556692 0  
  1627438303 570556692 0  
  1627438304 570556692 0  
  1627438305 570556692 0  
  1627438306 570556692 0  
  1627438307 570556692 0  
  1627438308 570556692 0  
  1627438309 570556692 0  
  1627438310 570556692 0  
  1627438311 570556692 0  
  1627438312 570556692 0  
  1627438313 570556692 0  
  1627438314 570556692 0  
  1627438315 570556692 0  
  1627438316 570556692 0  
  1627438317 570556692 0  
  1627438318 570556692 0  
  1627438319 570556692 0  
  1627438320 570556692 0  
  1627438321 570556692 0  
  1627438322 570556692 0  
  1627438323 570556692 0  
  1627438324 570556692 0  
  1627438325 570556692 0  
  1627438326 570556692 0  
  1627438327 570556692 0  
  1627438328 570561325 0  
  1627438329 570561325 0  
  1627438330 570562125 0  
  1627438331 570562125 0  
  1627438332 570562125 0  
  1627438334 570562125 0  
  1627438335 570562125 0  
  1627438336 570562125 0  
  1627438337 570562125 0  
  1627438338 570562125 0  
  1627438339 570562125 0  
  1627438340 570562125 0  
  1627438341 570562125 0  
  1627438342 570562125 0  
  1627438343 570562125 0  
  1627438344 570562125 0  
  1627438345 570562125 0  
  1627438346 570562125 0  
  1627438347 570562125 0  
  1627438348 570562125 0  
  1627438349 570562125 0  
  1627438350 570562125 0  
  1627438351 570562125 0  
  1627438352 570562125 0  
  1627438353 570562125 0  
  1627438354 570562125 0  
  1627438355 570562125 0  
  1627438356 570566434 0  
  1627438357 570566758 0  
  1627438358 570566758 0  
  1627438359 570567398 0  
  1627438360 570567398 0  
  1627438361 570567398 0  
  1627438362 570567398 0  
  1627438363 570567398 0  
  1627438364 570567398 0  
  1627438365 570567398 0  
  1627438366 570567398 0  
  1627438367 570567398 0  
  1627438368 570567736 0  
  1627438369 570567736 0  
  1627438370 570567736 0  
  1627438371 570567736 0  
  1627438373 570567736 0  
  1627438374 570567736 0  
  1627438375 570567736 0  
  1627438376 570567736 0  
  1627438377 570567736 0  
  1627438378 570567736 0  
  1627438379 570567736 0  
  1627438380 570567736 0  
  1627438381 570567736 0  
  1627438382 570567736 0  
  1627438383 570567804 0  
  1627438384 570567804 0  
  1627438385 570567804 0  
  1627438386 570567804 0  
  1627438387 570567804 0  
  1627438388 570567804 0  
  1627438389 570568960 0  
  1627438390 570568960 0  
  1627438391 570568960 0  
  1627438392 570568960 0  
  1627438393 570568960 0  
  1627438394 570568960 0  
  1627438395 570568960 0  
  1627438396 570568960 0  
  1627438397 570568960 0  
  1627438398 570568960 0  
  1627438399 570577578 0  
  1627438400 570578226 0  
  1627438401 570579642 0  
  1627438402 570579642 0  
  1627438403 570579642 0  
  1627438404 570579642 0  
  1627438405 570579642 0  
  1627438406 570579642 0  
  1627438407 570579642 0  
  1627438408 570579642 0  
  1627438409 570579642 0  
  1627438410 570579642 0  
  1627438411 570579642 0  
  1627438413 570579642 0  
  1627438414 570579642 0  
  1627438415 570579642 0  
  1627438416 570579642 0  
  1627438417 570579642 0  
  1627438418 570579642 0  
  1627438419 570579642 0  
  1627438420 570579642 0  
  1627438421 570579642 0  
  1627438422 570579642 0  
  1627438423 570579642 0  
  1627438424 570579642 0  
  1627438425 570579642 0  
  1627438426 570579642 0  
  1627438427 570579642 0  
  1627438428 570579642 0  
  1627438429 570579642 0  
  1627438430 570579642 0  
  1627438431 570579642 0  
  1627438432 570579642 0  
  1627438433 570579642 0  
  1627438434 570579642 0  
  1627438435 570579642 0  
  1627438436 570579642 0  
  1627438437 570579642 0  
  1627438438 570583951 0  
  1627438439 570584275 0  
  1627438440 570584983 0  
  1627438441 570584983 0  
  1627438442 570584983 0  
  1627438443 570584983 0  
  1627438444 570584983 0  
  1627438445 570584983 0  
  1627438446 570584983 0  
  1627438447 570584983 0  
  1627438448 570584983 0  
  1627438449 570584983 0  
  1627438450 570584983 0  
  1627438452 570584983 0  
  1627438453 570584983 0  
  1627438454 570584983 0  
  1627438455 570584983 0  
  1627438456 570584983 0  
  1627438457 570584983 0  
  1627438458 570584983 0  
  1627438459 570584983 0  
  1627438460 570584983 0  
  1627438461 570584983 0  
  1627438462 570584983 0  
  1627438463 570584983 0  
  1627438464 570584983 0  
  1627438465 570584983 0  
  1627438466 570584983 0  
  1627438467 570584983 0  
  1627438468 570584983 0  
  1627438469 570584983 0  
  1627438470 570584983 0  
  1627438471 570584983 0  
  1627438472 570584983 0  
  1627438473 570584983 0  
  1627438474 570584983 0  
  1627438475 570584983 0  
  1627438476 570584983 0  
  1627438477 570584983 0  
  1627438478 570584983 0  
  1627438479 570584983 0  
  1627438480 570585579 0  
  1627438481 570585579 0  
  1627438482 570585579 0  
  1627438483 570585579 0  
  1627438484 570585579 0  
  1627438485 570585579 0  
  1627438486 570585579 0  
  1627438487 570585579 0  
  1627438488 570585579 0  
  1627438490 570585579 0  
  1627438491 570585579 0  
  1627438492 570585579 0  
  1627438493 570585579 0  
  1627438494 570585579 0  
  1627438495 570585579 0  
  1627438496 570585579 0  
  1627438497 570585579 0  
  1627438498 570585579 0  
  1627438499 570585579 0  
  1627438500 570585579 0  
  1627438501 570585579 0  
  1627438502 570585579 0  
  1627438503 570585579 0  
  1627438504 570585579 0  
  1627438505 570585579 0  
  1627438506 570585579 0  
  1627438507 570585579 0  
  1627438508 570585579 0  
  1627438509 570585579 0  
  1627438510 570585579 0  
  1627438511 570585579 0  
  1627438512 570585579 0  
  1627438513 570585579 0  
  1627438514 570585579 0  
  1627438515 570585579 0  
  1627438516 570585579 0  
  1627438517 570585579 0  
  1627438518 570585917 0  
  1627438519 570585917 0  
  1627438520 570585917 0  
  1627438521 570585917 0  
  1627438522 570585917 0  
  1627438523 570585917 0  
  1627438524 570585917 0  
  1627438525 570585917 0  
  1627438526 570585917 0  
  1627438527 570585917 0  
  1627438529 570585917 0  
  1627438530 570585917 0  
  1627438531 570585917 0  
  1627438532 570585917 0  
  1627438533 570585917 0  
  1627438534 570585917 0  
  1627438535 570585917 0  
  1627438536 570585917 0  
  1627438537 570585917 0  
  1627438538 570585917 0  
  1627438539 570585917 0  
  1627438540 570586274 0  
  1627438541 570586274 0  
  1627438542 570586274 0  
  1627438543 570586274 0  
  1627438544 570586274 0  
  1627438545 570586274 0  
  1627438546 570586274 0  
  1627438547 570586274 0  
  1627438548 570586274 0  
  1627438549 570586274 0  
  1627438550 570586274 0  
  1627438551 570586274 0  
  1627438552 570586274 0  
  1627438553 570586274 0  
  1627438554 570586274 0  
  1627438555 570586274 0  
  1627438556 570586274 0  
  1627438557 570586274 0  
  1627438558 570586274 0  
  1627438559 570586274 0  
  1627438560 570586274 0  
  1627438561 570586274 0  
  1627438562 570586274 0  
  1627438563 570586274 0  
  1627438564 570586274 0  
  1627438565 570586274 0  
  1627438567 570586274 0  
  1627438568 570586274 0  
  1627438569 570586274 0  
  1627438570 570586274 0  
  1627438571 570586274 0  
  1627438572 570586274 0  
  1627438573 570586274 0  
  1627438574 570586274 0  
  1627438575 570586274 0  
  1627438576 570586274 0  
  1627438577 570586274 0  
  1627438578 570586274 0  
  1627438579 570586274 0  
  1627438580 570586274 0  
  1627438581 570586274 0  
  1627438582 570586274 0  
  1627438583 570586274 0  
  1627438584 570586274 0  
  1627438585 570586274 0  
  1627438586 570586274 0  
  1627438587 570586274 0  
  1627438588 570586274 0  
  1627438589 570586274 0  
  1627438590 570586274 0  
  1627438591 570586366 0  
  1627438592 570586366 0  
  1627438593 570586366 0  
  1627438594 570586366 0  
  1627438595 570586366 0  
  1627438596 570586366 0  
  1627438597 570586366 0  
  1627438598 570586366 0  
  1627438599 570586366 0  
  1627438600 570586366 0  
  1627438601 570586366 0  
  1627438602 570586366 0  
  1627438603 570586366 0  
  1627438604 570586366 0  
  1627438606 570586366 0  
  1627438607 570586366 0  
  1627438608 570586366 0  
  1627438609 570586366 0  
  1627438610 570586366 0  
  1627438611 570586366 0  
 