 1627031025 496966987 0  
  1627031026 496966987 0  
  1627031027 496966987 0  
  1627031028 496966987 0  
  1627031029 496966987 0  
  1627031030 496969884 0  
  1627031031 496971620 0  
  1627031032 496971620 0  
  1627031033 496972328 0  
  1627031034 496972328 0  
  1627031035 496972328 0  
  1627031036 496972328 0  
  1627031037 496972328 0  
  1627031038 496972328 0  
  1627031039 496972328 0  
  1627031040 496972328 0  
  1627031041 496972328 0  
  1627031042 496972328 0  
  1627031043 496972328 0  
  1627031044 496972328 0  
  1627031045 496972328 0  
  1627031046 496972328 0  
  1627031047 496972328 0  
  1627031049 496972328 0  
  1627031050 496972328 0  
  1627031051 496972328 0  
  1627031052 496972328 0  
  1627031053 496972328 0  
  1627031054 496972328 0  
  1627031055 496972328 0  
  1627031056 496972328 0  
  1627031057 496972328 0  
  1627031058 496972328 0  
  1627031059 496972328 0  
  1627031060 496972328 0  
  1627031061 496972328 0  
  1627031062 496972328 0  
  1627031063 496972328 0  
  1627031064 496972328 0  
  1627031065 496972328 0  
  1627031066 496972328 0  
  1627031067 496972328 0  
  1627031068 496972328 0  
  1627031069 496972328 0  
  1627031070 496972328 0  
  1627031071 496972328 0  
  1627031072 496972328 0  
  1627031073 496972328 0  
  1627031074 496972328 0  
  1627031075 496972328 0  
  1627031076 496972328 0  
  1627031077 496972328 0  
  1627031078 496972328 0  
  1627031079 496972328 0  
  1627031080 496972328 0  
  1627031081 496972328 0  
  1627031082 496972328 0  
  1627031083 496972328 0  
  1627031084 496972328 0  
  1627031085 496972328 0  
  1627031086 496972328 0  
  1627031088 496972328 0  
  1627031089 496972328 0  
  1627031090 496972328 0  
  1627031091 496972328 0  
  1627031092 496972328 0  
  1627031093 496972328 0  
  1627031094 496972328 0  
  1627031095 496972328 0  
  1627031096 496972328 0  
  1627031097 496972328 0  
  1627031098 496972328 0  
  1627031099 496972328 0  
  1627031100 496972328 0  
  1627031101 496972328 0  
  1627031102 496972328 0  
  1627031103 496972328 0  
  1627031104 496972328 0  
  1627031105 496972420 0  
  1627031106 496972420 0  
  1627031107 496972420 0  
  1627031108 496972420 0  
  1627031109 496972420 0  
  1627031110 496972420 0  
  1627031111 496972420 0  
  1627031112 496972420 0  
  1627031113 496972420 0  
  1627031114 496972420 0  
  1627031115 496972420 0  
  1627031116 496972420 0  
  1627031117 496972420 0  
  1627031118 496972420 0  
  1627031119 496972420 0  
  1627031120 496972420 0  
  1627031121 496972420 0  
  1627031122 496972420 0  
  1627031123 496972420 0  
  1627031124 496972420 0  
  1627031125 496972420 0  
  1627031127 496972420 0  
  1627031128 496972420 0  
  1627031129 496972420 0  
  1627031130 496972420 0  
  1627031131 496973041 0  
  1627031132 496973041 0  
  1627031133 496973041 0  
  1627031134 496973041 0  
  1627031135 496973041 0  
  1627031136 496973041 0  
  1627031137 496973041 0  
  1627031138 496977674 0  
  1627031139 496977674 0  
  1627031140 496978382 0  
  1627031141 496978382 0  
  1627031142 496983015 0  
  1627031143 496983015 0  
  1627031144 496983723 0  
  1627031145 496983723 0  
  1627031146 496983723 0  
  1627031147 496988288 0  
  1627031148 496988356 0  
  1627031149 496993305 0  
  1627031150 496993629 0  
  1627031151 496994337 0  
  1627031152 496994337 0  
  1627031153 496994337 0  
  1627031154 496994337 0  
  1627031155 496994337 0  
  1627031156 496994337 0  
  1627031157 496994337 0  
  1627031158 496994337 0  
  1627031159 496994337 0  
  1627031160 496994337 0  
  1627031161 496994337 0  
  1627031162 496994337 0  
  1627031163 496994337 0  
  1627031164 496994337 0  
  1627031166 496994337 0  
  1627031167 496994337 0  
  1627031168 496994337 0  
  1627031169 496994337 0  
  1627031170 496994337 0  
  1627031171 496994933 0  
  1627031172 496994933 0  
  1627031173 496994933 0  
  1627031174 496994933 0  
  1627031175 496994933 0  
  1627031176 496994933 0  
  1627031177 496994933 0  
  1627031178 496994933 0  
  1627031179 496994933 0  
  1627031180 496994933 0  
  1627031181 496994933 0  
  1627031182 496994933 0  
  1627031183 496994933 0  
  1627031184 496994933 0  
  1627031185 496994933 0  
  1627031186 496994933 0  
  1627031187 496994933 0  
  1627031188 496994933 0  
  1627031189 496994933 0  
  1627031190 496994933 0  
  1627031191 496994933 0  
  1627031192 496994933 0  
  1627031193 496994933 0  
  1627031194 496994933 0  
  1627031195 496994933 0  
  1627031196 496994933 0  
  1627031197 496994933 0  
  1627031198 496994933 0  
  1627031199 496994933 0  
  1627031200 496994933 0  
  1627031201 496994933 0  
  1627031202 496994933 0  
  1627031203 496995025 0  
  1627031204 496995025 0  
  1627031206 496995025 0  
  1627031207 496995025 0  
  1627031208 496995025 0  
  1627031209 496995025 0  
  1627031210 496995025 0  
  1627031211 496995025 0  
  1627031212 496995025 0  
  1627031213 496995025 0  
  1627031214 496995025 0  
  1627031215 496995025 0  
  1627031216 496995025 0  
  1627031217 496995025 0  
  1627031218 496995025 0  
  1627031219 496995025 0  
  1627031220 496995025 0  
  1627031221 496995025 0  
  1627031222 496995025 0  
  1627031223 496995025 0  
  1627031224 496995025 0  
  1627031225 496995025 0  
  1627031226 496995025 0  
  1627031227 496995025 0  
  1627031228 496995025 0  
  1627031229 496995025 0  
  1627031230 496995025 0  
  1627031231 496995025 0  
  1627031232 496995025 0  
  1627031233 496995025 0  
  1627031234 496995025 0  
  1627031235 496995025 0  
  1627031236 496995025 0  
  1627031237 496995025 0  
  1627031238 496995025 0  
  1627031239 496995025 0  
  1627031240 496995025 0  
  1627031241 496995025 0  
  1627031242 496995025 0  
  1627031244 496995025 0  
  1627031245 496995025 0  
  1627031246 496995025 0  
  1627031247 496995025 0  
  1627031248 496995025 0  
  1627031249 496995025 0  
  1627031250 496995025 0  
  1627031251 496995025 0  
  1627031252 496995025 0  
  1627031253 496995025 0  
  1627031254 496995025 0  
  1627031255 496995025 0  
  1627031256 496995025 0  
  1627031257 496995025 0  
  1627031258 496995025 0  
  1627031259 496995025 0  
  1627031260 496995025 0  
  1627031261 496995025 0  
  1627031262 496995025 0  
  1627031263 496995025 0  
  1627031264 496995025 0  
  1627031265 496995025 0  
  1627031266 496995025 0  
  1627031267 496995025 0  
  1627031268 496995025 0  
  1627031269 496995025 0  
  1627031270 496995025 0  
  1627031271 496995025 0  
  1627031272 496995025 0  
  1627031273 496995025 0  
  1627031274 496995025 0  
  1627031275 496995025 0  
  1627031276 496995025 0  
  1627031277 496995025 0  
  1627031278 496995025 0  
  1627031279 496995025 0  
  1627031280 496995025 0  
  1627031281 496995025 0  
  1627031283 496995025 0  
  1627031284 496995025 0  
  1627031285 496995025 0  
  1627031286 496995025 0  
  1627031287 496995025 0  
  1627031288 496995025 0  
  1627031289 496995025 0  
  1627031290 496995025 0  
  1627031291 496995025 0  
  1627031292 496995025 0  
  1627031293 496995025 0  
  1627031294 496995025 0  
  1627031295 496995025 0  
  1627031296 496995025 0  
  1627031297 496995025 0  
  1627031298 496995025 0  
  1627031299 496995025 0  
  1627031300 496995025 0  
  1627031301 496995025 0  
  1627031302 496995025 0  
  1627031303 496995025 0  
  1627031304 496995025 0  
  1627031305 496995025 0  
  1627031306 496995025 0  
  1627031307 496995025 0  
  1627031308 496995025 0  
  1627031309 496995025 0  
  1627031310 496995025 0  
  1627031311 496995025 0  
  1627031312 496995025 0  
  1627031313 496995025 0  
  1627031314 496995025 0  
  1627031315 496995025 0  
  1627031316 496995025 0  
  1627031317 496995025 0  
  1627031318 496995025 0  
  1627031319 496995025 0  
  1627031320 496995025 0  
  1627031322 496995025 0  
  1627031323 496995025 0  
  1627031324 496995025 0  
  1627031325 496995025 0  
  1627031326 496995025 0  
  1627031327 496995025 0  
  1627031328 496995025 0  
  1627031329 496995025 0  
  1627031330 496995025 0  
  1627031331 496997922 0  
  1627031332 496999658 0  
  1627031333 496999658 0  
  1627031334 497000366 0  
  1627031335 497000366 0  
  1627031336 497000366 0  
  1627031337 497000366 0  
  1627031338 497000366 0  
  1627031339 497000366 0  
  1627031340 497000366 0  
  1627031341 497000366 0  
  1627031342 497000366 0  
  1627031343 497000366 0  
  1627031344 497000366 0  
  1627031345 497000366 0  
  1627031346 497000366 0  
  1627031347 497000366 0  
  1627031348 497000366 0  
  1627031349 497000366 0  
  1627031350 497000366 0  
  1627031351 497000366 0  
  1627031352 497000366 0  
  1627031353 497000366 0  
  1627031354 497000366 0  
  1627031355 497000366 0  
  1627031356 497000366 0  
  1627031357 497000366 0  
  1627031358 497000366 0  
  1627031360 497000366 0  
  1627031361 497000366 0  
  1627031362 497000458 0  
  1627031363 497000458 0  
  1627031364 497000458 0  
  1627031365 497000458 0  
  1627031366 497000458 0  
  1627031367 497000458 0  
  1627031368 497000458 0  
  1627031369 497000458 0  
  1627031370 497000458 0  
  1627031371 497001054 0  
  1627031372 497001054 0  
  1627031373 497001054 0  
  1627031374 497001054 0  
  1627031375 497001054 0  
  1627031376 497001054 0  
  1627031377 497001054 0  
  1627031378 497001054 0  
  1627031379 497001054 0  
  1627031380 497001054 0  
  1627031381 497001054 0  
  1627031382 497001054 0  
  1627031383 497001054 0  
  1627031384 497001054 0  
  1627031385 497001054 0  
  1627031386 497001054 0  
  1627031387 497001054 0  
  1627031388 497001054 0  
  1627031389 497001054 0  
  1627031390 497001054 0  
  1627031391 497001054 0  
  1627031392 497001054 0  
  1627031393 497001054 0  
  1627031394 497001054 0  
  1627031395 497001054 0  
  1627031396 497001054 0  
  1627031397 497001054 0  
  1627031399 497001054 0  
  1627031400 497001054 0  
  1627031401 497001054 0  
  1627031402 497001054 0  
  1627031403 497001054 0  
  1627031404 497001054 0  
  1627031405 497001054 0  
  1627031406 497001054 0  
  1627031407 497001054 0  
  1627031408 497001054 0  
  1627031409 497001054 0  
  1627031410 497001054 0  
  1627031411 497001054 0  
  1627031412 497001054 0  
  1627031413 497001054 0  
  1627031414 497001054 0  
  1627031415 497001054 0  
  1627031416 497001054 0  
  1627031417 497001054 0  
  1627031418 497001054 0  
  1627031419 497001054 0  
  1627031420 497001054 0  
  1627031421 497001054 0  
  1627031422 497001054 0  
  1627031423 497001054 0  
  1627031424 497001054 0  
  1627031425 497001122 0  
  1627031426 497001122 0  
  1627031427 497001122 0  
  1627031428 497001122 0  
  1627031429 497001122 0  
  1627031430 497001122 0  
  1627031431 497003206 0  
  1627031432 497003206 0  
  1627031433 497003206 0  
  1627031434 497003325 0  
  1627031435 497003325 0  
  1627031436 497003325 0  
  1627031438 497007634 0  
  1627031439 497007958 0  
  1627031440 497008666 0  
  1627031441 497008666 0  
  1627031442 497013299 0  
  1627031443 497013299 0  
  1627031444 497014007 0  
  1627031445 497014007 0  
  1627031446 497014007 0  
  1627031447 497015968 0  
  1627031448 497018640 0  
  1627031449 497021225 0  
  1627031450 497023981 0  
  1627031451 497024689 0  
  1627031452 497024689 0  
  1627031453 497024689 0  
  1627031454 497024689 0  
  1627031455 497024689 0  
  1627031456 497024689 0  
  1627031457 497024689 0  
  1627031458 497024689 0  
  1627031459 497024689 0  
  1627031460 497024781 0  
  1627031461 497024781 0  
  1627031462 497024781 0  
  1627031463 497024781 0  
  1627031464 497024781 0  
  1627031465 497024781 0  
  1627031466 497024781 0  
  1627031467 497024781 0  
  1627031468 497024781 0  
  1627031469 497024781 0  
  1627031470 497024781 0  
  1627031471 497024781 0  
  1627031472 497024781 0  
  1627031473 497024781 0  
  1627031474 497024781 0  
  1627031475 497024781 0  
  1627031477 497024781 0  
  1627031478 497024781 0  
  1627031479 497024781 0  
  1627031480 497024781 0  
  1627031481 497024781 0  
  1627031482 497024781 0  
  1627031483 497024781 0  
  1627031484 497024781 0  
  1627031485 497024781 0  
  1627031486 497024781 0  
  1627031487 497024781 0  
  1627031488 497024781 0  
  1627031489 497024781 0  
  1627031490 497024781 0  
  1627031491 497024781 0  
  1627031492 497024781 0  
  1627031493 497024781 0  
  1627031494 497024781 0  
  1627031495 497024781 0  
  1627031496 497024781 0  
  1627031497 497024781 0  
  1627031498 497024781 0  
  1627031499 497024781 0  
  1627031500 497024781 0  
  1627031501 497024781 0  
  1627031502 497024781 0  
  1627031503 497024781 0  
  1627031504 497024781 0  
  1627031505 497024781 0  
  1627031506 497024781 0  
  1627031507 497024781 0  
  1627031508 497024781 0  
  1627031509 497024781 0  
  1627031510 497024781 0  
  1627031511 497024781 0  
  1627031512 497024781 0  
  1627031513 497024781 0  
  1627031515 497024781 0  
  1627031516 497024781 0  
  1627031517 497024781 0  
  1627031518 497024781 0  
  1627031519 497024781 0  
  1627031520 497024781 0  
  1627031521 497024781 0  
  1627031522 497024781 0  
  1627031523 497024781 0  
  1627031524 497024781 0  
  1627031525 497024781 0  
  1627031526 497024781 0  
  1627031527 497024781 0  
  1627031528 497024781 0  
  1627031529 497024781 0  
  1627031530 497024781 0  
  1627031531 497024781 0  
  1627031532 497024781 0  
  1627031533 497024781 0  
  1627031534 497024781 0  
  1627031535 497024781 0  
  1627031536 497024781 0  
  1627031537 497024781 0  
  1627031538 497024781 0  
  1627031539 497024781 0  
  1627031540 497024781 0  
  1627031541 497024781 0  
  1627031542 497024781 0  
  1627031543 497024781 0  
  1627031544 497024781 0  
  1627031545 497024781 0  
  1627031546 497024781 0  
  1627031547 497024781 0  
  1627031548 497024781 0  
  1627031549 497024781 0  
  1627031550 497024781 0  
  1627031551 497024781 0  
  1627031553 497024781 0  
  1627031554 497024781 0  
  1627031555 497024781 0  
  1627031556 497024781 0  
  1627031557 497024781 0  
  1627031558 497024781 0  
  1627031559 497024781 0  
  1627031560 497024781 0  
  1627031561 497024781 0  
  1627031562 497024781 0  
  1627031563 497024781 0  
  1627031564 497024781 0  
  1627031565 497024781 0  
  1627031566 497024781 0  
  1627031567 497024781 0  
  1627031568 497024781 0  
  1627031569 497024781 0  
  1627031570 497025377 0  
  1627031571 497025377 0  
  1627031572 497025377 0  
  1627031573 497025377 0  
  1627031574 497025377 0  
  1627031575 497025377 0  
  1627031576 497025377 0  
  1627031577 497025377 0  
  1627031578 497025377 0  
  1627031579 497025377 0  
  1627031580 497025377 0  
  1627031581 497025377 0  
  1627031582 497025377 0  
  1627031583 497025377 0  
  1627031584 497025377 0  
  1627031585 497025377 0  
  1627031586 497025377 0  
  1627031587 497025377 0  
  1627031588 497025377 0  
  1627031589 497025377 0  
  1627031591 497025377 0  
  1627031592 497025377 0  
  1627031593 497025377 0  
  1627031594 497025377 0  
  1627031595 497025377 0  
  1627031596 497025377 0  
  1627031597 497025377 0  
  1627031598 497025377 0  
  1627031599 497025377 0  
  1627031600 497025377 0  
  1627031601 497025377 0  
  1627031602 497025377 0  
  1627031603 497025377 0  
  1627031604 497025377 0  
  1627031605 497025377 0  
  1627031606 497025377 0  
  1627031607 497025377 0  
  1627031608 497025377 0  
  1627031609 497025377 0  
  1627031610 497025377 0  
  1627031611 497025377 0  
  1627031612 497025377 0  
  1627031613 497025377 0  
  1627031614 497025377 0  
  1627031615 497025377 0  
  1627031616 497025377 0  
  1627031617 497025377 0  
  1627031618 497025377 0  
  1627031619 497025377 0  
  1627031620 497025377 0  
  1627031621 497025377 0  
  1627031622 497025469 0  
  1627031623 497025469 0  
  1627031624 497025469 0  
  1627031625 497025469 0  
  1627031626 497025469 0  
  1627031627 497025469 0  
  1627031628 497025469 0  
  1627031630 497025469 0  
  1627031631 497028366 0  
  1627031632 497030102 0  
  1627031633 497030102 0  
  1627031634 497030742 0  
  1627031635 497030742 0  
  1627031636 497030742 0  
  1627031637 497030742 0  
  1627031638 497030742 0  
  1627031639 497030742 0  
  1627031640 497030742 0  
  1627031641 497030742 0  
  1627031642 497030742 0  
  1627031643 497030742 0  
  1627031644 497030742 0  
  1627031645 497030742 0  
  1627031646 497030742 0  
  1627031647 497030742 0  
  1627031648 497030742 0  
  1627031649 497030742 0  
  1627031650 497030742 0  
  1627031651 497030742 0  
  1627031652 497030742 0  
  1627031653 497030742 0  
  1627031654 497030742 0  
  1627031655 497030742 0  
  1627031656 497030742 0  
  1627031657 497030742 0  
  1627031658 497030742 0  
  1627031659 497030742 0  
  1627031660 497030742 0  
  1627031661 497030742 0  
  1627031662 497030742 0  
  1627031663 497030742 0  
  1627031664 497030742 0  
  1627031665 497030742 0  
  1627031666 497030742 0  
  1627031668 497030742 0  
  1627031669 497030742 0  
  1627031670 497030742 0  
  1627031671 497030742 0  
  1627031672 497030742 0  
  1627031673 497030742 0  
  1627031674 497030742 0  
  1627031675 497030742 0  
  1627031676 497030742 0  
  1627031677 497030742 0  
  1627031678 497030742 0  
  1627031679 497030742 0  
  1627031680 497030742 0  
  1627031681 497030742 0  
  1627031682 497030742 0  
  1627031683 497030742 0  
  1627031684 497030742 0  
  1627031685 497030742 0  
  1627031686 497030742 0  
  1627031687 497030742 0  
  1627031688 497030742 0  
  1627031689 497030742 0  
  1627031690 497030742 0  
  1627031691 497030742 0  
  1627031692 497030742 0  
  1627031693 497030742 0  
  1627031694 497030742 0  
  1627031695 497030742 0  
  1627031696 497030742 0  
  1627031697 497030742 0  
  1627031698 497030742 0  
  1627031699 497030742 0  
  1627031700 497030742 0  
  1627031701 497030742 0  
  1627031702 497030742 0  
  1627031703 497030742 0  
  1627031705 497030742 0  
  1627031706 497030742 0  
  1627031707 497030742 0  
  1627031708 497030742 0  
  1627031709 497030742 0  
  1627031710 497030742 0  
  1627031711 497030742 0  
  1627031712 497030742 0  
  1627031713 497030742 0  
  1627031714 497030742 0  
  1627031715 497030742 0  
  1627031716 497030742 0  
  1627031717 497030834 0  
  1627031718 497030834 0  
  1627031719 497030834 0  
  1627031720 497030834 0  
  1627031721 497030834 0  
  1627031722 497030834 0  
  1627031723 497030834 0  
  1627031724 497030834 0  
  1627031725 497030834 0  
  1627031726 497030834 0  
  1627031727 497030834 0  
  1627031728 497030834 0  
  1627031729 497030834 0  
  1627031730 497030834 0  
  1627031731 497031191 0  
  1627031732 497031529 0  
  1627031733 497031529 0  
  1627031734 497031529 0  
  1627031735 497031529 0  
  1627031736 497031529 0  
  1627031737 497031529 0  
  1627031738 497035838 0  
  1627031739 497036162 0  
  1627031740 497036802 0  
  1627031741 497041435 0  
  1627031743 497041435 0  
  1627031744 497042143 0  
  1627031745 497042143 0  
  1627031746 497042143 0  
  1627031747 497042143 0  
  1627031748 497046776 0  
  1627031749 497046776 0  
  1627031750 497052185 0  
  1627031751 497052185 0  
  1627031752 497052893 0  
  1627031753 497052893 0  
  1627031754 497052893 0  
  1627031755 497052893 0  
  1627031756 497052893 0  
  1627031757 497052893 0  
  1627031758 497052893 0  
  1627031759 497052893 0  
  1627031760 497052893 0  
  1627031761 497052893 0  
  1627031762 497052893 0  
  1627031763 497052893 0  
  1627031764 497052893 0  
  1627031765 497052893 0  
  1627031766 497052893 0  
  1627031767 497052893 0  
  1627031768 497052893 0  
  1627031769 497052893 0  
  1627031770 497052893 0  
  1627031771 497053489 0  
  1627031772 497053489 0  
  1627031773 497053489 0  
  1627031774 497053489 0  
  1627031775 497053489 0  
  1627031776 497053489 0  
  1627031777 497053489 0  
  1627031778 497053489 0  
  1627031779 497053489 0  
  1627031781 497053489 0  
  1627031782 497053489 0  
  1627031783 497053489 0  
  1627031784 497053489 0  
  1627031785 497053489 0  
  1627031786 497053489 0  
  1627031787 497053489 0  
  1627031788 497053489 0  
  1627031789 497053489 0  
  1627031790 497053489 0  
  1627031791 497053489 0  
  1627031792 497053489 0  
  1627031793 497053489 0  
  1627031794 497053827 0  
  1627031795 497053827 0  
  1627031796 497053827 0  
  1627031797 497053827 0  
  1627031798 497053827 0  
  1627031799 497053827 0  
  1627031800 497053827 0  
  1627031801 497053827 0  
  1627031802 497053827 0  
  1627031803 497053827 0  
  1627031804 497053827 0  
  1627031805 497053827 0  
  1627031806 497053827 0  
  1627031807 497053827 0  
  1627031808 497053827 0  
  1627031809 497053827 0  
  1627031810 497053827 0  
  1627031811 497053827 0  
  1627031812 497053827 0  
  1627031813 497053827 0  
  1627031814 497053827 0  
  1627031815 497053827 0  
  1627031816 497053827 0  
  1627031817 497053827 0  
  1627031819 497053827 0  
  1627031820 497053827 0  
  1627031821 497053827 0  
  1627031822 497053827 0  
  1627031823 497053827 0  
  1627031824 497053827 0  
  1627031825 497053827 0  
  1627031826 497053827 0  
  1627031827 497053827 0  
  1627031828 497053827 0  
  1627031829 497053827 0  
  1627031830 497053827 0  
  1627031831 497053827 0  
  1627031832 497053827 0  
  1627031833 497053827 0  
  1627031834 497053827 0  
  1627031835 497053827 0  
  1627031836 497053827 0  
  1627031837 497053827 0  
  1627031838 497053827 0  
  1627031839 497053827 0  
  1627031840 497053827 0  
  1627031841 497053827 0  
  1627031842 497053827 0  
  1627031843 497053827 0  
  1627031844 497053827 0  
  1627031845 497053827 0  
  1627031846 497053827 0  
  1627031847 497053827 0  
  1627031848 497053827 0  
  1627031849 497053827 0  
  1627031850 497053827 0  
  1627031851 497053827 0  
  1627031852 497053827 0  
  1627031853 497053827 0  
  1627031854 497053827 0  
  1627031855 497053827 0  
  1627031856 497053827 0  
  1627031858 497053827 0  
  1627031859 497053827 0  
  1627031860 497053827 0  
  1627031861 497053827 0  
  1627031862 497053827 0  
  1627031863 497053827 0  
  1627031864 497053827 0  
  1627031865 497053827 0  
  1627031866 497053827 0  
  1627031867 497053827 0  
  1627031868 497053827 0  
  1627031869 497053827 0  
  1627031870 497053827 0  
  1627031871 497053827 0  
  1627031872 497053827 0  
  1627031873 497053827 0  
  1627031874 497053827 0  
  1627031875 497053827 0  
  1627031876 497053827 0  
  1627031877 497053827 0  
  1627031878 497053827 0  
  1627031879 497053919 0  
  1627031880 497053919 0  
  1627031881 497053919 0  
  1627031882 497053919 0  
  1627031883 497053919 0  
  1627031884 497053919 0  
  1627031885 497053919 0  
  1627031886 497053919 0  
  1627031887 497053919 0  
  1627031888 497053919 0  
  1627031889 497053919 0  
  1627031890 497053919 0  
  1627031891 497053919 0  
  1627031892 497053919 0  
  1627031893 497053919 0  
  1627031894 497053919 0  
  1627031895 497053919 0  
  1627031897 497053919 0  
  1627031898 497053919 0  
  1627031899 497053919 0  
  1627031900 497053919 0  
  1627031901 497053919 0  
  1627031902 497053919 0  
  1627031903 497053919 0  
  1627031904 497053919 0  
  1627031905 497053919 0  
  1627031906 497053919 0  
  1627031907 497053919 0  
  1627031908 497053919 0  
  1627031909 497053919 0  
  1627031910 497053919 0  
  1627031911 497053919 0  
  1627031912 497053919 0  
  1627031913 497053919 0  
  1627031914 497053919 0  
  1627031915 497053919 0  
  1627031916 497053919 0  
  1627031917 497053919 0  
  1627031918 497053919 0  
  1627031919 497053919 0  
  1627031920 497053919 0  
  1627031921 497053919 0  
  1627031922 497053919 0  
  1627031923 497053919 0  
  1627031924 497053919 0  
  1627031925 497053919 0  
  1627031926 497053919 0  
  1627031927 497053919 0  
  1627031928 497053919 0  
  1627031929 497053919 0  
  1627031930 497055880 0  
  1627031931 497058552 0  
  1627031932 497058552 0  
  1627031933 497059260 0  
  1627031935 497059260 0  
  1627031936 497059260 0  
  1627031937 497059260 0  
  1627031938 497059260 0  
  1627031939 497059260 0  
  1627031940 497059260 0  
  1627031941 497059260 0  
  1627031942 497059260 0  
  1627031943 497059260 0  
  1627031944 497059598 0  
  1627031945 497059598 0  
  1627031946 497059598 0  
  1627031947 497059598 0  
  1627031948 497059598 0  
  1627031949 497059598 0  
  1627031950 497059598 0  
  1627031951 497059598 0  
  1627031952 497059598 0  
  1627031953 497059598 0  
  1627031954 497059598 0  
  1627031955 497059598 0  
  1627031956 497059598 0  
  1627031957 497059598 0  
  1627031958 497059598 0  
  1627031959 497059598 0  
  1627031960 497059598 0  
  1627031961 497059598 0  
  1627031962 497059598 0  
  1627031963 497059598 0  
  1627031964 497059598 0  
  1627031965 497059598 0  
  1627031966 497059598 0  
  1627031967 497059598 0  
  1627031968 497059598 0  
  1627031969 497059598 0  
  1627031970 497060194 0  
  1627031971 497060194 0  
  1627031972 497060194 0  
  1627031974 497060194 0  
  1627031975 497060194 0  
  1627031976 497060194 0  
  1627031977 497060194 0  
  1627031978 497060286 0  
  1627031979 497060286 0  
  1627031980 497060286 0  
  1627031981 497060286 0  
  1627031982 497060286 0  
  1627031983 497060286 0  
  1627031984 497060286 0  
  1627031985 497060286 0  
  1627031986 497060286 0  
  1627031987 497060286 0  
  1627031988 497060286 0  
  1627031989 497060286 0  
  1627031990 497060286 0  
  1627031991 497060286 0  
  1627031992 497060286 0  
 