 1626768688 458369779 0  
  1626768689 458369779 0  
  1626768690 458369779 0  
  1626768691 458369779 0  
  1626768692 458369779 0  
  1626768693 458369779 0  
  1626768694 458369779 0  
  1626768695 458369779 0  
  1626768696 458369779 0  
  1626768697 458369779 0  
  1626768698 458369779 0  
  1626768699 458369779 0  
  1626768700 458369779 0  
  1626768701 458369779 0  
  1626768702 458369779 0  
  1626768703 458369779 0  
  1626768704 458369779 0  
  1626768705 458369779 0  
  1626768706 458369779 0  
  1626768707 458369779 0  
  1626768708 458369779 0  
  1626768709 458369779 0  
  1626768710 458369779 0  
  1626768711 458369779 0  
  1626768712 458369779 0  
  1626768713 458369779 0  
  1626768714 458369779 0  
  1626768715 458369779 0  
  1626768716 458369779 0  
  1626768717 458369779 0  
  1626768718 458369779 0  
  1626768719 458369779 0  
  1626768720 458369779 0  
  1626768721 458369779 0  
  1626768722 458369779 0  
  1626768723 458369779 0  
  1626768724 458369779 0  
  1626768726 458369779 0  
  1626768727 458369779 0  
  1626768728 458369779 0  
  1626768729 458369779 0  
  1626768730 458369779 0  
  1626768731 458369779 0  
  1626768732 458369779 0  
  1626768733 458369779 0  
  1626768734 458369779 0  
  1626768735 458369779 0  
  1626768736 458369779 0  
  1626768737 458369779 0  
  1626768738 458369779 0  
  1626768739 458369779 0  
  1626768740 458369779 0  
  1626768741 458369779 0  
  1626768742 458369779 0  
  1626768743 458369779 0  
  1626768744 458369779 0  
  1626768745 458369779 0  
  1626768746 458369779 0  
  1626768747 458369779 0  
  1626768748 458369779 0  
  1626768749 458369779 0  
  1626768750 458369779 0  
  1626768751 458369779 0  
  1626768752 458369779 0  
  1626768753 458369779 0  
  1626768754 458369779 0  
  1626768755 458369847 0  
  1626768756 458369847 0  
  1626768757 458369847 0  
  1626768758 458369847 0  
  1626768759 458369847 0  
  1626768760 458369847 0  
  1626768761 458371003 0  
  1626768762 458371003 0  
  1626768763 458371003 0  
  1626768764 458371003 0  
  1626768766 458372598 0  
  1626768767 458372598 0  
  1626768768 458372598 0  
  1626768769 458372598 0  
  1626768770 458376999 0  
  1626768771 458377323 0  
  1626768772 458377323 0  
  1626768773 458378031 0  
  1626768774 458378031 0  
  1626768775 458378031 0  
  1626768776 458378031 0  
  1626768777 458378031 0  
  1626768778 458378031 0  
  1626768779 458378031 0  
  1626768780 458378031 0  
  1626768781 458378031 0  
  1626768782 458378031 0  
  1626768783 458378031 0  
  1626768784 458378031 0  
  1626768785 458378031 0  
  1626768786 458378031 0  
  1626768787 458378031 0  
  1626768788 458378031 0  
  1626768789 458378031 0  
  1626768790 458378031 0  
  1626768791 458378031 0  
  1626768792 458378031 0  
  1626768793 458378031 0  
  1626768794 458378031 0  
  1626768795 458378031 0  
  1626768796 458378031 0  
  1626768797 458378031 0  
  1626768798 458378031 0  
  1626768799 458378031 0  
  1626768800 458378031 0  
  1626768801 458378031 0  
  1626768802 458378031 0  
  1626768803 458378031 0  
  1626768804 458378031 0  
  1626768805 458378031 0  
  1626768807 458378031 0  
  1626768808 458378031 0  
  1626768809 458378031 0  
  1626768810 458378031 0  
  1626768811 458378031 0  
  1626768812 458378031 0  
  1626768813 458378031 0  
  1626768814 458378031 0  
  1626768815 458378031 0  
  1626768816 458378031 0  
  1626768817 458378031 0  
  1626768818 458378031 0  
  1626768819 458378031 0  
  1626768820 458378031 0  
  1626768821 458378031 0  
  1626768822 458378031 0  
  1626768823 458378031 0  
  1626768824 458378031 0  
  1626768825 458378031 0  
  1626768826 458378031 0  
  1626768827 458378031 0  
  1626768828 458378031 0  
  1626768829 458378031 0  
  1626768830 458378031 0  
  1626768831 458378031 0  
  1626768832 458378031 0  
  1626768833 458378031 0  
  1626768834 458378031 0  
  1626768835 458378031 0  
  1626768836 458378031 0  
  1626768837 458378031 0  
  1626768838 458378031 0  
  1626768839 458378031 0  
  1626768840 458378031 0  
  1626768841 458378031 0  
  1626768842 458378031 0  
  1626768843 458378031 0  
  1626768844 458378031 0  
  1626768845 458378031 0  
  1626768847 458378031 0  
  1626768848 458378031 0  
  1626768849 458378031 0  
  1626768850 458378031 0  
  1626768851 458378031 0  
  1626768852 458378031 0  
  1626768853 458378031 0  
  1626768854 458378031 0  
  1626768855 458378031 0  
  1626768856 458378031 0  
  1626768857 458378031 0  
  1626768858 458378031 0  
  1626768859 458378031 0  
  1626768860 458378031 0  
  1626768861 458378031 0  
  1626768862 458378031 0  
  1626768863 458378031 0  
  1626768864 458378031 0  
  1626768865 458378031 0  
  1626768866 458378031 0  
  1626768867 458378031 0  
  1626768868 458378031 0  
  1626768869 458378031 0  
  1626768870 458378031 0  
  1626768871 458378031 0  
  1626768872 458378031 0  
  1626768873 458378031 0  
  1626768874 458378031 0  
  1626768875 458378031 0  
  1626768876 458378031 0  
  1626768877 458378031 0  
  1626768878 458378031 0  
  1626768879 458378031 0  
  1626768880 458378031 0  
  1626768881 458378031 0  
  1626768882 458378031 0  
  1626768883 458378031 0  
  1626768884 458378031 0  
  1626768885 458378031 0  
  1626768887 458378031 0  
  1626768888 458378031 0  
  1626768889 458378031 0  
  1626768890 458378031 0  
  1626768891 458378031 0  
  1626768892 458378031 0  
  1626768893 458378031 0  
  1626768894 458378031 0  
  1626768895 458378031 0  
  1626768896 458378031 0  
  1626768897 458378031 0  
  1626768898 458378031 0  
  1626768899 458378123 0  
  1626768900 458378123 0  
  1626768901 458378215 0  
  1626768902 458378215 0  
  1626768903 458378215 0  
  1626768904 458378215 0  
  1626768905 458378215 0  
  1626768906 458382524 0  
  1626768907 458382848 0  
  1626768908 458382848 0  
  1626768909 458383556 0  
  1626768910 458383556 0  
  1626768911 458383556 0  
  1626768912 458383556 0  
  1626768913 458383556 0  
  1626768914 458383556 0  
  1626768915 458383556 0  
  1626768916 458383556 0  
  1626768917 458383556 0  
  1626768918 458383556 0  
  1626768919 458385517 0  
  1626768920 458388189 0  
  1626768921 458390150 0  
  1626768922 458393674 0  
  1626768923 458398871 0  
  1626768924 458399579 0  
  1626768926 458399579 0  
  1626768927 458399579 0  
  1626768928 458399579 0  
  1626768929 458399579 0  
  1626768930 458399579 0  
  1626768931 458399579 0  
  1626768932 458399579 0  
  1626768933 458399579 0  
  1626768934 458399579 0  
  1626768935 458399579 0  
  1626768936 458399579 0  
  1626768937 458399579 0  
  1626768938 458399579 0  
  1626768939 458399579 0  
  1626768940 458399936 0  
  1626768941 458399936 0  
  1626768942 458399936 0  
  1626768943 458399936 0  
  1626768944 458399936 0  
  1626768945 458399936 0  
  1626768946 458399936 0  
  1626768947 458399936 0  
  1626768948 458399936 0  
  1626768949 458399936 0  
  1626768950 458399936 0  
  1626768951 458399936 0  
  1626768952 458399936 0  
  1626768953 458399936 0  
  1626768954 458399936 0  
  1626768955 458399936 0  
  1626768956 458399936 0  
  1626768957 458399936 0  
  1626768958 458399936 0  
  1626768959 458399936 0  
  1626768960 458399936 0  
  1626768961 458399936 0  
  1626768962 458399936 0  
  1626768963 458399936 0  
  1626768965 458399936 0  
  1626768966 458400526 0  
  1626768967 458400526 0  
  1626768968 458400526 0  
  1626768969 458400526 0  
  1626768970 458400526 0  
  1626768971 458400526 0  
  1626768972 458400526 0  
  1626768973 458400526 0  
  1626768974 458400526 0  
  1626768975 458400526 0  
  1626768976 458400526 0  
  1626768977 458400526 0  
  1626768978 458400526 0  
  1626768979 458400526 0  
  1626768980 458400526 0  
  1626768981 458400526 0  
  1626768982 458400526 0  
  1626768983 458400526 0  
  1626768984 458400526 0  
  1626768985 458400526 0  
  1626768986 458400526 0  
  1626768987 458400526 0  
  1626768988 458400526 0  
  1626768989 458400526 0  
  1626768990 458400526 0  
  1626768991 458400526 0  
  1626768992 458400526 0  
  1626768993 458400526 0  
  1626768994 458400526 0  
  1626768995 458400526 0  
  1626768996 458400526 0  
  1626768997 458400526 0  
  1626768998 458400526 0  
  1626768999 458400526 0  
  1626769000 458400526 0  
  1626769001 458400526 0  
  1626769002 458400526 0  
  1626769003 458400526 0  
  1626769005 458400526 0  
  1626769006 458400526 0  
  1626769007 458400526 0  
  1626769008 458400526 0  
  1626769009 458400526 0  
  1626769010 458400526 0  
  1626769011 458400526 0  
  1626769012 458400526 0  
  1626769013 458400526 0  
  1626769014 458400526 0  
  1626769015 458400526 0  
  1626769016 458400526 0  
  1626769017 458400526 0  
  1626769018 458400526 0  
  1626769019 458400526 0  
  1626769020 458400526 0  
  1626769021 458400526 0  
  1626769022 458400526 0  
  1626769023 458400526 0  
  1626769024 458400526 0  
  1626769025 458400526 0  
  1626769026 458400526 0  
  1626769027 458400526 0  
  1626769028 458400618 0  
  1626769029 458400618 0  
  1626769030 458400618 0  
 