 1626886133 482389064 0  
  1626886134 482389064 0  
  1626886135 482389064 0  
  1626886136 482389064 0  
  1626886137 482389064 0  
  1626886138 482389064 0  
  1626886139 482389064 0  
  1626886140 482389064 0  
  1626886141 482389064 0  
  1626886142 482389064 0  
  1626886143 482389064 0  
  1626886144 482389064 0  
  1626886145 482389064 0  
  1626886146 482389064 0  
  1626886147 482389064 0  
  1626886148 482389064 0  
  1626886149 482389064 0  
  1626886150 482389064 0  
  1626886151 482389064 0  
  1626886152 482389402 0  
  1626886153 482389402 0  
  1626886154 482389402 0  
  1626886155 482389402 0  
  1626886156 482389402 0  
  1626886157 482389402 0  
  1626886158 482389402 0  
  1626886159 482389402 0  
  1626886160 482389402 0  
  1626886162 482389402 0  
  1626886163 482389402 0  
  1626886164 482389402 0  
  1626886165 482389402 0  
  1626886166 482389402 0  
  1626886167 482389402 0  
  1626886168 482389402 0  
  1626886169 482389402 0  
  1626886170 482389402 0  
  1626886171 482389402 0  
  1626886172 482389402 0  
  1626886173 482389402 0  
  1626886174 482389402 0  
  1626886175 482389402 0  
  1626886176 482389402 0  
  1626886177 482389402 0  
  1626886178 482389402 0  
  1626886179 482389402 0  
  1626886180 482389402 0  
  1626886181 482389402 0  
  1626886182 482389402 0  
  1626886183 482389402 0  
  1626886184 482389402 0  
  1626886185 482389402 0  
  1626886186 482389402 0  
  1626886187 482389402 0  
  1626886188 482389402 0  
  1626886189 482389402 0  
  1626886190 482389402 0  
  1626886191 482389402 0  
  1626886192 482389402 0  
  1626886193 482389402 0  
  1626886194 482389402 0  
  1626886195 482389402 0  
  1626886196 482389402 0  
  1626886197 482389402 0  
  1626886198 482389402 0  
  1626886199 482389402 0  
  1626886200 482389402 0  
  1626886202 482389402 0  
  1626886203 482389402 0  
  1626886204 482389402 0  
  1626886205 482389402 0  
  1626886206 482389402 0  
  1626886207 482389402 0  
  1626886208 482389402 0  
  1626886209 482389402 0  
  1626886210 482389402 0  
  1626886211 482389402 0  
  1626886212 482389494 0  
  1626886213 482389494 0  
  1626886214 482389494 0  
  1626886215 482389494 0  
  1626886216 482389494 0  
  1626886217 482389494 0  
  1626886218 482389494 0  
  1626886219 482389494 0  
  1626886220 482389494 0  
  1626886221 482389494 0  
  1626886222 482389494 0  
  1626886223 482389494 0  
  1626886224 482389494 0  
  1626886225 482389494 0  
  1626886226 482389494 0  
  1626886227 482389494 0  
  1626886228 482389494 0  
  1626886229 482389494 0  
  1626886230 482389494 0  
  1626886231 482389586 0  
  1626886232 482389586 0  
  1626886233 482389586 0  
  1626886234 482389586 0  
  1626886235 482389586 0  
  1626886236 482389586 0  
  1626886237 482389586 0  
  1626886238 482389586 0  
  1626886239 482389586 0  
  1626886241 482389943 0  
  1626886242 482389943 0  
  1626886243 482389943 0  
  1626886244 482389943 0  
  1626886245 482389943 0  
  1626886246 482394252 0  
  1626886247 482394576 0  
  1626886248 482394576 0  
  1626886249 482399917 0  
  1626886250 482399917 0  
  1626886251 482400625 0  
  1626886252 482400625 0  
  1626886253 482400625 0  
  1626886254 482409891 0  
  1626886255 482409891 0  
  1626886256 482411171 0  
  1626886257 482411171 0  
  1626886258 482411171 0  
  1626886259 482411171 0  
  1626886260 482411171 0  
  1626886261 482411171 0  
  1626886262 482411171 0  
  1626886263 482411171 0  
  1626886264 482411171 0  
  1626886265 482411171 0  
  1626886266 482411171 0  
  1626886267 482411171 0  
  1626886268 482411171 0  
  1626886269 482411767 0  
  1626886270 482411767 0  
  1626886271 482411767 0  
  1626886272 482411767 0  
  1626886273 482411767 0  
  1626886274 482411767 0  
  1626886275 482411767 0  
  1626886276 482411767 0  
  1626886277 482411767 0  
  1626886278 482411767 0  
  1626886279 482411767 0  
  1626886281 482411767 0  
  1626886282 482411767 0  
  1626886283 482411767 0  
  1626886284 482411767 0  
  1626886285 482411767 0  
  1626886286 482411767 0  
  1626886287 482411767 0  
  1626886288 482411767 0  
  1626886289 482411767 0  
  1626886290 482411767 0  
  1626886291 482411767 0  
  1626886292 482411767 0  
  1626886293 482411767 0  
  1626886294 482411767 0  
  1626886295 482411767 0  
  1626886296 482411767 0  
  1626886297 482411767 0  
  1626886298 482411767 0  
  1626886299 482411767 0  
  1626886300 482411767 0  
  1626886301 482411767 0  
  1626886302 482411767 0  
  1626886303 482411767 0  
  1626886304 482411767 0  
  1626886305 482411767 0  
  1626886306 482411767 0  
  1626886307 482411767 0  
  1626886308 482411767 0  
  1626886309 482411767 0  
  1626886310 482411767 0  
  1626886311 482411767 0  
  1626886312 482412105 0  
  1626886313 482412105 0  
  1626886314 482412105 0  
  1626886315 482412105 0  
  1626886316 482412105 0  
  1626886317 482412105 0  
  1626886318 482412105 0  
  1626886320 482412105 0  
  1626886321 482412105 0  
  1626886322 482412105 0  
  1626886323 482412105 0  
  1626886324 482412105 0  
  1626886325 482412105 0  
  1626886326 482412105 0  
  1626886327 482412105 0  
  1626886328 482412105 0  
  1626886329 482412105 0  
  1626886330 482412105 0  
  1626886331 482412105 0  
  1626886332 482412105 0  
  1626886333 482412105 0  
  1626886334 482412105 0  
  1626886335 482412105 0  
  1626886336 482412105 0  
  1626886337 482412105 0  
  1626886338 482412105 0  
  1626886339 482412105 0  
  1626886340 482412105 0  
  1626886341 482412105 0  
  1626886342 482412197 0  
  1626886343 482412197 0  
  1626886344 482412197 0  
  1626886345 482412197 0  
  1626886346 482412197 0  
  1626886347 482412197 0  
  1626886348 482412197 0  
  1626886349 482412197 0  
  1626886350 482412197 0  
  1626886351 482412197 0  
  1626886352 482412197 0  
  1626886353 482412197 0  
  1626886354 482412197 0  
  1626886355 482412197 0  
  1626886356 482412197 0  
  1626886357 482412197 0  
  1626886358 482412197 0  
  1626886360 482412197 0  
  1626886361 482412197 0  
  1626886362 482412289 0  
  1626886363 482412289 0  
  1626886364 482412289 0  
  1626886365 482412289 0  
  1626886366 482412289 0  
  1626886367 482412289 0  
  1626886368 482412289 0  
  1626886369 482412289 0  
  1626886370 482412289 0  
  1626886371 482412289 0  
  1626886372 482412289 0  
  1626886373 482412289 0  
  1626886374 482412289 0  
  1626886375 482416598 0  
  1626886376 482416922 0  
  1626886377 482416922 0  
  1626886378 482417630 0  
  1626886379 482417630 0  
  1626886380 482417630 0  
  1626886381 482417630 0  
  1626886382 482417630 0  
  1626886383 482417630 0  
  1626886384 482417630 0  
  1626886385 482417630 0  
  1626886386 482417630 0  
  1626886387 482417630 0  
  1626886388 482417630 0  
  1626886389 482417630 0  
  1626886390 482417630 0  
  1626886391 482417630 0  
  1626886392 482417630 0  
  1626886393 482417630 0  
  1626886394 482417630 0  
  1626886395 482417630 0  
  1626886396 482417630 0  
  1626886397 482417630 0  
  1626886399 482417630 0  
  1626886400 482417630 0  
  1626886401 482417630 0  
  1626886402 482417630 0  
  1626886403 482417630 0  
  1626886404 482417630 0  
  1626886405 482417630 0  
  1626886406 482417630 0  
  1626886407 482417630 0  
  1626886408 482417630 0  
  1626886409 482417630 0  
  1626886410 482417630 0  
  1626886411 482417630 0  
  1626886412 482417630 0  
  1626886413 482417630 0  
  1626886414 482417630 0  
  1626886415 482417630 0  
  1626886416 482417630 0  
  1626886417 482417630 0  
  1626886418 482417630 0  
  1626886419 482417630 0  
  1626886420 482417630 0  
  1626886421 482417630 0  
  1626886422 482417630 0  
  1626886423 482417630 0  
  1626886424 482417630 0  
  1626886425 482417630 0  
  1626886426 482417630 0  
  1626886427 482417630 0  
  1626886428 482417630 0  
  1626886429 482417630 0  
  1626886430 482417630 0  
  1626886431 482417630 0  
  1626886432 482417630 0  
  1626886433 482417630 0  
  1626886434 482417630 0  
  1626886435 482417630 0  
  1626886437 482417630 0  
  1626886438 482417630 0  
  1626886439 482417630 0  
  1626886440 482417630 0  
  1626886441 482417630 0  
  1626886442 482417630 0  
  1626886443 482417630 0  
  1626886444 482417630 0  
  1626886445 482417630 0  
  1626886446 482417630 0  
  1626886447 482417630 0  
  1626886448 482417630 0  
  1626886449 482417630 0  
  1626886450 482417630 0  
  1626886451 482417630 0  
  1626886452 482417630 0  
  1626886453 482417630 0  
  1626886454 482417630 0  
  1626886455 482417630 0  
  1626886456 482417630 0  
  1626886457 482417630 0  
  1626886458 482417630 0  
  1626886459 482417630 0  
  1626886460 482417630 0  
  1626886461 482417630 0  
  1626886462 482417968 0  
  1626886463 482417968 0  
  1626886464 482417968 0  
  1626886465 482417968 0  
  1626886466 482417968 0  
  1626886467 482417968 0  
  1626886468 482418564 0  
  1626886469 482418564 0  
  1626886470 482418564 0  
  1626886471 482418656 0  
  1626886472 482418656 0  
  1626886473 482418656 0  
  1626886474 482418656 0  
  1626886475 482418656 0  
  1626886477 482418656 0  
  1626886478 482418656 0  
  1626886479 482418656 0  
  1626886480 482418656 0  
  1626886481 482418656 0  
  1626886482 482418656 0  
  1626886483 482418656 0  
  1626886484 482418656 0  
  1626886485 482418656 0  
  1626886486 482418656 0  
  1626886487 482418656 0  
  1626886488 482418656 0  
  1626886489 482418656 0  
  1626886490 482418656 0  
  1626886491 482418748 0  
  1626886492 482418748 0  
  1626886493 482418748 0  
  1626886494 482418748 0  
  1626886495 482418748 0  
  1626886496 482418748 0  
  1626886497 482418748 0  
  1626886498 482418748 0  
  1626886499 482418748 0  
  1626886500 482418748 0  
  1626886501 482418748 0  
  1626886502 482418748 0  
  1626886503 482418748 0  
  1626886504 482418748 0  
  1626886505 482418748 0  
  1626886506 482418748 0  
  1626886507 482418748 0  
  1626886508 482418748 0  
  1626886509 482418748 0  
  1626886510 482418748 0  
  1626886511 482418748 0  
  1626886512 482418748 0  
  1626886513 482418748 0  
  1626886514 482418748 0  
  1626886515 482418748 0  
  1626886517 482418748 0  
  1626886518 482418748 0  
  1626886519 482418748 0  
  1626886520 482418748 0  
  1626886521 482418748 0  
  1626886522 482418748 0  
  1626886523 482418748 0  
  1626886524 482418748 0  
  1626886525 482418748 0  
  1626886526 482418748 0  
  1626886527 482418748 0  
  1626886528 482418748 0  
  1626886529 482418748 0  
  1626886530 482418748 0  
  1626886531 482418748 0  
  1626886532 482418748 0  
  1626886533 482418748 0  
  1626886534 482418748 0  
  1626886535 482418748 0  
  1626886536 482418748 0  
  1626886537 482418748 0  
  1626886538 482418748 0  
  1626886539 482418748 0  
  1626886540 482419105 0  
  1626886541 482419105 0  
  1626886542 482419105 0  
  1626886543 482419105 0  
  1626886544 482419105 0  
  1626886545 482423414 0  
  1626886546 482423738 0  
  1626886547 482424446 0  
  1626886548 482424590 0  
  1626886549 482429079 0  
  1626886550 482429787 0  
  1626886551 482429787 0  
  1626886552 482429787 0  
  1626886553 482438549 0  
  1626886554 482439053 0  
  1626886555 482440469 0  
  1626886557 482440469 0  
  1626886558 482440469 0  
  1626886559 482440469 0  
  1626886560 482440469 0  
  1626886561 482440469 0  
  1626886562 482440469 0  
  1626886563 482440469 0  
  1626886564 482440469 0  
  1626886565 482440469 0  
  1626886566 482440469 0  
  1626886567 482440469 0  
  1626886568 482440469 0  
  1626886569 482440469 0  
  1626886570 482440469 0  
  1626886571 482440469 0  
  1626886572 482440469 0  
  1626886573 482440469 0  
  1626886574 482440469 0  
  1626886575 482440469 0  
  1626886576 482440469 0  
  1626886577 482440469 0  
  1626886578 482440469 0  
  1626886579 482440469 0  
  1626886580 482440469 0  
  1626886581 482440469 0  
  1626886582 482440469 0  
  1626886583 482440469 0  
  1626886584 482440469 0  
  1626886585 482440469 0  
  1626886586 482440469 0  
  1626886587 482440469 0  
  1626886588 482440469 0  
  1626886589 482440469 0  
  1626886590 482440469 0  
  1626886591 482440469 0  
  1626886592 482440469 0  
  1626886593 482440469 0  
  1626886594 482440469 0  
  1626886595 482440469 0  
  1626886597 482440469 0  
  1626886598 482440469 0  
  1626886599 482440469 0  
  1626886600 482440469 0  
  1626886601 482440561 0  
  1626886602 482440561 0  
  1626886603 482440561 0  
  1626886604 482440561 0  
  1626886605 482440561 0  
  1626886606 482440561 0  
  1626886607 482440561 0  
  1626886608 482440561 0  
  1626886609 482440561 0  
  1626886610 482440561 0  
  1626886611 482440561 0  
  1626886612 482440561 0  
  1626886613 482440899 0  
  1626886614 482440899 0  
  1626886615 482440899 0  
  1626886616 482440899 0  
  1626886617 482440899 0  
  1626886618 482440899 0  
  1626886619 482440899 0  
  1626886620 482440991 0  
  1626886621 482440991 0  
  1626886622 482440991 0  
  1626886623 482440991 0  
  1626886624 482440991 0  
  1626886625 482440991 0  
  1626886626 482440991 0  
  1626886627 482440991 0  
  1626886628 482440991 0  
  1626886629 482440991 0  
  1626886630 482440991 0  
  1626886631 482440991 0  
  1626886632 482440991 0  
  1626886633 482440991 0  
  1626886634 482440991 0  
  1626886636 482440991 0  
  1626886637 482440991 0  
  1626886638 482440991 0  
  1626886639 482440991 0  
  1626886640 482440991 0  
  1626886641 482440991 0  
  1626886642 482440991 0  
  1626886643 482440991 0  
  1626886644 482440991 0  
  1626886645 482440991 0  
  1626886646 482440991 0  
  1626886647 482440991 0  
  1626886648 482440991 0  
  1626886649 482440991 0  
  1626886650 482440991 0  
  1626886651 482440991 0  
  1626886652 482440991 0  
  1626886653 482440991 0  
  1626886654 482440991 0  
  1626886655 482441059 0  
  1626886656 482441059 0  
  1626886657 482441059 0  
  1626886658 482441059 0  
  1626886659 482441059 0  
  1626886660 482441059 0  
  1626886661 482442215 0  
  1626886662 482442215 0  
  1626886663 482442215 0  
  1626886664 482442215 0  
  1626886665 482442215 0  
  1626886666 482442215 0  
  1626886667 482442215 0  
  1626886668 482442811 0  
  1626886669 482442811 0  
  1626886670 482442811 0  
  1626886671 482442811 0  
  1626886672 482442811 0  
  1626886673 482442811 0  
  1626886674 482442811 0  
  1626886676 482447444 0  
  1626886677 482447444 0  
  1626886678 482448084 0  
  1626886679 482448084 0  
  1626886680 482448084 0  
  1626886681 482448084 0  
  1626886682 482448084 0  
  1626886683 482448084 0  
  1626886684 482448084 0  
  1626886685 482448084 0  
  1626886686 482448084 0  
  1626886687 482448084 0  
  1626886688 482448084 0  
  1626886689 482448084 0  
  1626886690 482448084 0  
  1626886691 482448084 0  
  1626886692 482448084 0  
  1626886693 482448084 0  
  1626886694 482448084 0  
  1626886695 482448084 0  
  1626886696 482448084 0  
  1626886697 482448084 0  
  1626886698 482448084 0  
  1626886699 482448084 0  
  1626886700 482448084 0  
  1626886701 482448084 0  
  1626886702 482448084 0  
  1626886703 482448084 0  
  1626886704 482448084 0  
  1626886705 482448084 0  
  1626886706 482448084 0  
  1626886707 482448084 0  
  1626886708 482448084 0  
  1626886709 482448084 0  
  1626886710 482448084 0  
  1626886711 482448084 0  
  1626886712 482448084 0  
  1626886713 482448084 0  
  1626886715 482448084 0  
  1626886716 482448084 0  
  1626886717 482448084 0  
  1626886718 482448084 0  
  1626886719 482448084 0  
  1626886720 482448084 0  
  1626886721 482448084 0  
  1626886722 482448084 0  
  1626886723 482448084 0  
  1626886724 482448084 0  
  1626886725 482448084 0  
  1626886726 482448084 0  
  1626886727 482448084 0  
  1626886728 482448084 0  
  1626886729 482448084 0  
  1626886730 482448176 0  
  1626886731 482448176 0  
  1626886732 482448176 0  
  1626886733 482448176 0  
  1626886734 482448176 0  
  1626886735 482448176 0  
  1626886736 482448176 0  
  1626886737 482448176 0  
  1626886738 482448176 0  
  1626886739 482448176 0  
  1626886740 482448176 0  
  1626886741 482448176 0  
  1626886742 482448176 0  
  1626886743 482448176 0  
  1626886744 482448176 0  
  1626886745 482448176 0  
  1626886746 482448176 0  
  1626886747 482448176 0  
  1626886748 482448268 0  
  1626886749 482448268 0  
  1626886750 482448268 0  
  1626886751 482448268 0  
  1626886752 482448268 0  
  1626886753 482448268 0  
  1626886755 482448268 0  
  1626886756 482448268 0  
  1626886757 482448268 0  
  1626886758 482448268 0  
  1626886759 482448268 0  
  1626886760 482448268 0  
  1626886761 482448268 0  
  1626886762 482448268 0  
  1626886763 482448606 0  
  1626886764 482448606 0  
  1626886765 482448606 0  
  1626886766 482448606 0  
  1626886767 482448606 0  
  1626886768 482448606 0  
 