 1626788438 461030931 0  
  1626788439 461030931 0  
  1626788440 461030931 0  
  1626788441 461030931 0  
  1626788442 461030931 0  
  1626788443 461031288 0  
  1626788444 461031288 0  
  1626788445 461031288 0  
  1626788446 461031288 0  
  1626788447 461031288 0  
  1626788448 461031288 0  
  1626788449 461031288 0  
  1626788450 461031288 0  
  1626788451 461031288 0  
  1626788452 461031288 0  
  1626788453 461031288 0  
  1626788455 461031288 0  
  1626788456 461031288 0  
  1626788457 461031288 0  
  1626788458 461031288 0  
  1626788459 461031288 0  
  1626788460 461031288 0  
  1626788461 461031288 0  
  1626788462 461031288 0  
  1626788463 461031288 0  
  1626788464 461031288 0  
  1626788465 461031288 0  
  1626788466 461031288 0  
  1626788467 461031288 0  
  1626788468 461031288 0  
  1626788469 461031288 0  
  1626788470 461031288 0  
  1626788471 461031288 0  
  1626788472 461031288 0  
  1626788473 461031288 0  
  1626788474 461031288 0  
  1626788475 461031288 0  
  1626788476 461031288 0  
  1626788477 461031288 0  
  1626788478 461031288 0  
  1626788479 461031288 0  
  1626788480 461031288 0  
  1626788481 461031288 0  
  1626788482 461031288 0  
  1626788483 461031288 0  
  1626788484 461031288 0  
  1626788485 461031288 0  
  1626788486 461031288 0  
  1626788487 461031288 0  
  1626788488 461031288 0  
  1626788489 461031288 0  
  1626788490 461031288 0  
  1626788491 461031288 0  
  1626788492 461031288 0  
  1626788493 461031288 0  
  1626788495 461031288 0  
  1626788496 461031288 0  
  1626788497 461031288 0  
  1626788498 461031288 0  
  1626788499 461031288 0  
  1626788500 461031288 0  
  1626788501 461031288 0  
  1626788502 461031288 0  
  1626788503 461031288 0  
  1626788504 461031288 0  
  1626788505 461031288 0  
  1626788506 461031288 0  
  1626788507 461031288 0  
  1626788508 461031288 0  
  1626788509 461031288 0  
  1626788510 461031288 0  
  1626788511 461031288 0  
  1626788512 461031288 0  
  1626788513 461031288 0  
  1626788514 461031288 0  
  1626788515 461031288 0  
  1626788516 461031288 0  
  1626788517 461031288 0  
  1626788518 461031288 0  
  1626788519 461031288 0  
  1626788520 461031288 0  
  1626788521 461031288 0  
  1626788522 461031288 0  
  1626788523 461031288 0  
  1626788524 461031288 0  
  1626788525 461031288 0  
  1626788526 461031288 0  
  1626788527 461031288 0  
  1626788528 461031288 0  
  1626788529 461031288 0  
  1626788530 461031288 0  
  1626788531 461031288 0  
  1626788532 461031288 0  
  1626788533 461031288 0  
  1626788535 461031288 0  
  1626788536 461031288 0  
  1626788537 461031288 0  
  1626788538 461031288 0  
  1626788539 461031288 0  
  1626788540 461031288 0  
  1626788541 461031288 0  
  1626788542 461031288 0  
  1626788543 461031288 0  
  1626788544 461031380 0  
  1626788545 461031380 0  
  1626788546 461031380 0  
  1626788547 461031380 0  
  1626788548 461031380 0  
  1626788549 461031380 0  
  1626788550 461031380 0  
  1626788551 461031380 0  
  1626788552 461031380 0  
  1626788553 461031380 0  
  1626788554 461031380 0  
  1626788555 461031448 0  
  1626788556 461031448 0  
  1626788557 461031448 0  
  1626788558 461031448 0  
  1626788559 461031448 0  
  1626788560 461031448 0  
  1626788561 461032604 0  
  1626788562 461032604 0  
  1626788563 461032604 0  
  1626788564 461032604 0  
  1626788565 461033200 0  
  1626788566 461033200 0  
  1626788567 461033200 0  
  1626788568 461033200 0  
  1626788569 461033200 0  
  1626788570 461033200 0  
  1626788571 461037509 0  
  1626788572 461037833 0  
  1626788574 461038541 0  
  1626788575 461038541 0  
  1626788576 461038541 0  
  1626788577 461038541 0  
  1626788578 461038541 0  
  1626788579 461038541 0  
  1626788580 461038541 0  
  1626788581 461038541 0  
  1626788582 461038541 0  
  1626788583 461038541 0  
  1626788584 461038541 0  
  1626788585 461038541 0  
  1626788586 461038541 0  
  1626788587 461038541 0  
  1626788588 461038541 0  
  1626788589 461038541 0  
  1626788590 461038541 0  
  1626788591 461038541 0  
  1626788592 461038541 0  
  1626788593 461038541 0  
  1626788594 461038541 0  
  1626788595 461038541 0  
  1626788596 461038541 0  
  1626788597 461038541 0  
  1626788598 461038541 0  
  1626788599 461038541 0  
  1626788600 461038541 0  
  1626788601 461038541 0  
  1626788602 461038541 0  
  1626788603 461038541 0  
  1626788604 461038541 0  
  1626788605 461038541 0  
  1626788606 461038541 0  
  1626788607 461038541 0  
  1626788608 461038541 0  
  1626788609 461038541 0  
  1626788610 461038541 0  
  1626788611 461038541 0  
  1626788613 461038541 0  
  1626788614 461038541 0  
  1626788615 461038541 0  
  1626788616 461038541 0  
  1626788617 461038541 0  
  1626788618 461038541 0  
  1626788619 461038541 0  
  1626788620 461038541 0  
  1626788621 461038541 0  
  1626788622 461038541 0  
  1626788623 461038541 0  
  1626788624 461038541 0  
  1626788625 461038541 0  
  1626788626 461038541 0  
  1626788627 461038541 0  
  1626788628 461038541 0  
  1626788629 461038541 0  
  1626788630 461038633 0  
  1626788631 461038633 0  
  1626788632 461038633 0  
  1626788633 461038633 0  
  1626788634 461038633 0  
  1626788635 461038633 0  
  1626788636 461038633 0  
  1626788637 461038633 0  
  1626788638 461038633 0  
  1626788639 461038633 0  
  1626788640 461038633 0  
  1626788641 461038633 0  
  1626788642 461038633 0  
  1626788643 461038633 0  
  1626788644 461038633 0  
  1626788645 461038633 0  
  1626788646 461038633 0  
  1626788647 461038633 0  
  1626788648 461038633 0  
  1626788649 461038633 0  
  1626788650 461038633 0  
  1626788652 461038633 0  
  1626788653 461038633 0  
  1626788654 461038633 0  
  1626788655 461038633 0  
  1626788656 461038633 0  
  1626788657 461038633 0  
  1626788658 461038633 0  
  1626788659 461038633 0  
  1626788660 461038633 0  
  1626788661 461038633 0  
  1626788662 461038633 0  
  1626788663 461038633 0  
  1626788664 461038633 0  
  1626788665 461038633 0  
  1626788666 461038633 0  
  1626788667 461038633 0  
  1626788668 461038633 0  
  1626788669 461038633 0  
  1626788670 461038633 0  
  1626788671 461038633 0  
  1626788672 461038633 0  
  1626788673 461038633 0  
  1626788674 461038633 0  
  1626788675 461038633 0  
  1626788676 461038633 0  
  1626788677 461038633 0  
  1626788678 461038633 0  
  1626788679 461038633 0  
  1626788680 461038633 0  
  1626788681 461038633 0  
  1626788682 461038633 0  
  1626788683 461038633 0  
  1626788684 461038633 0  
  1626788685 461038633 0  
  1626788686 461038633 0  
  1626788687 461038633 0  
  1626788688 461038633 0  
  1626788689 461038633 0  
  1626788690 461038633 0  
  1626788692 461038633 0  
  1626788693 461038633 0  
  1626788694 461038633 0  
  1626788695 461038633 0  
  1626788696 461038633 0  
  1626788697 461038633 0  
  1626788698 461038633 0  
  1626788699 461038633 0  
  1626788700 461038633 0  
  1626788701 461038633 0  
  1626788702 461038633 0  
  1626788703 461038633 0  
  1626788704 461038633 0  
  1626788705 461038633 0  
  1626788706 461038633 0  
  1626788707 461038633 0  
  1626788708 461040510 0  
  1626788709 461043266 0  
  1626788710 461043266 0  
  1626788711 461043974 0  
  1626788712 461043974 0  
  1626788713 461043974 0  
  1626788714 461043974 0  
  1626788715 461043974 0  
  1626788716 461043974 0  
  1626788717 461043974 0  
  1626788718 461043974 0  
  1626788719 461043974 0  
  1626788720 461043974 0  
  1626788721 461043974 0  
  1626788722 461043974 0  
  1626788723 461050244 0  
  1626788724 461055117 0  
  1626788725 461059289 0  
  1626788726 461059929 0  
  1626788727 461059929 0  
  1626788728 461059929 0  
  1626788729 461059929 0  
  1626788730 461059929 0  
  1626788732 461059929 0  
  1626788733 461059929 0  
  1626788734 461059929 0  
  1626788735 461059929 0  
  1626788736 461059929 0  
  1626788737 461059929 0  
  1626788738 461059929 0  
  1626788739 461059929 0  
  1626788740 461059929 0  
  1626788741 461059929 0  
  1626788742 461059929 0  
  1626788743 461060286 0  
  1626788744 461060286 0  
  1626788745 461060286 0  
  1626788746 461060286 0  
  1626788747 461060286 0  
  1626788748 461060624 0  
  1626788749 461060624 0  
  1626788750 461060624 0  
  1626788751 461060624 0  
  1626788752 461060624 0  
  1626788753 461060624 0  
  1626788754 461060624 0  
  1626788755 461060624 0  
  1626788756 461060624 0  
  1626788757 461060624 0  
  1626788758 461060624 0  
  1626788759 461060624 0  
  1626788760 461060624 0  
  1626788761 461060624 0  
  1626788762 461060624 0  
  1626788763 461060624 0  
  1626788764 461060624 0  
  1626788765 461062219 0  
  1626788766 461062219 0  
  1626788767 461062219 0  
  1626788768 461062219 0  
  1626788769 461062219 0  
  1626788770 461062219 0  
  1626788772 461062219 0  
  1626788773 461062219 0  
  1626788774 461062219 0  
  1626788775 461062219 0  
  1626788776 461062219 0  
  1626788777 461062219 0  
  1626788778 461062219 0  
  1626788779 461062219 0  
  1626788780 461062219 0  
  1626788781 461062219 0  
  1626788782 461062219 0  
  1626788783 461062219 0  
  1626788784 461062219 0  
  1626788785 461062219 0  
  1626788786 461062219 0  
  1626788787 461062219 0  
  1626788788 461062219 0  
  1626788789 461062219 0  
  1626788790 461062219 0  
  1626788791 461062219 0  
  1626788792 461062219 0  
  1626788793 461062219 0  
  1626788794 461062219 0  
  1626788795 461062219 0  
  1626788796 461062219 0  
  1626788797 461062219 0  
  1626788798 461062219 0  
  1626788799 461062219 0  
  1626788800 461062311 0  
  1626788801 461062311 0  
  1626788802 461062311 0  
  1626788803 461062311 0  
  1626788804 461062311 0  
  1626788805 461062311 0  
  1626788806 461062311 0  
  1626788807 461062311 0  
  1626788808 461062311 0  
  1626788809 461062311 0  
  1626788811 461062311 0  
  1626788812 461062311 0  
  1626788813 461062311 0  
  1626788814 461062311 0  
  1626788815 461062311 0  
  1626788816 461062311 0  
  1626788817 461062311 0  
  1626788818 461062311 0  
  1626788819 461062311 0  
  1626788820 461062311 0  
  1626788821 461062311 0  
  1626788822 461062311 0  
  1626788823 461062311 0  
  1626788824 461062311 0  
  1626788825 461062311 0  
  1626788826 461062311 0  
  1626788827 461062311 0  
  1626788828 461062311 0  
  1626788829 461062311 0  
  1626788830 461062311 0  
  1626788831 461062311 0  
  1626788832 461062311 0  
  1626788833 461062311 0  
  1626788834 461062311 0  
  1626788835 461062311 0  
  1626788836 461062311 0  
  1626788837 461062311 0  
  1626788838 461062311 0  
  1626788839 461062311 0  
  1626788840 461062649 0  
  1626788841 461062649 0  
  1626788842 461062649 0  
  1626788843 461062649 0  
  1626788844 461062649 0  
  1626788845 461062649 0  
  1626788846 461062649 0  
  1626788847 461062649 0  
  1626788848 461062649 0  
  1626788850 461062649 0  
  1626788851 461062649 0  
  1626788852 461062649 0  
  1626788853 461062649 0  
  1626788854 461062649 0  
  1626788855 461062649 0  
  1626788856 461062649 0  
  1626788857 461062649 0  
  1626788858 461062649 0  
  1626788859 461062649 0  
  1626788860 461062649 0  
  1626788861 461062649 0  
  1626788862 461062649 0  
  1626788863 461062649 0  
  1626788864 461062649 0  
  1626788865 461062649 0  
  1626788866 461062649 0  
  1626788867 461062649 0  
  1626788868 461062649 0  
  1626788869 461062649 0  
  1626788870 461062649 0  
  1626788871 461066958 0  
  1626788872 461067282 0  
  1626788873 461067282 0  
  1626788874 461067854 0  
  1626788875 461067854 0  
  1626788876 461067854 0  
  1626788877 461067854 0  
  1626788878 461067854 0  
  1626788879 461067854 0  
  1626788880 461067854 0  
  1626788881 461067854 0  
  1626788882 461067854 0  
  1626788883 461067854 0  
  1626788884 461067854 0  
  1626788885 461067854 0  
  1626788886 461067854 0  
  1626788887 461067854 0  
  1626788888 461067946 0  
  1626788890 461067946 0  
  1626788891 461067946 0  
  1626788892 461067946 0  
  1626788893 461067946 0  
  1626788894 461067946 0  
  1626788895 461067946 0  
  1626788896 461067946 0  
  1626788897 461067946 0  
  1626788898 461067946 0  
  1626788899 461067946 0  
  1626788900 461067946 0  
  1626788901 461067946 0  
  1626788902 461067946 0  
  1626788903 461067946 0  
  1626788904 461067946 0  
  1626788905 461067946 0  
  1626788906 461067946 0  
 