 1626785145 462167494 0  
  1626785146 462167494 0  
  1626785147 462167494 0  
  1626785148 462167586 0  
  1626785149 462167586 0  
  1626785150 462167586 0  
  1626785151 462167586 0  
  1626785152 462167586 0  
  1626785153 462167586 0  
  1626785154 462167586 0  
  1626785155 462167586 0  
  1626785156 462167586 0  
  1626785157 462167586 0  
  1626785158 462167586 0  
  1626785159 462167586 0  
  1626785160 462167586 0  
  1626785161 462167586 0  
  1626785162 462167586 0  
  1626785163 462167586 0  
  1626785164 462167586 0  
  1626785165 462167586 0  
  1626785166 462167586 0  
  1626785167 462167586 0  
  1626785168 462167586 0  
  1626785169 462167586 0  
  1626785170 462167586 0  
  1626785172 462167586 0  
  1626785173 462167586 0  
  1626785174 462167586 0  
  1626785175 462167678 0  
  1626785176 462167678 0  
  1626785177 462167678 0  
  1626785178 462167678 0  
  1626785179 462167678 0  
  1626785180 462167678 0  
  1626785181 462167678 0  
  1626785182 462167678 0  
  1626785183 462167678 0  
  1626785184 462167678 0  
  1626785185 462167678 0  
  1626785186 462167678 0  
  1626785187 462167678 0  
  1626785188 462167678 0  
  1626785189 462167678 0  
  1626785190 462167678 0  
  1626785191 462167678 0  
  1626785192 462167678 0  
  1626785193 462167678 0  
  1626785194 462167678 0  
  1626785195 462167678 0  
  1626785196 462167678 0  
  1626785197 462167678 0  
  1626785198 462167678 0  
  1626785199 462167678 0  
  1626785200 462167678 0  
  1626785201 462167678 0  
  1626785202 462167678 0  
  1626785203 462167678 0  
  1626785204 462167678 0  
  1626785205 462167678 0  
  1626785206 462167678 0  
  1626785207 462167770 0  
  1626785208 462167770 0  
  1626785209 462167770 0  
  1626785211 462167770 0  
  1626785212 462167862 0  
  1626785213 462167862 0  
  1626785214 462167862 0  
  1626785215 462167862 0  
  1626785216 462167862 0  
  1626785217 462167862 0  
  1626785218 462167862 0  
  1626785219 462167862 0  
  1626785220 462167862 0  
  1626785221 462167862 0  
  1626785222 462167862 0  
  1626785223 462167862 0  
  1626785224 462167862 0  
  1626785225 462167862 0  
  1626785226 462167862 0  
  1626785227 462167862 0  
  1626785228 462167862 0  
  1626785229 462167862 0  
  1626785230 462167862 0  
  1626785231 462167862 0  
  1626785232 462167862 0  
  1626785233 462167862 0  
  1626785234 462167862 0  
  1626785235 462167862 0  
  1626785236 462167862 0  
  1626785237 462167862 0  
  1626785238 462167862 0  
  1626785239 462167862 0  
  1626785240 462168292 0  
  1626785241 462168292 0  
  1626785242 462168292 0  
  1626785243 462168292 0  
  1626785244 462168292 0  
  1626785245 462168292 0  
  1626785246 462168292 0  
  1626785247 462168292 0  
  1626785248 462168292 0  
  1626785249 462168292 0  
  1626785251 462168292 0  
  1626785252 462168292 0  
  1626785253 462168292 0  
  1626785254 462168292 0  
  1626785255 462168292 0  
  1626785256 462168292 0  
  1626785257 462168292 0  
  1626785258 462168292 0  
  1626785259 462168292 0  
  1626785260 462168292 0  
  1626785261 462168292 0  
  1626785262 462168292 0  
  1626785263 462168292 0  
  1626785264 462168292 0  
  1626785265 462168292 0  
  1626785266 462168888 0  
  1626785267 462168888 0  
  1626785268 462168888 0  
  1626785269 462168888 0  
  1626785270 462173197 0  
  1626785271 462173521 0  
  1626785272 462173613 0  
  1626785273 462174321 0  
  1626785274 462174321 0  
  1626785275 462174321 0  
  1626785276 462174413 0  
  1626785277 462174413 0  
  1626785278 462174413 0  
  1626785279 462174413 0  
  1626785280 462174413 0  
  1626785281 462174413 0  
  1626785282 462174413 0  
  1626785283 462174413 0  
  1626785284 462174413 0  
  1626785285 462174413 0  
  1626785286 462174413 0  
  1626785287 462174413 0  
  1626785288 462174413 0  
  1626785289 462174413 0  
  1626785291 462174413 0  
  1626785292 462174413 0  
  1626785293 462174413 0  
  1626785294 462174413 0  
  1626785295 462174413 0  
  1626785296 462174413 0  
  1626785297 462174413 0  
  1626785298 462174413 0  
  1626785299 462174413 0  
  1626785300 462174413 0  
  1626785301 462174413 0  
  1626785302 462174413 0  
  1626785303 462174413 0  
  1626785304 462174413 0  
  1626785305 462174505 0  
  1626785306 462174505 0  
  1626785307 462174505 0  
  1626785308 462174505 0  
  1626785309 462174505 0  
  1626785310 462174505 0  
  1626785311 462174505 0  
  1626785312 462174505 0  
  1626785313 462174505 0  
  1626785314 462174505 0  
  1626785315 462174505 0  
  1626785316 462174505 0  
  1626785317 462174505 0  
  1626785318 462174505 0  
  1626785319 462174505 0  
  1626785320 462174505 0  
  1626785321 462174505 0  
  1626785322 462174505 0  
  1626785323 462174505 0  
  1626785324 462174505 0  
  1626785325 462174505 0  
  1626785326 462174505 0  
  1626785327 462174505 0  
  1626785328 462174505 0  
  1626785330 462174587 0  
  1626785331 462174587 0  
  1626785332 462174587 0  
  1626785333 462174587 0  
  1626785334 462174587 0  
  1626785335 462174587 0  
  1626785336 462174587 0  
  1626785337 462174679 0  
  1626785338 462174679 0  
  1626785339 462174679 0  
  1626785340 462174679 0  
  1626785341 462174771 0  
  1626785342 462174771 0  
  1626785343 462174771 0  
  1626785344 462174771 0  
  1626785345 462174771 0  
  1626785346 462174771 0  
  1626785347 462174771 0  
  1626785348 462174771 0  
  1626785349 462174771 0  
  1626785350 462174771 0  
  1626785351 462174771 0  
  1626785352 462174771 0  
  1626785353 462174771 0  
  1626785354 462174771 0  
  1626785355 462174771 0  
  1626785356 462174771 0  
  1626785357 462174771 0  
  1626785358 462174771 0  
  1626785359 462174771 0  
  1626785360 462174771 0  
  1626785361 462174771 0  
  1626785362 462174771 0  
  1626785363 462174771 0  
  1626785364 462174771 0  
  1626785365 462174771 0  
  1626785366 462174771 0  
  1626785367 462174771 0  
  1626785368 462174771 0  
  1626785370 462174863 0  
  1626785371 462174863 0  
  1626785372 462174863 0  
  1626785373 462174863 0  
  1626785374 462174863 0  
  1626785375 462174863 0  
  1626785376 462174863 0  
  1626785377 462174863 0  
  1626785378 462174863 0  
  1626785379 462174863 0  
  1626785380 462174863 0  
  1626785381 462174863 0  
  1626785382 462174863 0  
  1626785383 462174863 0  
  1626785384 462174863 0  
  1626785385 462174863 0  
  1626785386 462174863 0  
  1626785387 462174863 0  
  1626785388 462174863 0  
  1626785389 462174863 0  
  1626785390 462175201 0  
  1626785391 462175201 0  
  1626785392 462175201 0  
  1626785393 462175201 0  
  1626785394 462175201 0  
  1626785395 462175201 0  
  1626785396 462175201 0  
  1626785397 462175201 0  
  1626785398 462175201 0  
  1626785399 462175201 0  
  1626785400 462175201 0  
  1626785401 462175293 0  
  1626785402 462175293 0  
  1626785403 462175293 0  
  1626785404 462175293 0  
  1626785405 462178190 0  
  1626785406 462180018 0  
  1626785407 462180018 0  
  1626785409 462180726 0  
  1626785410 462180726 0  
  1626785411 462180726 0  
  1626785412 462180726 0  
  1626785413 462180726 0  
  1626785414 462180726 0  
  1626785415 462180726 0  
  1626785416 462180726 0  
  1626785417 462180726 0  
  1626785418 462180726 0  
  1626785419 462180726 0  
  1626785420 462185035 0  
  1626785421 462187320 0  
  1626785422 462194301 0  
  1626785423 462195905 0  
  1626785424 462196613 0  
  1626785425 462196613 0  
  1626785426 462196613 0  
  1626785427 462196613 0  
  1626785428 462196613 0  
  1626785429 462196613 0  
  1626785430 462196613 0  
  1626785431 462196613 0  
  1626785432 462196613 0  
  1626785433 462196613 0  
  1626785434 462196705 0  
  1626785435 462196705 0  
  1626785436 462196705 0  
  1626785437 462196705 0  
  1626785438 462196705 0  
  1626785439 462196705 0  
  1626785440 462197062 0  
  1626785441 462197062 0  
  1626785442 462197062 0  
  1626785443 462197062 0  
  1626785444 462197062 0  
  1626785445 462197062 0  
  1626785446 462197062 0  
  1626785447 462197062 0  
  1626785449 462197062 0  
  1626785450 462197062 0  
  1626785451 462197062 0  
  1626785452 462197062 0  
  1626785453 462197062 0  
  1626785454 462197062 0  
  1626785455 462197062 0  
  1626785456 462197062 0  
  1626785457 462197062 0  
  1626785458 462197062 0  
  1626785459 462197062 0  
  1626785460 462197062 0  
  1626785461 462197062 0  
  1626785462 462197062 0  
  1626785463 462197062 0  
  1626785464 462197062 0  
  1626785465 462197658 0  
  1626785466 462197750 0  
  1626785467 462197750 0  
  1626785468 462197750 0  
  1626785469 462197750 0  
  1626785470 462197750 0  
  1626785471 462197842 0  
  1626785472 462197842 0  
  1626785473 462197842 0  
  1626785474 462197842 0  
  1626785475 462197842 0  
  1626785476 462197842 0  
  1626785477 462197842 0  
  1626785478 462197842 0  
  1626785479 462197842 0  
  1626785480 462197842 0  
  1626785481 462197842 0  
  1626785482 462197842 0  
  1626785483 462197842 0  
  1626785484 462197842 0  
  1626785485 462197842 0  
  1626785486 462197842 0  
  1626785488 462197842 0  
  1626785489 462197842 0  
  1626785490 462197842 0  
  1626785491 462197842 0  
  1626785492 462197842 0  
  1626785493 462197842 0  
  1626785494 462197842 0  
  1626785495 462197842 0  
  1626785496 462197842 0  
  1626785497 462197842 0  
  1626785498 462197842 0  
  1626785499 462197934 0  
  1626785500 462197934 0  
  1626785501 462197934 0  
  1626785502 462197934 0  
  1626785503 462197934 0  
  1626785504 462197934 0  
  1626785505 462197934 0  
  1626785506 462197934 0  
  1626785507 462197934 0  
  1626785508 462197934 0  
  1626785509 462197934 0  
  1626785510 462197934 0  
  1626785511 462197934 0  
  1626785512 462197934 0  
  1626785513 462197934 0  
  1626785514 462197934 0  
  1626785515 462197934 0  
  1626785516 462197934 0  
  1626785517 462197934 0  
  1626785518 462197934 0  
  1626785519 462197934 0  
  1626785520 462197934 0  
  1626785521 462197934 0  
  1626785522 462197934 0  
  1626785523 462197934 0  
  1626785524 462197934 0  
  1626785525 462197934 0  
  1626785526 462197934 0  
  1626785528 462197934 0  
  1626785529 462197934 0  
  1626785530 462197934 0  
  1626785531 462198026 0  
  1626785532 462198026 0  
  1626785533 462198026 0  
  1626785534 462198026 0  
  1626785535 462198026 0  
  1626785536 462198118 0  
  1626785537 462198118 0  
  1626785538 462198118 0  
  1626785539 462198118 0  
  1626785540 462198118 0  
  1626785541 462198118 0  
  1626785542 462198118 0  
  1626785543 462198456 0  
  1626785544 462198456 0  
  1626785545 462198456 0  
  1626785546 462198456 0  
  1626785547 462198456 0  
  1626785548 462198456 0  
  1626785549 462198456 0  
  1626785550 462198456 0  
  1626785551 462198456 0  
  1626785552 462198456 0  
  1626785553 462198456 0  
  1626785554 462198456 0  
  1626785555 462198456 0  
  1626785556 462198456 0  
  1626785557 462198456 0  
  1626785558 462198456 0  
  1626785559 462198456 0  
  1626785560 462198456 0  
  1626785561 462198456 0  
  1626785562 462198456 0  
  1626785563 462198548 0  
  1626785564 462198548 0  
  1626785565 462198548 0  
  1626785567 462198548 0  
  1626785568 462198548 0  
  1626785569 462202857 0  
  1626785570 462203181 0  
  1626785571 462203181 0  
  1626785572 462203889 0  
  1626785573 462203889 0  
  1626785574 462203889 0  
  1626785575 462203889 0  
  1626785576 462203889 0  
  1626785577 462203889 0  
  1626785578 462203889 0  
  1626785579 462203889 0  
  1626785580 462203889 0  
  1626785581 462203889 0  
  1626785582 462203889 0  
  1626785583 462203889 0  
  1626785584 462203889 0  
  1626785585 462203889 0  
  1626785586 462203889 0  
  1626785587 462203889 0  
  1626785588 462203889 0  
  1626785589 462203889 0  
  1626785590 462203889 0  
  1626785591 462203889 0  
  1626785592 462203889 0  
  1626785593 462203889 0  
  1626785594 462203889 0  
  1626785595 462203889 0  
  1626785596 462203981 0  
  1626785597 462203981 0  
  1626785598 462203981 0  
  1626785599 462203981 0  
  1626785600 462203981 0  
  1626785601 462204073 0  
  1626785602 462204073 0  
  1626785603 462204073 0  
  1626785604 462204073 0  
  1626785605 462204073 0  
  1626785607 462204073 0  
  1626785608 462204073 0  
  1626785609 462204073 0  
  1626785610 462204073 0  
  1626785611 462204073 0  
  1626785612 462204073 0  
  1626785613 462204073 0  
  1626785614 462204073 0  
  1626785615 462204073 0  
  1626785616 462204073 0  
  1626785617 462204073 0  
  1626785618 462204073 0  
  1626785619 462204073 0  
  1626785620 462204073 0  
  1626785621 462204073 0  
  1626785622 462204073 0  
  1626785623 462204073 0  
  1626785624 462204073 0  
  1626785625 462204073 0  
  1626785626 462204073 0  
  1626785627 462204073 0  
  1626785628 462204165 0  
  1626785629 462204165 0  
  1626785630 462204165 0  
  1626785631 462204165 0  
  1626785632 462204165 0  
  1626785633 462204165 0  
  1626785634 462204165 0  
  1626785635 462204165 0  
  1626785636 462204165 0  
  1626785637 462204165 0  
  1626785638 462204165 0  
  1626785639 462204165 0  
  1626785640 462204165 0  
  1626785641 462204165 0  
  1626785642 462204165 0  
  1626785643 462204165 0  
  1626785644 462204257 0  
  1626785645 462204257 0  
  1626785647 462204257 0  
  1626785648 462204257 0  
  1626785649 462204257 0  
  1626785650 462204257 0  
  1626785651 462204257 0  
  1626785652 462204257 0  
  1626785653 462204257 0  
  1626785654 462204257 0  
  1626785655 462204257 0  
  1626785656 462204257 0  
  1626785657 462204257 0  
  1626785658 462204257 0  
  1626785659 462204257 0  
  1626785660 462204257 0  
  1626785661 462204349 0  
  1626785662 462204349 0  
  1626785663 462204349 0  
  1626785664 462204349 0  
  1626785665 462205037 0  
  1626785666 462205037 0  
  1626785667 462205037 0  
  1626785668 462205037 0  
  1626785669 462205037 0  
  1626785670 462205037 0  
  1626785671 462205037 0  
  1626785672 462205037 0  
  1626785673 462205037 0  
  1626785674 462205037 0  
  1626785675 462205037 0  
  1626785676 462205129 0  
  1626785677 462205129 0  
  1626785678 462205129 0  
  1626785679 462205129 0  
  1626785680 462205129 0  
  1626785681 462205129 0  
  1626785682 462205129 0  
  1626785683 462205129 0  
  1626785684 462205129 0  
  1626785685 462205129 0  
  1626785687 462205129 0  
  1626785688 462205129 0  
  1626785689 462205129 0  
  1626785690 462205129 0  
  1626785691 462205129 0  
  1626785692 462205129 0  
  1626785693 462205221 0  
  1626785694 462205221 0  
  1626785695 462205221 0  
  1626785696 462205221 0  
  1626785697 462205221 0  
  1626785698 462205221 0  
  1626785699 462205221 0  
  1626785700 462205221 0  
  1626785701 462205221 0  
  1626785702 462205221 0  
  1626785703 462205221 0  
  1626785704 462205221 0  
  1626785705 462205221 0  
  1626785706 462205221 0  
  1626785707 462209530 0  
  1626785708 462209854 0  
  1626785709 462210654 0  
  1626785710 462210654 0  
  1626785711 462210654 0  
  1626785712 462210654 0  
  1626785713 462210654 0  
  1626785714 462210654 0  
  1626785715 462210654 0  
  1626785716 462210654 0  
  1626785717 462210654 0  
  1626785718 462210654 0  
  1626785719 462210654 0  
  1626785720 462214963 0  
  1626785721 462219920 0  
  1626785722 462225261 0  
  1626785723 462225969 0  
  1626785724 462226677 0  
  1626785725 462226769 0  
  1626785727 462226769 0  
  1626785728 462226769 0  
  1626785729 462226769 0  
  1626785730 462226769 0  
  1626785731 462226861 0  
  1626785732 462226861 0  
  1626785733 462226861 0  
  1626785734 462226861 0  
  1626785735 462226861 0  
  1626785736 462226861 0  
  1626785737 462226861 0  
  1626785738 462226861 0  
  1626785739 462226861 0  
  1626785740 462227218 0  
  1626785741 462227218 0  
  1626785742 462227310 0  
  1626785743 462227310 0  
  1626785744 462227310 0  
  1626785745 462227310 0  
  1626785746 462227310 0  
  1626785747 462227310 0  
  1626785748 462227310 0  
  1626785749 462227310 0  
  1626785750 462227310 0  
  1626785751 462227310 0  
  1626785752 462227310 0  
  1626785753 462227310 0  
  1626785754 462227310 0  
  1626785755 462227310 0  
  1626785756 462227310 0  
  1626785757 462227310 0  
  1626785758 462227402 0  
  1626785759 462227402 0  
  1626785760 462227402 0  
  1626785761 462227402 0  
  1626785762 462227402 0  
  1626785763 462227402 0  
  1626785764 462227402 0  
  1626785766 462227402 0  
  1626785767 462227402 0  
  1626785768 462227402 0  
  1626785769 462227402 0  
  1626785770 462227402 0  
  1626785771 462227402 0  
  1626785772 462227402 0  
  1626785773 462227402 0  
  1626785774 462227494 0  
  1626785775 462227494 0  
  1626785776 462227494 0  
  1626785777 462227494 0  
  1626785778 462227494 0  
 