 1626878840 475161484 40724  
  1626878842 475161484 40724  
  1626878843 475161484 40724  
  1626878844 475161484 40724  
  1626878845 475161484 40724  
  1626878846 475161484 40724  
  1626878847 475161484 40724  
  1626878848 475161484 40724  
  1626878849 475161484 40724  
  1626878850 475161484 40724  
  1626878851 475161484 40724  
  1626878852 475161484 40724  
  1626878853 475161484 40724  
  1626878854 475161484 40724  
  1626878855 475161484 40724  
  1626878856 475161484 40724  
  1626878857 475161484 40724  
  1626878858 475161484 40724  
  1626878859 475161484 40724  
  1626878860 475161484 40724  
  1626878861 475161484 40724  
  1626878862 475161484 40724  
  1626878863 475161484 40724  
  1626878864 475161484 40724  
  1626878865 475161484 40724  
  1626878866 475161484 40724  
  1626878867 475161484 40724  
  1626878868 475161484 40724  
  1626878869 475161484 40724  
  1626878870 475161484 40724  
  1626878871 475161484 40724  
  1626878872 475161484 40724  
  1626878873 475161484 40724  
  1626878874 475165793 40724  
  1626878875 475166117 40724  
  1626878876 475166117 40724  
  1626878877 475166825 40724  
  1626878878 475166825 40724  
  1626878879 475166825 40724  
  1626878880 475166825 40724  
  1626878882 475166825 40724  
  1626878883 475166825 40724  
  1626878884 475166825 40724  
  1626878885 475166825 40724  
  1626878886 475166825 40724  
  1626878887 475166825 40724  
  1626878888 475166825 40724  
  1626878889 475166825 40724  
  1626878890 475166825 40724  
  1626878891 475166825 40724  
  1626878892 475166825 40724  
  1626878893 475166825 40724  
  1626878894 475166825 40724  
  1626878895 475166825 40724  
  1626878896 475166825 40724  
  1626878897 475166825 40724  
  1626878898 475166825 40724  
  1626878899 475166825 40724  
  1626878900 475166825 40724  
  1626878901 475166825 40724  
  1626878902 475166825 40724  
  1626878903 475166825 40724  
  1626878904 475166825 40724  
  1626878905 475166825 40724  
  1626878906 475166825 40724  
  1626878907 475166825 40724  
  1626878908 475166825 40724  
  1626878909 475166825 40724  
  1626878910 475166825 40724  
  1626878911 475166825 40724  
  1626878912 475166825 40724  
  1626878913 475166825 40724  
  1626878914 475166825 40724  
  1626878915 475166825 40724  
  1626878916 475166825 40724  
  1626878917 475166825 40724  
  1626878918 475166825 40724  
  1626878919 475166825 40724  
  1626878920 475166825 40724  
  1626878922 475166825 40724  
  1626878923 475166825 40724  
  1626878924 475166825 40724  
  1626878925 475166825 40724  
  1626878926 475166825 40724  
  1626878927 475166825 40724  
  1626878928 475166825 40724  
  1626878929 475166825 40724  
  1626878930 475166825 40724  
  1626878931 475166825 40724  
  1626878932 475166825 40724  
  1626878933 475166825 40724  
  1626878934 475166825 40724  
  1626878935 475166825 40724  
  1626878936 475166825 40724  
  1626878937 475166825 40724  
  1626878938 475166825 40724  
  1626878939 475166825 40724  
  1626878940 475166825 40724  
  1626878941 475166825 40724  
  1626878942 475166825 40724  
  1626878943 475166825 40724  
  1626878944 475166825 40724  
  1626878945 475166825 40724  
  1626878946 475166825 40724  
  1626878947 475166825 40724  
  1626878948 475166825 40724  
  1626878949 475166825 40724  
  1626878950 475166825 40724  
  1626878951 475166825 40724  
  1626878952 475166825 40724  
  1626878953 475166825 40724  
  1626878954 475166825 40724  
  1626878955 475166825 40724  
  1626878956 475166825 40724  
  1626878957 475166825 40724  
  1626878958 475166825 40724  
  1626878959 475166825 40724  
  1626878960 475166881 40724  
  1626878962 475167219 40724  
  1626878963 475167219 40724  
  1626878964 475167219 40724  
  1626878965 475167219 40724  
  1626878966 475167219 40724  
  1626878967 475167219 40724  
  1626878968 475167877 40724  
  1626878969 475167877 40724  
  1626878970 475167877 40724  
  1626878971 475167877 40724  
  1626878972 475167877 40724  
  1626878973 475167877 40724  
  1626878974 475167877 40724  
  1626878975 475167877 40724  
  1626878976 475167877 40724  
  1626878977 475167877 40724  
  1626878978 475167877 40724  
  1626878979 475167877 40724  
  1626878980 475167877 40724  
  1626878981 475167877 40724  
  1626878982 475167877 40724  
  1626878983 475167877 40724  
  1626878984 475167877 40724  
  1626878985 475167877 40724  
  1626878986 475167877 40724  
  1626878987 475167877 40724  
  1626878988 475167877 40724  
  1626878989 475167877 40724  
  1626878990 475167877 40724  
  1626878991 475167877 40724  
  1626878992 475167877 40724  
  1626878993 475167877 40724  
  1626878994 475167877 40724  
  1626878995 475167877 40724  
  1626878996 475167877 40724  
  1626878997 475167969 40724  
  1626878998 475167969 40724  
  1626878999 475167969 40724  
  1626879000 475167969 40724  
  1626879002 475167969 40724  
  1626879003 475167969 40724  
  1626879004 475167969 40724  
  1626879005 475167969 40724  
  1626879006 475167969 40724  
  1626879007 475167969 40724  
  1626879008 475167969 40724  
  1626879009 475167969 40724  
  1626879010 475167969 40724  
  1626879011 475167969 40724  
  1626879012 475167969 40724  
  1626879013 475167969 40724  
  1626879014 475167969 40724  
  1626879015 475167969 40724  
  1626879016 475167969 40724  
  1626879017 475167969 40724  
  1626879018 475167969 40724  
  1626879019 475167969 40724  
  1626879020 475167969 40724  
  1626879021 475167969 40724  
  1626879022 475167969 40724  
  1626879023 475167969 40724  
  1626879024 475167969 40724  
  1626879025 475167969 40724  
  1626879026 475167969 40724  
  1626879027 475167969 40724  
  1626879028 475167969 40724  
  1626879029 475167969 40724  
  1626879030 475167969 40724  
  1626879031 475167969 40724  
  1626879032 475167969 40724  
  1626879033 475167969 40724  
  1626879034 475167969 40724  
  1626879035 475167969 40724  
  1626879036 475167969 40724  
  1626879037 475167969 40724  
  1626879038 475167969 40724  
  1626879039 475167969 40724  
  1626879040 475167969 40724  
  1626879041 475167969 40724  
  1626879043 475168207 40724  
  1626879044 475168326 40724  
  1626879045 475168326 40724  
  1626879046 475168326 40724  
  1626879047 475172635 40724  
  1626879048 475172959 40724  
  1626879049 475172959 40724  
  1626879050 475173667 40724  
  1626879051 475178300 40724  
  1626879052 475178300 40724  
  1626879053 475179008 40724  
  1626879054 475179008 40724  
  1626879055 475180885 40724  
  1626879056 475188274 40724  
  1626879057 475188982 40724  
  1626879058 475189690 40724  
  1626879059 475189690 40724  
  1626879060 475189690 40724  
  1626879061 475189690 40724  
  1626879062 475189690 40724  
  1626879063 475189690 40724  
  1626879064 475189690 40724  
  1626879065 475189690 40724  
  1626879066 475189690 40724  
  1626879067 475189690 40724  
  1626879068 475189690 40724  
  1626879069 475189690 40724  
  1626879070 475189690 40724  
  1626879071 475189690 40724  
  1626879072 475189690 40724  
  1626879073 475189690 40724  
  1626879074 475189690 40724  
  1626879075 475189690 40724  
  1626879076 475189690 40724  
  1626879077 475189690 40724  
  1626879078 475189690 40724  
  1626879079 475189690 40724  
  1626879080 475189690 40724  
  1626879081 475189690 40724  
  1626879083 475189690 40724  
  1626879084 475189690 40724  
  1626879085 475189690 40724  
  1626879086 475189690 40724  
  1626879087 475189690 40724  
  1626879088 475189690 40724  
  1626879089 475189690 40724  
  1626879090 475189690 40724  
  1626879091 475189690 40724  
  1626879092 475189690 40724  
  1626879093 475189690 40724  
  1626879094 475189690 40724  
  1626879095 475189690 40724  
  1626879096 475189690 40724  
  1626879097 475189690 40724  
  1626879098 475189690 40724  
  1626879099 475189690 40724  
  1626879100 475189690 40724  
  1626879101 475189690 40724  
  1626879102 475189690 40724  
  1626879103 475189690 40724  
  1626879104 475189690 40724  
  1626879105 475189690 40724  
  1626879106 475189690 40724  
  1626879107 475189690 40724  
  1626879108 475189690 40724  
  1626879109 475189690 40724  
  1626879110 475189690 40724  
  1626879111 475190028 40724  
  1626879112 475190028 40724  
  1626879113 475190028 40724  
  1626879114 475190028 40724  
  1626879115 475190028 40724  
  1626879116 475190028 40724  
  1626879117 475190028 40724  
  1626879118 475190028 40724  
  1626879119 475190028 40724  
  1626879120 475190028 40724  
  1626879121 475190028 40724  
  1626879123 475190028 40724  
  1626879124 475190028 40724  
  1626879125 475190028 40724  
  1626879126 475190028 40724  
  1626879127 475190120 40724  
  1626879128 475190120 40724  
  1626879129 475190120 40724  
  1626879130 475190120 40724  
  1626879131 475190120 40724  
  1626879132 475190120 40724  
  1626879133 475190120 40724  
  1626879134 475190120 40724  
  1626879135 475190120 40724  
  1626879136 475190120 40724  
  1626879137 475190120 40724  
  1626879138 475190120 40724  
  1626879139 475190120 40724  
  1626879140 475190120 40724  
  1626879141 475190120 40724  
  1626879142 475190120 40724  
  1626879143 475190120 40724  
  1626879144 475190120 40724  
  1626879145 475190120 40724  
  1626879146 475190120 40724  
  1626879147 475190120 40724  
  1626879148 475190120 40724  
  1626879149 475190120 40724  
  1626879150 475190120 40724  
  1626879151 475190120 40724  
  1626879152 475190120 40724  
  1626879153 475190120 40724  
  1626879154 475190120 40724  
  1626879155 475190120 40724  
  1626879156 475190120 40724  
  1626879157 475190120 40724  
  1626879158 475190120 40724  
  1626879159 475190120 40724  
  1626879160 475190120 40724  
  1626879161 475190120 40724  
  1626879163 475190120 40724  
  1626879164 475190120 40724  
  1626879165 475190120 40724  
  1626879166 475190120 40724  
  1626879167 475190120 40724  
  1626879168 475190778 40724  
  1626879169 475190778 40724  
  1626879170 475190778 40724  
  1626879171 475190778 40724  
  1626879172 475190778 40724  
  1626879173 475190778 40724  
  1626879174 475192539 40724  
  1626879175 475195411 40724  
  1626879176 475195411 40724  
  1626879177 475196119 40724  
  1626879178 475196119 40724  
  1626879179 475196119 40724  
  1626879180 475196119 40724  
  1626879181 475196119 40724  
  1626879182 475196119 40724  
  1626879183 475196119 40724  
  1626879184 475196119 40724  
  1626879185 475196119 40724  
  1626879186 475196119 40724  
  1626879187 475196211 40724  
  1626879188 475196211 40724  
  1626879189 475196211 40724  
  1626879190 475196211 40724  
  1626879191 475196211 40724  
  1626879192 475196211 40724  
  1626879193 475196211 40724  
  1626879194 475196211 40724  
  1626879195 475196211 40724  
  1626879196 475196211 40724  
  1626879197 475196211 40724  
  1626879198 475196211 40724  
  1626879199 475196211 40724  
  1626879200 475196211 40724  
  1626879201 475196211 40724  
  1626879203 475197082 40724  
  1626879204 475197082 40724  
  1626879205 475197082 40724  
  1626879206 475197082 40724  
  1626879207 475197082 40724  
  1626879208 475197082 40724  
  1626879209 475197082 40724  
  1626879210 475197082 40724  
  1626879211 475197082 40724  
  1626879212 475197082 40724  
  1626879213 475197082 40724  
  1626879214 475197082 40724  
  1626879215 475197082 40724  
  1626879216 475197082 40724  
  1626879217 475197082 40724  
  1626879218 475197082 40724  
  1626879219 475197082 40724  
  1626879220 475197082 40724  
  1626879221 475197082 40724  
  1626879222 475197082 40724  
  1626879223 475197082 40724  
  1626879224 475197082 40724  
  1626879225 475197082 40724  
 