 1626880642 475613599 0  
  1626880643 475613599 0  
  1626880644 475613599 0  
  1626880645 475613599 0  
  1626880646 475613599 0  
  1626880647 475613599 0  
  1626880648 475613599 0  
  1626880649 475613599 0  
  1626880650 475613599 0  
  1626880651 475613599 0  
  1626880652 475613599 0  
  1626880653 475613599 0  
  1626880654 475613691 0  
  1626880655 475613691 0  
  1626880656 475613691 0  
  1626880657 475613691 0  
  1626880658 475613691 0  
  1626880659 475613691 0  
  1626880660 475613691 0  
  1626880662 475613691 0  
  1626880663 475613691 0  
  1626880664 475613691 0  
  1626880665 475613691 0  
  1626880666 475613691 0  
  1626880667 475613691 0  
  1626880668 475613691 0  
  1626880669 475613691 0  
  1626880670 475613691 0  
  1626880671 475613691 0  
  1626880672 475613691 0  
  1626880673 475613691 0  
  1626880674 475618000 0  
  1626880675 475618324 0  
  1626880676 475618324 0  
  1626880677 475619032 0  
  1626880678 475619032 0  
  1626880679 475619032 0  
  1626880680 475619032 0  
  1626880681 475619032 0  
  1626880682 475619032 0  
  1626880683 475619032 0  
  1626880684 475619032 0  
  1626880685 475619032 0  
  1626880686 475619124 0  
  1626880687 475619124 0  
  1626880688 475619124 0  
  1626880689 475619124 0  
  1626880690 475619124 0  
  1626880691 475619124 0  
  1626880692 475619216 0  
  1626880693 475619216 0  
  1626880694 475619216 0  
  1626880695 475619216 0  
  1626880696 475619216 0  
  1626880697 475619216 0  
  1626880698 475619216 0  
  1626880699 475619216 0  
  1626880700 475619216 0  
  1626880702 475619216 0  
  1626880703 475619216 0  
  1626880704 475619216 0  
  1626880705 475619216 0  
  1626880706 475619216 0  
  1626880707 475619216 0  
  1626880708 475619216 0  
  1626880709 475619216 0  
  1626880710 475619216 0  
  1626880711 475619216 0  
  1626880712 475619216 0  
  1626880713 475619216 0  
  1626880714 475619216 0  
  1626880715 475619216 0  
  1626880716 475619216 0  
  1626880717 475619216 0  
  1626880718 475619216 0  
  1626880719 475619308 0  
  1626880720 475619308 0  
  1626880721 475619308 0  
  1626880722 475619308 0  
  1626880723 475619308 0  
  1626880724 475619308 0  
  1626880725 475619308 0  
  1626880726 475619308 0  
  1626880727 475619308 0  
  1626880728 475619308 0  
  1626880729 475619308 0  
  1626880730 475619308 0  
  1626880731 475619308 0  
  1626880732 475619308 0  
  1626880733 475619308 0  
  1626880734 475619308 0  
  1626880735 475619308 0  
  1626880736 475619308 0  
  1626880737 475619308 0  
  1626880738 475619308 0  
  1626880739 475619308 0  
  1626880740 475619308 0  
  1626880742 475619308 0  
  1626880743 475619308 0  
  1626880744 475619308 0  
  1626880745 475619308 0  
  1626880746 475619308 0  
  1626880747 475619308 0  
  1626880748 475619308 0  
  1626880749 475619308 0  
  1626880750 475619308 0  
  1626880751 475619400 0  
  1626880752 475619400 0  
  1626880753 475619400 0  
  1626880754 475619400 0  
  1626880755 475619400 0  
  1626880756 475619400 0  
  1626880757 475619492 0  
  1626880758 475619492 0  
  1626880759 475619492 0  
  1626880760 475619492 0  
  1626880761 475619492 0  
  1626880762 475619492 0  
  1626880763 475619492 0  
  1626880764 475619492 0  
  1626880765 475619492 0  
  1626880766 475619492 0  
  1626880767 475621087 0  
  1626880768 475621087 0  
  1626880769 475621087 0  
  1626880770 475621087 0  
  1626880771 475621087 0  
  1626880772 475621087 0  
  1626880773 475621087 0  
  1626880774 475621087 0  
  1626880775 475621087 0  
  1626880776 475621087 0  
  1626880777 475621087 0  
  1626880778 475621087 0  
  1626880779 475621087 0  
  1626880781 475621087 0  
  1626880782 475621087 0  
  1626880783 475621179 0  
  1626880784 475621179 0  
  1626880785 475621179 0  
  1626880786 475621179 0  
  1626880787 475621179 0  
  1626880788 475621179 0  
  1626880789 475621179 0  
  1626880790 475621179 0  
  1626880791 475621179 0  
  1626880792 475621179 0  
  1626880793 475621179 0  
  1626880794 475621179 0  
  1626880795 475621179 0  
  1626880796 475621179 0  
  1626880797 475621179 0  
  1626880798 475621179 0  
  1626880799 475621179 0  
  1626880800 475621179 0  
  1626880801 475621179 0  
  1626880802 475621179 0  
  1626880803 475621179 0  
  1626880804 475621179 0  
  1626880805 475621179 0  
  1626880806 475621179 0  
  1626880807 475621179 0  
  1626880808 475621179 0  
  1626880809 475621179 0  
  1626880810 475621179 0  
  1626880811 475621179 0  
  1626880812 475621179 0  
  1626880813 475621179 0  
  1626880814 475621179 0  
  1626880815 475621271 0  
  1626880816 475621271 0  
  1626880817 475621271 0  
  1626880818 475621271 0  
  1626880820 475621271 0  
  1626880821 475621271 0  
  1626880822 475621363 0  
  1626880823 475621363 0  
  1626880824 475621363 0  
  1626880825 475621363 0  
  1626880826 475621363 0  
  1626880827 475621363 0  
  1626880828 475621363 0  
  1626880829 475621363 0  
  1626880830 475621363 0  
  1626880831 475621363 0  
  1626880832 475621363 0  
  1626880833 475621363 0  
  1626880834 475621363 0  
  1626880835 475621363 0  
  1626880836 475621363 0  
  1626880837 475621363 0  
  1626880838 475621363 0  
  1626880839 475621363 0  
  1626880840 475621363 0  
  1626880841 475621363 0  
  1626880842 475621363 0  
  1626880843 475622122 0  
  1626880844 475622122 0  
  1626880845 475622122 0  
  1626880846 475622266 0  
  1626880847 475626847 0  
  1626880848 475626847 0  
  1626880849 475627555 0  
  1626880850 475632188 0  
  1626880851 475632188 0  
  1626880852 475632896 0  
  1626880853 475632896 0  
  1626880854 475632988 0  
  1626880855 475639582 0  
  1626880856 475642254 0  
  1626880857 475643602 0  
  1626880859 475643602 0  
  1626880860 475643602 0  
  1626880861 475643602 0  
  1626880862 475643602 0  
  1626880863 475643602 0  
  1626880864 475643602 0  
  1626880865 475643602 0  
  1626880866 475643602 0  
  1626880867 475643602 0  
  1626880868 475643602 0  
  1626880869 475643602 0  
  1626880870 475643602 0  
  1626880871 475643602 0  
  1626880872 475643602 0  
  1626880873 475643602 0  
  1626880874 475643602 0  
  1626880875 475643602 0  
  1626880876 475643602 0  
  1626880877 475643602 0  
  1626880878 475643602 0  
  1626880879 475643602 0  
  1626880880 475643694 0  
  1626880881 475643694 0  
  1626880882 475643694 0  
  1626880883 475643694 0  
  1626880884 475643694 0  
  1626880885 475643694 0  
  1626880886 475643786 0  
  1626880887 475643786 0  
  1626880888 475643786 0  
  1626880889 475643786 0  
  1626880890 475643786 0  
  1626880891 475643786 0  
  1626880892 475643786 0  
  1626880893 475643786 0  
  1626880894 475643786 0  
  1626880895 475643786 0  
  1626880896 475643786 0  
  1626880897 475643786 0  
  1626880899 475643786 0  
  1626880900 475643786 0  
  1626880901 475643786 0  
  1626880902 475643786 0  
  1626880903 475643786 0  
  1626880904 475643786 0  
  1626880905 475643786 0  
  1626880906 475643786 0  
  1626880907 475643786 0  
  1626880908 475643786 0  
  1626880909 475643786 0  
  1626880910 475643786 0  
  1626880911 475643786 0  
  1626880912 475643878 0  
  1626880913 475643878 0  
  1626880914 475643878 0  
  1626880915 475643878 0  
  1626880916 475643878 0  
  1626880917 475643878 0  
  1626880918 475643970 0  
  1626880919 475643970 0  
  1626880920 475643970 0  
  1626880921 475643970 0  
  1626880922 475643970 0  
  1626880923 475643970 0  
  1626880924 475643970 0  
  1626880925 475643970 0  
  1626880926 475643970 0  
  1626880927 475643970 0  
  1626880928 475643970 0  
  1626880929 475643970 0  
  1626880930 475643970 0  
  1626880931 475643970 0  
  1626880932 475643970 0  
  1626880933 475643970 0  
  1626880934 475643970 0  
  1626880935 475643970 0  
  1626880936 475643970 0  
  1626880937 475643970 0  
  1626880939 475643970 0  
  1626880940 475643970 0  
  1626880941 475643970 0  
  1626880942 475643970 0  
  1626880943 475643970 0  
  1626880944 475644062 0  
  1626880945 475644062 0  
  1626880946 475644062 0  
  1626880947 475644062 0  
  1626880948 475644062 0  
  1626880949 475644062 0  
  1626880950 475644062 0  
  1626880951 475644062 0  
  1626880952 475644062 0  
  1626880953 475644062 0  
  1626880954 475644062 0  
  1626880955 475644062 0  
  1626880956 475644062 0  
  1626880957 475644062 0  
  1626880958 475644062 0  
  1626880959 475644062 0  
  1626880960 475644062 0  
  1626880961 475644062 0  
  1626880962 475644062 0  
  1626880963 475644062 0  
  1626880964 475644062 0  
 