 1627021203 500521925 0  
  1627021204 500521925 0  
  1627021205 500521925 0  
  1627021206 500521925 0  
  1627021207 500521925 0  
  1627021208 500521925 0  
  1627021209 500521925 0  
  1627021210 500521925 0  
  1627021211 500521925 0  
  1627021212 500521925 0  
  1627021213 500521925 0  
  1627021214 500521925 0  
  1627021215 500521925 0  
  1627021216 500521925 0  
  1627021217 500521925 0  
  1627021218 500521925 0  
  1627021219 500521925 0  
  1627021220 500521925 0  
  1627021221 500521925 0  
  1627021222 500521925 0  
  1627021223 500521925 0  
  1627021225 500521925 0  
  1627021226 500521925 0  
  1627021227 500521925 0  
  1627021228 500521925 0  
  1627021229 500521925 0  
  1627021230 500521925 0  
  1627021231 500521925 0  
  1627021232 500521925 0  
  1627021233 500521925 0  
  1627021234 500521925 0  
  1627021235 500521925 0  
  1627021236 500521925 0  
  1627021237 500521925 0  
  1627021238 500521925 0  
  1627021239 500521925 0  
  1627021240 500522282 0  
  1627021241 500522282 0  
  1627021242 500522282 0  
  1627021243 500522282 0  
  1627021244 500522282 0  
  1627021245 500522282 0  
  1627021246 500526591 0  
  1627021247 500528792 0  
  1627021248 500532188 0  
  1627021249 500532828 0  
  1627021250 500532828 0  
  1627021251 500532828 0  
  1627021252 500532828 0  
  1627021253 500537461 0  
  1627021254 500542094 0  
  1627021255 500543510 0  
  1627021256 500543510 0  
  1627021257 500543510 0  
  1627021258 500543510 0  
  1627021259 500543510 0  
  1627021260 500543510 0  
  1627021261 500543510 0  
  1627021262 500543510 0  
  1627021263 500543510 0  
  1627021265 500543510 0  
  1627021266 500543510 0  
  1627021267 500543510 0  
  1627021268 500543510 0  
  1627021269 500543510 0  
  1627021270 500543510 0  
  1627021271 500543510 0  
  1627021272 500543510 0  
  1627021273 500543510 0  
  1627021274 500543510 0  
  1627021275 500543510 0  
  1627021276 500543510 0  
  1627021277 500543510 0  
  1627021278 500543510 0  
  1627021279 500543510 0  
  1627021280 500543510 0  
  1627021281 500543510 0  
  1627021282 500543510 0  
  1627021283 500543510 0  
  1627021284 500543510 0  
  1627021285 500543510 0  
  1627021286 500543510 0  
  1627021287 500543510 0  
  1627021288 500543510 0  
  1627021289 500543510 0  
  1627021290 500543510 0  
  1627021291 500543510 0  
  1627021292 500543510 0  
  1627021293 500543510 0  
  1627021294 500543510 0  
  1627021295 500543510 0  
  1627021296 500543510 0  
  1627021297 500543510 0  
  1627021298 500543510 0  
  1627021299 500543510 0  
  1627021300 500543510 0  
  1627021301 500543510 0  
  1627021302 500543510 0  
  1627021303 500543510 0  
  1627021305 500543510 0  
  1627021306 500543510 0  
  1627021307 500543510 0  
  1627021308 500543510 0  
  1627021309 500543510 0  
  1627021310 500543510 0  
  1627021311 500543510 0  
  1627021312 500543510 0  
  1627021313 500543510 0  
  1627021314 500543510 0  
  1627021315 500543510 0  
  1627021316 500543510 0  
  1627021317 500543510 0  
  1627021318 500543510 0  
  1627021319 500543510 0  
  1627021320 500543510 0  
  1627021321 500543510 0  
  1627021322 500543510 0  
  1627021323 500543510 0  
  1627021324 500543510 0  
  1627021325 500543510 0  
  1627021326 500543510 0  
  1627021327 500543510 0  
  1627021328 500543510 0  
  1627021329 500543510 0  
  1627021330 500543510 0  
  1627021331 500543510 0  
  1627021332 500543510 0  
  1627021333 500543510 0  
  1627021334 500543510 0  
  1627021335 500543510 0  
  1627021336 500543510 0  
  1627021337 500543510 0  
  1627021338 500543510 0  
  1627021339 500543510 0  
  1627021340 500543510 0  
  1627021341 500543510 0  
  1627021342 500543510 0  
  1627021343 500543510 0  
  1627021345 500543510 0  
  1627021346 500543510 0  
  1627021347 500543510 0  
  1627021348 500543510 0  
  1627021349 500543510 0  
  1627021350 500543510 0  
  1627021351 500543510 0  
  1627021352 500543510 0  
  1627021353 500543510 0  
  1627021354 500543510 0  
  1627021355 500543510 0  
  1627021356 500543510 0  
  1627021357 500543510 0  
  1627021358 500543510 0  
  1627021359 500543510 0  
  1627021360 500543510 0  
  1627021361 500543510 0  
  1627021362 500543510 0  
  1627021363 500543510 0  
  1627021364 500543510 0  
  1627021365 500543510 0  
  1627021366 500543510 0  
  1627021367 500543510 0  
  1627021368 500543510 0  
  1627021369 500543510 0  
  1627021370 500544168 0  
  1627021371 500544168 0  
  1627021372 500544168 0  
  1627021373 500544168 0  
  1627021374 500544168 0  
  1627021375 500544168 0  
  1627021376 500544168 0  
  1627021377 500544168 0  
  1627021378 500544168 0  
  1627021379 500544168 0  
  1627021380 500544168 0  
  1627021381 500544168 0  
  1627021382 500544168 0  
  1627021384 500544168 0  
  1627021385 500544168 0  
  1627021386 500544168 0  
  1627021387 500544168 0  
  1627021388 500544168 0  
  1627021389 500544168 0  
  1627021390 500544168 0  
  1627021391 500544168 0  
  1627021392 500544168 0  
  1627021393 500544168 0  
  1627021394 500544168 0  
  1627021395 500544168 0  
  1627021396 500544168 0  
  1627021397 500544168 0  
  1627021398 500544168 0  
  1627021399 500544260 0  
  1627021400 500544260 0  
  1627021401 500544260 0  
  1627021402 500544260 0  
  1627021403 500544260 0  
  1627021404 500544260 0  
  1627021405 500544260 0  
  1627021406 500544260 0  
  1627021407 500544260 0  
  1627021408 500544260 0  
  1627021409 500544260 0  
  1627021410 500544260 0  
  1627021411 500544260 0  
  1627021412 500544260 0  
  1627021413 500544260 0  
  1627021414 500544260 0  
  1627021415 500544260 0  
  1627021416 500544260 0  
  1627021417 500544260 0  
  1627021418 500544260 0  
  1627021419 500544260 0  
  1627021420 500544260 0  
  1627021421 500548569 0  
  1627021422 500548893 0  
  1627021424 500549601 0  
  1627021425 500549601 0  
  1627021426 500549601 0  
  1627021427 500549601 0  
  1627021428 500549601 0  
  1627021429 500549601 0  
  1627021430 500549601 0  
  1627021431 500549601 0  
  1627021432 500549601 0  
  1627021433 500549601 0  
  1627021434 500549601 0  
  1627021435 500549601 0  
  1627021436 500549601 0  
  1627021437 500549601 0  
  1627021438 500549601 0  
  1627021439 500549601 0  
  1627021440 500549601 0  
  1627021441 500549601 0  
  1627021442 500549601 0  
  1627021443 500549601 0  
  1627021444 500549601 0  
  1627021445 500549601 0  
  1627021446 500549601 0  
  1627021447 500549601 0  
  1627021448 500549601 0  
  1627021449 500549601 0  
  1627021450 500549601 0  
  1627021451 500549601 0  
  1627021452 500549601 0  
  1627021453 500549601 0  
  1627021454 500549601 0  
  1627021455 500549601 0  
  1627021456 500549601 0  
  1627021457 500549601 0  
  1627021458 500549601 0  
  1627021459 500549601 0  
  1627021460 500549601 0  
  1627021461 500549601 0  
  1627021462 500549601 0  
  1627021464 500549601 0  
  1627021465 500549601 0  
  1627021466 500549601 0  
  1627021467 500549601 0  
  1627021468 500549601 0  
  1627021469 500549601 0  
  1627021470 500549601 0  
  1627021471 500549601 0  
  1627021472 500549601 0  
  1627021473 500549601 0  
  1627021474 500549601 0  
  1627021475 500549601 0  
  1627021476 500549601 0  
  1627021477 500549601 0  
  1627021478 500549601 0  
  1627021479 500549601 0  
  1627021480 500549601 0  
  1627021481 500549601 0  
  1627021482 500549601 0  
  1627021483 500549601 0  
  1627021484 500549601 0  
  1627021485 500549601 0  
  1627021486 500549601 0  
  1627021487 500549601 0  
  1627021488 500549601 0  
  1627021489 500549601 0  
  1627021490 500549601 0  
  1627021491 500549601 0  
  1627021492 500549601 0  
  1627021493 500549601 0  
  1627021494 500549601 0  
  1627021495 500549601 0  
  1627021496 500549601 0  
  1627021497 500549601 0  
  1627021498 500549601 0  
  1627021499 500549601 0  
  1627021500 500549601 0  
  1627021501 500549601 0  
  1627021502 500549601 0  
  1627021504 500549601 0  
  1627021505 500549601 0  
  1627021506 500549601 0  
  1627021507 500549601 0  
  1627021508 500549601 0  
  1627021509 500549601 0  
  1627021510 500549601 0  
  1627021511 500549601 0  
  1627021512 500549601 0  
  1627021513 500549601 0  
  1627021514 500549601 0  
  1627021515 500549601 0  
  1627021516 500549601 0  
  1627021517 500549601 0  
  1627021518 500549601 0  
  1627021519 500549601 0  
  1627021520 500549601 0  
  1627021521 500549601 0  
  1627021522 500549601 0  
  1627021523 500549601 0  
  1627021524 500549601 0  
  1627021525 500549601 0  
 