 1626768016 460069403 0  
  1626768017 460069403 0  
  1626768018 460073712 0  
  1626768019 460074036 0  
  1626768020 460083686 0  
  1626768021 460084010 0  
  1626768022 460085358 0  
  1626768023 460085358 0  
  1626768024 460085358 0  
  1626768025 460085358 0  
  1626768027 460085358 0  
  1626768028 460085358 0  
  1626768029 460085358 0  
  1626768030 460085358 0  
  1626768031 460085358 0  
  1626768032 460085358 0  
  1626768033 460085358 0  
  1626768034 460085358 0  
  1626768035 460085358 0  
  1626768036 460085358 0  
  1626768037 460085715 0  
  1626768038 460085715 0  
  1626768039 460085715 0  
  1626768040 460085715 0  
  1626768041 460085715 0  
  1626768042 460085715 0  
  1626768043 460085715 0  
  1626768044 460085715 0  
  1626768045 460085715 0  
  1626768046 460085715 0  
  1626768047 460085715 0  
  1626768048 460085715 0  
  1626768049 460085715 0  
  1626768050 460085715 0  
  1626768051 460085715 0  
  1626768052 460085715 0  
  1626768053 460085715 0  
  1626768054 460085715 0  
  1626768055 460085715 0  
  1626768056 460085715 0  
  1626768057 460085715 0  
  1626768058 460085715 0  
  1626768059 460085715 0  
  1626768060 460085715 0  
  1626768061 460085715 0  
  1626768062 460085715 0  
  1626768063 460085715 0  
  1626768064 460090004 0  
  1626768066 460090660 0  
  1626768067 460090660 0  
  1626768068 460091164 0  
  1626768069 460091164 0  
  1626768070 460091164 0  
  1626768071 460091164 0  
  1626768072 460091164 0  
  1626768073 460091164 0  
  1626768074 460091164 0  
  1626768075 460091164 0  
  1626768076 460091164 0  
  1626768077 460091164 0  
  1626768078 460091164 0  
  1626768079 460091164 0  
  1626768080 460091164 0  
  1626768081 460091164 0  
  1626768082 460091164 0  
  1626768083 460091164 0  
  1626768084 460091164 0  
  1626768085 460091164 0  
  1626768086 460091164 0  
  1626768087 460091164 0  
  1626768088 460091164 0  
  1626768089 460091164 0  
  1626768090 460091164 0  
  1626768091 460091164 0  
  1626768092 460091164 0  
  1626768093 460091164 0  
  1626768094 460091164 0  
  1626768095 460091164 0  
  1626768096 460091164 0  
  1626768097 460091164 0  
  1626768098 460091164 0  
  1626768099 460091164 0  
  1626768100 460091164 0  
  1626768101 460091164 0  
  1626768102 460091164 0  
  1626768103 460091164 0  
  1626768104 460091164 0  
  1626768106 460091164 0  
  1626768107 460091164 0  
  1626768108 460091164 0  
  1626768109 460091164 0  
  1626768110 460091164 0  
  1626768111 460091164 0  
  1626768112 460091164 0  
  1626768113 460091164 0  
  1626768114 460091164 0  
  1626768115 460091164 0  
  1626768116 460091164 0  
  1626768117 460091164 0  
  1626768118 460091164 0  
  1626768119 460091164 0  
  1626768120 460091164 0  
  1626768121 460091164 0  
  1626768122 460091164 0  
  1626768123 460091164 0  
  1626768124 460091164 0  
  1626768125 460091164 0  
  1626768126 460091164 0  
  1626768127 460091164 0  
  1626768128 460091164 0  
  1626768129 460091164 0  
  1626768130 460091164 0  
  1626768131 460091164 0  
  1626768132 460091164 0  
  1626768133 460091164 0  
  1626768134 460091164 0  
  1626768135 460091164 0  
  1626768136 460091164 0  
  1626768137 460091164 0  
  1626768138 460091164 0  
  1626768139 460091164 0  
  1626768140 460091164 0  
  1626768141 460091164 0  
  1626768142 460091164 0  
  1626768143 460091164 0  
  1626768145 460091164 0  
  1626768146 460091164 0  
  1626768147 460091164 0  
  1626768148 460091164 0  
  1626768149 460091164 0  
  1626768150 460091164 0  
  1626768151 460091164 0  
  1626768152 460091164 0  
  1626768153 460091164 0  
  1626768154 460091164 0  
  1626768155 460091164 0  
  1626768156 460091164 0  
  1626768157 460091164 0  
  1626768158 460091164 0  
  1626768159 460091164 0  
  1626768160 460091164 0  
  1626768161 460091164 0  
  1626768162 460091164 0  
  1626768163 460091164 0  
  1626768164 460091164 0  
  1626768165 460091760 0  
  1626768166 460093721 0  
  1626768167 460096393 0  
  1626768168 460096393 0  
  1626768169 460097101 0  
  1626768170 460097101 0  
  1626768171 460097101 0  
  1626768172 460097101 0  
  1626768173 460097101 0  
  1626768174 460097101 0  
  1626768175 460097101 0  
  1626768176 460097101 0  
  1626768177 460097101 0  
  1626768178 460097101 0  
  1626768179 460097101 0  
  1626768180 460097101 0  
  1626768181 460097101 0  
  1626768182 460097101 0  
  1626768183 460097101 0  
  1626768185 460097101 0  
  1626768186 460097101 0  
  1626768187 460097101 0  
  1626768188 460097101 0  
  1626768189 460097101 0  
  1626768190 460097101 0  
  1626768191 460097101 0  
  1626768192 460097101 0  
  1626768193 460097101 0  
  1626768194 460097101 0  
  1626768195 460097193 0  
  1626768196 460097193 0  
  1626768197 460097193 0  
  1626768198 460097193 0  
  1626768199 460097193 0  
  1626768200 460097193 0  
  1626768201 460097193 0  
  1626768202 460097193 0  
  1626768203 460097193 0  
  1626768204 460097193 0  
  1626768205 460097193 0  
  1626768206 460097193 0  
  1626768207 460097193 0  
  1626768208 460097193 0  
  1626768209 460097193 0  
  1626768210 460097193 0  
  1626768211 460097193 0  
  1626768212 460097193 0  
  1626768213 460097193 0  
  1626768214 460097193 0  
  1626768215 460097193 0  
  1626768216 460097193 0  
  1626768217 460097193 0  
  1626768218 460097193 0  
  1626768219 460097193 0  
  1626768220 460097193 0  
  1626768221 460097193 0  
  1626768222 460097193 0  
  1626768224 460097193 0  
  1626768225 460097193 0  
  1626768226 460097193 0  
  1626768227 460097193 0  
  1626768228 460097193 0  
  1626768229 460097193 0  
  1626768230 460097193 0  
  1626768231 460097193 0  
  1626768232 460097193 0  
  1626768233 460097193 0  
  1626768234 460097193 0  
  1626768235 460097193 0  
  1626768236 460097193 0  
  1626768237 460097193 0  
  1626768238 460097193 0  
  1626768239 460097193 0  
  1626768240 460097193 0  
  1626768241 460097193 0  
  1626768242 460097193 0  
  1626768243 460097193 0  
  1626768244 460097193 0  
  1626768245 460097193 0  
  1626768246 460097193 0  
  1626768247 460097193 0  
  1626768248 460097193 0  
  1626768249 460097193 0  
  1626768250 460097193 0  
  1626768251 460097193 0  
  1626768252 460097193 0  
  1626768253 460097193 0  
  1626768254 460097193 0  
  1626768255 460097193 0  
  1626768256 460097193 0  
  1626768257 460097193 0  
  1626768258 460097193 0  
  1626768259 460097193 0  
  1626768260 460097193 0  
  1626768261 460097193 0  
  1626768262 460097193 0  
  1626768264 460097193 0  
  1626768265 460097193 0  
  1626768266 460097193 0  
  1626768267 460097193 0  
  1626768268 460097193 0  
  1626768269 460097193 0  
  1626768270 460097193 0  
  1626768271 460097193 0  
  1626768272 460097193 0  
  1626768273 460097193 0  
  1626768274 460097193 0  
  1626768275 460097193 0  
  1626768276 460097193 0  
  1626768277 460097193 0  
  1626768278 460097193 0  
  1626768279 460097193 0  
  1626768280 460097193 0  
  1626768281 460097193 0  
  1626768282 460097193 0  
  1626768283 460097193 0  
  1626768284 460097193 0  
  1626768285 460097193 0  
  1626768286 460097193 0  
  1626768287 460097193 0  
  1626768288 460097193 0  
  1626768289 460097193 0  
  1626768290 460097193 0  
  1626768291 460097193 0  
  1626768292 460097193 0  
  1626768293 460097193 0  
  1626768294 460097193 0  
  1626768295 460097193 0  
  1626768296 460097193 0  
  1626768297 460097193 0  
  1626768298 460097193 0  
  1626768299 460097193 0  
  1626768300 460097193 0  
  1626768301 460097193 0  
  1626768302 460097193 0  
  1626768304 460097193 0  
  1626768305 460101826 0  
  1626768306 460101826 0  
  1626768307 460102534 0  
  1626768308 460102534 0  
  1626768309 460102534 0  
  1626768310 460102534 0  
  1626768311 460102534 0  
  1626768312 460102534 0  
  1626768313 460102626 0  
  1626768314 460102626 0  
  1626768315 460102626 0  
  1626768316 460102626 0  
  1626768317 460102626 0  
  1626768318 460106935 0  
  1626768319 460107259 0  
  1626768320 460112600 0  
  1626768321 460117233 0  
  1626768322 460117941 0  
  1626768323 460118513 0  
  1626768324 460118605 0  
  1626768325 460118605 0  
  1626768326 460118605 0  
  1626768327 460118605 0  
  1626768328 460118605 0  
  1626768329 460118605 0  
  1626768330 460118605 0  
  1626768331 460118605 0  
  1626768332 460118605 0  
  1626768333 460118605 0  
  1626768334 460118605 0  
  1626768335 460118605 0  
  1626768336 460118605 0  
  1626768337 460118962 0  
  1626768338 460118962 0  
 