 1627017945 505281617 0  
  1627017946 505285814 0  
  1627017947 505286318 0  
  1627017948 505287118 0  
  1627017949 505287118 0  
  1627017950 505287118 0  
  1627017951 505288995 0  
  1627017952 505296384 0  
  1627017953 505297024 0  
  1627017954 505297732 0  
  1627017955 505297732 0  
  1627017956 505297732 0  
  1627017957 505297732 0  
  1627017958 505297732 0  
  1627017959 505297732 0  
  1627017960 505297732 0  
  1627017961 505297732 0  
  1627017962 505297824 0  
  1627017963 505297824 0  
  1627017964 505297824 0  
  1627017965 505297824 0  
  1627017966 505297824 0  
  1627017967 505297824 0  
  1627017968 505297824 0  
  1627017969 505297824 0  
  1627017970 505297824 0  
  1627017971 505297824 0  
  1627017972 505297824 0  
  1627017973 505297824 0  
  1627017974 505297824 0  
  1627017975 505297824 0  
  1627017976 505297824 0  
  1627017978 505297824 0  
  1627017979 505297824 0  
  1627017980 505297824 0  
  1627017981 505297824 0  
  1627017982 505297824 0  
  1627017983 505297824 0  
  1627017984 505297824 0  
  1627017985 505297824 0  
  1627017986 505297824 0  
  1627017987 505297824 0  
  1627017988 505297824 0  
  1627017989 505297824 0  
  1627017990 505297824 0  
  1627017991 505297824 0  
  1627017992 505297824 0  
  1627017993 505297824 0  
  1627017994 505297824 0  
  1627017995 505297824 0  
  1627017996 505297824 0  
  1627017997 505297824 0  
  1627017998 505297824 0  
  1627017999 505297824 0  
  1627018000 505297824 0  
  1627018001 505297824 0  
  1627018002 505297824 0  
  1627018003 505297824 0  
  1627018004 505297824 0  
  1627018005 505297824 0  
  1627018006 505297824 0  
  1627018007 505297824 0  
  1627018008 505297824 0  
  1627018009 505297824 0  
  1627018010 505297824 0  
  1627018011 505297824 0  
  1627018012 505297824 0  
  1627018013 505297824 0  
  1627018014 505297824 0  
  1627018015 505297824 0  
  1627018017 505297824 0  
  1627018018 505297824 0  
  1627018019 505297824 0  
  1627018020 505297824 0  
  1627018021 505297824 0  
  1627018022 505297824 0  
  1627018023 505297824 0  
  1627018024 505297824 0  
  1627018025 505297824 0  
  1627018026 505297824 0  
  1627018027 505297824 0  
  1627018028 505297824 0  
  1627018029 505298162 0  
  1627018030 505298162 0  
  1627018031 505298162 0  
  1627018032 505298162 0  
  1627018033 505298162 0  
  1627018034 505298162 0  
  1627018035 505298162 0  
  1627018036 505298162 0  
  1627018037 505298162 0  
  1627018038 505298162 0  
  1627018039 505298162 0  
  1627018040 505298162 0  
  1627018041 505298162 0  
  1627018042 505298162 0  
  1627018043 505298162 0  
  1627018044 505298162 0  
  1627018045 505298162 0  
  1627018046 505298162 0  
  1627018047 505298162 0  
  1627018048 505298162 0  
  1627018049 505298162 0  
  1627018050 505298162 0  
  1627018051 505298162 0  
  1627018052 505298162 0  
  1627018053 505298162 0  
  1627018054 505298162 0  
  1627018055 505298162 0  
  1627018057 505298162 0  
  1627018058 505298162 0  
  1627018059 505298162 0  
  1627018060 505298162 0  
  1627018061 505298162 0  
  1627018062 505298162 0  
  1627018063 505298162 0  
  1627018064 505298162 0  
  1627018065 505298162 0  
  1627018066 505298162 0  
  1627018067 505298162 0  
  1627018068 505298162 0  
  1627018069 505298162 0  
  1627018070 505298758 0  
  1627018071 505298758 0  
  1627018072 505298758 0  
  1627018073 505298758 0  
  1627018074 505298758 0  
  1627018075 505298850 0  
  1627018076 505298850 0  
  1627018077 505298850 0  
  1627018078 505298850 0  
  1627018079 505298850 0  
  1627018080 505298850 0  
  1627018081 505298850 0  
  1627018082 505298850 0  
  1627018083 505298850 0  
  1627018084 505298850 0  
  1627018085 505298850 0  
  1627018086 505298850 0  
  1627018087 505298850 0  
  1627018088 505298850 0  
  1627018089 505298850 0  
  1627018090 505298850 0  
  1627018091 505298942 0  
  1627018092 505298942 0  
  1627018093 505298942 0  
  1627018094 505298942 0  
  1627018096 505298942 0  
  1627018097 505298942 0  
  1627018098 505298942 0  
  1627018099 505298942 0  
  1627018100 505298942 0  
  1627018101 505298942 0  
  1627018102 505298942 0  
  1627018103 505298942 0  
  1627018104 505298942 0  
  1627018105 505298942 0  
  1627018106 505298942 0  
  1627018107 505298942 0  
  1627018108 505298942 0  
  1627018109 505298942 0  
  1627018110 505298942 0  
  1627018111 505298942 0  
  1627018112 505298942 0  
  1627018113 505298942 0  
  1627018114 505298942 0  
  1627018115 505298942 0  
  1627018116 505298942 0  
  1627018117 505298942 0  
  1627018118 505298942 0  
  1627018119 505303251 0  
  1627018120 505303575 0  
  1627018121 505304215 0  
  1627018122 505304215 0  
  1627018123 505304215 0  
  1627018124 505304215 0  
  1627018125 505304215 0  
  1627018126 505304215 0  
  1627018127 505304215 0  
  1627018128 505304215 0  
  1627018129 505304215 0  
  1627018130 505304215 0  
  1627018131 505304215 0  
  1627018132 505304215 0  
  1627018133 505304215 0  
  1627018134 505304215 0  
  1627018136 505304215 0  
  1627018137 505304215 0  
  1627018138 505304215 0  
  1627018139 505304215 0  
  1627018140 505304553 0  
  1627018141 505304553 0  
  1627018142 505304553 0  
  1627018143 505304553 0  
  1627018144 505304553 0  
  1627018145 505304553 0  
  1627018146 505304553 0  
  1627018147 505304553 0  
  1627018148 505304553 0  
  1627018149 505304553 0  
  1627018150 505304553 0  
  1627018151 505304553 0  
  1627018152 505304553 0  
  1627018153 505304553 0  
  1627018154 505304553 0  
  1627018155 505304553 0  
  1627018156 505304553 0  
  1627018157 505304553 0  
  1627018158 505304553 0  
  1627018159 505304553 0  
  1627018160 505304553 0  
  1627018161 505304553 0  
  1627018162 505304553 0  
  1627018163 505304553 0  
  1627018164 505304553 0  
  1627018165 505304553 0  
  1627018166 505304553 0  
  1627018167 505304553 0  
  1627018168 505304553 0  
  1627018169 505304553 0  
  1627018170 505304553 0  
  1627018171 505304553 0  
  1627018172 505304553 0  
  1627018173 505304553 0  
  1627018175 505304553 0  
  1627018176 505304553 0  
  1627018177 505304553 0  
  1627018178 505304553 0  
  1627018179 505304553 0  
  1627018180 505304553 0  
  1627018181 505304553 0  
  1627018182 505304553 0  
  1627018183 505304553 0  
  1627018184 505304553 0  
  1627018185 505304553 0  
  1627018186 505304553 0  
  1627018187 505304553 0  
  1627018188 505304553 0  
  1627018189 505304553 0  
  1627018190 505304553 0  
  1627018191 505304553 0  
  1627018192 505304553 0  
  1627018193 505304553 0  
  1627018194 505304553 0  
  1627018195 505304553 0  
  1627018196 505304553 0  
  1627018197 505304553 0  
  1627018198 505304553 0  
  1627018199 505304553 0  
  1627018200 505304553 0  
  1627018201 505304553 0  
  1627018202 505304553 0  
  1627018203 505304553 0  
  1627018204 505304553 0  
  1627018205 505304645 0  
  1627018206 505304645 0  
  1627018207 505304645 0  
  1627018208 505304645 0  
  1627018209 505304645 0  
  1627018210 505304645 0  
  1627018211 505304645 0  
  1627018213 505304645 0  
  1627018214 505304645 0  
  1627018215 505304645 0  
  1627018216 505304645 0  
  1627018217 505304645 0  
  1627018218 505304645 0  
  1627018219 505304645 0  
  1627018220 505304737 0  
  1627018221 505304737 0  
  1627018222 505304737 0  
  1627018223 505304737 0  
  1627018224 505304737 0  
  1627018225 505304737 0  
  1627018226 505304737 0  
  1627018227 505304737 0  
  1627018228 505304737 0  
  1627018229 505304737 0  
  1627018230 505304737 0  
  1627018231 505304737 0  
  1627018232 505304737 0  
  1627018233 505304737 0  
  1627018234 505304737 0  
  1627018235 505304737 0  
  1627018236 505304737 0  
  1627018237 505305094 0  
  1627018238 505305094 0  
  1627018239 505305094 0  
  1627018240 505305094 0  
  1627018241 505305094 0  
  1627018242 505306971 0  
  1627018243 505309727 0  
  1627018244 505309727 0  
  1627018245 505315068 0  
  1627018246 505315068 0  
  1627018247 505315776 0  
  1627018248 505315776 0  
  1627018249 505315776 0  
  1627018250 505315776 0  
  1627018252 505320553 0  
  1627018253 505325042 0  
  1627018254 505326458 0  
  1627018255 505326458 0  
  1627018256 505326458 0  
  1627018257 505326458 0  
  1627018258 505326458 0  
  1627018259 505326458 0  
  1627018260 505326458 0  
  1627018261 505326458 0  
  1627018262 505326458 0  
  1627018263 505326458 0  
  1627018264 505326458 0  
  1627018265 505330767 0  
  1627018266 505331175 0  
  1627018267 505331243 0  
 