 1627025145 496315463 0  
  1627025146 496315463 0  
  1627025147 496315463 0  
  1627025148 496320028 0  
  1627025149 496324729 0  
  1627025150 496325437 0  
  1627025151 496326145 0  
  1627025152 496326145 0  
  1627025153 496326145 0  
  1627025154 496326145 0  
  1627025155 496326145 0  
  1627025156 496326145 0  
  1627025157 496326145 0  
  1627025158 496326145 0  
  1627025159 496326145 0  
  1627025160 496326145 0  
  1627025161 496326145 0  
  1627025162 496326145 0  
  1627025163 496326145 0  
  1627025164 496326145 0  
  1627025165 496326145 0  
  1627025166 496326145 0  
  1627025167 496326145 0  
  1627025168 496326145 0  
  1627025169 496326145 0  
  1627025170 496326145 0  
  1627025171 496326145 0  
  1627025172 496326145 0  
  1627025173 496326145 0  
  1627025174 496326145 0  
  1627025175 496326145 0  
  1627025177 496326145 0  
  1627025178 496326145 0  
  1627025179 496326145 0  
  1627025180 496326145 0  
  1627025181 496326145 0  
  1627025182 496326145 0  
  1627025183 496326145 0  
  1627025184 496326145 0  
  1627025185 496326145 0  
  1627025186 496326145 0  
  1627025187 496326145 0  
  1627025188 496326145 0  
  1627025189 496326145 0  
  1627025190 496326145 0  
  1627025191 496326145 0  
  1627025192 496326145 0  
  1627025193 496326145 0  
  1627025194 496326145 0  
  1627025195 496326145 0  
  1627025196 496326145 0  
  1627025197 496326145 0  
  1627025198 496326145 0  
  1627025199 496326145 0  
  1627025200 496326145 0  
  1627025201 496326145 0  
  1627025202 496326145 0  
  1627025203 496326145 0  
  1627025204 496326145 0  
  1627025205 496326145 0  
  1627025206 496326145 0  
  1627025207 496326145 0  
  1627025208 496326145 0  
  1627025209 496326145 0  
  1627025210 496326145 0  
  1627025211 496326145 0  
  1627025212 496326145 0  
  1627025213 496326145 0  
  1627025214 496326145 0  
  1627025216 496326145 0  
  1627025217 496326145 0  
  1627025218 496326145 0  
  1627025219 496326145 0  
  1627025220 496326145 0  
  1627025221 496326145 0  
  1627025222 496326145 0  
  1627025223 496326145 0  
  1627025224 496326145 0  
  1627025225 496326145 0  
  1627025226 496326145 0  
  1627025227 496326145 0  
  1627025228 496326145 0  
  1627025229 496326145 0  
  1627025230 496326145 0  
  1627025231 496326145 0  
  1627025232 496326145 0  
  1627025233 496326145 0  
  1627025234 496326145 0  
  1627025235 496326145 0  
  1627025236 496326145 0  
  1627025237 496326145 0  
  1627025238 496326145 0  
  1627025239 496326145 0  
  1627025240 496326145 0  
  1627025241 496326145 0  
  1627025242 496326145 0  
  1627025243 496326145 0  
  1627025244 496326145 0  
  1627025245 496326145 0  
  1627025246 496326145 0  
  1627025247 496326145 0  
  1627025248 496326145 0  
  1627025249 496326145 0  
  1627025250 496326145 0  
  1627025251 496326145 0  
  1627025252 496326145 0  
  1627025253 496326145 0  
  1627025254 496326145 0  
  1627025255 496326145 0  
  1627025257 496326145 0  
  1627025258 496326145 0  
  1627025259 496326145 0  
  1627025260 496326145 0  
  1627025261 496326145 0  
  1627025262 496326145 0  
  1627025263 496326145 0  
  1627025264 496326145 0  
  1627025265 496326145 0  
  1627025266 496326145 0  
  1627025267 496326145 0  
  1627025268 496326145 0  
  1627025269 496326145 0  
  1627025270 496326145 0  
  1627025271 496326741 0  
  1627025272 496326741 0  
  1627025273 496326741 0  
  1627025274 496326741 0  
  1627025275 496326741 0  
  1627025276 496326741 0  
  1627025277 496326741 0  
  1627025278 496326741 0  
  1627025279 496326741 0  
  1627025280 496326741 0  
  1627025281 496326741 0  
  1627025282 496326741 0  
  1627025283 496326741 0  
  1627025284 496326741 0  
  1627025285 496326741 0  
  1627025286 496326741 0  
  1627025287 496326741 0  
  1627025288 496326741 0  
  1627025289 496326741 0  
  1627025290 496326741 0  
  1627025291 496326741 0  
  1627025292 496326741 0  
  1627025293 496326741 0  
  1627025294 496326741 0  
  1627025295 496326741 0  
  1627025297 496326741 0  
  1627025298 496326741 0  
  1627025299 496326741 0  
  1627025300 496326741 0  
  1627025301 496326741 0  
  1627025302 496326741 0  
  1627025303 496326741 0  
  1627025304 496326741 0  
  1627025305 496326741 0  
  1627025306 496326741 0  
  1627025307 496326741 0  
  1627025308 496326741 0  
  1627025309 496326741 0  
  1627025310 496326741 0  
  1627025311 496326741 0  
  1627025312 496326741 0  
  1627025313 496326741 0  
  1627025314 496331050 0  
  1627025315 496331374 0  
  1627025316 496332014 0  
  1627025317 496332014 0  
  1627025318 496332014 0  
  1627025319 496332014 0  
  1627025320 496332014 0  
  1627025321 496332014 0  
  1627025322 496332014 0  
  1627025323 496332014 0  
  1627025324 496332014 0  
  1627025325 496332014 0  
  1627025326 496332014 0  
  1627025327 496332014 0  
  1627025328 496332014 0  
  1627025329 496332014 0  
  1627025330 496332014 0  
  1627025331 496332014 0  
  1627025332 496332014 0  
  1627025333 496332014 0  
  1627025334 496332014 0  
  1627025335 496332014 0  
  1627025337 496332014 0  
  1627025338 496332014 0  
  1627025339 496332014 0  
  1627025340 496332014 0  
  1627025341 496332014 0  
  1627025342 496332014 0  
  1627025343 496332014 0  
  1627025344 496332014 0  
  1627025345 496332014 0  
  1627025346 496332014 0  
  1627025347 496332014 0  
  1627025348 496332014 0  
  1627025349 496332014 0  
  1627025350 496332014 0  
  1627025351 496332014 0  
  1627025352 496332014 0  
  1627025353 496332014 0  
  1627025354 496332014 0  
  1627025355 496332014 0  
  1627025356 496332014 0  
  1627025357 496332014 0  
  1627025358 496332014 0  
  1627025359 496332014 0  
  1627025360 496332014 0  
  1627025361 496332014 0  
  1627025362 496332014 0  
  1627025363 496332014 0  
  1627025364 496332014 0  
  1627025365 496332014 0  
  1627025366 496332014 0  
  1627025367 496332014 0  
  1627025368 496332014 0  
  1627025369 496332014 0  
  1627025370 496332014 0  
  1627025371 496332014 0  
  1627025372 496332014 0  
  1627025373 496332014 0  
  1627025374 496332014 0  
  1627025375 496332014 0  
  1627025377 496332014 0  
  1627025378 496332014 0  
  1627025379 496332014 0  
  1627025380 496332014 0  
  1627025381 496332014 0  
  1627025382 496332014 0  
  1627025383 496332014 0  
  1627025384 496332014 0  
  1627025385 496332014 0  
  1627025386 496332014 0  
  1627025387 496332014 0  
  1627025388 496332014 0  
  1627025389 496332014 0  
  1627025390 496332014 0  
  1627025391 496332014 0  
  1627025392 496332014 0  
  1627025393 496332014 0  
  1627025394 496332014 0  
  1627025395 496332014 0  
  1627025396 496332014 0  
  1627025397 496332014 0  
  1627025398 496332014 0  
  1627025399 496332014 0  
  1627025400 496332014 0  
  1627025401 496332014 0  
  1627025402 496332014 0  
  1627025403 496332014 0  
  1627025404 496332014 0  
  1627025405 496332014 0  
  1627025406 496332014 0  
  1627025407 496332014 0  
  1627025408 496332014 0  
  1627025409 496332014 0  
  1627025410 496332014 0  
  1627025411 496332014 0  
  1627025412 496332014 0  
  1627025413 496332014 0  
  1627025414 496332014 0  
  1627025415 496332014 0  
  1627025416 496332014 0  
  1627025418 496332014 0  
  1627025419 496332014 0  
  1627025420 496332014 0  
  1627025421 496332014 0  
  1627025422 496332014 0  
  1627025423 496332014 0  
  1627025424 496332014 0  
  1627025425 496332014 0  
  1627025426 496332014 0  
  1627025427 496332014 0  
  1627025428 496332014 0  
  1627025429 496332014 0  
  1627025430 496332014 0  
  1627025431 496332371 0  
  1627025432 496332371 0  
  1627025433 496332371 0  
  1627025434 496332371 0  
  1627025435 496332371 0  
  1627025436 496332371 0  
  1627025437 496332371 0  
  1627025438 496336680 0  
  1627025439 496337004 0  
  1627025440 496337712 0  
  1627025441 496337712 0  
  1627025442 496342345 0  
  1627025443 496342345 0  
  1627025444 496342985 0  
  1627025445 496342985 0  
  1627025446 496342985 0  
  1627025447 496342985 0  
  1627025448 496347618 0  
  1627025449 496352251 0  
  1627025450 496353667 0  
  1627025451 496353667 0  
  1627025452 496353667 0  
  1627025453 496353667 0  
  1627025454 496353667 0  
  1627025455 496353667 0  
  1627025457 496353667 0  
  1627025458 496353667 0  
  1627025459 496353667 0  
  1627025460 496353667 0  
  1627025461 496353667 0  
  1627025462 496353667 0  
  1627025463 496353667 0  
  1627025464 496353667 0  
  1627025465 496358520 0  
  1627025466 496358520 0  
  1627025467 496359024 0  
 