 1627436643 565999361 0  
  1627436644 565999361 0  
  1627436645 565999361 0  
  1627436646 565999361 0  
  1627436647 565999361 0  
  1627436648 565999361 0  
  1627436649 565999361 0  
  1627436650 565999361 0  
  1627436651 565999361 0  
  1627436652 565999361 0  
  1627436653 565999361 0  
  1627436654 565999361 0  
  1627436655 565999361 0  
  1627436656 565999361 0  
  1627436657 565999361 0  
  1627436658 565999361 0  
  1627436659 565999361 0  
  1627436660 565999361 0  
  1627436661 565999361 0  
  1627436662 565999361 0  
  1627436663 565999361 0  
  1627436664 565999361 0  
  1627436665 565999361 0  
  1627436666 565999361 0  
  1627436667 565999361 0  
  1627436668 565999361 0  
  1627436669 565999361 0  
  1627436670 565999361 0  
  1627436672 565999361 0  
  1627436673 565999361 0  
  1627436674 565999361 0  
  1627436675 565999361 0  
  1627436676 565999361 0  
  1627436677 565999361 0  
  1627436678 565999361 0  
  1627436679 565999361 0  
  1627436680 565999361 0  
  1627436681 565999361 0  
  1627436682 565999361 0  
  1627436683 565999361 0  
  1627436684 565999361 0  
  1627436685 565999361 0  
  1627436686 565999361 0  
  1627436687 565999361 0  
  1627436688 565999361 0  
  1627436689 565999361 0  
  1627436690 565999361 0  
  1627436691 565999361 0  
  1627436692 565999361 0  
  1627436693 565999361 0  
  1627436694 565999361 0  
  1627436695 565999361 0  
  1627436696 565999361 0  
  1627436697 565999361 0  
  1627436698 565999361 0  
  1627436699 565999361 0  
  1627436700 565999361 0  
  1627436701 565999361 0  
  1627436702 565999361 0  
  1627436703 565999361 0  
  1627436704 565999361 0  
  1627436705 565999361 0  
  1627436706 565999361 0  
  1627436707 565999361 0  
  1627436708 565999361 0  
  1627436709 565999361 0  
  1627436710 565999361 0  
  1627436712 565999361 0  
  1627436713 565999361 0  
  1627436714 565999361 0  
  1627436715 565999361 0  
  1627436716 565999361 0  
  1627436717 565999361 0  
  1627436718 565999361 0  
  1627436719 565999361 0  
  1627436720 565999361 0  
  1627436721 565999361 0  
  1627436722 565999361 0  
  1627436723 565999361 0  
  1627436724 565999361 0  
  1627436725 565999361 0  
  1627436726 565999361 0  
  1627436727 565999361 0  
  1627436728 565999361 0  
  1627436729 565999361 0  
  1627436730 565999361 0  
  1627436731 565999361 0  
  1627436732 565999361 0  
  1627436733 565999361 0  
  1627436734 565999361 0  
  1627436735 565999361 0  
  1627436736 565999361 0  
  1627436737 565999361 0  
  1627436738 565999361 0  
  1627436739 565999361 0  
  1627436740 566091090 0  
  1627436741 566237447 0  
  1627436742 566237447 0  
  1627436743 566237566 0  
  1627436744 566237566 0  
  1627436745 566237566 0  
  1627436746 566237566 0  
  1627436747 566237566 0  
  1627436748 566237566 0  
  1627436749 566237566 0  
  1627436750 566237566 0  
  1627436752 566237566 0  
  1627436753 566237566 0  
  1627436754 566237566 0  
  1627436755 566237566 0  
  1627436756 566237566 0  
  1627436757 566237566 0  
  1627436758 566237566 0  
  1627436759 566237566 0  
  1627436760 566237566 0  
  1627436761 566237566 0  
  1627436762 566237566 0  
  1627436763 566237566 0  
  1627436764 566237566 0  
  1627436765 566237566 0  
  1627436766 566237566 0  
  1627436767 566237566 0  
  1627436768 566237566 0  
  1627436769 566237566 0  
  1627436770 566237566 0  
  1627436771 566237566 0  
  1627436772 566237566 0  
  1627436773 566237566 0  
  1627436774 566237566 0  
  1627436775 566237566 0  
  1627436776 566237566 0  
  1627436777 566237566 0  
  1627436778 566237566 0  
  1627436779 566239161 0  
  1627436780 566239161 0  
  1627436781 566239161 0  
  1627436782 566239161 0  
  1627436783 566239161 0  
  1627436784 566239161 0  
  1627436785 566239161 0  
  1627436786 566239161 0  
  1627436787 566239161 0  
  1627436788 566239161 0  
  1627436789 566239161 0  
  1627436790 566239161 0  
  1627436792 566239161 0  
  1627436793 566239161 0  
  1627436794 566239161 0  
  1627436795 566239161 0  
  1627436796 566239161 0  
  1627436797 566239161 0  
  1627436798 566239161 0  
  1627436799 566239161 0  
  1627436800 566239161 0  
  1627436801 566239161 0  
  1627436802 566239161 0  
  1627436803 566239161 0  
  1627436804 566239161 0  
  1627436805 566239161 0  
  1627436806 566239161 0  
  1627436807 566239161 0  
  1627436808 566239161 0  
  1627436809 566239161 0  
  1627436810 566239161 0  
  1627436811 566239161 0  
  1627436812 566239161 0  
  1627436813 566239161 0  
  1627436814 566239161 0  
  1627436815 566239161 0  
  1627436816 566239161 0  
  1627436817 566239161 0  
  1627436818 566239161 0  
  1627436819 566239161 0  
  1627436820 566239161 0  
  1627436821 566239161 0  
  1627436822 566239161 0  
  1627436823 566239161 0  
  1627436824 566239161 0  
  1627436825 566239161 0  
  1627436826 566239161 0  
  1627436827 566239161 0  
  1627436828 566243470 0  
  1627436829 566243794 0  
  1627436830 566244502 0  
  1627436832 566244502 0  
  1627436833 566244502 0  
  1627436834 566244502 0  
  1627436835 566244502 0  
  1627436836 566244502 0  
  1627436837 566244502 0  
  1627436838 566244502 0  
  1627436839 566244502 0  
  1627436840 566244502 0  
  1627436841 566244502 0  
  1627436842 566244502 0  
  1627436843 566244502 0  
  1627436844 566244502 0  
  1627436845 566244502 0  
  1627436846 566244502 0  
  1627436847 566244578 0  
  1627436848 566244578 0  
  1627436849 566244578 0  
  1627436850 566244578 0  
  1627436851 566244578 0  
  1627436852 566244578 0  
  1627436853 566244578 0  
  1627436854 566244578 0  
  1627436855 566244578 0  
  1627436856 566249211 0  
  1627436857 566249211 0  
  1627436858 566249919 0  
  1627436859 566249919 0  
  1627436860 566249919 0  
  1627436861 566249919 0  
  1627436862 566249919 0  
  1627436863 566249919 0  
  1627436864 566249919 0  
  1627436865 566249919 0  
  1627436866 566249919 0  
  1627436867 566249919 0  
  1627436868 566249919 0  
  1627436869 566249919 0  
  1627436870 566249919 0  
  1627436872 566249919 0  
  1627436873 566249919 0  
  1627436874 566249919 0  
  1627436875 566249919 0  
  1627436876 566249919 0  
  1627436877 566249919 0  
  1627436878 566249919 0  
  1627436879 566249919 0  
  1627436880 566249919 0  
  1627436881 566249919 0  
  1627436882 566249919 0  
  1627436883 566249919 0  
  1627436884 566249919 0  
  1627436885 566249919 0  
  1627436886 566249919 0  
  1627436887 566249919 0  
  1627436888 566249919 0  
  1627436889 566249919 0  
  1627436890 566249919 0  
  1627436891 566249919 0  
  1627436892 566249919 0  
  1627436893 566249919 0  
  1627436894 566249919 0  
  1627436895 566249919 0  
  1627436896 566249919 0  
  1627436897 566249919 0  
  1627436898 566249919 0  
  1627436899 566258537 0  
  1627436900 566259185 0  
  1627436901 566260601 0  
  1627436902 566260601 0  
  1627436903 566260601 0  
  1627436904 566260601 0  
  1627436905 566260601 0  
  1627436906 566260601 0  
  1627436907 566260601 0  
  1627436908 566260601 0  
  1627436909 566260601 0  
  1627436911 566260601 0  
  1627436912 566260601 0  
  1627436913 566260601 0  
  1627436914 566260601 0  
  1627436915 566260601 0  
  1627436916 566260601 0  
  1627436917 566260601 0  
  1627436918 566260601 0  
  1627436919 566260601 0  
  1627436920 566260601 0  
  1627436921 566260601 0  
  1627436922 566260601 0  
  1627436923 566260601 0  
  1627436924 566260601 0  
  1627436925 566260601 0  
  1627436926 566260601 0  
  1627436927 566260601 0  
  1627436928 566260601 0  
  1627436929 566260601 0  
  1627436930 566260601 0  
  1627436931 566260601 0  
  1627436932 566260601 0  
  1627436933 566260601 0  
  1627436934 566260601 0  
  1627436935 566260601 0  
  1627436936 566260601 0  
  1627436937 566260601 0  
  1627436938 566264910 0  
  1627436939 566265234 0  
  1627436940 566265942 0  
  1627436941 566265942 0  
  1627436942 566265942 0  
  1627436943 566265942 0  
  1627436944 566265942 0  
  1627436945 566265942 0  
  1627436946 566265942 0  
  1627436947 566265942 0  
  1627436948 566265942 0  
  1627436949 566265942 0  
  1627436951 566265942 0  
  1627436952 566265942 0  
  1627436953 566265942 0  
  1627436954 566265942 0  
  1627436955 566265942 0  
  1627436956 566265942 0  
  1627436957 566265942 0  
  1627436958 566265942 0  
  1627436959 566265942 0  
  1627436960 566265942 0  
  1627436961 566265942 0  
  1627436962 566265942 0  
  1627436963 566265942 0  
  1627436964 566265942 0  
  1627436965 566265942 0  
  1627436966 566265942 0  
  1627436967 566265942 0  
  1627436968 566265942 0  
  1627436969 566265942 0  
  1627436970 566265942 0  
 