 1627014345 504116760 0  
  1627014346 504121393 0  
  1627014347 504122101 0  
  1627014348 504122673 0  
  1627014349 504122673 0  
  1627014350 504122673 0  
  1627014351 504126982 0  
  1627014352 504131939 0  
  1627014353 504132647 0  
  1627014354 504133219 0  
  1627014355 504133219 0  
  1627014356 504133219 0  
  1627014357 504133219 0  
  1627014358 504133219 0  
  1627014359 504133219 0  
  1627014360 504133219 0  
  1627014361 504133219 0  
  1627014362 504133219 0  
  1627014363 504133219 0  
  1627014364 504133219 0  
  1627014365 504133219 0  
  1627014366 504133219 0  
  1627014367 504133219 0  
  1627014368 504133219 0  
  1627014369 504133219 0  
  1627014370 504133219 0  
  1627014371 504133219 0  
  1627014372 504133219 0  
  1627014373 504133219 0  
  1627014374 504133219 0  
  1627014375 504133557 0  
  1627014376 504133557 0  
  1627014377 504133557 0  
  1627014379 504133557 0  
  1627014380 504133557 0  
  1627014381 504133557 0  
  1627014382 504133557 0  
  1627014383 504133557 0  
  1627014384 504133557 0  
  1627014385 504133557 0  
  1627014386 504133557 0  
  1627014387 504133557 0  
  1627014388 504133557 0  
  1627014389 504133557 0  
  1627014390 504133557 0  
  1627014391 504133557 0  
  1627014392 504133557 0  
  1627014393 504133557 0  
  1627014394 504133557 0  
  1627014395 504133557 0  
  1627014396 504133557 0  
  1627014397 504133557 0  
  1627014398 504133557 0  
  1627014399 504133557 0  
  1627014400 504133557 0  
  1627014401 504133557 0  
  1627014402 504133557 0  
  1627014403 504133557 0  
  1627014404 504133557 0  
  1627014405 504133557 0  
  1627014406 504133557 0  
  1627014407 504133557 0  
  1627014408 504133557 0  
  1627014409 504133557 0  
  1627014410 504133557 0  
  1627014411 504133557 0  
  1627014412 504133557 0  
  1627014413 504133557 0  
  1627014414 504133557 0  
  1627014415 504133557 0  
  1627014416 504133557 0  
  1627014418 504133557 0  
  1627014419 504133557 0  
  1627014420 504133557 0  
  1627014421 504133557 0  
  1627014422 504133557 0  
  1627014423 504133557 0  
  1627014424 504133557 0  
  1627014425 504133557 0  
  1627014426 504133557 0  
  1627014427 504133557 0  
  1627014428 504133557 0  
  1627014429 504133557 0  
  1627014430 504133557 0  
  1627014431 504133557 0  
  1627014432 504133557 0  
  1627014433 504133557 0  
  1627014434 504133557 0  
  1627014435 504133557 0  
  1627014436 504133557 0  
  1627014437 504133557 0  
  1627014438 504133557 0  
  1627014439 504133557 0  
  1627014440 504133557 0  
  1627014441 504133557 0  
  1627014442 504133557 0  
  1627014443 504133557 0  
  1627014444 504133557 0  
  1627014445 504133557 0  
  1627014446 504133557 0  
  1627014447 504133649 0  
  1627014448 504133649 0  
  1627014449 504133649 0  
  1627014450 504133649 0  
  1627014451 504133649 0  
  1627014452 504133649 0  
  1627014453 504133649 0  
  1627014454 504133649 0  
  1627014455 504133649 0  
  1627014457 504133649 0  
  1627014458 504133649 0  
  1627014459 504133649 0  
  1627014460 504133649 0  
  1627014461 504133649 0  
  1627014462 504133649 0  
  1627014463 504133649 0  
  1627014464 504133649 0  
  1627014465 504133649 0  
  1627014466 504133649 0  
  1627014467 504133649 0  
  1627014468 504133649 0  
  1627014469 504133649 0  
  1627014470 504133649 0  
  1627014471 504134245 0  
  1627014472 504134245 0  
  1627014473 504134245 0  
  1627014474 504134245 0  
  1627014475 504134245 0  
  1627014476 504134245 0  
  1627014477 504134245 0  
  1627014478 504134245 0  
  1627014479 504134245 0  
  1627014480 504134245 0  
  1627014481 504134245 0  
  1627014482 504134245 0  
  1627014483 504134245 0  
  1627014484 504134245 0  
  1627014485 504134245 0  
  1627014486 504134245 0  
  1627014487 504134245 0  
  1627014488 504134245 0  
  1627014489 504134245 0  
  1627014490 504134245 0  
  1627014491 504134245 0  
  1627014492 504134245 0  
  1627014493 504134245 0  
  1627014495 504134245 0  
  1627014496 504134245 0  
  1627014497 504134245 0  
  1627014498 504134245 0  
  1627014499 504134245 0  
  1627014500 504134245 0  
  1627014501 504134245 0  
  1627014502 504134245 0  
  1627014503 504134245 0  
  1627014504 504134245 0  
  1627014505 504134245 0  
  1627014506 504134245 0  
  1627014507 504134245 0  
  1627014508 504134245 0  
  1627014509 504134245 0  
  1627014510 504134245 0  
  1627014511 504134245 0  
  1627014512 504134245 0  
  1627014513 504134245 0  
  1627014514 504134245 0  
  1627014515 504134245 0  
  1627014516 504134245 0  
  1627014517 504134245 0  
  1627014518 504134245 0  
  1627014519 504138554 0  
  1627014520 504138878 0  
  1627014521 504139586 0  
  1627014522 504139586 0  
  1627014523 504139586 0  
  1627014524 504139586 0  
  1627014525 504139586 0  
  1627014526 504139586 0  
  1627014527 504139586 0  
  1627014528 504139586 0  
  1627014529 504139586 0  
  1627014530 504139586 0  
  1627014531 504139586 0  
  1627014532 504139586 0  
  1627014534 504139586 0  
  1627014535 504139586 0  
  1627014536 504139586 0  
  1627014537 504139586 0  
  1627014538 504139586 0  
  1627014539 504139924 0  
  1627014540 504139924 0  
  1627014541 504139924 0  
  1627014542 504139924 0  
  1627014543 504139924 0  
  1627014544 504139924 0  
  1627014545 504139924 0  
  1627014546 504139924 0  
  1627014547 504139924 0  
  1627014548 504139924 0  
  1627014549 504139924 0  
  1627014550 504139924 0  
  1627014551 504139924 0  
  1627014552 504139924 0  
  1627014553 504139924 0  
  1627014554 504139924 0  
  1627014555 504139924 0  
  1627014556 504139924 0  
  1627014557 504139924 0  
  1627014558 504139924 0  
  1627014559 504139924 0  
  1627014560 504139924 0  
  1627014561 504139924 0  
  1627014562 504139924 0  
  1627014563 504139924 0  
  1627014564 504139924 0  
  1627014565 504139924 0  
  1627014566 504139924 0  
  1627014567 504139924 0  
  1627014568 504139924 0  
  1627014569 504139924 0  
  1627014570 504139924 0  
  1627014571 504139924 0  
  1627014573 504139924 0  
  1627014574 504139924 0  
  1627014575 504139924 0  
  1627014576 504140016 0  
  1627014577 504140016 0  
  1627014578 504140016 0  
  1627014579 504140016 0  
  1627014580 504140016 0  
  1627014581 504140016 0  
  1627014582 504140016 0  
  1627014583 504140016 0  
  1627014584 504140016 0  
  1627014585 504140016 0  
  1627014586 504140016 0  
  1627014587 504140016 0  
  1627014588 504140016 0  
  1627014589 504140016 0  
  1627014590 504140016 0  
  1627014591 504140016 0  
  1627014592 504140016 0  
  1627014593 504140016 0  
  1627014594 504140016 0  
  1627014595 504140016 0  
  1627014596 504140016 0  
  1627014597 504140016 0  
  1627014598 504140016 0  
  1627014599 504140016 0  
  1627014600 504140016 0  
  1627014601 504140016 0  
  1627014602 504140108 0  
  1627014603 504140108 0  
  1627014604 504140108 0  
  1627014605 504140108 0  
  1627014606 504140108 0  
  1627014607 504140108 0  
  1627014608 504140108 0  
  1627014609 504140108 0  
  1627014610 504140108 0  
  1627014612 504140108 0  
  1627014613 504140108 0  
  1627014614 504140108 0  
  1627014615 504140108 0  
  1627014616 504140108 0  
  1627014617 504140108 0  
  1627014618 504140108 0  
  1627014619 504140108 0  
  1627014620 504140108 0  
  1627014621 504140108 0  
  1627014622 504140108 0  
  1627014623 504140108 0  
  1627014624 504140108 0  
  1627014625 504140108 0  
  1627014626 504140108 0  
  1627014627 504140108 0  
  1627014628 504140108 0  
  1627014629 504140108 0  
  1627014630 504140108 0  
  1627014631 504140108 0  
  1627014632 504140108 0  
  1627014633 504140108 0  
  1627014634 504140108 0  
  1627014635 504140108 0  
  1627014636 504140108 0  
  1627014637 504140465 0  
  1627014638 504140465 0  
  1627014639 504140465 0  
  1627014640 504140465 0  
  1627014641 504140465 0  
  1627014642 504140465 0  
  1627014643 504144774 0  
  1627014644 504145098 0  
  1627014645 504150439 0  
  1627014646 504150439 0  
  1627014647 504151147 0  
  1627014648 504151147 0  
  1627014649 504151147 0  
  1627014651 504151147 0  
  1627014652 504160413 0  
  1627014653 504160413 0  
  1627014654 504161829 0  
  1627014655 504161829 0  
  1627014656 504161829 0  
  1627014657 504161829 0  
  1627014658 504161829 0  
  1627014659 504161829 0  
  1627014660 504161829 0  
  1627014661 504161829 0  
  1627014662 504161829 0  
  1627014663 504161829 0  
  1627014664 504161829 0  
  1627014665 504166138 0  
  1627014666 504166546 0  
  1627014667 504166546 0  
 