 1626724513 455457615 0  
  1626724514 455457615 0  
  1626724515 455457615 0  
  1626724517 455457615 0  
  1626724518 455462180 0  
  1626724519 455466881 0  
  1626724520 455467733 0  
  1626724521 455472930 0  
  1626724522 455473638 0  
  1626724523 455473638 0  
  1626724524 455473638 0  
  1626724525 455473638 0  
  1626724526 455473638 0  
  1626724527 455473638 0  
  1626724528 455473638 0  
  1626724529 455473638 0  
  1626724530 455473638 0  
  1626724531 455473638 0  
  1626724532 455473638 0  
  1626724533 455473638 0  
  1626724534 455473638 0  
  1626724535 455473638 0  
  1626724536 455473638 0  
  1626724537 455473995 0  
  1626724538 455473995 0  
  1626724539 455473995 0  
  1626724540 455473995 0  
  1626724541 455473995 0  
  1626724542 455473995 0  
  1626724543 455473995 0  
  1626724544 455473995 0  
  1626724545 455473995 0  
  1626724546 455473995 0  
  1626724547 455474087 0  
  1626724548 455474087 0  
  1626724549 455474087 0  
  1626724550 455474087 0  
  1626724551 455474087 0  
  1626724552 455474087 0  
  1626724553 455474087 0  
  1626724554 455474087 0  
  1626724556 455474087 0  
  1626724557 455474087 0  
  1626724558 455474087 0  
  1626724559 455474087 0  
  1626724560 455474087 0  
  1626724561 455474087 0  
  1626724562 455474087 0  
  1626724563 455474087 0  
  1626724564 455474087 0  
  1626724565 455474087 0  
  1626724566 455474087 0  
  1626724567 455474087 0  
  1626724568 455474087 0  
  1626724569 455474087 0  
  1626724570 455474087 0  
  1626724571 455474087 0  
  1626724572 455474087 0  
  1626724573 455474087 0  
  1626724574 455474087 0  
  1626724575 455474087 0  
  1626724576 455474087 0  
  1626724577 455474087 0  
  1626724578 455474087 0  
  1626724579 455474087 0  
  1626724580 455474087 0  
  1626724581 455474087 0  
  1626724582 455474087 0  
  1626724583 455474087 0  
  1626724584 455474087 0  
  1626724585 455474087 0  
  1626724586 455474087 0  
  1626724587 455474087 0  
  1626724588 455474087 0  
  1626724589 455474087 0  
  1626724590 455474087 0  
  1626724591 455474087 0  
  1626724592 455474087 0  
  1626724593 455474087 0  
  1626724594 455474087 0  
  1626724596 455474087 0  
  1626724597 455474087 0  
  1626724598 455474087 0  
  1626724599 455474087 0  
  1626724600 455474087 0  
  1626724601 455474087 0  
  1626724602 455474087 0  
  1626724603 455474179 0  
  1626724604 455474179 0  
  1626724605 455474179 0  
  1626724606 455474179 0  
  1626724607 455474179 0  
  1626724608 455474179 0  
  1626724609 455474179 0  
  1626724610 455474179 0  
  1626724611 455474179 0  
  1626724612 455474179 0  
  1626724613 455474179 0  
  1626724614 455474179 0  
  1626724615 455474179 0  
  1626724616 455474179 0  
  1626724617 455474179 0  
  1626724618 455474179 0  
  1626724619 455474179 0  
  1626724620 455474179 0  
  1626724621 455474179 0  
  1626724622 455474179 0  
  1626724623 455474179 0  
  1626724624 455474179 0  
  1626724625 455474179 0  
  1626724626 455474179 0  
  1626724627 455474179 0  
  1626724628 455474179 0  
  1626724629 455474179 0  
  1626724630 455474179 0  
  1626724631 455474179 0  
  1626724632 455474179 0  
  1626724633 455474179 0  
  1626724635 455474179 0  
  1626724636 455474179 0  
  1626724637 455474179 0  
  1626724638 455474179 0  
  1626724639 455474179 0  
  1626724640 455474179 0  
  1626724641 455474179 0  
  1626724642 455474179 0  
  1626724643 455474179 0  
  1626724644 455474179 0  
  1626724645 455474179 0  
  1626724646 455474179 0  
  1626724647 455474179 0  
  1626724648 455474179 0  
  1626724649 455474179 0  
  1626724650 455474179 0  
  1626724651 455474179 0  
  1626724652 455474179 0  
  1626724653 455474179 0  
  1626724654 455474179 0  
  1626724655 455474247 0  
  1626724656 455474247 0  
  1626724657 455474247 0  
  1626724658 455474247 0  
  1626724659 455474247 0  
  1626724660 455474247 0  
  1626724661 455475403 0  
  1626724662 455475403 0  
  1626724663 455476998 0  
  1626724664 455476998 0  
  1626724665 455476998 0  
  1626724666 455476998 0  
  1626724667 455481307 0  
  1626724668 455481631 0  
  1626724669 455481631 0  
  1626724670 455482339 0  
  1626724671 455482339 0  
  1626724672 455482339 0  
  1626724673 455482395 0  
  1626724675 455482395 0  
  1626724676 455482395 0  
  1626724677 455482395 0  
  1626724678 455482487 0  
  1626724679 455482487 0  
  1626724680 455482487 0  
  1626724681 455482487 0  
  1626724682 455482487 0  
  1626724683 455482487 0  
  1626724684 455482487 0  
  1626724685 455482487 0  
  1626724686 455482487 0  
  1626724687 455482487 0  
  1626724688 455482487 0  
  1626724689 455482487 0  
  1626724690 455482487 0  
  1626724691 455482487 0  
  1626724692 455482487 0  
  1626724693 455482487 0  
  1626724694 455482487 0  
  1626724695 455482487 0  
  1626724696 455482487 0  
  1626724697 455482487 0  
  1626724698 455482487 0  
  1626724699 455482487 0  
  1626724700 455482487 0  
  1626724701 455482487 0  
  1626724702 455482487 0  
  1626724703 455482487 0  
  1626724704 455482487 0  
  1626724705 455482487 0  
  1626724706 455482487 0  
  1626724707 455482487 0  
  1626724708 455482487 0  
  1626724709 455482487 0  
  1626724710 455482487 0  
  1626724711 455482487 0  
  1626724712 455482487 0  
  1626724713 455482487 0  
  1626724715 455482487 0  
  1626724716 455482487 0  
  1626724717 455482487 0  
  1626724718 455482487 0  
  1626724719 455482487 0  
  1626724720 455482487 0  
  1626724721 455482487 0  
  1626724722 455482487 0  
  1626724723 455482487 0  
  1626724724 455482487 0  
  1626724725 455482487 0  
  1626724726 455482487 0  
  1626724727 455482487 0  
  1626724728 455482487 0  
  1626724729 455482487 0  
  1626724730 455482487 0  
  1626724731 455482487 0  
  1626724732 455482487 0  
  1626724733 455482487 0  
  1626724734 455482487 0  
  1626724735 455482487 0  
  1626724736 455482487 0  
  1626724737 455482487 0  
  1626724738 455482487 0  
  1626724739 455482487 0  
  1626724740 455482487 0  
  1626724741 455482487 0  
  1626724742 455482487 0  
  1626724743 455482487 0  
  1626724744 455482487 0  
  1626724745 455482487 0  
  1626724746 455482487 0  
  1626724747 455482487 0  
  1626724748 455482487 0  
  1626724749 455482487 0  
  1626724750 455482487 0  
  1626724751 455482487 0  
  1626724752 455482487 0  
  1626724753 455482487 0  
  1626724755 455482487 0  
  1626724756 455482487 0  
  1626724757 455482487 0  
  1626724758 455482487 0  
  1626724759 455482487 0  
  1626724760 455482487 0  
  1626724761 455482487 0  
  1626724762 455482487 0  
  1626724763 455482487 0  
  1626724764 455482487 0  
  1626724765 455482487 0  
  1626724766 455482487 0  
  1626724767 455482487 0  
  1626724768 455482487 0  
  1626724769 455482487 0  
  1626724770 455482487 0  
  1626724771 455482487 0  
  1626724772 455482487 0  
  1626724773 455482487 0  
  1626724774 455482487 0  
  1626724775 455482487 0  
  1626724776 455482487 0  
  1626724777 455482487 0  
  1626724778 455482487 0  
  1626724779 455482487 0  
  1626724780 455482487 0  
  1626724781 455482487 0  
  1626724782 455482487 0  
  1626724783 455482487 0  
  1626724784 455482487 0  
  1626724785 455482487 0  
  1626724786 455482487 0  
  1626724787 455482487 0  
  1626724788 455482487 0  
  1626724789 455482487 0  
  1626724790 455482487 0  
  1626724791 455482487 0  
  1626724792 455482487 0  
  1626724794 455482487 0  
  1626724795 455482487 0  
  1626724796 455482487 0  
  1626724797 455482487 0  
  1626724798 455482487 0  
  1626724799 455482487 0  
  1626724800 455482487 0  
  1626724801 455482487 0  
  1626724802 455482487 0  
  1626724803 455482487 0  
  1626724804 455486796 0  
  1626724805 455487120 0  
  1626724806 455487120 0  
  1626724807 455487784 0  
  1626724808 455487784 0  
  1626724809 455487784 0  
  1626724810 455487784 0  
  1626724811 455487784 0  
  1626724812 455487784 0  
  1626724813 455487784 0  
  1626724814 455487784 0  
  1626724815 455487784 0  
  1626724816 455489661 0  
  1626724817 455492417 0  
  1626724818 455497050 0  
  1626724819 455497758 0  
  1626724820 455498466 0  
  1626724821 455503099 0  
  1626724822 455503099 0  
  1626724823 455503807 0  
  1626724824 455503807 0  
  1626724825 455503807 0  
  1626724826 455503807 0  
  1626724827 455503807 0  
  1626724828 455503807 0  
  1626724829 455503807 0  
  1626724830 455503807 0  
  1626724831 455503807 0  
  1626724832 455503807 0  
  1626724834 455503807 0  
  1626724835 455503807 0  
  1626724836 455503807 0  
  1626724837 455504164 0  
  1626724838 455504164 0  
  1626724839 455504164 0  
  1626724840 455504164 0  
  1626724841 455504164 0  
  1626724842 455504164 0  
  1626724843 455504164 0  
  1626724844 455504164 0  
  1626724845 455504164 0  
  1626724846 455504164 0  
  1626724847 455504164 0  
  1626724848 455504164 0  
  1626724849 455504164 0  
  1626724850 455504164 0  
  1626724851 455504164 0  
  1626724852 455504164 0  
  1626724853 455504164 0  
  1626724854 455504164 0  
  1626724855 455504164 0  
  1626724856 455504164 0  
 