 1626785805 461514919 0  
  1626785806 461515011 0  
  1626785807 461515011 0  
  1626785808 461515011 0  
  1626785809 461515011 0  
  1626785810 461515011 0  
  1626785811 461515011 0  
  1626785812 461515011 0  
  1626785813 461515011 0  
  1626785814 461515011 0  
  1626785815 461515103 0  
  1626785816 461515103 0  
  1626785817 461515103 0  
  1626785818 461515103 0  
  1626785819 461515103 0  
  1626785820 461515103 0  
  1626785821 461515103 0  
  1626785822 461515103 0  
  1626785823 461515103 0  
  1626785824 461515103 0  
  1626785825 461515103 0  
  1626785826 461515103 0  
  1626785827 461515103 0  
  1626785828 461515103 0  
  1626785829 461515103 0  
  1626785830 461515195 0  
  1626785831 461515195 0  
  1626785832 461515195 0  
  1626785834 461515195 0  
  1626785835 461515195 0  
  1626785836 461515195 0  
  1626785837 461515195 0  
  1626785838 461515195 0  
  1626785839 461515287 0  
  1626785840 461515287 0  
  1626785841 461515287 0  
  1626785842 461515287 0  
  1626785843 461515287 0  
  1626785844 461515287 0  
  1626785845 461515287 0  
  1626785846 461515287 0  
  1626785847 461515379 0  
  1626785848 461515379 0  
  1626785849 461515379 0  
  1626785850 461515379 0  
  1626785851 461515379 0  
  1626785852 461515379 0  
  1626785853 461515379 0  
  1626785854 461515379 0  
  1626785855 461515379 0  
  1626785856 461515379 0  
  1626785857 461515379 0  
  1626785858 461515379 0  
  1626785859 461515379 0  
  1626785860 461515379 0  
  1626785861 461515379 0  
  1626785862 461515379 0  
  1626785863 461515471 0  
  1626785864 461519780 0  
  1626785865 461520104 0  
  1626785866 461520104 0  
  1626785867 461520812 0  
  1626785868 461520812 0  
  1626785869 461520812 0  
  1626785870 461520904 0  
  1626785871 461520904 0  
  1626785872 461520904 0  
  1626785874 461520904 0  
  1626785875 461520904 0  
  1626785876 461520972 0  
  1626785877 461520972 0  
  1626785878 461520972 0  
  1626785879 461520972 0  
  1626785880 461521064 0  
  1626785881 461521064 0  
  1626785882 461522220 0  
  1626785883 461522220 0  
  1626785884 461522220 0  
  1626785885 461522220 0  
  1626785886 461522220 0  
  1626785887 461522220 0  
  1626785888 461522220 0  
  1626785889 461522220 0  
  1626785890 461522220 0  
  1626785891 461522220 0  
  1626785892 461522220 0  
  1626785893 461522220 0  
  1626785894 461522220 0  
  1626785895 461522312 0  
  1626785896 461522312 0  
  1626785897 461522312 0  
  1626785898 461522312 0  
  1626785899 461522312 0  
  1626785900 461522424 0  
  1626785901 461522424 0  
  1626785902 461522424 0  
  1626785903 461522516 0  
  1626785904 461522516 0  
  1626785905 461522516 0  
  1626785906 461522516 0  
  1626785907 461522516 0  
  1626785908 461522516 0  
  1626785909 461522516 0  
  1626785910 461522516 0  
  1626785911 461522516 0  
  1626785912 461522516 0  
  1626785914 461522516 0  
  1626785915 461522516 0  
  1626785916 461522516 0  
  1626785917 461522516 0  
  1626785918 461522516 0  
  1626785919 461522516 0  
  1626785920 461522516 0  
  1626785921 461522516 0  
  1626785922 461522516 0  
  1626785923 461522516 0  
  1626785924 461522516 0  
  1626785925 461522516 0  
  1626785926 461522516 0  
  1626785927 461522516 0  
  1626785928 461522608 0  
  1626785929 461522608 0  
  1626785930 461522608 0  
  1626785931 461522608 0  
  1626785932 461522608 0  
  1626785933 461522608 0  
  1626785934 461522608 0  
  1626785935 461522700 0  
  1626785936 461522700 0  
  1626785937 461522700 0  
  1626785938 461522700 0  
  1626785939 461522700 0  
  1626785940 461522700 0  
  1626785941 461522700 0  
  1626785942 461522700 0  
  1626785943 461522700 0  
  1626785944 461522700 0  
  1626785945 461522700 0  
  1626785946 461522700 0  
  1626785947 461522700 0  
  1626785948 461522700 0  
  1626785949 461522700 0  
  1626785950 461522700 0  
  1626785951 461522700 0  
  1626785952 461522700 0  
  1626785954 461522700 0  
  1626785955 461522700 0  
  1626785956 461522700 0  
  1626785957 461522700 0  
  1626785958 461522700 0  
  1626785959 461522700 0  
  1626785960 461522792 0  
  1626785961 461522792 0  
  1626785962 461522792 0  
  1626785963 461522792 0  
  1626785964 461522792 0  
  1626785965 461523388 0  
  1626785966 461523388 0  
  1626785967 461523388 0  
  1626785968 461523480 0  
  1626785969 461523480 0  
  1626785970 461523480 0  
  1626785971 461523480 0  
  1626785972 461523480 0  
  1626785973 461523480 0  
  1626785974 461523480 0  
  1626785975 461523480 0  
  1626785976 461523480 0  
  1626785977 461523480 0  
  1626785978 461523480 0  
  1626785979 461523480 0  
  1626785980 461523480 0  
  1626785981 461523480 0  
  1626785982 461523480 0  
  1626785983 461523480 0  
  1626785984 461523480 0  
  1626785985 461523480 0  
  1626785986 461523480 0  
  1626785987 461523480 0  
  1626785988 461523480 0  
  1626785989 461523480 0  
  1626785990 461523480 0  
  1626785991 461523480 0  
  1626785992 461523572 0  
  1626785994 461523572 0  
  1626785995 461523572 0  
  1626785996 461523572 0  
  1626785997 461523572 0  
  1626785998 461523572 0  
  1626785999 461523572 0  
  1626786000 461523664 0  
  1626786001 461527973 0  
  1626786002 461528297 0  
  1626786003 461528297 0  
  1626786004 461529005 0  
  1626786005 461529005 0  
  1626786006 461529005 0  
  1626786007 461529005 0  
  1626786008 461529005 0  
  1626786009 461529005 0  
  1626786010 461529005 0  
  1626786011 461529005 0  
  1626786012 461529005 0  
  1626786013 461529005 0  
  1626786014 461529005 0  
  1626786015 461533314 0  
  1626786016 461533638 0  
  1626786017 461534346 0  
  1626786018 461540940 0  
  1626786019 461543612 0  
  1626786020 461545028 0  
  1626786021 461545028 0  
  1626786022 461545028 0  
  1626786023 461545028 0  
  1626786024 461545028 0  
  1626786025 461545120 0  
  1626786026 461545120 0  
  1626786027 461545120 0  
  1626786028 461545120 0  
  1626786029 461545120 0  
  1626786030 461545120 0  
  1626786031 461545212 0  
  1626786033 461545212 0  
  1626786034 461545569 0  
  1626786035 461545569 0  
  1626786036 461545569 0  
  1626786037 461545569 0  
  1626786038 461545569 0  
  1626786039 461545569 0  
  1626786040 461545569 0  
  1626786041 461545569 0  
  1626786042 461545569 0  
  1626786043 461545569 0  
  1626786044 461545569 0  
  1626786045 461545569 0  
  1626786046 461545569 0  
  1626786047 461545569 0  
  1626786048 461545569 0  
  1626786049 461545569 0  
  1626786050 461545569 0  
  1626786051 461545569 0  
  1626786052 461545569 0  
  1626786053 461545569 0  
  1626786054 461545569 0  
  1626786055 461545569 0  
  1626786056 461545569 0  
  1626786057 461545661 0  
  1626786058 461545661 0  
  1626786059 461545661 0  
  1626786060 461545661 0  
  1626786061 461545661 0  
  1626786062 461545661 0  
  1626786063 461545661 0  
  1626786064 461545897 0  
  1626786065 461550470 0  
  1626786066 461550470 0  
  1626786067 461550974 0  
  1626786068 461550974 0  
  1626786069 461550974 0  
  1626786070 461550974 0  
  1626786072 461550974 0  
  1626786073 461550974 0  
  1626786074 461550974 0  
  1626786075 461550974 0  
  1626786076 461550974 0  
  1626786077 461550974 0  
  1626786078 461550974 0  
  1626786079 461550974 0  
  1626786080 461550974 0  
  1626786081 461550974 0  
  1626786082 461550974 0  
  1626786083 461550974 0  
  1626786084 461550974 0  
  1626786085 461550974 0  
  1626786086 461550974 0  
  1626786087 461550974 0  
  1626786088 461550974 0  
  1626786089 461550974 0  
  1626786090 461550974 0  
  1626786091 461550974 0  
  1626786092 461550974 0  
  1626786093 461550974 0  
  1626786094 461550974 0  
  1626786095 461550974 0  
  1626786096 461550974 0  
  1626786097 461550974 0  
  1626786098 461550974 0  
  1626786099 461550974 0  
  1626786100 461550974 0  
  1626786101 461550974 0  
  1626786102 461550974 0  
  1626786103 461550974 0  
  1626786104 461550974 0  
  1626786105 461550974 0  
  1626786106 461550974 0  
  1626786107 461550974 0  
  1626786108 461550974 0  
  1626786109 461550974 0  
  1626786111 461550974 0  
  1626786112 461550974 0  
  1626786113 461550974 0  
  1626786114 461550974 0  
  1626786115 461550974 0  
  1626786116 461550974 0  
  1626786117 461550974 0  
  1626786118 461550974 0  
  1626786119 461550974 0  
  1626786120 461550974 0  
  1626786121 461550974 0  
  1626786122 461551066 0  
  1626786123 461551066 0  
  1626786124 461551066 0  
  1626786125 461551066 0  
  1626786126 461551066 0  
  1626786127 461551066 0  
  1626786128 461551066 0  
  1626786129 461551158 0  
  1626786130 461551158 0  
  1626786131 461551158 0  
  1626786132 461551158 0  
  1626786133 461551158 0  
  1626786134 461551158 0  
  1626786135 461551158 0  
  1626786136 461551158 0  
  1626786137 461551158 0  
  1626786138 461551158 0  
  1626786139 461551158 0  
  1626786140 461551158 0  
  1626786141 461551158 0  
  1626786142 461551158 0  
  1626786143 461551158 0  
  1626786144 461551158 0  
  1626786145 461551158 0  
  1626786146 461551158 0  
  1626786147 461551496 0  
  1626786149 461551496 0  
  1626786150 461551496 0  
  1626786151 461551496 0  
  1626786152 461551496 0  
  1626786153 461551496 0  
  1626786154 461551496 0  
  1626786155 461551496 0  
  1626786156 461551496 0  
  1626786157 461551496 0  
  1626786158 461551496 0  
  1626786159 461551496 0  
  1626786160 461551496 0  
  1626786161 461551496 0  
  1626786162 461551496 0  
  1626786163 461551496 0  
  1626786164 461551496 0  
  1626786165 461555805 0  
  1626786166 461556725 0  
  1626786167 461557433 0  
  1626786168 461557433 0  
  1626786169 461557433 0  
  1626786170 461557433 0  
  1626786171 461557433 0  
  1626786172 461557433 0  
  1626786173 461557433 0  
  1626786174 461557433 0  
  1626786175 461557433 0  
  1626786176 461557433 0  
  1626786177 461557433 0  
  1626786178 461557433 0  
  1626786179 461557433 0  
  1626786180 461557433 0  
  1626786181 461557433 0  
  1626786182 461557433 0  
  1626786183 461557433 0  
  1626786184 461557433 0  
  1626786185 461557433 0  
  1626786186 461557525 0  
  1626786187 461557525 0  
  1626786189 461557525 0  
  1626786190 461557525 0  
  1626786191 461557525 0  
  1626786192 461557525 0  
  1626786193 461557617 0  
  1626786194 461557617 0  
  1626786195 461557617 0  
  1626786196 461557617 0  
  1626786197 461557617 0  
  1626786198 461557617 0  
  1626786199 461557617 0  
  1626786200 461557617 0  
  1626786201 461557617 0  
  1626786202 461557617 0  
  1626786203 461557617 0  
  1626786204 461557617 0  
  1626786205 461557617 0  
  1626786206 461557617 0  
  1626786207 461557617 0  
  1626786208 461557617 0  
  1626786209 461557617 0  
  1626786210 461557617 0  
  1626786211 461557617 0  
  1626786212 461557617 0  
  1626786213 461557617 0  
  1626786214 461557617 0  
  1626786215 461557617 0  
  1626786216 461557617 0  
  1626786217 461557617 0  
  1626786218 461557617 0  
  1626786219 461557617 0  
  1626786220 461557617 0  
  1626786221 461557617 0  
  1626786222 461557617 0  
  1626786223 461557617 0  
  1626786224 461557617 0  
  1626786225 461557617 0  
  1626786226 461557617 0  
  1626786228 461557617 0  
  1626786229 461557617 0  
  1626786230 461557617 0  
  1626786231 461557617 0  
  1626786232 461557617 0  
  1626786233 461557617 0  
  1626786234 461557617 0  
  1626786235 461557617 0  
  1626786236 461557617 0  
  1626786237 461557617 0  
  1626786238 461557617 0  
  1626786239 461557617 0  
  1626786240 461557617 0  
  1626786241 461557617 0  
  1626786242 461557617 0  
  1626786243 461557617 0  
  1626786244 461557617 0  
  1626786245 461557617 0  
  1626786246 461557617 0  
  1626786247 461557617 0  
  1626786248 461557617 0  
  1626786249 461557617 0  
  1626786250 461557617 0  
  1626786251 461557709 0  
  1626786252 461557709 0  
  1626786253 461557709 0  
  1626786254 461557709 0  
  1626786255 461557709 0  
  1626786256 461557709 0  
  1626786257 461557801 0  
  1626786258 461557801 0  
  1626786259 461557801 0  
  1626786260 461557801 0  
  1626786261 461557801 0  
  1626786262 461557801 0  
  1626786263 461557801 0  
  1626786264 461557801 0  
  1626786265 461557801 0  
  1626786266 461557801 0  
  1626786268 461557801 0  
  1626786269 461557801 0  
  1626786270 461557801 0  
  1626786271 461557801 0  
  1626786272 461557801 0  
  1626786273 461557801 0  
  1626786274 461557801 0  
  1626786275 461557801 0  
  1626786276 461557801 0  
  1626786277 461557801 0  
  1626786278 461557801 0  
  1626786279 461557801 0  
  1626786280 461557801 0  
  1626786281 461557801 0  
  1626786282 461557801 0  
  1626786283 461557801 0  
  1626786284 461557801 0  
  1626786285 461557801 0  
  1626786286 461557801 0  
  1626786287 461557801 0  
  1626786288 461557801 0  
  1626786289 461557801 0  
  1626786290 461557801 0  
  1626786291 461558139 0  
  1626786292 461558139 0  
  1626786293 461558139 0  
  1626786294 461558139 0  
  1626786295 461558139 0  
  1626786296 461558139 0  
  1626786297 461558139 0  
  1626786298 461558139 0  
  1626786299 461558139 0  
  1626786300 461561036 0  
  1626786301 461562772 0  
  1626786302 461562772 0  
  1626786303 461563480 0  
  1626786304 461563480 0  
  1626786305 461563480 0  
  1626786306 461563480 0  
  1626786308 461563480 0  
  1626786309 461563480 0  
  1626786310 461563480 0  
  1626786311 461563480 0  
  1626786312 461563480 0  
  1626786313 461563480 0  
  1626786314 461563480 0  
  1626786315 461567789 0  
  1626786316 461568205 0  
  1626786317 461568205 0  
  1626786318 461573222 0  
  1626786319 461578179 0  
  1626786320 461578887 0  
  1626786321 461579595 0  
  1626786322 461579687 0  
  1626786323 461579687 0  
  1626786324 461579687 0  
  1626786325 461579687 0  
  1626786326 461579687 0  
  1626786327 461579687 0  
  1626786328 461579687 0  
  1626786329 461579687 0  
  1626786330 461579687 0  
  1626786331 461579687 0  
  1626786332 461579687 0  
  1626786333 461579687 0  
  1626786334 461580044 0  
  1626786335 461580044 0  
  1626786336 461580044 0  
  1626786337 461580044 0  
  1626786338 461580044 0  
  1626786339 461580044 0  
  1626786340 461580044 0  
  1626786341 461580044 0  
  1626786342 461580044 0  
  1626786343 461580044 0  
  1626786344 461580044 0  
  1626786345 461580044 0  
  1626786347 461580044 0  
  1626786348 461580044 0  
  1626786349 461580044 0  
  1626786350 461580044 0  
  1626786351 461580044 0  
  1626786352 461580044 0  
  1626786353 461580044 0  
  1626786354 461580044 0  
  1626786355 461580044 0  
  1626786356 461580044 0  
  1626786357 461580044 0  
  1626786358 461580044 0  
  1626786359 461580044 0  
  1626786360 461580044 0  
  1626786361 461580044 0  
  1626786362 461580044 0  
  1626786363 461580044 0  
  1626786364 461580044 0  
  1626786365 461580640 0  
  1626786366 461580640 0  
  1626786367 461580640 0  
  1626786368 461580640 0  
  1626786369 461580640 0  
  1626786370 461580640 0  
  1626786371 461580640 0  
  1626786372 461580640 0  
  1626786373 461580640 0  
  1626786374 461580640 0  
  1626786375 461580640 0  
  1626786376 461580640 0  
  1626786377 461580640 0  
  1626786378 461580640 0  
  1626786379 461580640 0  
  1626786380 461580640 0  
  1626786381 461580640 0  
  1626786382 461580640 0  
  1626786383 461580640 0  
  1626786384 461580640 0  
  1626786386 461580640 0  
  1626786387 461580732 0  
  1626786388 461580732 0  
  1626786389 461580732 0  
  1626786390 461580732 0  
  1626786391 461580732 0  
  1626786392 461580732 0  
  1626786393 461580732 0  
  1626786394 461580732 0  
  1626786395 461580732 0  
  1626786396 461580732 0  
  1626786397 461580732 0  
  1626786398 461580732 0  
  1626786399 461580732 0  
  1626786400 461580732 0  
  1626786401 461580732 0  
  1626786402 461580732 0  
  1626786403 461580732 0  
  1626786404 461580732 0  
  1626786405 461580732 0  
  1626786406 461580732 0  
  1626786407 461580732 0  
  1626786408 461580732 0  
  1626786409 461580732 0  
  1626786410 461580732 0  
  1626786411 461580732 0  
  1626786412 461580732 0  
  1626786413 461580732 0  
  1626786414 461580732 0  
  1626786415 461580732 0  
  1626786416 461580732 0  
  1626786417 461580732 0  
  1626786418 461580732 0  
  1626786419 461580732 0  
  1626786420 461580732 0  
  1626786421 461580732 0  
  1626786422 461580732 0  
  1626786424 461580732 0  
  1626786425 461580732 0  
  1626786426 461580732 0  
  1626786427 461580732 0  
  1626786428 461580732 0  
  1626786429 461580732 0  
  1626786430 461580732 0  
  1626786431 461580732 0  
  1626786432 461580732 0  
  1626786433 461580732 0  
  1626786434 461580732 0  
  1626786435 461580732 0  
  1626786436 461580732 0  
  1626786437 461580732 0  
  1626786438 461580732 0  
  1626786439 461580732 0  
  1626786440 461580732 0  
  1626786441 461580732 0  
  1626786442 461580732 0  
  1626786443 461581070 0  
  1626786444 461581070 0  
  1626786445 461581070 0  
  1626786446 461581162 0  
  1626786447 461581162 0  
  1626786448 461581162 0  
  1626786449 461581162 0  
  1626786450 461581162 0  
  1626786451 461581254 0  
  1626786452 461581254 0  
  1626786453 461581254 0  
  1626786454 461581254 0  
  1626786455 461581254 0  
  1626786456 461581254 0  
  1626786457 461581254 0  
  1626786458 461581254 0  
  1626786459 461581254 0  
  1626786460 461581254 0  
  1626786461 461581254 0  
  1626786463 461581254 0  
  1626786464 461581254 0  
  1626786465 461585563 0  
  1626786466 461585887 0  
  1626786467 461586527 0  
  1626786468 461586527 0  
  1626786469 461586527 0  
  1626786470 461586527 0  
  1626786471 461586527 0  
  1626786472 461586527 0  
  1626786473 461586527 0  
  1626786474 461586527 0  
  1626786475 461586527 0  
  1626786476 461586527 0  
  1626786477 461586527 0  
  1626786478 461586527 0  
  1626786479 461586527 0  
  1626786480 461586527 0  
  1626786481 461586527 0  
  1626786482 461586527 0  
  1626786483 461586527 0  
  1626786484 461586527 0  
  1626786485 461586527 0  
  1626786486 461586527 0  
  1626786487 461586527 0  
  1626786488 461586527 0  
  1626786489 461586527 0  
  1626786490 461586527 0  
  1626786491 461586527 0  
  1626786492 461586527 0  
  1626786493 461586527 0  
  1626786494 461586527 0  
  1626786495 461586527 0  
  1626786496 461586527 0  
  1626786497 461586527 0  
  1626786498 461586527 0  
  1626786499 461586527 0  
  1626786500 461586527 0  
  1626786501 461586527 0  
  1626786503 461586527 0  
  1626786504 461586527 0  
  1626786505 461586527 0  
  1626786506 461586527 0  
  1626786507 461586527 0  
  1626786508 461586527 0  
  1626786509 461586527 0  
  1626786510 461586527 0  
  1626786511 461586527 0  
  1626786512 461586527 0  
  1626786513 461586527 0  
  1626786514 461586527 0  
  1626786515 461586527 0  
  1626786516 461586619 0  
  1626786517 461586619 0  
  1626786518 461586619 0  
  1626786519 461586619 0  
  1626786520 461586619 0  
  1626786521 461586619 0  
  1626786522 461586619 0  
  1626786523 461586619 0  
  1626786524 461586619 0  
  1626786525 461586619 0  
  1626786526 461586619 0  
  1626786527 461586619 0  
  1626786528 461586619 0  
  1626786529 461586619 0  
  1626786530 461586619 0  
  1626786531 461586619 0  
  1626786532 461586619 0  
  1626786533 461586619 0  
  1626786534 461586619 0  
  1626786535 461586619 0  
  1626786536 461586619 0  
  1626786537 461586619 0  
  1626786538 461586619 0  
  1626786539 461586619 0  
  1626786540 461586619 0  
  1626786541 461586619 0  
  1626786543 461586619 0  
  1626786544 461586619 0  
  1626786545 461586619 0  
  1626786546 461586619 0  
  1626786547 461586619 0  
  1626786548 461586619 0  
  1626786549 461586619 0  
  1626786550 461586619 0  
  1626786551 461586619 0  
  1626786552 461586619 0  
  1626786553 461586619 0  
  1626786554 461586619 0  
  1626786555 461586619 0  
  1626786556 461586619 0  
  1626786557 461586619 0  
  1626786558 461586619 0  
  1626786559 461586619 0  
  1626786560 461586619 0  
  1626786561 461586619 0  
  1626786562 461586619 0  
  1626786563 461586619 0  
  1626786564 461586619 0  
  1626786565 461588214 0  
  1626786566 461588214 0  
  1626786567 461588214 0  
  1626786568 461588214 0  
  1626786569 461588214 0  
  1626786570 461588214 0  
  1626786571 461588214 0  
  1626786572 461588214 0  
  1626786573 461588214 0  
  1626786574 461588214 0  
  1626786575 461588306 0  
  1626786576 461588306 0  
  1626786577 461588306 0  
  1626786578 461588306 0  
  1626786579 461588398 0  
  1626786580 461588398 0  
  1626786582 461588398 0  
  1626786583 461588398 0  
  1626786584 461588398 0  
  1626786585 461588398 0  
  1626786586 461588398 0  
  1626786587 461588398 0  
  1626786588 461588398 0  
  1626786589 461588398 0  
  1626786590 461588398 0  
  1626786591 461588398 0  
  1626786592 461588398 0  
  1626786593 461588736 0  
  1626786594 461588736 0  
  1626786595 461588736 0  
  1626786596 461588736 0  
  1626786597 461588736 0  
  1626786598 461588736 0  
  1626786599 461588736 0  
  1626786600 461588736 0  
  1626786601 461588736 0  
  1626786602 461593301 0  
  1626786603 461593369 0  
  1626786604 461594077 0  
  1626786605 461594077 0  
  1626786606 461594077 0  
  1626786607 461594077 0  
  1626786608 461594077 0  
  1626786609 461594077 0  
  1626786610 461594077 0  
  1626786611 461594077 0  
  1626786612 461594077 0  
  1626786613 461594077 0  
  1626786614 461596038 0  
  1626786615 461598710 0  
  1626786616 461598710 0  
  1626786617 461604051 0  
  1626786618 461608180 0  
  1626786619 461609392 0  
  1626786620 461610100 0  
  1626786622 461610100 0  
  1626786623 461610100 0  
  1626786624 461610100 0  
  1626786625 461610100 0  
  1626786626 461610100 0  
  1626786627 461610100 0  
  1626786628 461610100 0  
  1626786629 461610100 0  
  1626786630 461610100 0  
  1626786631 461610100 0  
  1626786632 461610100 0  
  1626786633 461610100 0  
  1626786634 461610457 0  
  1626786635 461610457 0  
  1626786636 461610457 0  
  1626786637 461610457 0  
  1626786638 461610457 0  
  1626786639 461610457 0  
  1626786640 461610457 0  
  1626786641 461610457 0  
  1626786642 461610457 0  
  1626786643 461610457 0  
  1626786644 461610457 0  
  1626786645 461610549 0  
  1626786646 461610549 0  
  1626786647 461610549 0  
  1626786648 461610549 0  
  1626786649 461610549 0  
  1626786650 461610549 0  
  1626786651 461610549 0  
  1626786652 461610549 0  
  1626786653 461610549 0  
  1626786654 461610549 0  
  1626786655 461610549 0  
  1626786656 461610549 0  
  1626786657 461610549 0  
  1626786658 461610549 0  
  1626786659 461610549 0  
  1626786661 461610549 0  
  1626786662 461610549 0  
  1626786663 461610549 0  
  1626786664 461610549 0  
  1626786665 461610549 0  
  1626786666 461610549 0  
  1626786667 461610549 0  
  1626786668 461610549 0  
  1626786669 461610549 0  
  1626786670 461610549 0  
  1626786671 461610549 0  
  1626786672 461610549 0  
  1626786673 461610549 0  
  1626786674 461610549 0  
  1626786675 461610549 0  
  1626786676 461610549 0  
  1626786677 461610549 0  
  1626786678 461610549 0  
  1626786679 461610549 0  
  1626786680 461610549 0  
  1626786681 461610549 0  
  1626786682 461610549 0  
  1626786683 461610549 0  
  1626786684 461610549 0  
  1626786685 461610549 0  
  1626786686 461610549 0  
  1626786687 461610549 0  
  1626786688 461610549 0  
  1626786689 461610549 0  
  1626786690 461610549 0  
  1626786691 461610549 0  
  1626786692 461610549 0  
  1626786693 461610549 0  
  1626786694 461610549 0  
  1626786695 461610549 0  
  1626786696 461610549 0  
  1626786697 461610549 0  
  1626786698 461610549 0  
  1626786699 461610549 0  
  1626786701 461610549 0  
  1626786702 461610549 0  
  1626786703 461610549 0  
  1626786704 461610549 0  
  1626786705 461610641 0  
  1626786706 461610641 0  
  1626786707 461610641 0  
  1626786708 461610641 0  
  1626786709 461610641 0  
  1626786710 461610733 0  
  1626786711 461610733 0  
  1626786712 461610733 0  
  1626786713 461610733 0  
  1626786714 461610733 0  
  1626786715 461610733 0  
  1626786716 461610733 0  
  1626786717 461610733 0  
  1626786718 461610733 0  
  1626786719 461610733 0  
  1626786720 461610733 0  
  1626786721 461610733 0  
  1626786722 461610733 0  
  1626786723 461610733 0  
  1626786724 461610733 0  
  1626786725 461610733 0  
  1626786726 461610733 0  
  1626786727 461610733 0  
  1626786728 461610733 0  
  1626786729 461610733 0  
  1626786730 461610733 0  
  1626786731 461610733 0  
  1626786732 461610733 0  
  1626786733 461610733 0  
  1626786734 461610733 0  
  1626786735 461610733 0  
  1626786736 461610733 0  
  1626786737 461610733 0  
  1626786738 461610733 0  
  1626786739 461610733 0  
  1626786741 461610733 0  
  1626786742 461610733 0  
  1626786743 461610825 0  
  1626786744 461611163 0  
  1626786745 461611163 0  
  1626786746 461611163 0  
  1626786747 461611163 0  
  1626786748 461611163 0  
  1626786749 461611163 0  
  1626786750 461611163 0  
  1626786751 461611163 0  
  1626786752 461611163 0  
  1626786753 461611163 0  
  1626786754 461611163 0  
  1626786755 461611163 0  
  1626786756 461611163 0  
  1626786757 461611163 0  
  1626786758 461611163 0  
  1626786759 461611163 0  
  1626786760 461611163 0  
  1626786761 461611163 0  
  1626786762 461611163 0  
  1626786763 461611163 0  
  1626786764 461611163 0  
  1626786765 461615796 0  
  1626786766 461616392 0  
  1626786767 461617100 0  
  1626786768 461617100 0  
  1626786769 461617100 0  
  1626786770 461617100 0  
  1626786771 461617100 0  
 