 1627428363 566477986 0  
  1627428364 566477986 0  
  1627428365 566477986 0  
  1627428366 566477986 0  
  1627428367 566477986 0  
  1627428368 566477986 0  
  1627428369 566477986 0  
  1627428370 566477986 0  
  1627428371 566477986 0  
  1627428372 566477986 0  
  1627428373 566477986 0  
  1627428374 566477986 0  
  1627428375 566477986 0  
  1627428376 566477986 0  
  1627428377 566477986 0  
  1627428378 566477986 0  
  1627428379 566477986 0  
  1627428380 566477986 0  
  1627428381 566477986 0  
  1627428382 566477986 0  
  1627428383 566477986 0  
  1627428384 566477986 0  
  1627428385 566477986 0  
  1627428386 566477986 0  
  1627428387 566477986 0  
  1627428388 566477986 0  
  1627428389 566477986 0  
  1627428390 566477986 0  
  1627428391 566477986 0  
  1627428392 566477986 0  
  1627428393 566477986 0  
  1627428394 566477986 0  
  1627428395 566477986 0  
  1627428396 566477986 0  
  1627428397 566477986 0  
  1627428399 566477986 0  
  1627428400 566477986 0  
  1627428401 566477986 0  
  1627428402 566477986 0  
  1627428403 566477986 0  
  1627428404 566477986 0  
  1627428405 566477986 0  
  1627428406 566477986 0  
  1627428407 566477986 0  
  1627428408 566477986 0  
  1627428409 566477986 0  
  1627428410 566477986 0  
  1627428411 566477986 0  
  1627428412 566477986 0  
  1627428413 566477986 0  
  1627428414 566477986 0  
  1627428415 566477986 0  
  1627428416 566477986 0  
  1627428417 566477986 0  
  1627428418 566477986 0  
  1627428419 566477986 0  
  1627428420 566477986 0  
  1627428421 566477986 0  
  1627428422 566477986 0  
  1627428423 566477986 0  
  1627428424 566477986 0  
  1627428425 566477986 0  
  1627428426 566482295 0  
  1627428427 566482619 0  
  1627428428 566483327 0  
  1627428429 566483327 0  
  1627428430 566483327 0  
  1627428431 566483327 0  
  1627428432 566483327 0  
  1627428433 566483327 0  
  1627428434 566483327 0  
  1627428435 566483327 0  
  1627428436 566483327 0  
  1627428437 566483327 0  
  1627428439 566483327 0  
  1627428440 566483327 0  
  1627428441 566483327 0  
  1627428442 566483327 0  
  1627428443 566483327 0  
  1627428444 566483327 0  
  1627428445 566483327 0  
  1627428446 566483327 0  
  1627428447 566483327 0  
  1627428448 566483327 0  
  1627428449 566483327 0  
  1627428450 566483327 0  
  1627428451 566483327 0  
  1627428452 566483327 0  
  1627428453 566483327 0  
  1627428454 566487636 0  
  1627428455 566488028 0  
  1627428456 566488668 0  
  1627428457 566488736 0  
  1627428458 566488736 0  
  1627428459 566488736 0  
  1627428460 566488736 0  
  1627428461 566489892 0  
  1627428462 566489892 0  
  1627428463 566489892 0  
  1627428464 566489892 0  
  1627428465 566489892 0  
  1627428466 566489892 0  
  1627428467 566489892 0  
  1627428468 566489892 0  
  1627428469 566489892 0  
  1627428470 566489892 0  
  1627428471 566489892 0  
  1627428472 566489892 0  
  1627428473 566489892 0  
  1627428474 566489892 0  
  1627428475 566489892 0  
  1627428476 566489892 0  
  1627428477 566489892 0  
  1627428479 566489892 0  
  1627428480 566490488 0  
  1627428481 566490488 0  
  1627428482 566490488 0  
  1627428483 566490488 0  
  1627428484 566490488 0  
  1627428485 566490488 0  
  1627428486 566490488 0  
  1627428487 566490488 0  
  1627428488 566490488 0  
  1627428489 566490488 0  
  1627428490 566490488 0  
  1627428491 566490488 0  
  1627428492 566490580 0  
  1627428493 566490580 0  
  1627428494 566490580 0  
  1627428495 566490580 0  
  1627428496 566490580 0  
  1627428497 566494889 0  
  1627428498 566499938 0  
  1627428499 566500510 0  
  1627428500 566501218 0  
  1627428501 566501218 0  
  1627428502 566501218 0  
  1627428503 566501218 0  
  1627428504 566501218 0  
  1627428505 566501218 0  
  1627428506 566501218 0  
  1627428507 566501218 0  
  1627428508 566501218 0  
  1627428509 566501218 0  
  1627428510 566501218 0  
  1627428511 566501218 0  
  1627428512 566501218 0  
  1627428513 566501218 0  
  1627428514 566501218 0  
  1627428515 566501218 0  
  1627428516 566501218 0  
  1627428518 566501218 0  
  1627428519 566501218 0  
  1627428520 566501218 0  
  1627428521 566501218 0  
  1627428522 566501218 0  
  1627428523 566501218 0  
  1627428524 566501218 0  
  1627428525 566501218 0  
  1627428526 566501218 0  
  1627428527 566501218 0  
  1627428528 566501218 0  
  1627428529 566501218 0  
  1627428530 566501218 0  
  1627428531 566501218 0  
  1627428532 566501218 0  
  1627428533 566501218 0  
  1627428534 566501218 0  
  1627428535 566501218 0  
  1627428536 566505527 0  
  1627428537 566505851 0  
  1627428538 566506559 0  
  1627428539 566506559 0  
  1627428540 566506559 0  
  1627428541 566506559 0  
  1627428542 566506559 0  
  1627428543 566506559 0  
  1627428544 566506559 0  
  1627428545 566506559 0  
  1627428546 566506559 0  
  1627428547 566506559 0  
  1627428548 566506559 0  
  1627428549 566506559 0  
  1627428550 566506559 0  
  1627428551 566506559 0  
  1627428552 566506559 0  
  1627428553 566506559 0  
  1627428554 566506559 0  
  1627428555 566506559 0  
  1627428556 566506559 0  
  1627428558 566506559 0  
  1627428559 566506559 0  
  1627428560 566506559 0  
  1627428561 566506559 0  
  1627428562 566506559 0  
  1627428563 566506559 0  
  1627428564 566506559 0  
  1627428565 566506559 0  
  1627428566 566506559 0  
  1627428567 566506559 0  
  1627428568 566506559 0  
  1627428569 566506559 0  
  1627428570 566506559 0  
  1627428571 566506559 0  
  1627428572 566506559 0  
  1627428573 566506559 0  
  1627428574 566506559 0  
  1627428575 566506559 0  
  1627428576 566506559 0  
  1627428577 566506559 0  
  1627428578 566506559 0  
  1627428579 566506559 0  
  1627428580 566506559 0  
  1627428581 566506559 0  
  1627428582 566506559 0  
  1627428583 566506559 0  
  1627428584 566506559 0  
  1627428585 566506559 0  
  1627428586 566506559 0  
  1627428587 566506559 0  
  1627428588 566506559 0  
  1627428589 566506559 0  
  1627428590 566506559 0  
  1627428591 566506559 0  
  1627428592 566506559 0  
  1627428593 566506559 0  
  1627428594 566506559 0  
  1627428595 566506559 0  
  1627428596 566506559 0  
  1627428598 566506559 0  
  1627428599 566506559 0  
  1627428600 566506559 0  
  1627428601 566506559 0  
  1627428602 566506559 0  
  1627428603 566506559 0  
  1627428604 566506559 0  
  1627428605 566506559 0  
  1627428606 566506559 0  
  1627428607 566506559 0  
  1627428608 566506559 0  
  1627428609 566506559 0  
  1627428610 566506559 0  
  1627428611 566506559 0  
  1627428612 566506559 0  
  1627428613 566506559 0  
  1627428614 566506559 0  
  1627428615 566506559 0  
  1627428616 566506559 0  
  1627428617 566506559 0  
  1627428618 566506559 0  
  1627428619 566506559 0  
  1627428620 566506559 0  
  1627428621 566506559 0  
  1627428622 566506559 0  
  1627428623 566506559 0  
  1627428624 566506559 0  
  1627428625 566506559 0  
  1627428626 566506559 0  
  1627428627 566506559 0  
  1627428628 566506559 0  
  1627428629 566506559 0  
  1627428630 566506559 0  
  1627428631 566506559 0  
  1627428632 566506559 0  
  1627428633 566506559 0  
  1627428634 566506559 0  
  1627428635 566506559 0  
  1627428637 566506559 0  
  1627428638 566506916 0  
  1627428639 566506916 0  
  1627428640 566506916 0  
  1627428641 566506916 0  
  1627428642 566506916 0  
  1627428643 566506916 0  
  1627428644 566506916 0  
  1627428645 566506916 0  
  1627428646 566506916 0  
  1627428647 566506916 0  
  1627428648 566506916 0  
  1627428649 566506916 0  
  1627428650 566506916 0  
  1627428651 566506916 0  
  1627428652 566506916 0  
  1627428653 566506916 0  
  1627428654 566506916 0  
  1627428655 566506916 0  
  1627428656 566506916 0  
  1627428657 566506916 0  
  1627428658 566506916 0  
  1627428659 566506916 0  
  1627428660 566506916 0  
  1627428661 566506916 0  
  1627428662 566506916 0  
  1627428663 566506916 0  
  1627428664 566506916 0  
  1627428665 566506916 0  
  1627428666 566506916 0  
  1627428667 566506916 0  
  1627428668 566506916 0  
  1627428669 566506916 0  
  1627428670 566506916 0  
  1627428671 566506916 0  
  1627428672 566506916 0  
  1627428673 566506916 0  
  1627428674 566506916 0  
  1627428675 566506916 0  
  1627428677 566506916 0  
  1627428678 566506916 0  
  1627428679 566506916 0  
  1627428680 566508511 0  
  1627428681 566508511 0  
  1627428682 566508511 0  
  1627428683 566508511 0  
  1627428684 566508511 0  
  1627428685 566508511 0  
  1627428686 566508511 0  
  1627428687 566508511 0  
  1627428688 566508511 0  
  1627428689 566508511 0  
  1627428690 566508511 0  
  1627428691 566508511 0  
  1627428692 566508511 0  
  1627428693 566508511 0  
  1627428694 566508511 0  
  1627428695 566508511 0  
  1627428696 566508511 0  
  1627428697 566508511 0  
  1627428698 566508511 0  
  1627428699 566508511 0  
  1627428700 566508511 0  
  1627428701 566508511 0  
  1627428702 566508511 0  
  1627428703 566508511 0  
  1627428704 566508511 0  
  1627428705 566508511 0  
  1627428706 566508511 0  
  1627428707 566508511 0  
  1627428708 566508511 0  
  1627428709 566508511 0  
  1627428710 566508511 0  
  1627428711 566508511 0  
  1627428712 566508511 0  
  1627428713 566508511 0  
  1627428714 566508511 0  
  1627428716 566508511 0  
  1627428717 566508511 0  
  1627428718 566508511 0  
  1627428719 566508511 0  
  1627428720 566508511 0  
  1627428721 566508511 0  
  1627428722 566508511 0  
  1627428723 566508511 0  
  1627428724 566508511 0  
  1627428725 566508511 0  
  1627428726 566512820 0  
  1627428727 566513144 0  
  1627428728 566513852 0  
  1627428729 566513852 0  
  1627428730 566513852 0  
  1627428731 566513852 0  
  1627428732 566513852 0  
  1627428733 566513852 0  
  1627428734 566513852 0  
  1627428735 566513852 0  
  1627428736 566513852 0  
  1627428737 566513852 0  
  1627428738 566513852 0  
  1627428739 566513852 0  
  1627428740 566513852 0  
  1627428741 566513852 0  
  1627428742 566513852 0  
  1627428743 566513852 0  
  1627428744 566513852 0  
  1627428745 566513996 0  
  1627428746 566518569 0  
  1627428747 566518569 0  
  1627428748 566519073 0  
  1627428749 566519073 0  
  1627428750 566519073 0  
  1627428751 566519165 0  
  1627428752 566523730 0  
  1627428753 566523798 0  
  1627428754 566524506 0  
  1627428756 566524598 0  
  1627428757 566524598 0  
  1627428758 566524598 0  
  1627428759 566524598 0  
  1627428760 566524598 0  
  1627428761 566524598 0  
  1627428762 566524598 0  
  1627428763 566524598 0  
  1627428764 566524598 0  
  1627428765 566524598 0  
  1627428766 566524598 0  
  1627428767 566524598 0  
  1627428768 566524598 0  
  1627428769 566524598 0  
  1627428770 566524598 0  
  1627428771 566524598 0  
  1627428772 566524598 0  
  1627428773 566524598 0  
  1627428774 566524598 0  
  1627428775 566524598 0  
  1627428776 566524598 0  
  1627428777 566524598 0  
  1627428778 566524598 0  
  1627428779 566524598 0  
  1627428780 566524598 0  
  1627428781 566524598 0  
  1627428782 566524598 0  
  1627428783 566524598 0  
  1627428784 566524598 0  
  1627428785 566524598 0  
  1627428786 566524598 0  
  1627428787 566524598 0  
  1627428788 566524598 0  
  1627428789 566524598 0  
  1627428790 566524598 0  
  1627428791 566524598 0  
  1627428792 566524598 0  
  1627428793 566524598 0  
  1627428795 566524598 0  
  1627428796 566524598 0  
  1627428797 566529051 0  
  1627428798 566533864 0  
  1627428799 566535280 0  
  1627428800 566535280 0  
  1627428801 566535280 0  
  1627428802 566535280 0  
  1627428803 566535280 0  
  1627428804 566535280 0  
  1627428805 566535280 0  
  1627428806 566535280 0  
  1627428807 566535280 0  
  1627428808 566535280 0  
  1627428809 566535280 0  
  1627428810 566535280 0  
  1627428811 566535280 0  
  1627428812 566535280 0  
  1627428813 566535280 0  
  1627428814 566535280 0  
  1627428815 566535280 0  
  1627428816 566535280 0  
  1627428817 566535280 0  
  1627428818 566535280 0  
  1627428819 566535280 0  
  1627428820 566535280 0  
  1627428821 566535280 0  
  1627428822 566535280 0  
  1627428823 566535280 0  
  1627428824 566535280 0  
  1627428825 566535280 0  
  1627428826 566535280 0  
  1627428827 566535280 0  
  1627428828 566535280 0  
  1627428829 566535280 0  
  1627428830 566535280 0  
  1627428831 566535280 0  
  1627428832 566535280 0  
  1627428834 566535280 0  
  1627428835 566535280 0  
  1627428836 566539589 0  
  1627428837 566539913 0  
  1627428838 566540621 0  
  1627428839 566540621 0  
  1627428840 566540621 0  
  1627428841 566540621 0  
  1627428842 566540621 0  
  1627428843 566540621 0  
  1627428844 566540621 0  
  1627428845 566540621 0  
  1627428846 566540621 0  
  1627428847 566540621 0  
  1627428848 566540621 0  
  1627428849 566540621 0  
  1627428850 566540621 0  
  1627428851 566540621 0  
  1627428852 566540621 0  
  1627428853 566540621 0  
  1627428854 566540621 0  
  1627428855 566540621 0  
  1627428856 566540621 0  
  1627428857 566540621 0  
  1627428858 566540621 0  
  1627428859 566540621 0  
  1627428860 566540621 0  
  1627428861 566540621 0  
  1627428862 566540621 0  
  1627428863 566540621 0  
  1627428864 566540621 0  
  1627428865 566540621 0  
  1627428866 566540621 0  
  1627428867 566540621 0  
  1627428868 566540621 0  
  1627428869 566540621 0  
  1627428870 566540621 0  
  1627428872 566540621 0  
  1627428873 566540621 0  
  1627428874 566540621 0  
  1627428875 566540621 0  
  1627428876 566540621 0  
  1627428877 566540621 0  
  1627428878 566540621 0  
  1627428879 566540621 0  
  1627428880 566541211 0  
  1627428881 566541211 0  
  1627428882 566541211 0  
  1627428883 566541211 0  
  1627428884 566541211 0  
  1627428885 566541211 0  
  1627428886 566541211 0  
  1627428887 566541211 0  
  1627428888 566541211 0  
  1627428889 566541211 0  
  1627428890 566541211 0  
  1627428891 566541211 0  
  1627428892 566541211 0  
  1627428893 566541211 0  
  1627428894 566541211 0  
  1627428895 566541211 0  
  1627428896 566541211 0  
  1627428897 566541211 0  
  1627428898 566541211 0  
  1627428899 566541211 0  
  1627428900 566541211 0  
  1627428901 566541211 0  
  1627428902 566541211 0  
  1627428903 566541211 0  
  1627428904 566541211 0  
  1627428905 566541211 0  
  1627428906 566541211 0  
  1627428907 566541211 0  
  1627428908 566541211 0  
  1627428909 566541211 0  
  1627428911 566541211 0  
  1627428912 566541211 0  
  1627428913 566541211 0  
  1627428914 566541211 0  
  1627428915 566541211 0  
  1627428916 566541211 0  
  1627428917 566541211 0  
  1627428918 566541211 0  
  1627428919 566541211 0  
  1627428920 566541211 0  
  1627428921 566541211 0  
  1627428922 566541211 0  
  1627428923 566541211 0  
  1627428924 566541211 0  
  1627428925 566541211 0  
  1627428926 566541211 0  
  1627428927 566541211 0  
  1627428928 566541211 0  
  1627428929 566541211 0  
  1627428930 566541211 0  
  1627428931 566541211 0  
  1627428932 566541211 0  
  1627428933 566541211 0  
  1627428934 566541211 0  
  1627428935 566541211 0  
  1627428936 566541211 0  
  1627428937 566541568 0  
  1627428938 566541568 0  
  1627428939 566541568 0  
  1627428940 566541568 0  
  1627428941 566541568 0  
  1627428942 566541568 0  
  1627428943 566541568 0  
  1627428944 566541568 0  
  1627428945 566541568 0  
  1627428946 566541568 0  
  1627428947 566541568 0  
  1627428949 566541568 0  
  1627428950 566541568 0  
  1627428951 566541568 0  
  1627428952 566541568 0  
  1627428953 566541568 0  
  1627428954 566541568 0  
  1627428955 566541568 0  
  1627428956 566541568 0  
  1627428957 566541568 0  
  1627428958 566541568 0  
  1627428959 566541568 0  
  1627428960 566541568 0  
  1627428961 566541568 0  
  1627428962 566541568 0  
  1627428963 566541568 0  
  1627428964 566541568 0  
  1627428965 566541568 0  
  1627428966 566541568 0  
  1627428967 566541568 0  
  1627428968 566541568 0  
  1627428969 566541568 0  
  1627428970 566541568 0  
  1627428971 566541568 0  
  1627428972 566541568 0  
  1627428973 566541568 0  
  1627428974 566541568 0  
  1627428975 566541568 0  
  1627428976 566541568 0  
  1627428977 566541568 0  
  1627428978 566541568 0  
  1627428979 566541568 0  
  1627428980 566541568 0  
  1627428981 566541568 0  
  1627428982 566541568 0  
  1627428983 566541568 0  
  1627428984 566541568 0  
  1627428985 566541568 0  
  1627428986 566541568 0  
  1627428988 566541568 0  
  1627428989 566541568 0  
  1627428990 566541568 0  
  1627428991 566541568 0  
  1627428992 566541568 0  
  1627428993 566541568 0  
  1627428994 566541568 0  
  1627428995 566541568 0  
  1627428996 566541568 0  
  1627428997 566541568 0  
  1627428998 566541568 0  
  1627428999 566541568 0  
  1627429000 566541568 0  
  1627429001 566541568 0  
  1627429002 566541568 0  
  1627429003 566541568 0  
  1627429004 566541568 0  
  1627429005 566541568 0  
  1627429006 566541568 0  
  1627429007 566541568 0  
  1627429008 566541568 0  
  1627429009 566541660 0  
  1627429010 566541660 0  
  1627429011 566541660 0  
  1627429012 566541660 0  
  1627429013 566541660 0  
  1627429014 566541752 0  
  1627429015 566541752 0  
  1627429016 566541752 0  
  1627429017 566541752 0  
  1627429018 566541752 0  
  1627429019 566541752 0  
  1627429020 566541752 0  
  1627429021 566541752 0  
  1627429022 566541752 0  
  1627429023 566541752 0  
  1627429024 566541752 0  
  1627429026 566546061 0  
  1627429027 566546385 0  
  1627429028 566547093 0  
  1627429029 566547093 0  
  1627429030 566547093 0  
  1627429031 566547093 0  
  1627429032 566547093 0  
  1627429033 566547093 0  
  1627429034 566547093 0  
  1627429035 566547093 0  
  1627429036 566547093 0  
  1627429037 566547093 0  
  1627429038 566547093 0  
  1627429039 566547093 0  
  1627429040 566547093 0  
  1627429041 566547093 0  
  1627429042 566547093 0  
  1627429043 566547093 0  
  1627429044 566547093 0  
  1627429045 566547093 0  
  1627429046 566547093 0  
  1627429047 566547093 0  
  1627429048 566547093 0  
  1627429049 566547093 0  
  1627429050 566547093 0  
  1627429051 566547093 0  
  1627429052 566547093 0  
  1627429053 566547093 0  
  1627429054 566551726 0  
  1627429055 566551726 0  
  1627429056 566552434 0  
  1627429057 566552434 0  
  1627429058 566552434 0  
  1627429059 566552434 0  
  1627429060 566552434 0  
  1627429061 566552434 0  
  1627429062 566552434 0  
  1627429064 566552434 0  
  1627429065 566552434 0  
  1627429066 566552434 0  
  1627429067 566552434 0  
  1627429068 566552434 0  
  1627429069 566552434 0  
  1627429070 566552434 0  
  1627429071 566552434 0  
  1627429072 566552434 0  
  1627429073 566552434 0  
  1627429074 566552434 0  
  1627429075 566552434 0  
  1627429076 566552434 0  
  1627429077 566552434 0  
  1627429078 566552434 0  
  1627429079 566553030 0  
  1627429080 566553030 0  
  1627429081 566553030 0  
  1627429082 566553030 0  
  1627429083 566553030 0  
  1627429084 566553030 0  
  1627429085 566553030 0  
  1627429086 566553030 0  
  1627429087 566553030 0  
  1627429088 566553030 0  
  1627429089 566553030 0  
  1627429090 566553030 0  
  1627429091 566553030 0  
  1627429092 566553368 0  
  1627429093 566553368 0  
  1627429094 566553368 0  
  1627429095 566553368 0  
  1627429096 566556265 0  
  1627429097 566562634 0  
  1627429098 566562634 0  
  1627429099 566564050 0  
  1627429101 566564050 0  
  1627429102 566564050 0  
  1627429103 566564050 0  
  1627429104 566564050 0  
  1627429105 566564050 0  
  1627429106 566564050 0  
  1627429107 566564050 0  
  1627429108 566564050 0  
  1627429109 566564050 0  
  1627429110 566564050 0  
  1627429111 566564050 0  
  1627429112 566564050 0  
  1627429113 566564050 0  
  1627429114 566564050 0  
  1627429115 566564050 0  
  1627429116 566564050 0  
  1627429117 566564050 0  
  1627429118 566564050 0  
  1627429119 566564050 0  
  1627429120 566564050 0  
  1627429121 566564050 0  
  1627429122 566564050 0  
  1627429123 566564050 0  
  1627429124 566564050 0  
  1627429125 566564050 0  
  1627429126 566564050 0  
  1627429127 566564050 0  
  1627429128 566564050 0  
  1627429129 566564050 0  
  1627429130 566564050 0  
  1627429131 566564050 0  
  1627429132 566564050 0  
  1627429133 566564050 0  
  1627429134 566564050 0  
  1627429135 566568359 0  
  1627429136 566568683 0  
  1627429137 566568683 0  
  1627429139 566569391 0  
  1627429140 566569391 0  
  1627429141 566569391 0  
  1627429142 566569391 0  
  1627429143 566569391 0  
  1627429144 566569391 0  
  1627429145 566569391 0  
  1627429146 566569391 0  
  1627429147 566569391 0  
  1627429148 566569391 0  
  1627429149 566569391 0  
  1627429150 566569391 0  
  1627429151 566569391 0  
  1627429152 566569391 0  
  1627429153 566569391 0  
  1627429154 566569391 0  
  1627429155 566569391 0  
  1627429156 566569391 0  
  1627429157 566569391 0  
  1627429158 566569391 0  
  1627429159 566569391 0  
  1627429160 566569391 0  
  1627429161 566569391 0  
  1627429162 566569391 0  
  1627429163 566569391 0  
  1627429164 566569391 0  
  1627429165 566569391 0  
  1627429166 566569391 0  
  1627429167 566569391 0  
  1627429168 566569391 0  
  1627429169 566569391 0  
  1627429170 566569391 0  
  1627429171 566569391 0  
  1627429172 566569391 0  
  1627429173 566569391 0  
  1627429174 566569391 0  
  1627429176 566569391 0  
  1627429177 566569391 0  
  1627429178 566569391 0  
  1627429179 566569391 0  
  1627429180 566569391 0  
  1627429181 566569391 0  
  1627429182 566569391 0  
  1627429183 566569391 0  
  1627429184 566569391 0  
  1627429185 566569391 0  
  1627429186 566569391 0  
  1627429187 566569391 0  
  1627429188 566569391 0  
  1627429189 566569391 0  
  1627429190 566569391 0  
  1627429191 566569391 0  
  1627429192 566569391 0  
  1627429193 566569391 0  
  1627429194 566569391 0  
  1627429195 566569391 0  
  1627429196 566569391 0  
  1627429197 566569391 0  
  1627429198 566569391 0  
  1627429199 566569391 0  
  1627429200 566569391 0  
  1627429201 566569391 0  
  1627429202 566569391 0  
  1627429203 566569391 0  
  1627429204 566569391 0  
  1627429205 566569391 0  
  1627429206 566569391 0  
  1627429207 566569391 0  
  1627429208 566569391 0  
  1627429209 566569391 0  
  1627429210 566569391 0  
  1627429211 566569391 0  
  1627429212 566569391 0  
  1627429214 566569391 0  
  1627429215 566569391 0  
  1627429216 566569729 0  
  1627429217 566569729 0  
  1627429218 566569729 0  
  1627429219 566569729 0  
  1627429220 566569729 0  
  1627429221 566569729 0  
  1627429222 566569729 0  
  1627429223 566569729 0  
  1627429224 566569729 0  
  1627429225 566569729 0  
  1627429226 566569729 0  
  1627429227 566569729 0  
  1627429228 566569729 0  
  1627429229 566569729 0  
  1627429230 566569729 0  
  1627429231 566569729 0  
  1627429232 566569729 0  
  1627429233 566569729 0  
  1627429234 566569729 0  
  1627429235 566569729 0  
  1627429236 566569729 0  
  1627429237 566570086 0  
  1627429238 566570086 0  
  1627429239 566570086 0  
  1627429240 566570086 0  
  1627429241 566570086 0  
  1627429242 566570086 0  
  1627429243 566570086 0  
  1627429244 566570086 0  
  1627429245 566570086 0  
  1627429246 566570086 0  
  1627429247 566570086 0  
  1627429248 566570086 0  
  1627429249 566570086 0  
  1627429251 566570086 0  
  1627429252 566570086 0  
  1627429253 566570086 0  
  1627429254 566570086 0  
  1627429255 566570086 0  
  1627429256 566570086 0  
  1627429257 566570086 0  
  1627429258 566570086 0  
  1627429259 566570086 0  
  1627429260 566570086 0  
  1627429261 566570086 0  
  1627429262 566570086 0  
  1627429263 566570086 0  
  1627429264 566570086 0  
  1627429265 566570178 0  
  1627429266 566570178 0  
  1627429267 566570178 0  
  1627429268 566570178 0  
  1627429269 566570178 0  
  1627429270 566570178 0  
  1627429271 566570270 0  
  1627429272 566570270 0  
  1627429273 566570270 0  
  1627429274 566570270 0  
  1627429275 566570270 0  
  1627429276 566570270 0  
  1627429277 566570270 0  
  1627429278 566570270 0  
  1627429279 566570270 0  
  1627429280 566570866 0  
  1627429281 566570866 0  
  1627429282 566570866 0  
  1627429283 566570866 0  
  1627429284 566570866 0  
  1627429285 566570866 0  
  1627429286 566570866 0  
  1627429287 566570866 0  
  1627429289 566570866 0  
  1627429290 566570866 0  
  1627429291 566570866 0  
  1627429292 566570866 0  
  1627429293 566570866 0  
  1627429294 566570866 0  
  1627429295 566570866 0  
  1627429296 566570866 0  
  1627429297 566570866 0  
  1627429298 566570866 0  
  1627429299 566570866 0  
  1627429300 566570866 0  
  1627429301 566570866 0  
  1627429302 566570866 0  
  1627429303 566570866 0  
  1627429304 566570866 0  
  1627429305 566570866 0  
  1627429306 566570866 0  
  1627429307 566570866 0  
  1627429308 566570866 0  
  1627429309 566570866 0  
  1627429310 566570866 0  
  1627429311 566570866 0  
  1627429312 566570866 0  
  1627429313 566570866 0  
  1627429314 566570866 0  
  1627429315 566570866 0  
  1627429316 566570866 0  
  1627429317 566570866 0  
  1627429318 566570866 0  
  1627429319 566570866 0  
  1627429320 566570866 0  
  1627429321 566570866 0  
  1627429322 566570866 0  
  1627429323 566570866 0  
  1627429324 566570866 0  
  1627429326 566572743 0  
  1627429327 566575499 0  
  1627429328 566575499 0  
  1627429329 566576207 0  
 