 1626787658 458935242 0  
  1626787659 458935242 0  
  1626787660 458935242 0  
  1626787661 458935242 0  
  1626787662 458935242 0  
  1626787663 458935242 0  
  1626787664 458939551 0  
  1626787665 458939875 0  
  1626787666 458939875 0  
  1626787667 458940583 0  
  1626787668 458940583 0  
  1626787669 458940583 0  
  1626787670 458940583 0  
  1626787671 458940583 0  
  1626787672 458940583 0  
  1626787673 458940583 0  
  1626787674 458940583 0  
  1626787676 458940583 0  
  1626787677 458940583 0  
  1626787678 458940583 0  
  1626787679 458940583 0  
  1626787680 458940583 0  
  1626787681 458940583 0  
  1626787682 458940583 0  
  1626787683 458940583 0  
  1626787684 458940583 0  
  1626787685 458940583 0  
  1626787686 458940583 0  
  1626787687 458940583 0  
  1626787688 458940583 0  
  1626787689 458940583 0  
  1626787690 458940583 0  
  1626787691 458940583 0  
  1626787692 458940583 0  
  1626787693 458940583 0  
  1626787694 458940583 0  
  1626787695 458940583 0  
  1626787696 458940583 0  
  1626787697 458940583 0  
  1626787698 458940583 0  
  1626787699 458940583 0  
  1626787700 458940583 0  
  1626787701 458940583 0  
  1626787702 458940583 0  
  1626787703 458940583 0  
  1626787704 458940583 0  
  1626787705 458940583 0  
  1626787706 458940583 0  
  1626787707 458940583 0  
  1626787708 458940583 0  
  1626787709 458940583 0  
  1626787710 458940583 0  
  1626787711 458940583 0  
  1626787712 458940583 0  
  1626787713 458940583 0  
  1626787714 458940583 0  
  1626787716 458940583 0  
  1626787717 458940583 0  
  1626787718 458940583 0  
  1626787719 458940583 0  
  1626787720 458940583 0  
  1626787721 458940583 0  
  1626787722 458940583 0  
  1626787723 458940583 0  
  1626787724 458940583 0  
  1626787725 458940583 0  
  1626787726 458940583 0  
  1626787727 458940583 0  
  1626787728 458940583 0  
  1626787729 458940583 0  
  1626787730 458940583 0  
  1626787731 458940583 0  
  1626787732 458940583 0  
  1626787733 458940583 0  
  1626787734 458940583 0  
  1626787735 458940583 0  
  1626787736 458940583 0  
  1626787737 458940583 0  
  1626787738 458940583 0  
  1626787739 458940583 0  
  1626787740 458940583 0  
  1626787741 458940583 0  
  1626787742 458940583 0  
  1626787743 458940583 0  
  1626787744 458940583 0  
  1626787745 458940583 0  
  1626787746 458940583 0  
  1626787747 458940583 0  
  1626787748 458940583 0  
  1626787749 458940583 0  
  1626787750 458940583 0  
  1626787751 458940583 0  
  1626787752 458940583 0  
  1626787753 458940583 0  
  1626787755 458940583 0  
  1626787756 458940583 0  
  1626787757 458940583 0  
  1626787758 458940583 0  
  1626787759 458940583 0  
  1626787760 458940583 0  
  1626787761 458940583 0  
  1626787762 458940583 0  
  1626787763 458940675 0  
  1626787764 458940675 0  
  1626787765 458940675 0  
  1626787766 458941271 0  
  1626787767 458941271 0  
  1626787768 458941271 0  
  1626787769 458941271 0  
  1626787770 458941271 0  
  1626787771 458941271 0  
  1626787772 458941271 0  
  1626787773 458941271 0  
  1626787774 458941271 0  
  1626787775 458941271 0  
  1626787776 458941271 0  
  1626787777 458941271 0  
  1626787778 458941271 0  
  1626787779 458941271 0  
  1626787780 458941271 0  
  1626787781 458941271 0  
  1626787782 458941271 0  
  1626787783 458941271 0  
  1626787784 458941271 0  
  1626787785 458941271 0  
  1626787786 458941271 0  
  1626787787 458941271 0  
  1626787788 458941271 0  
  1626787789 458941271 0  
  1626787790 458941271 0  
  1626787791 458941271 0  
  1626787792 458941271 0  
  1626787794 458941271 0  
  1626787795 458941271 0  
  1626787796 458941271 0  
  1626787797 458941271 0  
  1626787798 458941271 0  
  1626787799 458941271 0  
  1626787800 458941271 0  
  1626787801 458941271 0  
  1626787802 458945836 0  
  1626787803 458945904 0  
  1626787804 458946612 0  
  1626787805 458946612 0  
  1626787806 458946612 0  
  1626787807 458946612 0  
  1626787808 458946612 0  
  1626787809 458946612 0  
  1626787810 458946612 0  
  1626787811 458946612 0  
  1626787812 458946612 0  
  1626787813 458946612 0  
  1626787814 458946612 0  
  1626787815 458946756 0  
  1626787816 458951245 0  
  1626787817 458955554 0  
  1626787818 458958547 0  
  1626787819 458961927 0  
  1626787820 458962635 0  
  1626787821 458962635 0  
  1626787822 458962635 0  
  1626787823 458962635 0  
  1626787824 458962635 0  
  1626787825 458962635 0  
  1626787826 458962635 0  
  1626787827 458962635 0  
  1626787828 458962635 0  
  1626787829 458962635 0  
  1626787830 458962635 0  
  1626787831 458962635 0  
  1626787832 458962635 0  
  1626787834 458962754 0  
  1626787835 458962992 0  
  1626787836 458962992 0  
  1626787837 458962992 0  
  1626787838 458962992 0  
  1626787839 458963084 0  
  1626787840 458963084 0  
  1626787841 458963084 0  
  1626787842 458963084 0  
  1626787843 458963084 0  
  1626787844 458963084 0  
  1626787845 458963084 0  
  1626787846 458963084 0  
  1626787847 458963084 0  
  1626787848 458963084 0  
  1626787849 458963084 0  
  1626787850 458963084 0  
  1626787851 458963084 0  
  1626787852 458963084 0  
  1626787853 458963084 0  
  1626787854 458963084 0  
  1626787855 458963084 0  
  1626787856 458963084 0  
  1626787857 458963084 0  
  1626787858 458963084 0  
  1626787859 458963084 0  
  1626787860 458963084 0  
  1626787861 458963084 0  
  1626787862 458963084 0  
  1626787863 458963084 0  
  1626787864 458964961 0  
  1626787865 458967801 0  
  1626787866 458967801 0  
  1626787867 458968305 0  
  1626787868 458968305 0  
  1626787869 458968305 0  
  1626787870 458968305 0  
  1626787871 458968305 0  
  1626787873 458968305 0  
  1626787874 458968305 0  
  1626787875 458968305 0  
  1626787876 458968305 0  
  1626787877 458968305 0  
  1626787878 458968305 0  
  1626787879 458968305 0  
  1626787880 458968305 0  
  1626787881 458968305 0  
  1626787882 458968305 0  
  1626787883 458968305 0  
  1626787884 458968305 0  
  1626787885 458968305 0  
  1626787886 458968305 0  
  1626787887 458968305 0  
  1626787888 458968305 0  
  1626787889 458968305 0  
  1626787890 458968305 0  
  1626787891 458968305 0  
  1626787892 458968305 0  
  1626787893 458968397 0  
  1626787894 458968397 0  
  1626787895 458968397 0  
  1626787896 458968397 0  
  1626787897 458968397 0  
  1626787898 458968397 0  
  1626787899 458968397 0  
  1626787900 458968397 0  
  1626787901 458968397 0  
  1626787902 458968397 0  
  1626787903 458968397 0  
  1626787904 458968397 0  
  1626787905 458968397 0  
  1626787906 458968397 0  
  1626787907 458968397 0  
  1626787908 458968397 0  
  1626787909 458968397 0  
  1626787910 458968397 0  
  1626787912 458968397 0  
  1626787913 458968397 0  
  1626787914 458968397 0  
  1626787915 458968397 0  
  1626787916 458968397 0  
  1626787917 458968397 0  
  1626787918 458968397 0  
  1626787919 458968397 0  
  1626787920 458968397 0  
  1626787921 458968397 0  
  1626787922 458968397 0  
  1626787923 458968397 0  
  1626787924 458968397 0  
  1626787925 458968397 0  
  1626787926 458968397 0  
  1626787927 458968397 0  
  1626787928 458968397 0  
  1626787929 458968397 0  
  1626787930 458968397 0  
  1626787931 458968397 0  
  1626787932 458968397 0  
  1626787933 458968397 0  
  1626787934 458968397 0  
  1626787935 458968397 0  
  1626787936 458968397 0  
  1626787937 458968397 0  
  1626787938 458968397 0  
  1626787939 458968397 0  
  1626787940 458968397 0  
  1626787941 458968397 0  
  1626787942 458968397 0  
  1626787943 458968397 0  
  1626787944 458968397 0  
  1626787945 458968397 0  
  1626787946 458968397 0  
  1626787947 458968397 0  
  1626787948 458968397 0  
  1626787950 458968397 0  
  1626787951 458968397 0  
  1626787952 458968397 0  
  1626787953 458968397 0  
  1626787954 458968397 0  
  1626787955 458968397 0  
  1626787956 458968397 0  
  1626787957 458968397 0  
  1626787958 458968397 0  
  1626787959 458968397 0  
  1626787960 458968397 0  
  1626787961 458968397 0  
  1626787962 458968397 0  
  1626787963 458968397 0  
  1626787964 458972706 0  
  1626787965 458973030 0  
  1626787966 458974334 0  
  1626787967 458974334 0  
  1626787968 458974334 0  
  1626787969 458974334 0  
  1626787970 458974334 0  
  1626787971 458974334 0  
  1626787972 458974334 0  
  1626787973 458974334 0  
  1626787974 458974334 0  
  1626787975 458974334 0  
  1626787976 458974334 0  
  1626787977 458974334 0  
  1626787978 458974334 0  
  1626787979 458974334 0  
  1626787980 458974334 0  
  1626787981 458974334 0  
  1626787982 458974334 0  
  1626787983 458974334 0  
  1626787984 458974334 0  
  1626787985 458974334 0  
  1626787986 458974334 0  
  1626787987 458974334 0  
  1626787989 458974334 0  
  1626787990 458974334 0  
  1626787991 458974334 0  
  1626787992 458974334 0  
  1626787993 458974334 0  
  1626787994 458974334 0  
  1626787995 458974334 0  
  1626787996 458974334 0  
  1626787997 458974334 0  
  1626787998 458974334 0  
  1626787999 458974334 0  
  1626788000 458974334 0  
  1626788001 458974334 0  
 