 1626889733 494850912 2925681  
  1626889734 494850912 2925681  
  1626889735 494850912 2925681  
  1626889736 494850912 2925681  
  1626889737 494850912 2925681  
  1626889738 494850912 2925681  
  1626889739 494850912 2925681  
  1626889740 494850912 2925681  
  1626889741 494850912 2925681  
  1626889742 494850912 2925681  
  1626889743 494850912 2925681  
  1626889744 494850912 2925681  
  1626889745 494850912 2925681  
  1626889746 494850912 2925681  
  1626889747 494850912 2925681  
  1626889748 494850912 2925681  
  1626889749 494850912 2925681  
  1626889750 494850912 2925681  
  1626889751 494850912 2925681  
  1626889752 494850912 2925681  
  1626889753 494850912 2925681  
  1626889754 494850912 2925681  
  1626889755 494850912 2925681  
  1626889756 494850912 2925681  
  1626889757 494850912 2925681  
  1626889759 494851250 2925681  
  1626889760 494851250 2925681  
  1626889761 494851250 2925681  
  1626889762 494851250 2925681  
  1626889763 494851250 2925681  
  1626889764 494851250 2925681  
  1626889765 494851250 2925681  
  1626889766 494851250 2925681  
  1626889767 494851250 2925681  
  1626889768 494851250 2925681  
  1626889769 494851250 2925681  
  1626889770 494851250 2925681  
  1626889771 494851250 2925681  
  1626889772 494851250 2925681  
  1626889773 494851250 2925681  
  1626889774 494851250 2925681  
  1626889775 494851250 2925681  
  1626889776 494851250 2925681  
  1626889777 494851250 2925681  
  1626889778 494851250 2925681  
  1626889779 494851250 2925681  
  1626889780 494851250 2925681  
  1626889781 494851250 2925681  
  1626889782 494851250 2925681  
  1626889783 494851250 2925681  
  1626889784 494851250 2925681  
  1626889785 494851250 2925681  
  1626889786 494851250 2925681  
  1626889787 494851250 2925681  
  1626889788 494851250 2925681  
  1626889789 494851250 2925681  
  1626889790 494851250 2925681  
  1626889791 494851250 2925681  
  1626889792 494851250 2925681  
  1626889793 494851250 2925681  
  1626889794 494851250 2925681  
  1626889795 494851250 2925681  
  1626889796 494851250 2925681  
  1626889798 494851250 2925681  
  1626889799 494851250 2925681  
  1626889800 494851250 2925681  
  1626889801 494851250 2925681  
  1626889802 494851250 2925681  
  1626889803 494851250 2925681  
  1626889804 494851250 2925681  
  1626889805 494851250 2925681  
  1626889806 494851250 2925681  
  1626889807 494851250 2925681  
  1626889808 494851250 2925681  
  1626889809 494851250 2925681  
  1626889810 494851250 2925681  
  1626889811 494851250 2925681  
  1626889812 494851250 2925681  
  1626889813 494851250 2925681  
  1626889814 494851250 2925681  
  1626889815 494851250 2925681  
  1626889816 494851250 2925681  
  1626889817 494851250 2925681  
  1626889818 494851250 2925681  
  1626889819 494851250 2925681  
  1626889820 494851250 2925681  
  1626889821 494851250 2925681  
  1626889822 494851250 2925681  
  1626889823 494851250 2925681  
  1626889824 494851250 2925681  
  1626889825 494851250 2925681  
  1626889826 494851250 2925681  
  1626889827 494851250 2925681  
  1626889828 494851250 2925681  
  1626889829 494851250 2925681  
  1626889830 494851250 2925681  
  1626889831 494851250 2925681  
  1626889832 494851250 2925681  
  1626889833 494851250 2925681  
  1626889834 494851607 2925681  
  1626889835 494851607 2925681  
  1626889836 494851607 2925681  
  1626889838 494851607 2925681  
  1626889839 494851607 2925681  
  1626889840 494851607 2925681  
  1626889841 494855916 2925681  
  1626889842 494856240 2925681  
  1626889843 494856812 2925681  
  1626889844 494856880 2925681  
  1626889845 494861513 2925681  
  1626889846 494861513 2925681  
  1626889847 494862221 2925681  
  1626889848 494862221 2925681  
  1626889849 494866350 2925681  
  1626889850 494871487 2925681  
  1626889851 494872195 2925681  
  1626889852 494872903 2925681  
  1626889853 494872903 2925681  
  1626889854 494872903 2925681  
  1626889855 494872995 2925681  
  1626889856 494872995 2925681  
  1626889857 494872995 2925681  
  1626889858 494872995 2925681  
  1626889859 494872995 2925681  
  1626889860 494872995 2925681  
  1626889861 494872995 2925681  
  1626889862 494872995 2925681  
  1626889863 494872995 2925681  
  1626889864 494872995 2925681  
  1626889865 494872995 2925681  
  1626889866 494872995 2925681  
  1626889867 494872995 2925681  
  1626889868 494873591 2925681  
  1626889869 494873591 2925681  
  1626889870 494873591 2925681  
  1626889871 494873591 2925681  
  1626889872 494873591 2925681  
  1626889873 494873591 2925681  
  1626889874 494873591 2925681  
  1626889875 494873591 2925681  
  1626889877 494873591 2925681  
  1626889878 494873591 2925681  
  1626889879 494873591 2925681  
  1626889880 494873591 2925681  
  1626889881 494873591 2925681  
  1626889882 494873591 2925681  
  1626889883 494873591 2925681  
  1626889884 494873591 2925681  
  1626889885 494873591 2925681  
  1626889886 494873591 2925681  
  1626889887 494873591 2925681  
  1626889888 494873591 2925681  
  1626889889 494873591 2925681  
  1626889890 494873591 2925681  
  1626889891 494873591 2925681  
  1626889892 494873591 2925681  
  1626889893 494873591 2925681  
  1626889894 494873591 2925681  
  1626889895 494873591 2925681  
  1626889896 494873591 2925681  
  1626889897 494873591 2925681  
  1626889898 494873591 2925681  
  1626889899 494873591 2925681  
  1626889900 494873591 2925681  
  1626889901 494873591 2925681  
  1626889902 494873591 2925681  
  1626889903 494873591 2925681  
  1626889904 494873591 2925681  
  1626889905 494873591 2925681  
  1626889906 494873591 2925681  
  1626889907 494873591 2925681  
  1626889908 494873591 2925681  
  1626889909 494873591 2925681  
  1626889910 494873591 2925681  
  1626889911 494873591 2925681  
  1626889912 494873929 2925681  
  1626889913 494873929 2925681  
  1626889914 494873929 2925681  
  1626889916 494873929 2925681  
  1626889917 494873929 2925681  
  1626889918 494873929 2925681  
  1626889919 494874021 2925681  
  1626889920 494874021 2925681  
  1626889921 494874021 2925681  
  1626889922 494874021 2925681  
  1626889923 494874021 2925681  
  1626889924 494874021 2925681  
  1626889925 494874021 2925681  
  1626889926 494874021 2925681  
  1626889927 494874021 2925681  
  1626889928 494874021 2925681  
  1626889929 494874021 2925681  
  1626889930 494874021 2925681  
  1626889931 494874021 2925681  
  1626889932 494874021 2925681  
  1626889933 494874021 2925681  
  1626889934 494874021 2925681  
  1626889935 494874021 2925681  
  1626889936 494874021 2925681  
  1626889937 494874021 2925681  
  1626889938 494874021 2925681  
  1626889939 494874021 2925681  
  1626889940 494874021 2925681  
  1626889941 494874021 2925681  
  1626889942 494874021 2925681  
  1626889943 494874021 2925681  
  1626889944 494874021 2925681  
  1626889945 494874021 2925681  
  1626889946 494874021 2925681  
  1626889947 494874021 2925681  
  1626889948 494874021 2925681  
  1626889949 494874021 2925681  
  1626889950 494874021 2925681  
  1626889951 494874021 2925681  
  1626889952 494874021 2925681  
  1626889954 494874021 2925681  
  1626889955 494874021 2925681  
  1626889956 494874021 2925681  
  1626889957 494874021 2925681  
  1626889958 494874021 2925681  
  1626889959 494874021 2925681  
  1626889960 494874021 2925681  
  1626889961 494874021 2925681  
  1626889962 494874021 2925681  
  1626889963 494874021 2925681  
  1626889964 494874021 2925681  
  1626889965 494874021 2925681  
  1626889966 494874021 2925681  
  1626889967 494874021 2925681  
  1626889968 494874021 2925681  
  1626889969 494874021 2925681  
  1626889970 494878330 2925681  
  1626889971 494878654 2925681  
  1626889972 494879362 2925681  
  1626889973 494879362 2925681  
  1626889974 494879362 2925681  
  1626889975 494879362 2925681  
  1626889976 494879362 2925681  
  1626889977 494879362 2925681  
  1626889978 494879362 2925681  
  1626889979 494879362 2925681  
  1626889980 494879362 2925681  
  1626889981 494879362 2925681  
  1626889982 494879362 2925681  
  1626889983 494879362 2925681  
  1626889984 494879362 2925681  
  1626889985 494879454 2925681  
  1626889986 494879454 2925681  
  1626889987 494879454 2925681  
  1626889988 494879454 2925681  
  1626889989 494879454 2925681  
  1626889990 494879454 2925681  
  1626889991 494879454 2925681  
  1626889992 494879454 2925681  
  1626889994 494879454 2925681  
  1626889995 494879454 2925681  
  1626889996 494879454 2925681  
  1626889997 494879454 2925681  
  1626889998 494879454 2925681  
  1626889999 494879454 2925681  
  1626890000 494879454 2925681  
  1626890001 494879454 2925681  
  1626890002 494879454 2925681  
  1626890003 494879454 2925681  
  1626890004 494879454 2925681  
  1626890005 494879454 2925681  
  1626890006 494879454 2925681  
  1626890007 494879454 2925681  
  1626890008 494879454 2925681  
  1626890009 494879454 2925681  
  1626890010 494879454 2925681  
  1626890011 494879454 2925681  
  1626890012 494879454 2925681  
  1626890013 494879454 2925681  
  1626890014 494879454 2925681  
  1626890015 494879454 2925681  
  1626890016 494879454 2925681  
  1626890017 494879454 2925681  
  1626890018 494879454 2925681  
  1626890019 494879454 2925681  
  1626890020 494879454 2925681  
  1626890021 494879454 2925681  
  1626890022 494879454 2925681  
  1626890023 494879454 2925681  
  1626890024 494879454 2925681  
  1626890025 494879454 2925681  
  1626890026 494879454 2925681  
  1626890027 494879454 2925681  
  1626890028 494879454 2925681  
  1626890029 494879454 2925681  
  1626890030 494879454 2925681  
  1626890031 494879454 2925681  
  1626890032 494879454 2925681  
  1626890034 494879454 2925681  
  1626890035 494879454 2925681  
  1626890036 494879454 2925681  
  1626890037 494879454 2925681  
  1626890038 494879454 2925681  
  1626890039 494879454 2925681  
  1626890040 494879454 2925681  
  1626890041 494879454 2925681  
  1626890042 494879454 2925681  
  1626890043 494879454 2925681  
  1626890044 494879454 2925681  
  1626890045 494879454 2925681  
  1626890046 494879454 2925681  
  1626890047 494879454 2925681  
  1626890048 494879454 2925681  
  1626890049 494879454 2925681  
  1626890050 494879454 2925681  
  1626890051 494879454 2925681  
  1626890052 494879454 2925681  
  1626890053 494879454 2925681  
  1626890054 494879454 2925681  
  1626890055 494879454 2925681  
  1626890056 494879454 2925681  
  1626890057 494879454 2925681  
  1626890058 494879454 2925681  
  1626890059 494879454 2925681  
  1626890060 494879454 2925681  
  1626890061 494879454 2925681  
  1626890062 494879454 2925681  
  1626890063 494879792 2925681  
  1626890064 494879792 2925681  
  1626890065 494879792 2925681  
  1626890066 494879792 2925681  
  1626890067 494879792 2925681  
  1626890068 494880388 2925681  
  1626890069 494880388 2925681  
  1626890070 494880388 2925681  
  1626890071 494880388 2925681  
  1626890073 494880388 2925681  
  1626890074 494880388 2925681  
  1626890075 494880388 2925681  
  1626890076 494880388 2925681  
  1626890077 494880388 2925681  
  1626890078 494880388 2925681  
  1626890079 494880388 2925681  
  1626890080 494880388 2925681  
  1626890081 494880388 2925681  
  1626890082 494880388 2925681  
  1626890083 494880388 2925681  
  1626890084 494880388 2925681  
  1626890085 494880388 2925681  
  1626890086 494880388 2925681  
  1626890087 494880388 2925681  
  1626890088 494880388 2925681  
  1626890089 494880388 2925681  
  1626890090 494880388 2925681  
  1626890091 494880388 2925681  
  1626890092 494880388 2925681  
  1626890093 494880388 2925681  
  1626890094 494880388 2925681  
  1626890095 494880388 2925681  
  1626890096 494880388 2925681  
  1626890097 494880388 2925681  
  1626890098 494880388 2925681  
  1626890099 494880388 2925681  
  1626890100 494880388 2925681  
  1626890101 494880388 2925681  
  1626890102 494880388 2925681  
  1626890103 494880388 2925681  
  1626890104 494880388 2925681  
  1626890105 494880388 2925681  
  1626890106 494880388 2925681  
  1626890107 494880388 2925681  
  1626890108 494880388 2925681  
  1626890109 494880388 2925681  
  1626890110 494880388 2925681  
  1626890112 494880388 2925681  
  1626890113 494880388 2925681  
  1626890114 494880388 2925681  
  1626890115 494880388 2925681  
  1626890116 494880480 2925681  
  1626890117 494880480 2925681  
  1626890118 494880480 2925681  
  1626890119 494880480 2925681  
  1626890120 494880480 2925681  
  1626890121 494880480 2925681  
  1626890122 494880480 2925681  
  1626890123 494880480 2925681  
  1626890124 494880480 2925681  
  1626890125 494880480 2925681  
  1626890126 494880480 2925681  
  1626890127 494880480 2925681  
  1626890128 494880480 2925681  
  1626890129 494880480 2925681  
  1626890130 494880480 2925681  
  1626890131 494880480 2925681  
  1626890132 494880480 2925681  
  1626890133 494880480 2925681  
  1626890134 494880837 2925681  
  1626890135 494880837 2925681  
  1626890136 494880837 2925681  
  1626890137 494880837 2925681  
  1626890138 494880837 2925681  
  1626890139 494880837 2925681  
  1626890140 494885146 2925681  
  1626890141 494885470 2925681  
  1626890142 494886178 2925681  
  1626890143 494886178 2925681  
  1626890144 494889075 2925681  
  1626890145 494890811 2925681  
  1626890146 494891519 2925681  
  1626890147 494891519 2925681  
  1626890148 494891519 2925681  
  1626890149 494898113 2925681  
  1626890150 494900785 2925681  
  1626890152 494902201 2925681  
  1626890153 494902201 2925681  
  1626890154 494902201 2925681  
  1626890155 494902201 2925681  
  1626890156 494902201 2925681  
  1626890157 494902201 2925681  
  1626890158 494902201 2925681  
  1626890159 494902201 2925681  
  1626890160 494902201 2925681  
  1626890161 494902201 2925681  
  1626890162 494902201 2925681  
  1626890163 494902201 2925681  
  1626890164 494902201 2925681  
  1626890165 494902201 2925681  
  1626890166 494902201 2925681  
  1626890167 494902201 2925681  
  1626890168 494902201 2925681  
  1626890169 494902201 2925681  
  1626890170 494902201 2925681  
  1626890171 494902201 2925681  
  1626890172 494902201 2925681  
  1626890173 494902201 2925681  
  1626890174 494902201 2925681  
  1626890175 494902201 2925681  
  1626890176 494902201 2925681  
  1626890177 494902201 2925681  
  1626890178 494902201 2925681  
  1626890179 494902293 2925681  
  1626890180 494902293 2925681  
  1626890181 494902293 2925681  
  1626890182 494902293 2925681  
  1626890183 494902293 2925681  
  1626890184 494902293 2925681  
  1626890185 494902293 2925681  
  1626890186 494902293 2925681  
  1626890187 494902293 2925681  
  1626890188 494902293 2925681  
  1626890189 494902293 2925681  
  1626890190 494902293 2925681  
  1626890192 494902293 2925681  
  1626890193 494902293 2925681  
  1626890194 494902293 2925681  
  1626890195 494902293 2925681  
  1626890196 494902293 2925681  
  1626890197 494902293 2925681  
  1626890198 494902293 2925681  
  1626890199 494902293 2925681  
  1626890200 494902293 2925681  
  1626890201 494902293 2925681  
  1626890202 494902293 2925681  
  1626890203 494902293 2925681  
  1626890204 494902293 2925681  
  1626890205 494902293 2925681  
  1626890206 494902293 2925681  
  1626890207 494902293 2925681  
  1626890208 494902293 2925681  
  1626890209 494902293 2925681  
  1626890210 494902293 2925681  
  1626890211 494902293 2925681  
  1626890212 494902293 2925681  
  1626890213 494902631 2925681  
  1626890214 494902631 2925681  
  1626890215 494902631 2925681  
  1626890216 494902631 2925681  
  1626890217 494902631 2925681  
  1626890218 494902631 2925681  
  1626890219 494902631 2925681  
  1626890220 494902631 2925681  
  1626890221 494902631 2925681  
  1626890222 494902631 2925681  
  1626890223 494902631 2925681  
  1626890224 494902631 2925681  
  1626890225 494902631 2925681  
  1626890226 494902631 2925681  
  1626890227 494902631 2925681  
  1626890228 494902631 2925681  
  1626890229 494902631 2925681  
  1626890230 494902631 2925681  
  1626890232 494902631 2925681  
  1626890233 494902631 2925681  
  1626890234 494902631 2925681  
  1626890235 494902631 2925681  
  1626890236 494902631 2925681  
  1626890237 494902631 2925681  
  1626890238 494902631 2925681  
  1626890239 494902631 2925681  
  1626890240 494902631 2925681  
  1626890241 494902631 2925681  
  1626890242 494902631 2925681  
  1626890243 494902631 2925681  
  1626890244 494902723 2925681  
  1626890245 494902723 2925681  
  1626890246 494902723 2925681  
  1626890247 494902723 2925681  
  1626890248 494902723 2925681  
  1626890249 494902723 2925681  
  1626890250 494902723 2925681  
  1626890251 494902723 2925681  
  1626890252 494902723 2925681  
  1626890253 494902723 2925681  
  1626890254 494902723 2925681  
  1626890255 494902723 2925681  
  1626890256 494902723 2925681  
  1626890257 494902723 2925681  
  1626890258 494902723 2925681  
  1626890259 494902723 2925681  
  1626890260 494902723 2925681  
  1626890261 494902723 2925681  
  1626890262 494902723 2925681  
  1626890263 494902723 2925681  
  1626890264 494902723 2925681  
  1626890265 494902791 2925681  
  1626890266 494902791 2925681  
  1626890267 494902791 2925681  
  1626890268 494903387 2925681  
  1626890269 494907516 2925681  
  1626890270 494908275 2925681  
  1626890272 494909176 2925681  
  1626890273 494909816 2925681  
  1626890274 494909816 2925681  
  1626890275 494909816 2925681  
  1626890276 494909816 2925681  
  1626890277 494909816 2925681  
  1626890278 494909816 2925681  
  1626890279 494909816 2925681  
  1626890280 494909816 2925681  
  1626890281 494909816 2925681  
  1626890282 494909816 2925681  
  1626890283 494909816 2925681  
  1626890284 494909816 2925681  
  1626890285 494909816 2925681  
  1626890286 494909816 2925681  
  1626890287 494909816 2925681  
  1626890288 494909816 2925681  
  1626890289 494909816 2925681  
  1626890290 494909816 2925681  
  1626890291 494909816 2925681  
  1626890292 494909816 2925681  
  1626890293 494909816 2925681  
  1626890294 494909816 2925681  
  1626890295 494909816 2925681  
  1626890296 494909816 2925681  
  1626890297 494909816 2925681  
  1626890298 494909816 2925681  
  1626890299 494909816 2925681  
  1626890300 494909816 2925681  
  1626890301 494909816 2925681  
  1626890302 494909816 2925681  
  1626890303 494909816 2925681  
  1626890304 494909816 2925681  
  1626890305 494909816 2925681  
  1626890306 494909816 2925681  
  1626890307 494909816 2925681  
  1626890308 494909816 2925681  
  1626890309 494909816 2925681  
  1626890311 494909816 2925681  
  1626890312 494909816 2925681  
  1626890313 494909816 2925681  
  1626890314 494909816 2925681  
  1626890315 494909816 2925681  
  1626890316 494909816 2925681  
  1626890317 494909816 2925681  
  1626890318 494909816 2925681  
  1626890319 494909816 2925681  
  1626890320 494909816 2925681  
  1626890321 494909816 2925681  
  1626890322 494909816 2925681  
  1626890323 494909816 2925681  
  1626890324 494909816 2925681  
  1626890325 494909816 2925681  
  1626890326 494909816 2925681  
  1626890327 494909816 2925681  
  1626890328 494909816 2925681  
  1626890329 494909816 2925681  
  1626890330 494909816 2925681  
  1626890331 494909816 2925681  
  1626890332 494909816 2925681  
  1626890333 494909816 2925681  
  1626890334 494909816 2925681  
  1626890335 494909816 2925681  
  1626890336 494909816 2925681  
  1626890337 494909816 2925681  
  1626890338 494909816 2925681  
  1626890339 494909816 2925681  
  1626890340 494909816 2925681  
  1626890341 494909816 2925681  
  1626890342 494909816 2925681  
  1626890343 494909816 2925681  
  1626890344 494909816 2925681  
  1626890345 494909816 2925681  
  1626890346 494909816 2925681  
  1626890347 494909816 2925681  
  1626890348 494909816 2925681  
  1626890349 494909816 2925681  
  1626890351 494909816 2925681  
  1626890352 494909816 2925681  
  1626890353 494909816 2925681  
  1626890354 494909816 2925681  
  1626890355 494909816 2925681  
  1626890356 494909816 2925681  
  1626890357 494909816 2925681  
  1626890358 494909816 2925681  
  1626890359 494910154 2925681  
  1626890360 494910154 2925681  
  1626890361 494910154 2925681  
  1626890362 494910154 2925681  
  1626890363 494910154 2925681  
  1626890364 494910154 2925681  
  1626890365 494910154 2925681  
  1626890366 494910154 2925681  
  1626890367 494910154 2925681  
 