 1627028403 510909184 174511  
  1627028404 510909184 174511  
  1627028405 510909184 174511  
  1627028406 510909184 174511  
  1627028407 510909184 174511  
  1627028408 510909184 174511  
  1627028409 510909184 174511  
  1627028410 510909184 174511  
  1627028411 510909276 174511  
  1627028412 510909276 174511  
  1627028413 510909276 174511  
  1627028414 510909276 174511  
  1627028415 510909276 174511  
  1627028416 510909276 174511  
  1627028417 510909276 174511  
  1627028418 510909276 174511  
  1627028420 510909276 174511  
  1627028421 510909276 174511  
  1627028422 510909276 174511  
  1627028423 510909276 174511  
  1627028424 510909276 174511  
  1627028425 510909276 174511  
  1627028426 510909276 174511  
  1627028427 510909276 174511  
  1627028428 510909276 174511  
  1627028429 510909276 174511  
  1627028430 510909276 174511  
  1627028431 510909633 174511  
  1627028432 510909633 174511  
  1627028433 510909633 174511  
  1627028434 510909633 174511  
  1627028435 510909633 174511  
  1627028436 510909633 174511  
  1627028437 510909633 174511  
  1627028438 510913942 174511  
  1627028439 510914266 174511  
  1627028440 510914266 174511  
  1627028441 510915118 174511  
  1627028442 510919607 174511  
  1627028443 510920315 174511  
  1627028444 510920315 174511  
  1627028445 510920315 174511  
  1627028446 510920315 174511  
  1627028447 510924948 174511  
  1627028448 510924948 174511  
  1627028449 510930289 174511  
  1627028450 510930289 174511  
  1627028451 510930997 174511  
  1627028452 510930997 174511  
  1627028453 510930997 174511  
  1627028454 510930997 174511  
  1627028455 510930997 174511  
  1627028456 510930997 174511  
  1627028457 510930997 174511  
  1627028459 510930997 174511  
  1627028460 510930997 174511  
  1627028461 510930997 174511  
  1627028462 510930997 174511  
  1627028463 510930997 174511  
  1627028464 510930997 174511  
  1627028465 510930997 174511  
  1627028466 510930997 174511  
  1627028467 510930997 174511  
  1627028468 510930997 174511  
  1627028469 510930997 174511  
  1627028470 510930997 174511  
  1627028471 510930997 174511  
  1627028472 510930997 174511  
  1627028473 510930997 174511  
  1627028474 510930997 174511  
  1627028475 510930997 174511  
  1627028476 510930997 174511  
  1627028477 510930997 174511  
  1627028478 510930997 174511  
  1627028479 510930997 174511  
  1627028480 510930997 174511  
  1627028481 510930997 174511  
  1627028482 510930997 174511  
  1627028483 510930997 174511  
  1627028484 510930997 174511  
  1627028485 510930997 174511  
  1627028486 510930997 174511  
  1627028487 510930997 174511  
  1627028488 510930997 174511  
  1627028489 510930997 174511  
  1627028490 510930997 174511  
  1627028491 510930997 174511  
  1627028492 510930997 174511  
  1627028493 510930997 174511  
  1627028494 510930997 174511  
  1627028495 510930997 174511  
  1627028496 510930997 174511  
  1627028498 510930997 174511  
  1627028499 510930997 174511  
  1627028500 510930997 174511  
  1627028501 510930997 174511  
  1627028502 510930997 174511  
  1627028503 510930997 174511  
  1627028504 510930997 174511  
  1627028505 510930997 174511  
  1627028506 510930997 174511  
  1627028507 510930997 174511  
  1627028508 510930997 174511  
  1627028509 510930997 174511  
  1627028510 510930997 174511  
  1627028511 510930997 174511  
  1627028512 510931079 174511  
  1627028513 510931079 174511  
  1627028514 510931079 174511  
  1627028515 510931079 174511  
  1627028516 510931079 174511  
  1627028517 510931079 174511  
  1627028518 510931079 174511  
  1627028519 510931079 174511  
  1627028520 510931079 174511  
  1627028521 510931079 174511  
  1627028522 510931079 174511  
  1627028523 510931079 174511  
  1627028524 510931079 174511  
  1627028525 510931079 174511  
  1627028526 510931079 174511  
  1627028527 510931079 174511  
  1627028528 510931079 174511  
  1627028529 510931079 174511  
  1627028530 510931079 174511  
  1627028531 510931079 174511  
  1627028532 510931079 174511  
  1627028533 510931079 174511  
  1627028534 510931079 174511  
  1627028535 510931079 174511  
  1627028536 510931079 174511  
  1627028538 510931079 174511  
  1627028539 510931079 174511  
  1627028540 510931079 174511  
  1627028541 510931079 174511  
  1627028542 510931079 174511  
  1627028543 510931079 174511  
  1627028544 510931079 174511  
  1627028545 510931079 174511  
  1627028546 510931079 174511  
  1627028547 510931079 174511  
  1627028548 510931079 174511  
  1627028549 510931079 174511  
  1627028550 510931079 174511  
  1627028551 510931079 174511  
  1627028552 510931079 174511  
  1627028553 510931079 174511  
  1627028554 510931079 174511  
  1627028555 510931079 174511  
  1627028556 510931079 174511  
  1627028557 510931079 174511  
  1627028558 510931079 174511  
  1627028559 510931079 174511  
  1627028560 510931079 174511  
  1627028561 510931079 174511  
  1627028562 510931079 174511  
  1627028563 510931079 174511  
  1627028564 510931079 174511  
  1627028565 510931079 174511  
  1627028566 510931079 174511  
  1627028567 510931171 174511  
  1627028568 510931171 174511  
  1627028569 510931171 174511  
  1627028570 510932766 174511  
  1627028571 510932766 174511  
  1627028572 510932766 174511  
  1627028573 510932766 174511  
  1627028574 510932766 174511  
  1627028575 510932766 174511  
  1627028576 510932766 174511  
  1627028578 510932766 174511  
  1627028579 510932766 174511  
  1627028580 510932766 174511  
  1627028581 510932766 174511  
  1627028582 510932766 174511  
  1627028583 510932766 174511  
  1627028584 510932766 174511  
  1627028585 510932766 174511  
  1627028586 510932766 174511  
  1627028587 510932766 174511  
  1627028588 510932766 174511  
  1627028589 510932766 174511  
  1627028590 510932766 174511  
  1627028591 510932766 174511  
  1627028592 510932766 174511  
  1627028593 510932766 174511  
  1627028594 510932766 174511  
  1627028595 510932766 174511  
  1627028596 510932766 174511  
  1627028597 510932766 174511  
  1627028598 510932766 174511  
  1627028599 510932766 174511  
  1627028600 510932766 174511  
  1627028601 510932766 174511  
  1627028602 510932766 174511  
  1627028603 510932766 174511  
  1627028604 510932766 174511  
  1627028605 510932766 174511  
  1627028606 510932766 174511  
  1627028607 510932766 174511  
  1627028608 510932766 174511  
  1627028609 510932766 174511  
  1627028610 510932766 174511  
  1627028611 510932766 174511  
  1627028612 510932766 174511  
  1627028613 510932766 174511  
  1627028614 510932766 174511  
  1627028615 510932766 174511  
  1627028616 510932766 174511  
  1627028618 510932766 174511  
  1627028619 510932766 174511  
  1627028620 510932766 174511  
  1627028621 510932766 174511  
  1627028622 510932766 174511  
  1627028623 510932766 174511  
  1627028624 510932766 174511  
  1627028625 510932766 174511  
  1627028626 510932766 174511  
  1627028627 510932766 174511  
  1627028628 510932766 174511  
  1627028629 510932766 174511  
  1627028630 510932766 174511  
  1627028631 510937075 174511  
  1627028632 510937399 174511  
  1627028633 510938107 174511  
  1627028634 510938107 174511  
  1627028635 510938107 174511  
  1627028636 510938107 174511  
  1627028637 510938107 174511  
  1627028638 510938107 174511  
  1627028639 510938107 174511  
  1627028640 510938107 174511  
  1627028641 510938107 174511  
  1627028642 510938107 174511  
  1627028643 510938107 174511  
  1627028644 510938107 174511  
  1627028645 510938107 174511  
  1627028646 510938107 174511  
  1627028647 510938107 174511  
  1627028648 510938107 174511  
  1627028649 510938107 174511  
  1627028650 510938107 174511  
  1627028651 510938107 174511  
  1627028652 510938107 174511  
  1627028653 510938107 174511  
  1627028654 510938107 174511  
  1627028655 510938107 174511  
  1627028656 510938107 174511  
  1627028658 510938107 174511  
  1627028659 510938107 174511  
  1627028660 510938107 174511  
  1627028661 510938107 174511  
  1627028662 510938107 174511  
  1627028663 510938107 174511  
  1627028664 510938107 174511  
  1627028665 510938107 174511  
  1627028666 510938107 174511  
  1627028667 510938107 174511  
  1627028668 510938199 174511  
  1627028669 510938199 174511  
  1627028670 510938199 174511  
  1627028671 510938199 174511  
  1627028672 510938199 174511  
  1627028673 510938199 174511  
  1627028674 510938199 174511  
  1627028675 510938199 174511  
  1627028676 510938199 174511  
  1627028677 510938199 174511  
  1627028678 510938199 174511  
  1627028679 510938199 174511  
  1627028680 510938199 174511  
  1627028681 510938199 174511  
  1627028682 510938199 174511  
  1627028683 510938199 174511  
  1627028684 510938199 174511  
  1627028685 510938199 174511  
  1627028686 510938199 174511  
  1627028687 510938199 174511  
  1627028688 510938199 174511  
  1627028689 510938199 174511  
  1627028690 510938199 174511  
  1627028691 510938199 174511  
  1627028692 510938199 174511  
  1627028693 510938199 174511  
  1627028694 510938199 174511  
  1627028695 510938199 174511  
  1627028697 510938199 174511  
  1627028698 510938291 174511  
  1627028699 510938291 174511  
  1627028700 510938291 174511  
  1627028701 510938291 174511  
  1627028702 510938291 174511  
  1627028703 510938291 174511  
  1627028704 510938291 174511  
  1627028705 510938291 174511  
  1627028706 510938291 174511  
  1627028707 510938291 174511  
  1627028708 510938291 174511  
  1627028709 510938291 174511  
  1627028710 510938291 174511  
  1627028711 510938291 174511  
  1627028712 510938291 174511  
  1627028713 510938291 174511  
  1627028714 510938291 174511  
  1627028715 510938291 174511  
  1627028716 510938291 174511  
  1627028717 510938291 174511  
  1627028718 510938291 174511  
  1627028719 510938291 174511  
  1627028720 510938291 174511  
  1627028721 510938291 174511  
  1627028722 510938291 174511  
  1627028723 510938291 174511  
  1627028724 510938291 174511  
  1627028725 510938359 174511  
 