 1626894976 483570579 0  
  1626894977 483570579 0  
  1626894978 483570579 0  
  1626894979 483570579 0  
  1626894980 483570579 0  
  1626894981 483570579 0  
  1626894982 483570579 0  
  1626894983 483570579 0  
  1626894984 483570579 0  
  1626894985 483570579 0  
  1626894986 483570579 0  
  1626894987 483570579 0  
  1626894988 483570579 0  
  1626894989 483570579 0  
  1626894990 483570579 0  
  1626894991 483570579 0  
  1626894992 483570579 0  
  1626894993 483570579 0  
  1626894994 483570579 0  
  1626894995 483570579 0  
  1626894996 483570579 0  
  1626894997 483570579 0  
  1626894998 483570579 0  
  1626894999 483570579 0  
  1626895000 483570579 0  
  1626895001 483570579 0  
  1626895002 483570579 0  
  1626895003 483570579 0  
  1626895004 483570579 0  
  1626895005 483570579 0  
  1626895007 483570579 0  
  1626895008 483570579 0  
  1626895009 483570579 0  
  1626895010 483570579 0  
  1626895011 483570579 0  
  1626895012 483570579 0  
  1626895013 483570579 0  
  1626895014 483570579 0  
  1626895015 483570579 0  
  1626895016 483570579 0  
  1626895017 483570579 0  
  1626895018 483570579 0  
  1626895019 483570579 0  
  1626895020 483570579 0  
  1626895021 483570579 0  
  1626895022 483570579 0  
  1626895023 483570579 0  
  1626895024 483570579 0  
  1626895025 483570579 0  
  1626895026 483570579 0  
  1626895027 483570579 0  
  1626895028 483570579 0  
  1626895029 483570579 0  
  1626895030 483570579 0  
  1626895031 483570579 0  
  1626895032 483570579 0  
  1626895033 483570579 0  
  1626895034 483570579 0  
  1626895035 483570579 0  
  1626895036 483570579 0  
  1626895037 483570579 0  
  1626895038 483570579 0  
  1626895039 483570579 0  
  1626895040 483570579 0  
  1626895041 483570579 0  
  1626895042 483570579 0  
  1626895043 483570579 0  
  1626895044 483570579 0  
  1626895045 483570579 0  
  1626895046 483570579 0  
  1626895048 483570579 0  
  1626895049 483570579 0  
  1626895050 483570579 0  
  1626895051 483570579 0  
  1626895052 483570579 0  
  1626895053 483570579 0  
  1626895054 483570579 0  
  1626895055 483570579 0  
  1626895056 483570579 0  
  1626895057 483570579 0  
  1626895058 483570579 0  
  1626895059 483570579 0  
  1626895060 483570579 0  
  1626895061 483570579 0  
  1626895062 483570579 0  
  1626895063 483570579 0  
  1626895064 483570579 0  
  1626895065 483570579 0  
  1626895066 483570579 0  
  1626895067 483570579 0  
  1626895068 483570579 0  
  1626895069 483570579 0  
  1626895070 483570579 0  
  1626895071 483570579 0  
  1626895072 483570579 0  
  1626895073 483570579 0  
  1626895074 483570579 0  
  1626895075 483572456 0  
  1626895076 483575212 0  
  1626895077 483575212 0  
  1626895078 483576012 0  
  1626895079 483576012 0  
  1626895080 483576012 0  
  1626895081 483576012 0  
  1626895082 483576012 0  
  1626895083 483576012 0  
  1626895084 483576012 0  
  1626895085 483576012 0  
  1626895086 483576012 0  
  1626895088 483576012 0  
  1626895089 483576012 0  
  1626895090 483576012 0  
  1626895091 483576012 0  
  1626895092 483576012 0  
  1626895093 483576012 0  
  1626895094 483576012 0  
  1626895095 483576012 0  
  1626895096 483576012 0  
  1626895097 483576012 0  
  1626895098 483576012 0  
  1626895099 483576012 0  
  1626895100 483576012 0  
  1626895101 483576012 0  
  1626895102 483576012 0  
  1626895103 483576012 0  
  1626895104 483576012 0  
  1626895105 483576012 0  
  1626895106 483576012 0  
  1626895107 483576012 0  
  1626895108 483576012 0  
  1626895109 483576012 0  
  1626895110 483576012 0  
  1626895111 483576012 0  
  1626895112 483576012 0  
  1626895113 483576012 0  
  1626895114 483576012 0  
  1626895115 483576012 0  
  1626895116 483576012 0  
  1626895117 483576012 0  
  1626895118 483576012 0  
  1626895119 483576012 0  
  1626895120 483576012 0  
  1626895121 483576012 0  
  1626895122 483576012 0  
  1626895123 483576012 0  
  1626895124 483576012 0  
  1626895125 483576012 0  
  1626895126 483576012 0  
  1626895128 483576012 0  
  1626895129 483576012 0  
  1626895130 483576012 0  
  1626895131 483576012 0  
  1626895132 483576012 0  
  1626895133 483576012 0  
  1626895134 483576012 0  
  1626895135 483576012 0  
  1626895136 483576012 0  
  1626895137 483576012 0  
  1626895138 483576012 0  
  1626895139 483576012 0  
  1626895140 483576012 0  
  1626895141 483576012 0  
  1626895142 483576012 0  
  1626895143 483576012 0  
  1626895144 483576012 0  
  1626895145 483576012 0  
  1626895146 483576012 0  
  1626895147 483576012 0  
  1626895148 483576012 0  
  1626895149 483576012 0  
  1626895150 483576012 0  
  1626895151 483576012 0  
  1626895152 483576012 0  
  1626895153 483576012 0  
  1626895154 483576012 0  
  1626895155 483576012 0  
  1626895156 483576012 0  
  1626895157 483576012 0  
  1626895158 483576012 0  
  1626895159 483576012 0  
  1626895160 483576012 0  
  1626895161 483576012 0  
  1626895162 483576012 0  
  1626895163 483576012 0  
  1626895164 483576012 0  
  1626895165 483576012 0  
  1626895167 483576012 0  
  1626895168 483576012 0  
  1626895169 483576608 0  
  1626895170 483576608 0  
  1626895171 483576608 0  
  1626895172 483576608 0  
  1626895173 483576608 0  
  1626895174 483576608 0  
  1626895175 483576608 0  
  1626895176 483576608 0  
  1626895177 483576608 0  
  1626895178 483576608 0  
  1626895179 483576608 0  
  1626895180 483576608 0  
  1626895181 483576608 0  
  1626895182 483576608 0  
  1626895183 483576608 0  
  1626895184 483576608 0  
  1626895185 483576608 0  
  1626895186 483576608 0  
  1626895187 483576608 0  
  1626895188 483576608 0  
  1626895189 483576608 0  
  1626895190 483576608 0  
  1626895191 483576608 0  
  1626895192 483576608 0  
  1626895193 483576608 0  
  1626895194 483576608 0  
  1626895195 483576608 0  
  1626895196 483576608 0  
  1626895197 483576608 0  
  1626895198 483576608 0  
  1626895199 483576608 0  
  1626895200 483576608 0  
  1626895201 483576608 0  
  1626895202 483576608 0  
  1626895203 483576608 0  
  1626895204 483576608 0  
  1626895205 483576608 0  
  1626895207 483576608 0  
  1626895208 483576608 0  
  1626895209 483576608 0  
  1626895210 483576608 0  
  1626895211 483576608 0  
  1626895212 483576700 0  
  1626895213 483576700 0  
  1626895214 483576700 0  
  1626895215 483576700 0  
  1626895216 483576700 0  
  1626895217 483576700 0  
  1626895218 483576700 0  
  1626895219 483576700 0  
  1626895220 483576700 0  
  1626895221 483576700 0  
  1626895222 483576700 0  
  1626895223 483576700 0  
  1626895224 483576700 0  
  1626895225 483576700 0  
  1626895226 483576700 0  
  1626895227 483576700 0  
  1626895228 483576700 0  
  1626895229 483576700 0  
  1626895230 483576700 0  
  1626895231 483576700 0  
  1626895232 483576700 0  
  1626895233 483576700 0  
  1626895234 483576700 0  
  1626895235 483576700 0  
  1626895236 483576700 0  
  1626895237 483576700 0  
  1626895238 483576700 0  
  1626895239 483576700 0  
  1626895240 483577057 0  
  1626895241 483577057 0  
  1626895242 483577057 0  
  1626895243 483577057 0  
  1626895244 483577057 0  
  1626895246 483581690 0  
  1626895247 483581690 0  
  1626895248 483582398 0  
  1626895249 483587031 0  
  1626895250 483587031 0  
  1626895251 483587671 0  
  1626895252 483587671 0  
  1626895253 483587671 0  
  1626895254 483596937 0  
  1626895255 483596937 0  
  1626895256 483598217 0  
  1626895257 483598217 0  
  1626895258 483598217 0  
  1626895259 483598217 0  
  1626895260 483598217 0  
  1626895261 483598217 0  
  1626895262 483598217 0  
  1626895263 483598217 0  
  1626895264 483598217 0  
  1626895265 483598217 0  
  1626895266 483598217 0  
  1626895267 483598217 0  
  1626895268 483598217 0  
  1626895269 483598217 0  
  1626895270 483598217 0  
  1626895271 483598217 0  
  1626895272 483598217 0  
  1626895273 483598217 0  
  1626895274 483598217 0  
  1626895275 483598217 0  
  1626895276 483598217 0  
  1626895277 483598217 0  
 