 1627024803 505487667 0  
  1627024804 505487667 0  
  1627024805 505487667 0  
  1627024806 505487667 0  
  1627024807 505487667 0  
  1627024808 505487667 0  
  1627024809 505487667 0  
  1627024810 505487667 0  
  1627024811 505487667 0  
  1627024812 505487667 0  
  1627024813 505487667 0  
  1627024814 505487667 0  
  1627024815 505487667 0  
  1627024816 505487667 0  
  1627024817 505487667 0  
  1627024818 505487667 0  
  1627024819 505487667 0  
  1627024820 505487667 0  
  1627024821 505487667 0  
  1627024822 505487667 0  
  1627024823 505487667 0  
  1627024824 505487667 0  
  1627024825 505487667 0  
  1627024826 505487667 0  
  1627024827 505487667 0  
  1627024828 505487667 0  
  1627024829 505487667 0  
  1627024830 505487667 0  
  1627024832 505487667 0  
  1627024833 505487667 0  
  1627024834 505487667 0  
  1627024835 505487667 0  
  1627024836 505487667 0  
  1627024837 505488024 0  
  1627024838 505488024 0  
  1627024839 505488024 0  
  1627024840 505488024 0  
  1627024841 505488024 0  
  1627024842 505488024 0  
  1627024843 505492333 0  
  1627024844 505492657 0  
  1627024845 505492657 0  
  1627024846 505497998 0  
  1627024847 505497998 0  
  1627024848 505498706 0  
  1627024849 505498706 0  
  1627024850 505498706 0  
  1627024851 505498706 0  
  1627024852 505503339 0  
  1627024853 505507972 0  
  1627024854 505509388 0  
  1627024855 505509388 0  
  1627024856 505509388 0  
  1627024857 505509388 0  
  1627024858 505509388 0  
  1627024859 505509388 0  
  1627024860 505509388 0  
  1627024861 505509388 0  
  1627024862 505509480 0  
  1627024863 505509480 0  
  1627024864 505509480 0  
  1627024865 505509480 0  
  1627024866 505509480 0  
  1627024867 505509480 0  
  1627024868 505509480 0  
  1627024869 505509480 0  
  1627024870 505509480 0  
  1627024872 505509480 0  
  1627024873 505509480 0  
  1627024874 505509480 0  
  1627024875 505509480 0  
  1627024876 505509480 0  
  1627024877 505509480 0  
  1627024878 505509480 0  
  1627024879 505509480 0  
  1627024880 505509480 0  
  1627024881 505509480 0  
  1627024882 505509480 0  
  1627024883 505509480 0  
  1627024884 505509480 0  
  1627024885 505509480 0  
  1627024886 505509480 0  
  1627024887 505509480 0  
  1627024888 505509480 0  
  1627024889 505509480 0  
  1627024890 505509480 0  
  1627024891 505509480 0  
  1627024892 505509480 0  
  1627024893 505509480 0  
  1627024894 505509480 0  
  1627024895 505509480 0  
  1627024896 505509480 0  
  1627024897 505509480 0  
  1627024898 505509480 0  
  1627024899 505509480 0  
  1627024900 505509480 0  
  1627024901 505509480 0  
  1627024902 505509480 0  
  1627024903 505509480 0  
  1627024904 505509480 0  
  1627024905 505509480 0  
  1627024906 505509480 0  
  1627024907 505509480 0  
  1627024908 505509480 0  
  1627024909 505509480 0  
  1627024910 505509480 0  
  1627024912 505509480 0  
  1627024913 505509480 0  
  1627024914 505509480 0  
  1627024915 505509480 0  
  1627024916 505509480 0  
  1627024917 505509480 0  
  1627024918 505509480 0  
  1627024919 505509480 0  
  1627024920 505509480 0  
  1627024921 505509480 0  
  1627024922 505509480 0  
  1627024923 505509480 0  
  1627024924 505509480 0  
  1627024925 505509480 0  
  1627024926 505509480 0  
  1627024927 505509480 0  
  1627024928 505509480 0  
  1627024929 505509480 0  
  1627024930 505509480 0  
  1627024931 505509480 0  
  1627024932 505509480 0  
  1627024933 505509480 0  
  1627024934 505509480 0  
  1627024935 505509480 0  
  1627024936 505509480 0  
  1627024937 505509480 0  
  1627024938 505509480 0  
  1627024939 505509480 0  
  1627024940 505509480 0  
  1627024941 505509480 0  
  1627024942 505509480 0  
  1627024943 505509480 0  
  1627024944 505509480 0  
  1627024945 505509480 0  
  1627024946 505509480 0  
  1627024947 505509480 0  
  1627024948 505509480 0  
  1627024949 505509480 0  
  1627024951 505509480 0  
  1627024952 505509818 0  
  1627024953 505509818 0  
  1627024954 505509818 0  
  1627024955 505509818 0  
  1627024956 505509818 0  
  1627024957 505509818 0  
  1627024958 505509818 0  
  1627024959 505509818 0  
  1627024960 505509818 0  
  1627024961 505509818 0  
  1627024962 505509818 0  
  1627024963 505509818 0  
  1627024964 505509818 0  
  1627024965 505509818 0  
  1627024966 505509818 0  
  1627024967 505509818 0  
  1627024968 505509818 0  
  1627024969 505509818 0  
  1627024970 505510414 0  
  1627024971 505510414 0  
  1627024972 505510414 0  
  1627024973 505510414 0  
  1627024974 505510414 0  
  1627024975 505510414 0  
  1627024976 505510414 0  
  1627024977 505510414 0  
  1627024978 505510414 0  
  1627024979 505510414 0  
  1627024980 505510506 0  
  1627024981 505510506 0  
  1627024982 505510506 0  
  1627024983 505510506 0  
  1627024984 505510506 0  
  1627024985 505510506 0  
  1627024986 505510506 0  
  1627024987 505510506 0  
  1627024988 505510506 0  
  1627024990 505510506 0  
  1627024991 505510506 0  
  1627024992 505510506 0  
  1627024993 505510506 0  
  1627024994 505510506 0  
  1627024995 505510506 0  
  1627024996 505510506 0  
  1627024997 505510506 0  
  1627024998 505510506 0  
  1627024999 505510506 0  
  1627025000 505510506 0  
  1627025001 505510506 0  
  1627025002 505510506 0  
  1627025003 505510506 0  
  1627025004 505510506 0  
  1627025005 505510506 0  
  1627025006 505510506 0  
  1627025007 505510506 0  
  1627025008 505510506 0  
  1627025009 505510506 0  
  1627025010 505510506 0  
  1627025011 505510506 0  
  1627025012 505510506 0  
  1627025013 505510506 0  
  1627025014 505510506 0  
  1627025015 505510506 0  
  1627025016 505510506 0  
  1627025017 505510506 0  
  1627025018 505510506 0  
  1627025019 505514815 0  
  1627025020 505515139 0  
  1627025021 505515847 0  
  1627025022 505515847 0  
  1627025023 505515847 0  
  1627025024 505515847 0  
  1627025025 505515847 0  
  1627025026 505515847 0  
  1627025027 505515847 0  
  1627025028 505515847 0  
  1627025030 505515847 0  
  1627025031 505515847 0  
  1627025032 505515847 0  
  1627025033 505515847 0  
  1627025034 505515847 0  
  1627025035 505515847 0  
  1627025036 505515847 0  
  1627025037 505515847 0  
  1627025038 505515847 0  
  1627025039 505515847 0  
  1627025040 505515847 0  
  1627025041 505516185 0  
  1627025042 505516185 0  
  1627025043 505516185 0  
  1627025044 505516185 0  
  1627025045 505516185 0  
  1627025046 505516185 0  
  1627025047 505516185 0  
  1627025048 505516185 0  
  1627025049 505516185 0  
  1627025050 505516185 0  
  1627025051 505516185 0  
  1627025052 505516185 0  
  1627025053 505516185 0  
  1627025054 505516185 0  
  1627025055 505516185 0  
  1627025056 505516185 0  
  1627025057 505516185 0  
  1627025058 505516185 0  
  1627025059 505516185 0  
  1627025060 505516185 0  
  1627025061 505516185 0  
  1627025062 505516185 0  
  1627025063 505516185 0  
  1627025064 505516185 0  
  1627025065 505516185 0  
  1627025066 505516185 0  
  1627025068 505516185 0  
  1627025069 505516185 0  
  1627025070 505516185 0  
  1627025071 505516185 0  
  1627025072 505516185 0  
  1627025073 505516185 0  
  1627025074 505516185 0  
  1627025075 505516185 0  
  1627025076 505516185 0  
  1627025077 505516185 0  
  1627025078 505516185 0  
  1627025079 505516185 0  
  1627025080 505516185 0  
  1627025081 505516185 0  
  1627025082 505516185 0  
  1627025083 505516185 0  
  1627025084 505516185 0  
  1627025085 505516185 0  
  1627025086 505516185 0  
  1627025087 505516185 0  
  1627025088 505516185 0  
  1627025089 505516185 0  
  1627025090 505516185 0  
  1627025091 505516185 0  
  1627025092 505516185 0  
  1627025093 505516185 0  
  1627025094 505516185 0  
  1627025095 505516185 0  
  1627025096 505516185 0  
  1627025097 505516185 0  
  1627025098 505516185 0  
  1627025099 505516185 0  
  1627025100 505516185 0  
  1627025101 505516185 0  
  1627025102 505516185 0  
  1627025103 505516185 0  
  1627025104 505516185 0  
  1627025105 505516185 0  
  1627025107 505516185 0  
  1627025108 505516185 0  
  1627025109 505516185 0  
  1627025110 505516185 0  
  1627025111 505516185 0  
  1627025112 505516185 0  
  1627025113 505516185 0  
  1627025114 505516185 0  
  1627025115 505516185 0  
  1627025116 505516185 0  
  1627025117 505516185 0  
  1627025118 505516185 0  
  1627025119 505516185 0  
  1627025120 505516185 0  
  1627025121 505516185 0  
  1627025122 505516185 0  
  1627025123 505516185 0  
  1627025124 505516185 0  
  1627025125 505516185 0  
 