 1626769048 456166253 0  
  1626769049 456166253 0  
  1626769050 456166253 0  
  1626769051 456166253 0  
  1626769052 456166253 0  
  1626769053 456166253 0  
  1626769054 456166253 0  
  1626769055 456166253 0  
  1626769056 456166253 0  
  1626769057 456166345 0  
  1626769058 456166345 0  
  1626769059 456166345 0  
  1626769060 456166345 0  
  1626769061 456166345 0  
  1626769062 456166345 0  
  1626769063 456166345 0  
  1626769064 456166345 0  
  1626769065 456166345 0  
  1626769066 456166345 0  
  1626769067 456166345 0  
  1626769068 456166345 0  
  1626769069 456166345 0  
  1626769070 456166345 0  
  1626769071 456166345 0  
  1626769072 456170654 0  
  1626769073 456170978 0  
  1626769074 456171618 0  
  1626769075 456171686 0  
  1626769076 456171686 0  
  1626769077 456171686 0  
  1626769078 456171686 0  
  1626769079 456171686 0  
  1626769080 456171686 0  
  1626769082 456171686 0  
  1626769083 456171686 0  
  1626769084 456171686 0  
  1626769085 456171686 0  
  1626769086 456171686 0  
  1626769087 456171686 0  
  1626769088 456171686 0  
  1626769089 456171686 0  
  1626769090 456171686 0  
  1626769091 456171686 0  
  1626769092 456171686 0  
  1626769093 456171686 0  
  1626769094 456171686 0  
  1626769095 456171686 0  
  1626769096 456171686 0  
  1626769097 456171686 0  
  1626769098 456171686 0  
  1626769099 456171686 0  
  1626769100 456171686 0  
  1626769101 456171686 0  
  1626769102 456171686 0  
  1626769103 456171686 0  
  1626769104 456171686 0  
  1626769105 456171686 0  
  1626769106 456171686 0  
  1626769107 456171686 0  
  1626769108 456171686 0  
  1626769109 456171686 0  
  1626769110 456171686 0  
  1626769111 456171686 0  
  1626769112 456171686 0  
  1626769113 456171686 0  
  1626769114 456171686 0  
  1626769115 456171686 0  
  1626769116 456171686 0  
  1626769117 456171686 0  
  1626769118 456171686 0  
  1626769119 456171686 0  
  1626769121 456171686 0  
  1626769122 456171686 0  
  1626769123 456171686 0  
  1626769124 456171686 0  
  1626769125 456171686 0  
  1626769126 456171686 0  
  1626769127 456171686 0  
  1626769128 456171686 0  
  1626769129 456171686 0  
  1626769130 456171686 0  
  1626769131 456171686 0  
  1626769132 456171686 0  
  1626769133 456171686 0  
  1626769134 456171686 0  
  1626769135 456171778 0  
  1626769136 456171778 0  
  1626769137 456171778 0  
  1626769138 456171778 0  
  1626769139 456171778 0  
  1626769140 456171778 0  
  1626769141 456171778 0  
  1626769142 456171778 0  
  1626769143 456171778 0  
  1626769144 456171778 0  
  1626769145 456171778 0  
  1626769146 456171778 0  
  1626769147 456171778 0  
  1626769148 456171778 0  
  1626769149 456171778 0  
  1626769150 456171778 0  
  1626769151 456171778 0  
  1626769152 456171778 0  
  1626769153 456171778 0  
  1626769154 456171778 0  
  1626769155 456171778 0  
  1626769156 456171778 0  
  1626769157 456171778 0  
  1626769158 456171778 0  
  1626769159 456171778 0  
  1626769160 456171778 0  
  1626769162 456171778 0  
  1626769163 456171778 0  
  1626769164 456171778 0  
  1626769165 456171778 0  
  1626769166 456172436 0  
  1626769167 456172436 0  
  1626769168 456172436 0  
  1626769169 456172436 0  
  1626769170 456172436 0  
  1626769171 456172436 0  
  1626769172 456172436 0  
  1626769173 456172436 0  
  1626769174 456172436 0  
  1626769175 456172436 0  
  1626769176 456172436 0  
  1626769177 456172436 0  
  1626769178 456172436 0  
  1626769179 456172436 0  
  1626769180 456172436 0  
  1626769181 456172436 0  
  1626769182 456172436 0  
  1626769183 456172436 0  
  1626769184 456172436 0  
  1626769185 456172436 0  
  1626769186 456172436 0  
  1626769187 456172528 0  
  1626769188 456172528 0  
  1626769189 456172528 0  
  1626769190 456172528 0  
  1626769191 456172528 0  
  1626769192 456172528 0  
  1626769193 456172528 0  
  1626769194 456172528 0  
  1626769195 456172528 0  
  1626769196 456172528 0  
  1626769197 456172528 0  
  1626769198 456172528 0  
  1626769199 456172620 0  
  1626769201 456172620 0  
  1626769202 456172620 0  
  1626769203 456172620 0  
  1626769204 456172620 0  
  1626769205 456172620 0  
  1626769206 456172620 0  
  1626769207 456172620 0  
  1626769208 456172620 0  
  1626769209 456176929 0  
  1626769210 456177253 0  
  1626769211 456177893 0  
  1626769212 456177893 0  
  1626769213 456177893 0  
  1626769214 456177893 0  
  1626769215 456177893 0  
  1626769216 456177893 0  
  1626769217 456177893 0  
  1626769218 456177893 0  
  1626769219 456177893 0  
  1626769220 456177893 0  
  1626769221 456177893 0  
  1626769222 456177893 0  
  1626769223 456182202 0  
  1626769224 456187159 0  
  1626769225 456192500 0  
  1626769226 456193208 0  
  1626769227 456193916 0  
  1626769228 456193916 0  
  1626769229 456193916 0  
  1626769230 456193916 0  
  1626769231 456193916 0  
  1626769232 456193916 0  
  1626769233 456193916 0  
  1626769234 456193916 0  
  1626769235 456193916 0  
  1626769236 456193916 0  
  1626769237 456193916 0  
  1626769238 456193916 0  
  1626769239 456193916 0  
  1626769240 456193916 0  
  1626769242 456193916 0  
  1626769243 456194273 0  
  1626769244 456194273 0  
  1626769245 456194273 0  
  1626769246 456194273 0  
  1626769247 456194273 0  
  1626769248 456194273 0  
  1626769249 456194273 0  
  1626769250 456194273 0  
  1626769251 456194273 0  
  1626769252 456194365 0  
  1626769253 456194365 0  
  1626769254 456194365 0  
  1626769255 456194365 0  
  1626769256 456194365 0  
  1626769257 456194365 0  
  1626769258 456194365 0  
  1626769259 456194365 0  
  1626769260 456194365 0  
  1626769261 456194365 0  
  1626769262 456194365 0  
  1626769263 456194365 0  
  1626769264 456194457 0  
  1626769265 456194457 0  
  1626769266 456194457 0  
  1626769267 456194457 0  
  1626769268 456194549 0  
  1626769269 456194549 0  
  1626769270 456194549 0  
  1626769271 456194549 0  
  1626769272 456194549 0  
  1626769273 456194549 0  
  1626769274 456194549 0  
  1626769275 456194549 0  
  1626769276 456194549 0  
  1626769277 456194549 0  
  1626769278 456194549 0  
  1626769279 456194549 0  
  1626769280 456194549 0  
  1626769282 456194549 0  
  1626769283 456194549 0  
  1626769284 456194549 0  
  1626769285 456194641 0  
  1626769286 456194641 0  
  1626769287 456194641 0  
  1626769288 456194641 0  
  1626769289 456194641 0  
  1626769290 456194641 0  
  1626769291 456194641 0  
  1626769292 456194641 0  
  1626769293 456194641 0  
  1626769294 456194641 0  
  1626769295 456194641 0  
  1626769296 456194641 0  
  1626769297 456194641 0  
  1626769298 456194641 0  
  1626769299 456194641 0  
  1626769300 456194641 0  
  1626769301 456194733 0  
  1626769302 456194733 0  
  1626769303 456194733 0  
  1626769304 456194733 0  
  1626769305 456194733 0  
  1626769306 456194733 0  
  1626769307 456194733 0  
  1626769308 456194733 0  
  1626769309 456194733 0  
  1626769310 456194733 0  
  1626769311 456194733 0  
  1626769312 456194733 0  
  1626769313 456194733 0  
  1626769314 456194733 0  
  1626769315 456194733 0  
  1626769316 456194825 0  
  1626769317 456194825 0  
  1626769318 456194825 0  
  1626769319 456194825 0  
  1626769321 456194825 0  
  1626769322 456194825 0  
  1626769323 456194825 0  
  1626769324 456194825 0  
  1626769325 456194825 0  
  1626769326 456194825 0  
  1626769327 456194825 0  
  1626769328 456194917 0  
  1626769329 456194917 0  
  1626769330 456194917 0  
  1626769331 456194917 0  
  1626769332 456194917 0  
  1626769333 456195009 0  
  1626769334 456195009 0  
  1626769335 456195009 0  
  1626769336 456195009 0  
  1626769337 456195009 0  
  1626769338 456195009 0  
  1626769339 456195009 0  
  1626769340 456195009 0  
  1626769341 456195009 0  
  1626769342 456195009 0  
  1626769343 456195009 0  
  1626769344 456195009 0  
  1626769345 456195009 0  
  1626769346 456195009 0  
  1626769347 456195009 0  
  1626769348 456195009 0  
  1626769349 456195101 0  
  1626769350 456195101 0  
  1626769351 456195101 0  
  1626769352 456195101 0  
  1626769353 456195101 0  
  1626769354 456195101 0  
  1626769355 456195101 0  
  1626769356 456195101 0  
  1626769357 456195101 0  
  1626769358 456195101 0  
  1626769359 456195101 0  
  1626769360 456195101 0  
  1626769362 456195101 0  
  1626769363 456195101 0  
  1626769364 456195101 0  
  1626769365 456195101 0  
  1626769366 456195919 0  
  1626769367 456195919 0  
  1626769368 456195919 0  
  1626769369 456195919 0  
  1626769370 456195919 0  
  1626769371 456195919 0  
  1626769372 456200228 0  
  1626769373 456200552 0  
  1626769374 456201260 0  
  1626769375 456201260 0  
  1626769376 456201260 0  
  1626769377 456201260 0  
  1626769378 456201260 0  
  1626769379 456201260 0  
  1626769380 456201260 0  
  1626769381 456201352 0  
  1626769382 456201352 0  
  1626769383 456201352 0  
  1626769384 456201352 0  
  1626769385 456201352 0  
  1626769386 456201352 0  
  1626769387 456201352 0  
  1626769388 456201352 0  
  1626769389 456201352 0  
  1626769390 456201352 0  
  1626769391 456201352 0  
  1626769392 456201352 0  
  1626769393 456201444 0  
  1626769394 456201444 0  
  1626769395 456201444 0  
  1626769396 456201444 0  
  1626769397 456201536 0  
  1626769398 456201536 0  
  1626769399 456201536 0  
  1626769400 456201536 0  
  1626769402 456201536 0  
  1626769403 456201536 0  
  1626769404 456201536 0  
  1626769405 456201536 0  
  1626769406 456201536 0  
  1626769407 456201536 0  
  1626769408 456201536 0  
  1626769409 456201536 0  
  1626769410 456201536 0  
  1626769411 456201536 0  
  1626769412 456201536 0  
  1626769413 456201628 0  
  1626769414 456201628 0  
  1626769415 456201812 0  
  1626769416 456201812 0  
  1626769417 456201812 0  
  1626769418 456201812 0  
  1626769419 456201812 0  
  1626769420 456201812 0  
  1626769421 456201812 0  
  1626769422 456201812 0  
  1626769423 456201812 0  
  1626769424 456201812 0  
  1626769425 456201812 0  
  1626769426 456201812 0  
  1626769427 456201812 0  
  1626769428 456201812 0  
  1626769429 456201904 0  
  1626769430 456201904 0  
  1626769431 456201904 0  
 