 1626779876 467293313 82307  
  1626779877 467293313 82307  
  1626779878 467293313 82307  
  1626779879 467293313 82307  
  1626779880 467293313 82307  
  1626779881 467293313 82307  
  1626779882 467293313 82307  
  1626779883 467293313 82307  
  1626779884 467293313 82307  
  1626779885 467293313 82307  
  1626779886 467293313 82307  
  1626779887 467293313 82307  
  1626779889 467293313 82307  
  1626779890 467293313 82307  
  1626779891 467293313 82307  
  1626779892 467293313 82307  
  1626779893 467293313 82307  
  1626779894 467293313 82307  
  1626779895 467293313 82307  
  1626779896 467293313 82307  
  1626779897 467293313 82307  
  1626779898 467293313 82307  
  1626779899 467293405 82307  
  1626779900 467293405 82307  
  1626779901 467293405 82307  
  1626779902 467293405 82307  
  1626779903 467293405 82307  
  1626779904 467293405 82307  
  1626779905 467293405 82307  
  1626779906 467293405 82307  
  1626779907 467293405 82307  
  1626779908 467293405 82307  
  1626779909 467293405 82307  
  1626779910 467293405 82307  
  1626779911 467293405 82307  
  1626779912 467293405 82307  
  1626779913 467293405 82307  
  1626779914 467293405 82307  
  1626779915 467293405 82307  
  1626779916 467293405 82307  
  1626779917 467293405 82307  
  1626779918 467293405 82307  
  1626779919 467293405 82307  
  1626779920 467293405 82307  
  1626779921 467293405 82307  
  1626779922 467293405 82307  
  1626779923 467293405 82307  
  1626779924 467293405 82307  
  1626779925 467293405 82307  
  1626779926 467293405 82307  
  1626779927 467293405 82307  
  1626779929 467293405 82307  
  1626779930 467293405 82307  
  1626779931 467293405 82307  
  1626779932 467293405 82307  
  1626779933 467293405 82307  
  1626779934 467293405 82307  
  1626779935 467293405 82307  
  1626779936 467293405 82307  
  1626779937 467293405 82307  
  1626779938 467293405 82307  
  1626779939 467293405 82307  
  1626779940 467293405 82307  
  1626779941 467293405 82307  
  1626779942 467293405 82307  
  1626779943 467293405 82307  
  1626779944 467293405 82307  
  1626779945 467293405 82307  
  1626779946 467293405 82307  
  1626779947 467293405 82307  
  1626779948 467293405 82307  
  1626779949 467293405 82307  
  1626779950 467293405 82307  
  1626779951 467293405 82307  
  1626779952 467293405 82307  
  1626779953 467293405 82307  
  1626779954 467293405 82307  
  1626779955 467293405 82307  
  1626779956 467293405 82307  
  1626779957 467293405 82307  
  1626779958 467293405 82307  
  1626779959 467293405 82307  
  1626779960 467293405 82307  
  1626779961 467293405 82307  
  1626779962 467293405 82307  
  1626779963 467293405 82307  
  1626779964 467293405 82307  
  1626779965 467293405 82307  
  1626779966 467293405 82307  
  1626779968 467293405 82307  
  1626779969 467293405 82307  
  1626779970 467293405 82307  
  1626779971 467293405 82307  
  1626779972 467293405 82307  
  1626779973 467293405 82307  
  1626779974 467293405 82307  
  1626779975 467293405 82307  
  1626779976 467293405 82307  
  1626779977 467293405 82307  
  1626779978 467293405 82307  
  1626779979 467293405 82307  
  1626779980 467293405 82307  
  1626779981 467293405 82307  
  1626779982 467293405 82307  
  1626779983 467293405 82307  
  1626779984 467293405 82307  
  1626779985 467293405 82307  
  1626779986 467293405 82307  
  1626779987 467293405 82307  
  1626779988 467293405 82307  
  1626779989 467293405 82307  
  1626779990 467293405 82307  
  1626779991 467293405 82307  
  1626779992 467293405 82307  
  1626779993 467293405 82307  
  1626779994 467293405 82307  
  1626779995 467293405 82307  
  1626779996 467293405 82307  
  1626779997 467293405 82307  
  1626779998 467293405 82307  
  1626779999 467293405 82307  
  1626780000 467293405 82307  
  1626780001 467293405 82307  
  1626780002 467293405 82307  
  1626780003 467293405 82307  
  1626780004 467293405 82307  
  1626780005 467293405 82307  
  1626780006 467297714 82307  
  1626780007 467298038 82307  
  1626780009 467298746 82307  
  1626780010 467298746 82307  
  1626780011 467298746 82307  
  1626780012 467298746 82307  
  1626780013 467298746 82307  
  1626780014 467298746 82307  
  1626780015 467298746 82307  
  1626780016 467298746 82307  
  1626780017 467298746 82307  
  1626780018 467298746 82307  
  1626780019 467298746 82307  
  1626780020 467298746 82307  
  1626780021 467303311 82307  
  1626780022 467308012 82307  
  1626780023 467313353 82307  
  1626780024 467314061 82307  
  1626780025 467314769 82307  
  1626780026 467314769 82307  
  1626780027 467314769 82307  
  1626780028 467314769 82307  
  1626780029 467314861 82307  
  1626780030 467314861 82307  
  1626780031 467314861 82307  
  1626780032 467314861 82307  
  1626780033 467314861 82307  
  1626780034 467314861 82307  
  1626780035 467314861 82307  
  1626780036 467314861 82307  
  1626780037 467314861 82307  
  1626780038 467314861 82307  
  1626780039 467314861 82307  
  1626780040 467315218 82307  
  1626780041 467315218 82307  
  1626780042 467315218 82307  
  1626780043 467315218 82307  
  1626780044 467315218 82307  
  1626780045 467315218 82307  
  1626780046 467315218 82307  
  1626780047 467315218 82307  
  1626780049 467315218 82307  
  1626780050 467315218 82307  
  1626780051 467315218 82307  
  1626780052 467315218 82307  
  1626780053 467315218 82307  
  1626780054 467315218 82307  
  1626780055 467315218 82307  
  1626780056 467315218 82307  
  1626780057 467315218 82307  
  1626780058 467315218 82307  
  1626780059 467315218 82307  
  1626780060 467315218 82307  
  1626780061 467315218 82307  
  1626780062 467315218 82307  
  1626780063 467315218 82307  
  1626780064 467315218 82307  
  1626780065 467315814 82307  
  1626780066 467315814 82307  
  1626780067 467315814 82307  
  1626780068 467315814 82307  
  1626780069 467315814 82307  
  1626780070 467315814 82307  
  1626780071 467315814 82307  
  1626780072 467315814 82307  
  1626780073 467315814 82307  
  1626780074 467315814 82307  
  1626780075 467315814 82307  
  1626780076 467315814 82307  
  1626780077 467315814 82307  
  1626780078 467315814 82307  
  1626780079 467315814 82307  
  1626780080 467315814 82307  
  1626780081 467315814 82307  
  1626780082 467315814 82307  
  1626780083 467315814 82307  
  1626780084 467315814 82307  
  1626780085 467315814 82307  
  1626780086 467315814 82307  
  1626780088 467315814 82307  
  1626780089 467315814 82307  
  1626780090 467315814 82307  
  1626780091 467315814 82307  
  1626780092 467315814 82307  
  1626780093 467315814 82307  
  1626780094 467315906 82307  
  1626780095 467315906 82307  
  1626780096 467315906 82307  
  1626780097 467315906 82307  
  1626780098 467315906 82307  
  1626780099 467315906 82307  
  1626780100 467315906 82307  
  1626780101 467315906 82307  
  1626780102 467315906 82307  
  1626780103 467315906 82307  
  1626780104 467315906 82307  
  1626780105 467315906 82307  
  1626780106 467315906 82307  
  1626780107 467315906 82307  
  1626780108 467315906 82307  
  1626780109 467315906 82307  
  1626780110 467315906 82307  
  1626780111 467315906 82307  
  1626780112 467315906 82307  
  1626780113 467315906 82307  
  1626780114 467315906 82307  
  1626780115 467315906 82307  
  1626780116 467315906 82307  
  1626780117 467315906 82307  
  1626780118 467315906 82307  
  1626780119 467315906 82307  
  1626780120 467315906 82307  
  1626780121 467315906 82307  
  1626780122 467315906 82307  
  1626780123 467315906 82307  
  1626780124 467315906 82307  
  1626780125 467315906 82307  
  1626780126 467315906 82307  
  1626780128 467315906 82307  
  1626780129 467315906 82307  
  1626780130 467315906 82307  
  1626780131 467315906 82307  
  1626780132 467315906 82307  
  1626780133 467315906 82307  
  1626780134 467315906 82307  
  1626780135 467315906 82307  
  1626780136 467315906 82307  
  1626780137 467315906 82307  
  1626780138 467315906 82307  
  1626780139 467315906 82307  
  1626780140 467315906 82307  
  1626780141 467315906 82307  
  1626780142 467315906 82307  
  1626780143 467315906 82307  
  1626780144 467315906 82307  
  1626780145 467315906 82307  
  1626780146 467315906 82307  
  1626780147 467315906 82307  
  1626780148 467315906 82307  
  1626780149 467315906 82307  
  1626780150 467315906 82307  
  1626780151 467315906 82307  
  1626780152 467315906 82307  
  1626780153 467315906 82307  
  1626780154 467315906 82307  
  1626780155 467315906 82307  
  1626780156 467315906 82307  
  1626780157 467315906 82307  
  1626780158 467315998 82307  
  1626780159 467315998 82307  
  1626780160 467315998 82307  
  1626780161 467315998 82307  
  1626780162 467315998 82307  
  1626780163 467315998 82307  
  1626780164 467315998 82307  
  1626780165 467315998 82307  
  1626780167 467315998 82307  
  1626780168 467315998 82307  
  1626780169 467315998 82307  
  1626780170 467320307 82307  
  1626780171 467320631 82307  
  1626780172 467321339 82307  
  1626780173 467321339 82307  
  1626780174 467321339 82307  
  1626780175 467321339 82307  
  1626780176 467321339 82307  
  1626780177 467321339 82307  
  1626780178 467321339 82307  
  1626780179 467321339 82307  
  1626780180 467321339 82307  
  1626780181 467321339 82307  
  1626780182 467321339 82307  
  1626780183 467321339 82307  
  1626780184 467321339 82307  
  1626780185 467321339 82307  
  1626780186 467321339 82307  
  1626780187 467321339 82307  
  1626780188 467321339 82307  
  1626780189 467321339 82307  
  1626780190 467321339 82307  
  1626780191 467321339 82307  
  1626780192 467321339 82307  
  1626780193 467321339 82307  
  1626780194 467321339 82307  
  1626780195 467321339 82307  
  1626780196 467321339 82307  
  1626780197 467321339 82307  
  1626780198 467321339 82307  
 