 1626773489 459921485 76767  
  1626773490 459921485 76767  
  1626773491 459921485 76767  
  1626773492 459921485 76767  
  1626773493 459921485 76767  
  1626773494 459921485 76767  
  1626773495 459921485 76767  
  1626773496 459921485 76767  
  1626773497 459921485 76767  
  1626773498 459921485 76767  
  1626773499 459921485 76767  
  1626773500 459921485 76767  
  1626773501 459921485 76767  
  1626773502 459921485 76767  
  1626773503 459921485 76767  
  1626773504 459921485 76767  
  1626773505 459921485 76767  
  1626773506 459921485 76767  
  1626773507 459921485 76767  
  1626773508 459921485 76767  
  1626773509 459921485 76767  
  1626773510 459921485 76767  
  1626773511 459921485 76767  
  1626773512 459921485 76767  
  1626773513 459921485 76767  
  1626773514 459921485 76767  
  1626773515 459921485 76767  
  1626773516 459921485 76767  
  1626773517 459921485 76767  
  1626773518 459921485 76767  
  1626773519 459921669 76767  
  1626773521 459921669 76767  
  1626773522 459921669 76767  
  1626773523 459921669 76767  
  1626773524 459921669 76767  
  1626773525 459921669 76767  
  1626773526 459921669 76767  
  1626773527 459921669 76767  
  1626773528 459921669 76767  
  1626773529 459921669 76767  
  1626773530 459921669 76767  
  1626773531 459921669 76767  
  1626773532 459921669 76767  
  1626773533 459921669 76767  
  1626773534 459921669 76767  
  1626773535 459921669 76767  
  1626773536 459921669 76767  
  1626773537 459921669 76767  
  1626773538 459921669 76767  
  1626773539 459921669 76767  
  1626773540 459921669 76767  
  1626773541 459921669 76767  
  1626773542 459921669 76767  
  1626773543 459921669 76767  
  1626773544 459921669 76767  
  1626773545 459921669 76767  
  1626773546 459921669 76767  
  1626773547 459921669 76767  
  1626773548 459921669 76767  
  1626773549 459921669 76767  
  1626773550 459921669 76767  
  1626773551 459921669 76767  
  1626773552 459921669 76767  
  1626773553 459921669 76767  
  1626773554 459921669 76767  
  1626773555 459921669 76767  
  1626773556 459921669 76767  
  1626773557 459921669 76767  
  1626773558 459921669 76767  
  1626773560 459921669 76767  
  1626773561 459921669 76767  
  1626773562 459921669 76767  
  1626773563 459921669 76767  
  1626773564 459921669 76767  
  1626773565 459925978 76767  
  1626773566 459926302 76767  
  1626773567 459926302 76767  
  1626773568 459927010 76767  
  1626773569 459927010 76767  
  1626773570 459927010 76767  
  1626773571 459927010 76767  
  1626773572 459927010 76767  
  1626773573 459927010 76767  
  1626773574 459927010 76767  
  1626773575 459927010 76767  
  1626773576 459927010 76767  
  1626773577 459927010 76767  
  1626773578 459927010 76767  
  1626773579 459927010 76767  
  1626773580 459927010 76767  
  1626773581 459927010 76767  
  1626773582 459927010 76767  
  1626773583 459927010 76767  
  1626773584 459927102 76767  
  1626773585 459927102 76767  
  1626773586 459927102 76767  
  1626773587 459927102 76767  
  1626773588 459927102 76767  
  1626773589 459927102 76767  
  1626773590 459927102 76767  
  1626773591 459927102 76767  
  1626773592 459927102 76767  
  1626773593 459927102 76767  
  1626773594 459927102 76767  
  1626773595 459927102 76767  
  1626773596 459927102 76767  
  1626773597 459927102 76767  
  1626773599 459927102 76767  
  1626773600 459927102 76767  
  1626773601 459927102 76767  
  1626773602 459927102 76767  
  1626773603 459927102 76767  
  1626773604 459927102 76767  
  1626773605 459927102 76767  
  1626773606 459927102 76767  
  1626773607 459927102 76767  
  1626773608 459927102 76767  
  1626773609 459927102 76767  
  1626773610 459927102 76767  
  1626773611 459927102 76767  
  1626773612 459927102 76767  
  1626773613 459927102 76767  
  1626773614 459927102 76767  
  1626773615 459927102 76767  
  1626773616 459927102 76767  
  1626773617 459927102 76767  
  1626773618 459927102 76767  
  1626773619 459927102 76767  
  1626773620 459927102 76767  
  1626773621 459927102 76767  
  1626773622 459927102 76767  
  1626773623 459927102 76767  
  1626773624 459927102 76767  
  1626773625 459927102 76767  
  1626773626 459927102 76767  
  1626773627 459927102 76767  
  1626773628 459927102 76767  
  1626773629 459927102 76767  
  1626773630 459927102 76767  
  1626773631 459927102 76767  
  1626773632 459927102 76767  
  1626773633 459927102 76767  
  1626773634 459927102 76767  
  1626773635 459927102 76767  
  1626773636 459927102 76767  
  1626773638 459927102 76767  
  1626773639 459927102 76767  
  1626773640 459927102 76767  
  1626773641 459927102 76767  
  1626773642 459927102 76767  
  1626773643 459927102 76767  
  1626773644 459927102 76767  
  1626773645 459927102 76767  
  1626773646 459927102 76767  
  1626773647 459927102 76767  
  1626773648 459927440 76767  
  1626773649 459927532 76767  
  1626773650 459927624 76767  
  1626773651 459927624 76767  
  1626773652 459927624 76767  
  1626773653 459927624 76767  
  1626773654 459927624 76767  
  1626773655 459927624 76767  
  1626773656 459927624 76767  
  1626773657 459927624 76767  
  1626773658 459927624 76767  
  1626773659 459927624 76767  
  1626773660 459927624 76767  
  1626773661 459927624 76767  
  1626773662 459927624 76767  
  1626773663 459927624 76767  
  1626773664 459927624 76767  
  1626773665 459928220 76767  
  1626773666 459928220 76767  
  1626773667 459928220 76767  
  1626773668 459928220 76767  
  1626773669 459928220 76767  
  1626773670 459928220 76767  
  1626773671 459928220 76767  
  1626773672 459928220 76767  
  1626773673 459928220 76767  
  1626773674 459928220 76767  
  1626773675 459928220 76767  
  1626773677 459928220 76767  
  1626773678 459928220 76767  
  1626773679 459928220 76767  
  1626773680 459928220 76767  
  1626773681 459928220 76767  
  1626773682 459928220 76767  
  1626773683 459928220 76767  
  1626773684 459928220 76767  
  1626773685 459928220 76767  
  1626773686 459928220 76767  
  1626773687 459928220 76767  
  1626773688 459928220 76767  
  1626773689 459928220 76767  
  1626773690 459928220 76767  
  1626773691 459928220 76767  
  1626773692 459928220 76767  
  1626773693 459928220 76767  
  1626773694 459928220 76767  
  1626773695 459928220 76767  
  1626773696 459928558 76767  
  1626773697 459928558 76767  
  1626773698 459928558 76767  
  1626773699 459928558 76767  
  1626773700 459928558 76767  
  1626773701 459932867 76767  
  1626773702 459933191 76767  
  1626773703 459933831 76767  
  1626773704 459933899 76767  
  1626773705 459933899 76767  
  1626773706 459933899 76767  
  1626773707 459933899 76767  
  1626773708 459933899 76767  
  1626773709 459933899 76767  
  1626773710 459933899 76767  
  1626773711 459933899 76767  
  1626773712 459933899 76767  
  1626773713 459933991 76767  
  1626773714 459933991 76767  
  1626773716 459938300 76767  
  1626773717 459938624 76767  
  1626773718 459943965 76767  
  1626773719 459949238 76767  
  1626773720 459949306 76767  
  1626773721 459950014 76767  
  1626773722 459950014 76767  
  1626773723 459950014 76767  
  1626773724 459950014 76767  
  1626773725 459950014 76767  
  1626773726 459950014 76767  
  1626773727 459950014 76767  
  1626773728 459950014 76767  
  1626773729 459950014 76767  
  1626773730 459950014 76767  
  1626773731 459950014 76767  
  1626773732 459950014 76767  
  1626773733 459950014 76767  
  1626773734 459950371 76767  
  1626773735 459950371 76767  
  1626773736 459950371 76767  
  1626773737 459950371 76767  
  1626773738 459950371 76767  
  1626773739 459950371 76767  
  1626773740 459950371 76767  
  1626773741 459950371 76767  
  1626773742 459950371 76767  
  1626773743 459950371 76767  
  1626773744 459950371 76767  
  1626773745 459950371 76767  
  1626773746 459950371 76767  
  1626773747 459950371 76767  
  1626773748 459950371 76767  
  1626773749 459950371 76767  
  1626773750 459950371 76767  
  1626773751 459950371 76767  
  1626773752 459950371 76767  
  1626773753 459950371 76767  
  1626773755 459950371 76767  
  1626773756 459950371 76767  
  1626773757 459950371 76767  
  1626773758 459950371 76767  
  1626773759 459950371 76767  
  1626773760 459950371 76767  
  1626773761 459950371 76767  
  1626773762 459950371 76767  
  1626773763 459950371 76767  
  1626773764 459950371 76767  
  1626773765 459950371 76767  
  1626773766 459950371 76767  
  1626773767 459950371 76767  
  1626773768 459950371 76767  
  1626773769 459950371 76767  
  1626773770 459950371 76767  
  1626773771 459950371 76767  
  1626773772 459950371 76767  
  1626773773 459950371 76767  
  1626773774 459950371 76767  
  1626773775 459950371 76767  
  1626773776 459950371 76767  
  1626773777 459950371 76767  
  1626773778 459950463 76767  
  1626773779 459950555 76767  
  1626773780 459950555 76767  
  1626773781 459950555 76767  
  1626773782 459950555 76767  
  1626773783 459950555 76767  
  1626773784 459950555 76767  
  1626773785 459950555 76767  
  1626773786 459950555 76767  
  1626773787 459950555 76767  
  1626773788 459950555 76767  
  1626773789 459950555 76767  
  1626773790 459950555 76767  
  1626773791 459950555 76767  
  1626773793 459950555 76767  
  1626773794 459950555 76767  
  1626773795 459950555 76767  
  1626773796 459950555 76767  
  1626773797 459950555 76767  
  1626773798 459950555 76767  
  1626773799 459950555 76767  
  1626773800 459950555 76767  
  1626773801 459950555 76767  
  1626773802 459950555 76767  
  1626773803 459950555 76767  
  1626773804 459950555 76767  
  1626773805 459950555 76767  
  1626773806 459950555 76767  
  1626773807 459950555 76767  
  1626773808 459950555 76767  
  1626773809 459950555 76767  
  1626773810 459950555 76767  
  1626773811 459950555 76767  
  1626773812 459950555 76767  
  1626773813 459950555 76767  
  1626773814 459950555 76767  
  1626773815 459950555 76767  
  1626773816 459950555 76767  
  1626773817 459950555 76767  
  1626773818 459950555 76767  
  1626773819 459950555 76767  
  1626773820 459950555 76767  
  1626773821 459950555 76767  
  1626773822 459950555 76767  
  1626773823 459950555 76767  
  1626773824 459950555 76767  
  1626773825 459950555 76767  
  1626773826 459950555 76767  
  1626773827 459950555 76767  
  1626773828 459950555 76767  
  1626773829 459950555 76767  
  1626773830 459950555 76767  
  1626773832 459950555 76767  
  1626773833 459950555 76767  
  1626773834 459950555 76767  
  1626773835 459950555 76767  
  1626773836 459950555 76767  
  1626773837 459950555 76767  
  1626773838 459950555 76767  
  1626773839 459950555 76767  
  1626773840 459950555 76767  
  1626773841 459950555 76767  
  1626773842 459950555 76767  
  1626773843 459950555 76767  
  1626773844 459950555 76767  
  1626773845 459950555 76767  
  1626773846 459950893 76767  
  1626773847 459950893 76767  
  1626773848 459950893 76767  
  1626773849 459950893 76767  
  1626773850 459950893 76767  
  1626773851 459950893 76767  
  1626773852 459950893 76767  
  1626773853 459950893 76767  
  1626773854 459950893 76767  
  1626773855 459950893 76767  
  1626773856 459950893 76767  
  1626773857 459950893 76767  
  1626773858 459950893 76767  
  1626773859 459950893 76767  
  1626773860 459950893 76767  
  1626773861 459950893 76767  
  1626773862 459950893 76767  
  1626773863 459950893 76767  
  1626773864 459955202 76767  
  1626773865 459956122 76767  
  1626773866 459956830 76767  
  1626773867 459956830 76767  
  1626773868 459956830 76767  
  1626773869 459956830 76767  
  1626773871 459956830 76767  
  1626773872 459956830 76767  
  1626773873 459956830 76767  
  1626773874 459956830 76767  
  1626773875 459956830 76767  
  1626773876 459956830 76767  
  1626773877 459956830 76767  
  1626773878 459956830 76767  
  1626773879 459956830 76767  
  1626773880 459956830 76767  
  1626773881 459956830 76767  
  1626773882 459956830 76767  
  1626773883 459956830 76767  
  1626773884 459956830 76767  
  1626773885 459956830 76767  
  1626773886 459956830 76767  
  1626773887 459956830 76767  
  1626773888 459956830 76767  
  1626773889 459956830 76767  
  1626773890 459956830 76767  
  1626773891 459956830 76767  
  1626773892 459956830 76767  
  1626773893 459956830 76767  
  1626773894 459956830 76767  
  1626773895 459956830 76767  
  1626773896 459956830 76767  
  1626773897 459956830 76767  
  1626773898 459956830 76767  
  1626773899 459956830 76767  
  1626773900 459956830 76767  
  1626773901 459956830 76767  
  1626773902 459956830 76767  
  1626773903 459956830 76767  
  1626773904 459956830 76767  
  1626773905 459956830 76767  
  1626773906 459956830 76767  
  1626773907 459956830 76767  
  1626773908 459957014 76767  
  1626773909 459957014 76767  
  1626773911 459957014 76767  
  1626773912 459957014 76767  
  1626773913 459957014 76767  
  1626773914 459957014 76767  
  1626773915 459957014 76767  
  1626773916 459957014 76767  
  1626773917 459957014 76767  
  1626773918 459957014 76767  
  1626773919 459957014 76767  
  1626773920 459957014 76767  
  1626773921 459957014 76767  
  1626773922 459957014 76767  
  1626773923 459957014 76767  
  1626773924 459957014 76767  
  1626773925 459957014 76767  
  1626773926 459957014 76767  
  1626773927 459957014 76767  
  1626773928 459957014 76767  
  1626773929 459957014 76767  
  1626773930 459957014 76767  
  1626773931 459957014 76767  
  1626773932 459957014 76767  
  1626773933 459957014 76767  
  1626773934 459957014 76767  
  1626773935 459957014 76767  
  1626773936 459957014 76767  
  1626773937 459957014 76767  
  1626773938 459957014 76767  
  1626773939 459957014 76767  
  1626773940 459957014 76767  
  1626773941 459957014 76767  
  1626773942 459957014 76767  
  1626773943 459957014 76767  
  1626773944 459957014 76767  
  1626773945 459957014 76767  
  1626773946 459957014 76767  
  1626773947 459957014 76767  
  1626773948 459957014 76767  
  1626773950 459957014 76767  
  1626773951 459957014 76767  
  1626773952 459957014 76767  
  1626773953 459957014 76767  
  1626773954 459957014 76767  
  1626773955 459957014 76767  
  1626773956 459957014 76767  
  1626773957 459957014 76767  
  1626773958 459957014 76767  
  1626773959 459957014 76767  
  1626773960 459957014 76767  
  1626773961 459957014 76767  
  1626773962 459957014 76767  
  1626773963 459957014 76767  
  1626773964 459957014 76767  
  1626773965 459957014 76767  
  1626773966 459957014 76767  
  1626773967 459957014 76767  
  1626773968 459957014 76767  
  1626773969 459957014 76767  
  1626773970 459957014 76767  
  1626773971 459957014 76767  
  1626773972 459957014 76767  
  1626773973 459957014 76767  
  1626773974 459957014 76767  
  1626773975 459957014 76767  
  1626773976 459957014 76767  
  1626773977 459957014 76767  
  1626773978 459957014 76767  
  1626773979 459957014 76767  
  1626773980 459957014 76767  
  1626773981 459957014 76767  
  1626773982 459957014 76767  
  1626773983 459957014 76767  
  1626773984 459957014 76767  
  1626773985 459957014 76767  
  1626773986 459957014 76767  
  1626773987 459957014 76767  
  1626773989 459957014 76767  
  1626773990 459957014 76767  
  1626773991 459957014 76767  
  1626773992 459957014 76767  
  1626773993 459957014 76767  
  1626773994 459957014 76767  
  1626773995 459957014 76767  
  1626773996 459957352 76767  
  1626773997 459957352 76767  
  1626773998 459957352 76767  
  1626773999 459957352 76767  
  1626774000 459957352 76767  
  1626774001 459957496 76767  
  1626774002 459961985 76767  
  1626774003 459961985 76767  
  1626774004 459962693 76767  
  1626774005 459962693 76767  
  1626774006 459962693 76767  
  1626774007 459962693 76767  
  1626774008 459962693 76767  
  1626774009 459962693 76767  
  1626774010 459962693 76767  
  1626774011 459962693 76767  
  1626774012 459962693 76767  
  1626774013 459962693 76767  
  1626774014 459962693 76767  
  1626774015 459967002 76767  
  1626774016 459967326 76767  
  1626774017 459967326 76767  
  1626774018 459972743 76767  
  1626774019 459977232 76767  
  1626774020 459978648 76767  
  1626774021 459978648 76767  
  1626774022 459978648 76767  
  1626774023 459978648 76767  
  1626774024 459978648 76767  
  1626774025 459978648 76767  
  1626774026 459978648 76767  
  1626774028 459978648 76767  
  1626774029 459978648 76767  
  1626774030 459978648 76767  
  1626774031 459978648 76767  
  1626774032 459978648 76767  
  1626774033 459978648 76767  
  1626774034 459979005 76767  
  1626774035 459979005 76767  
  1626774036 459979005 76767  
  1626774037 459979005 76767  
  1626774038 459979005 76767  
  1626774039 459979189 76767  
  1626774040 459979189 76767  
  1626774041 459979189 76767  
  1626774042 459979189 76767  
  1626774043 459979189 76767  
  1626774044 459979189 76767  
  1626774045 459979189 76767  
  1626774046 459979189 76767  
  1626774047 459979189 76767  
  1626774048 459979189 76767  
  1626774049 459979189 76767  
  1626774050 459979189 76767  
  1626774051 459979189 76767  
  1626774052 459979189 76767  
  1626774053 459979189 76767  
  1626774054 459979189 76767  
  1626774055 459979189 76767  
  1626774056 459979189 76767  
  1626774057 459979189 76767  
  1626774058 459979189 76767  
  1626774059 459979189 76767  
  1626774060 459979189 76767  
  1626774061 459979189 76767  
  1626774062 459979189 76767  
  1626774063 459979189 76767  
  1626774064 459979189 76767  
  1626774065 459979785 76767  
  1626774067 459979785 76767  
  1626774068 459979785 76767  
  1626774069 459979785 76767  
  1626774070 459979785 76767  
  1626774071 459979785 76767  
  1626774072 459979785 76767  
  1626774073 459979785 76767  
  1626774074 459979785 76767  
  1626774075 459979785 76767  
  1626774076 459979785 76767  
  1626774077 459979785 76767  
  1626774078 459979785 76767  
  1626774079 459979785 76767  
  1626774080 459979785 76767  
  1626774081 459979785 76767  
  1626774082 459979785 76767  
  1626774083 459979785 76767  
  1626774084 459979785 76767  
  1626774085 459979785 76767  
  1626774086 459979785 76767  
  1626774087 459979785 76767  
  1626774088 459979785 76767  
  1626774089 459979785 76767  
  1626774090 459979785 76767  
  1626774091 459979785 76767  
  1626774092 459979785 76767  
  1626774093 459979785 76767  
  1626774094 459979785 76767  
  1626774095 459979785 76767  
  1626774096 459979785 76767  
  1626774097 459979785 76767  
  1626774098 459979785 76767  
  1626774099 459979785 76767  
  1626774100 459979785 76767  
  1626774101 459979785 76767  
  1626774102 459979785 76767  
  1626774103 459979877 76767  
  1626774104 459979877 76767  
  1626774106 459979877 76767  
  1626774107 459979877 76767  
  1626774108 459979877 76767  
  1626774109 459979877 76767  
  1626774110 459979877 76767  
  1626774111 459979877 76767  
  1626774112 459979877 76767  
  1626774113 459979877 76767  
  1626774114 459979877 76767  
  1626774115 459979877 76767  
  1626774116 459979877 76767  
  1626774117 459979877 76767  
  1626774118 459979877 76767  
  1626774119 459979877 76767  
  1626774120 459979877 76767  
  1626774121 459979877 76767  
  1626774122 459979877 76767  
  1626774123 459979877 76767  
 