 1627028403 515073720 177343  
  1627028404 515073720 177343  
  1627028405 515073720 177343  
  1627028406 515073720 177343  
  1627028407 515073812 177343  
  1627028408 515073812 177343  
  1627028409 515073812 177343  
  1627028410 515073812 177343  
  1627028411 515073812 177343  
  1627028412 515073812 177343  
  1627028413 515073812 177343  
  1627028414 515073812 177343  
  1627028415 515073812 177343  
  1627028416 515073812 177343  
  1627028417 515073812 177343  
  1627028418 515073812 177343  
  1627028419 515073812 177343  
  1627028420 515073812 177343  
  1627028421 515073812 177343  
  1627028423 515073812 177343  
  1627028424 515073812 177343  
  1627028425 515073812 177343  
  1627028426 515073812 177343  
  1627028427 515073812 177343  
  1627028428 515073812 177343  
  1627028429 515073812 177343  
  1627028430 515073812 177343  
  1627028431 515074169 177343  
  1627028432 515074169 177343  
  1627028433 515074169 177343  
  1627028434 515074169 177343  
  1627028435 515074169 177343  
  1627028436 515074169 177343  
  1627028437 515074169 177343  
  1627028438 515078478 177343  
  1627028439 515078802 177343  
  1627028440 515078802 177343  
  1627028441 515079306 177343  
  1627028442 515083939 177343  
  1627028443 515084647 177343  
  1627028444 515084647 177343  
  1627028445 515084647 177343  
  1627028446 515084647 177343  
  1627028447 515089280 177343  
  1627028448 515089280 177343  
  1627028449 515094297 177343  
  1627028450 515094621 177343  
  1627028451 515095329 177343  
  1627028452 515095329 177343  
  1627028453 515095329 177343  
  1627028454 515095329 177343  
  1627028455 515095329 177343  
  1627028456 515095329 177343  
  1627028457 515095329 177343  
  1627028458 515095329 177343  
  1627028459 515095329 177343  
  1627028460 515095329 177343  
  1627028462 515095329 177343  
  1627028463 515095329 177343  
  1627028464 515095329 177343  
  1627028465 515095329 177343  
  1627028466 515095329 177343  
  1627028467 515095329 177343  
  1627028468 515095329 177343  
  1627028469 515095329 177343  
  1627028470 515095329 177343  
  1627028471 515095329 177343  
  1627028472 515095329 177343  
  1627028473 515095329 177343  
  1627028474 515095329 177343  
  1627028475 515095329 177343  
  1627028476 515095329 177343  
  1627028477 515095329 177343  
  1627028478 515095329 177343  
  1627028479 515095329 177343  
  1627028480 515095329 177343  
  1627028481 515095329 177343  
  1627028482 515095329 177343  
  1627028483 515095329 177343  
  1627028484 515095329 177343  
  1627028485 515095329 177343  
  1627028486 515095329 177343  
  1627028487 515095329 177343  
  1627028488 515095329 177343  
  1627028489 515095329 177343  
  1627028490 515095329 177343  
  1627028491 515095329 177343  
  1627028492 515095329 177343  
  1627028493 515095329 177343  
  1627028494 515095329 177343  
  1627028495 515095329 177343  
  1627028496 515095329 177343  
  1627028497 515095329 177343  
  1627028498 515095329 177343  
  1627028499 515095329 177343  
  1627028501 515095329 177343  
  1627028502 515095329 177343  
  1627028503 515095329 177343  
  1627028504 515095329 177343  
  1627028505 515095329 177343  
  1627028506 515095329 177343  
  1627028507 515095329 177343  
  1627028508 515095329 177343  
  1627028509 515095329 177343  
  1627028510 515095329 177343  
  1627028511 515095329 177343  
  1627028512 515095329 177343  
  1627028513 515095411 177343  
  1627028514 515095411 177343  
  1627028515 515095411 177343  
  1627028516 515095411 177343  
  1627028517 515095411 177343  
  1627028518 515095411 177343  
  1627028519 515095411 177343  
  1627028520 515095411 177343  
  1627028521 515095411 177343  
  1627028522 515095411 177343  
  1627028523 515095411 177343  
  1627028524 515095411 177343  
  1627028525 515095411 177343  
  1627028526 515095411 177343  
  1627028527 515095411 177343  
  1627028528 515095411 177343  
  1627028529 515095411 177343  
  1627028530 515095411 177343  
  1627028531 515095411 177343  
  1627028532 515095411 177343  
  1627028533 515095411 177343  
  1627028534 515095411 177343  
  1627028535 515095411 177343  
  1627028536 515095411 177343  
  1627028537 515095411 177343  
  1627028538 515095411 177343  
  1627028539 515095411 177343  
  1627028541 515095411 177343  
  1627028542 515095411 177343  
  1627028543 515095411 177343  
  1627028544 515095411 177343  
  1627028545 515095411 177343  
  1627028546 515095411 177343  
  1627028547 515095411 177343  
  1627028548 515095411 177343  
  1627028549 515095411 177343  
  1627028550 515095411 177343  
  1627028551 515095411 177343  
  1627028552 515095411 177343  
  1627028553 515095411 177343  
  1627028554 515095411 177343  
  1627028555 515095411 177343  
  1627028556 515095411 177343  
  1627028557 515095411 177343  
  1627028558 515095411 177343  
  1627028559 515095411 177343  
  1627028560 515095411 177343  
  1627028561 515095411 177343  
  1627028562 515095411 177343  
  1627028563 515095411 177343  
  1627028564 515095411 177343  
  1627028565 515095411 177343  
  1627028566 515095411 177343  
  1627028567 515095411 177343  
  1627028568 515095411 177343  
  1627028569 515095411 177343  
  1627028570 515097006 177343  
  1627028571 515097006 177343  
  1627028572 515097006 177343  
  1627028573 515097006 177343  
  1627028574 515097006 177343  
  1627028575 515097006 177343  
  1627028576 515097006 177343  
  1627028577 515097006 177343  
  1627028578 515097006 177343  
  1627028580 515097006 177343  
  1627028581 515097006 177343  
  1627028582 515097006 177343  
  1627028583 515097006 177343  
  1627028584 515097006 177343  
  1627028585 515097006 177343  
  1627028586 515097006 177343  
  1627028587 515097006 177343  
  1627028588 515097006 177343  
  1627028589 515097006 177343  
  1627028590 515097006 177343  
  1627028591 515097006 177343  
  1627028592 515097006 177343  
  1627028593 515097006 177343  
  1627028594 515097006 177343  
  1627028595 515097006 177343  
  1627028596 515097006 177343  
  1627028597 515097006 177343  
  1627028598 515097006 177343  
  1627028599 515097006 177343  
  1627028600 515097006 177343  
  1627028601 515097006 177343  
  1627028602 515097006 177343  
  1627028603 515097006 177343  
  1627028604 515097006 177343  
  1627028605 515097006 177343  
  1627028606 515097006 177343  
  1627028607 515097006 177343  
  1627028608 515097006 177343  
  1627028609 515097006 177343  
  1627028610 515097006 177343  
  1627028611 515097006 177343  
  1627028612 515097006 177343  
  1627028613 515097006 177343  
  1627028614 515097006 177343  
  1627028615 515097006 177343  
  1627028616 515097006 177343  
  1627028617 515097006 177343  
  1627028618 515097006 177343  
  1627028620 515097006 177343  
  1627028621 515097006 177343  
  1627028622 515097006 177343  
  1627028623 515097006 177343  
  1627028624 515097006 177343  
  1627028625 515097006 177343  
  1627028626 515097006 177343  
  1627028627 515097006 177343  
  1627028628 515097006 177343  
  1627028629 515097006 177343  
  1627028630 515097006 177343  
  1627028631 515101315 177343  
  1627028632 515101639 177343  
  1627028633 515102347 177343  
  1627028634 515102347 177343  
  1627028635 515102347 177343  
  1627028636 515102347 177343  
  1627028637 515102347 177343  
  1627028638 515102347 177343  
  1627028639 515102347 177343  
  1627028640 515102347 177343  
  1627028641 515102347 177343  
  1627028642 515102347 177343  
  1627028643 515102347 177343  
  1627028644 515102347 177343  
  1627028645 515102347 177343  
  1627028646 515102347 177343  
  1627028647 515102347 177343  
  1627028648 515102347 177343  
  1627028649 515102347 177343  
  1627028650 515102347 177343  
  1627028651 515102347 177343  
  1627028652 515102347 177343  
  1627028653 515102347 177343  
  1627028654 515102439 177343  
  1627028655 515102439 177343  
  1627028656 515102439 177343  
  1627028657 515102439 177343  
  1627028658 515102439 177343  
  1627028660 515102439 177343  
  1627028661 515102439 177343  
  1627028662 515102439 177343  
  1627028663 515102439 177343  
  1627028664 515102439 177343  
  1627028665 515102439 177343  
  1627028666 515102439 177343  
  1627028667 515102439 177343  
  1627028668 515102439 177343  
  1627028669 515102439 177343  
  1627028670 515102439 177343  
  1627028671 515102439 177343  
  1627028672 515102439 177343  
  1627028673 515102439 177343  
  1627028674 515102439 177343  
  1627028675 515102439 177343  
  1627028676 515102439 177343  
  1627028677 515102439 177343  
  1627028678 515102439 177343  
  1627028679 515102439 177343  
  1627028680 515102439 177343  
  1627028681 515102439 177343  
  1627028682 515102439 177343  
  1627028683 515102439 177343  
  1627028684 515102439 177343  
  1627028685 515102439 177343  
  1627028686 515102439 177343  
  1627028687 515102439 177343  
  1627028688 515102439 177343  
  1627028689 515102439 177343  
  1627028690 515102439 177343  
  1627028691 515102439 177343  
  1627028692 515102439 177343  
  1627028693 515102439 177343  
  1627028694 515102439 177343  
  1627028695 515102439 177343  
  1627028696 515102439 177343  
  1627028697 515102439 177343  
  1627028699 515102439 177343  
  1627028700 515102439 177343  
  1627028701 515102439 177343  
  1627028702 515102439 177343  
  1627028703 515102439 177343  
  1627028704 515102439 177343  
  1627028705 515102439 177343  
  1627028706 515102439 177343  
  1627028707 515102439 177343  
  1627028708 515102439 177343  
  1627028709 515102439 177343  
  1627028710 515102439 177343  
  1627028711 515102439 177343  
  1627028712 515102439 177343  
  1627028713 515102439 177343  
  1627028714 515102439 177343  
  1627028715 515102439 177343  
  1627028716 515102439 177343  
  1627028717 515102439 177343  
  1627028718 515102439 177343  
  1627028719 515102439 177343  
  1627028720 515102439 177343  
  1627028721 515102439 177343  
  1627028722 515102439 177343  
  1627028723 515102439 177343  
  1627028724 515102439 177343  
  1627028725 515102439 177343  
 