 1627029465 512343470 82307  
  1627029466 512343470 82307  
  1627029467 512343470 82307  
  1627029468 512343470 82307  
  1627029469 512343470 82307  
  1627029470 512343470 82307  
  1627029471 512343470 82307  
  1627029472 512343470 82307  
  1627029473 512343470 82307  
  1627029474 512343470 82307  
  1627029475 512343470 82307  
  1627029476 512343470 82307  
  1627029477 512343470 82307  
  1627029478 512343470 82307  
  1627029479 512343470 82307  
  1627029480 512343470 82307  
  1627029481 512343470 82307  
  1627029482 512343470 82307  
  1627029483 512343470 82307  
  1627029484 512343470 82307  
  1627029485 512343470 82307  
  1627029487 512343470 82307  
  1627029488 512343470 82307  
  1627029489 512343470 82307  
  1627029490 512343470 82307  
  1627029491 512343562 82307  
  1627029492 512343562 82307  
  1627029493 512343562 82307  
  1627029494 512343562 82307  
  1627029495 512343562 82307  
  1627029496 512343562 82307  
  1627029497 512343562 82307  
  1627029498 512343562 82307  
  1627029499 512343562 82307  
  1627029500 512343562 82307  
  1627029501 512343562 82307  
  1627029502 512343562 82307  
  1627029503 512343562 82307  
  1627029504 512343562 82307  
  1627029505 512343562 82307  
  1627029506 512343562 82307  
  1627029507 512343562 82307  
  1627029508 512343562 82307  
  1627029509 512343562 82307  
  1627029510 512343562 82307  
  1627029511 512343562 82307  
  1627029512 512343562 82307  
  1627029513 512343562 82307  
  1627029514 512343562 82307  
  1627029515 512343562 82307  
  1627029516 512343562 82307  
  1627029517 512343562 82307  
  1627029518 512343562 82307  
  1627029519 512343562 82307  
  1627029520 512343562 82307  
  1627029521 512343562 82307  
  1627029522 512343562 82307  
  1627029523 512343562 82307  
  1627029524 512343562 82307  
  1627029525 512343562 82307  
  1627029527 512343562 82307  
  1627029528 512343562 82307  
  1627029529 512343562 82307  
  1627029530 512343562 82307  
  1627029531 512343562 82307  
  1627029532 512343562 82307  
  1627029533 512343562 82307  
  1627029534 512343562 82307  
  1627029535 512343562 82307  
  1627029536 512343562 82307  
  1627029537 512343562 82307  
  1627029538 512343562 82307  
  1627029539 512347871 82307  
  1627029540 512348195 82307  
  1627029541 512348195 82307  
  1627029542 512348903 82307  
  1627029543 512348903 82307  
  1627029544 512348903 82307  
  1627029545 512348903 82307  
  1627029546 512348903 82307  
  1627029547 512348903 82307  
  1627029548 512348903 82307  
  1627029549 512348903 82307  
  1627029550 512348903 82307  
  1627029551 512348903 82307  
  1627029552 512348903 82307  
  1627029553 512348903 82307  
  1627029554 512348903 82307  
  1627029555 512348903 82307  
  1627029556 512348903 82307  
  1627029557 512348903 82307  
  1627029558 512348903 82307  
  1627029559 512348903 82307  
  1627029560 512348903 82307  
  1627029561 512348903 82307  
  1627029562 512348903 82307  
  1627029563 512348903 82307  
  1627029564 512348903 82307  
  1627029565 512348903 82307  
  1627029567 512348903 82307  
  1627029568 512348903 82307  
  1627029569 512348903 82307  
  1627029570 512348979 82307  
  1627029571 512349499 82307  
  1627029572 512349499 82307  
  1627029573 512349499 82307  
  1627029574 512349499 82307  
  1627029575 512349499 82307  
  1627029576 512349499 82307  
  1627029577 512349499 82307  
  1627029578 512349499 82307  
  1627029579 512349499 82307  
  1627029580 512349499 82307  
  1627029581 512349499 82307  
  1627029582 512349499 82307  
  1627029583 512349499 82307  
  1627029584 512349499 82307  
  1627029585 512349499 82307  
  1627029586 512349499 82307  
  1627029587 512349499 82307  
  1627029588 512349499 82307  
  1627029589 512349499 82307  
  1627029590 512349499 82307  
  1627029591 512349499 82307  
  1627029592 512349499 82307  
  1627029593 512349499 82307  
  1627029594 512349499 82307  
  1627029595 512349499 82307  
  1627029596 512349499 82307  
  1627029597 512349499 82307  
  1627029598 512349499 82307  
  1627029599 512349499 82307  
  1627029600 512349499 82307  
  1627029601 512349499 82307  
  1627029602 512349499 82307  
  1627029603 512349499 82307  
  1627029605 512349499 82307  
  1627029606 512349499 82307  
  1627029607 512349499 82307  
  1627029608 512349499 82307  
  1627029609 512349499 82307  
  1627029610 512349499 82307  
  1627029611 512349499 82307  
  1627029612 512349499 82307  
  1627029613 512349499 82307  
  1627029614 512349499 82307  
  1627029615 512349499 82307  
  1627029616 512349499 82307  
  1627029617 512349499 82307  
  1627029618 512349499 82307  
  1627029619 512349499 82307  
  1627029620 512349499 82307  
  1627029621 512349499 82307  
  1627029622 512349499 82307  
  1627029623 512349499 82307  
  1627029624 512349499 82307  
  1627029625 512349499 82307  
  1627029626 512349499 82307  
  1627029627 512349499 82307  
  1627029628 512349499 82307  
  1627029629 512349499 82307  
  1627029630 512349499 82307  
  1627029631 512349499 82307  
  1627029632 512349499 82307  
  1627029633 512349499 82307  
  1627029634 512349567 82307  
  1627029635 512349567 82307  
  1627029636 512349905 82307  
  1627029637 512349905 82307  
  1627029638 512349905 82307  
  1627029639 512349905 82307  
  1627029640 512351486 82307  
  1627029641 512351486 82307  
  1627029642 512351486 82307  
  1627029644 512351486 82307  
  1627029645 512355795 82307  
  1627029646 512356119 82307  
  1627029647 512356119 82307  
  1627029648 512361460 82307  
  1627029649 512361460 82307  
  1627029650 512362168 82307  
  1627029651 512362168 82307  
  1627029652 512362168 82307  
  1627029653 512362168 82307  
  1627029654 512366801 82307  
  1627029655 512371110 82307  
  1627029656 512372142 82307  
  1627029657 512372850 82307  
  1627029658 512372850 82307  
  1627029659 512372850 82307  
  1627029660 512372850 82307  
  1627029661 512372850 82307  
  1627029662 512372850 82307  
  1627029663 512372850 82307  
  1627029664 512372850 82307  
  1627029665 512372850 82307  
  1627029666 512372850 82307  
  1627029667 512372850 82307  
  1627029668 512372850 82307  
  1627029669 512372850 82307  
  1627029670 512372850 82307  
  1627029671 512372850 82307  
  1627029672 512372850 82307  
  1627029673 512372850 82307  
  1627029674 512372850 82307  
  1627029675 512372850 82307  
  1627029676 512372850 82307  
  1627029677 512372850 82307  
  1627029678 512372850 82307  
  1627029679 512372850 82307  
  1627029680 512372850 82307  
  1627029681 512372850 82307  
  1627029682 512372850 82307  
  1627029684 512372850 82307  
  1627029685 512372850 82307  
  1627029686 512372850 82307  
  1627029687 512372850 82307  
  1627029688 512372850 82307  
  1627029689 512372850 82307  
  1627029690 512373188 82307  
  1627029691 512373188 82307  
  1627029692 512373188 82307  
  1627029693 512373188 82307  
  1627029694 512373188 82307  
  1627029695 512373188 82307  
  1627029696 512373188 82307  
  1627029697 512373188 82307  
  1627029698 512373188 82307  
  1627029699 512373188 82307  
  1627029700 512373188 82307  
  1627029701 512373188 82307  
  1627029702 512373188 82307  
  1627029703 512373188 82307  
  1627029704 512373188 82307  
  1627029705 512373188 82307  
  1627029706 512373188 82307  
  1627029707 512373188 82307  
  1627029708 512373188 82307  
  1627029709 512373188 82307  
  1627029710 512373188 82307  
  1627029711 512373188 82307  
  1627029712 512373188 82307  
  1627029713 512373188 82307  
  1627029714 512373188 82307  
  1627029715 512373188 82307  
  1627029716 512373188 82307  
  1627029717 512373188 82307  
  1627029718 512373188 82307  
  1627029719 512373188 82307  
  1627029720 512373188 82307  
  1627029721 512373188 82307  
  1627029722 512373188 82307  
  1627029724 512373188 82307  
  1627029725 512373188 82307  
  1627029726 512373188 82307  
  1627029727 512373188 82307  
  1627029728 512373280 82307  
  1627029729 512373280 82307  
  1627029730 512373280 82307  
  1627029731 512373280 82307  
  1627029732 512373280 82307  
  1627029733 512373280 82307  
  1627029734 512373280 82307  
  1627029735 512373280 82307  
  1627029736 512373280 82307  
  1627029737 512373280 82307  
  1627029738 512373280 82307  
  1627029739 512373280 82307  
  1627029740 512373280 82307  
  1627029741 512373280 82307  
  1627029742 512373280 82307  
  1627029743 512373280 82307  
  1627029744 512373280 82307  
  1627029745 512373280 82307  
  1627029746 512373280 82307  
  1627029747 512373280 82307  
  1627029748 512373280 82307  
  1627029749 512373280 82307  
  1627029750 512373280 82307  
  1627029751 512373280 82307  
  1627029752 512373280 82307  
  1627029753 512373280 82307  
  1627029754 512373280 82307  
  1627029755 512373280 82307  
  1627029756 512373280 82307  
  1627029757 512373280 82307  
  1627029758 512373280 82307  
  1627029759 512373280 82307  
  1627029760 512373280 82307  
  1627029761 512373280 82307  
  1627029763 512373280 82307  
  1627029764 512373280 82307  
  1627029765 512373280 82307  
  1627029766 512373280 82307  
  1627029767 512373280 82307  
  1627029768 512373280 82307  
  1627029769 512373280 82307  
  1627029770 512373280 82307  
  1627029771 512373876 82307  
  1627029772 512373876 82307  
  1627029773 512373876 82307  
  1627029774 512373876 82307  
  1627029775 512373876 82307  
  1627029776 512373876 82307  
  1627029777 512373876 82307  
  1627029778 512373876 82307  
  1627029779 512373876 82307  
  1627029780 512373876 82307  
  1627029781 512373876 82307  
  1627029782 512373876 82307  
  1627029783 512373876 82307  
  1627029784 512373876 82307  
  1627029785 512373876 82307  
  1627029786 512373876 82307  
  1627029787 512373876 82307  
  1627029788 512373876 82307  
  1627029789 512373876 82307  
  1627029790 512373876 82307  
  1627029791 512373876 82307  
  1627029792 512373876 82307  
  1627029793 512373876 82307  
  1627029794 512373876 82307  
  1627029795 512373876 82307  
  1627029796 512373876 82307  
  1627029797 512373876 82307  
  1627029798 512373876 82307  
  1627029799 512373876 82307  
  1627029800 512373876 82307  
  1627029801 512373876 82307  
  1627029803 512373876 82307  
  1627029804 512373876 82307  
  1627029805 512373876 82307  
  1627029806 512373876 82307  
  1627029807 512373876 82307  
  1627029808 512373876 82307  
  1627029809 512373876 82307  
  1627029810 512373876 82307  
  1627029811 512373876 82307  
  1627029812 512373876 82307  
  1627029813 512373876 82307  
  1627029814 512373876 82307  
  1627029815 512373876 82307  
  1627029816 512373876 82307  
  1627029817 512373876 82307  
  1627029818 512373876 82307  
  1627029819 512373876 82307  
  1627029820 512373876 82307  
  1627029821 512373876 82307  
  1627029822 512373876 82307  
  1627029823 512373876 82307  
  1627029824 512373876 82307  
  1627029825 512373876 82307  
  1627029826 512373876 82307  
  1627029827 512373876 82307  
  1627029828 512373876 82307  
  1627029829 512373876 82307  
  1627029830 512373876 82307  
  1627029831 512373876 82307  
  1627029832 512373876 82307  
  1627029833 512374214 82307  
  1627029834 512374214 82307  
  1627029835 512374214 82307  
  1627029836 512374214 82307  
  1627029837 512374214 82307  
  1627029838 512378523 82307  
  1627029839 512378847 82307  
  1627029840 512378847 82307  
  1627029842 512379555 82307  
  1627029843 512379555 82307  
  1627029844 512379555 82307  
  1627029845 512379555 82307  
  1627029846 512379555 82307  
  1627029847 512379555 82307  
  1627029848 512379555 82307  
  1627029849 512379555 82307  
  1627029850 512379555 82307  
  1627029851 512379555 82307  
 