 1627017945 507173452 0  
  1627017946 507173888 0  
  1627017947 507173956 0  
  1627017948 507179297 0  
  1627017949 507179297 0  
  1627017950 507180005 0  
  1627017951 507180005 0  
  1627017952 507180005 0  
  1627017953 507182206 0  
  1627017954 507189271 0  
  1627017955 507189979 0  
  1627017956 507190687 0  
  1627017957 507190687 0  
  1627017958 507190687 0  
  1627017959 507190687 0  
  1627017960 507190687 0  
  1627017961 507190687 0  
  1627017962 507190687 0  
  1627017963 507190687 0  
  1627017964 507190687 0  
  1627017965 507190687 0  
  1627017966 507190687 0  
  1627017967 507190687 0  
  1627017968 507190687 0  
  1627017969 507190779 0  
  1627017970 507190779 0  
  1627017971 507190779 0  
  1627017972 507190779 0  
  1627017973 507190779 0  
  1627017974 507190779 0  
  1627017975 507190779 0  
  1627017976 507190779 0  
  1627017977 507190779 0  
  1627017978 507190779 0  
  1627017979 507190779 0  
  1627017981 507190779 0  
  1627017982 507190779 0  
  1627017983 507190779 0  
  1627017984 507190779 0  
  1627017985 507190779 0  
  1627017986 507190779 0  
  1627017987 507190779 0  
  1627017988 507190779 0  
  1627017989 507190779 0  
  1627017990 507190779 0  
  1627017991 507190779 0  
  1627017992 507190779 0  
  1627017993 507190779 0  
  1627017994 507190779 0  
  1627017995 507190779 0  
  1627017996 507190779 0  
  1627017997 507190779 0  
  1627017998 507190779 0  
  1627017999 507190779 0  
  1627018000 507190779 0  
  1627018001 507190779 0  
  1627018002 507190779 0  
  1627018003 507190779 0  
  1627018004 507190779 0  
  1627018005 507190779 0  
  1627018006 507190779 0  
  1627018007 507190779 0  
  1627018008 507190779 0  
  1627018009 507190779 0  
  1627018010 507190779 0  
  1627018011 507190779 0  
  1627018012 507190779 0  
  1627018013 507190779 0  
  1627018014 507190779 0  
  1627018015 507190779 0  
  1627018016 507190779 0  
  1627018017 507190779 0  
  1627018018 507190779 0  
  1627018019 507190779 0  
  1627018020 507190779 0  
  1627018022 507190779 0  
  1627018023 507190779 0  
  1627018024 507190779 0  
  1627018025 507190779 0  
  1627018026 507190779 0  
  1627018027 507190779 0  
  1627018028 507190779 0  
  1627018029 507190779 0  
  1627018030 507190779 0  
  1627018031 507190779 0  
  1627018032 507190779 0  
  1627018033 507190779 0  
  1627018034 507190779 0  
  1627018035 507190779 0  
  1627018036 507190779 0  
  1627018037 507190779 0  
  1627018038 507190779 0  
  1627018039 507190779 0  
  1627018040 507190779 0  
  1627018041 507190779 0  
  1627018042 507190779 0  
  1627018043 507190779 0  
  1627018044 507190779 0  
  1627018045 507190779 0  
  1627018046 507190779 0  
  1627018047 507190779 0  
  1627018048 507190779 0  
  1627018049 507190779 0  
  1627018050 507190779 0  
  1627018051 507190779 0  
  1627018052 507190779 0  
  1627018053 507190779 0  
  1627018054 507190779 0  
  1627018055 507190779 0  
  1627018056 507190779 0  
  1627018057 507190779 0  
  1627018058 507190779 0  
  1627018059 507190779 0  
  1627018060 507190779 0  
  1627018062 507190779 0  
  1627018063 507190779 0  
  1627018064 507190779 0  
  1627018065 507190779 0  
  1627018066 507190779 0  
  1627018067 507190779 0  
  1627018068 507190779 0  
  1627018069 507190779 0  
  1627018070 507191375 0  
  1627018071 507191375 0  
  1627018072 507191375 0  
  1627018073 507191375 0  
  1627018074 507191375 0  
  1627018075 507191375 0  
  1627018076 507191375 0  
  1627018077 507191375 0  
  1627018078 507191375 0  
  1627018079 507191375 0  
  1627018080 507191375 0  
  1627018081 507191375 0  
  1627018082 507191375 0  
  1627018083 507191375 0  
  1627018084 507191375 0  
  1627018085 507191375 0  
  1627018086 507191375 0  
  1627018087 507191375 0  
  1627018088 507191375 0  
  1627018089 507191375 0  
  1627018090 507191375 0  
  1627018091 507191375 0  
  1627018092 507191375 0  
  1627018093 507191375 0  
  1627018094 507191375 0  
  1627018095 507191375 0  
  1627018096 507191375 0  
  1627018097 507191375 0  
  1627018098 507191375 0  
  1627018099 507191467 0  
  1627018101 507191535 0  
  1627018102 507191535 0  
  1627018103 507191535 0  
  1627018104 507191535 0  
  1627018105 507191535 0  
  1627018106 507192691 0  
  1627018107 507192691 0  
  1627018108 507192691 0  
  1627018109 507192691 0  
  1627018110 507192691 0  
  1627018111 507192691 0  
  1627018112 507192691 0  
  1627018113 507192691 0  
  1627018114 507192691 0  
  1627018115 507192691 0  
  1627018116 507192691 0  
  1627018117 507192691 0  
  1627018118 507192691 0  
  1627018119 507192691 0  
  1627018120 507192691 0  
  1627018121 507192691 0  
  1627018122 507197324 0  
  1627018123 507197324 0  
  1627018124 507198032 0  
  1627018125 507198032 0  
  1627018126 507198032 0  
  1627018127 507198032 0  
  1627018128 507198032 0  
  1627018129 507198032 0  
  1627018130 507198032 0  
  1627018131 507198032 0  
  1627018132 507198032 0  
  1627018133 507198032 0  
  1627018134 507198032 0  
  1627018135 507198032 0  
  1627018136 507198032 0  
  1627018137 507198032 0  
  1627018138 507198032 0  
  1627018139 507198032 0  
  1627018141 507198032 0  
  1627018142 507198032 0  
  1627018143 507198032 0  
  1627018144 507198032 0  
  1627018145 507198032 0  
  1627018146 507198032 0  
  1627018147 507198032 0  
  1627018148 507198032 0  
  1627018149 507198032 0  
  1627018150 507198032 0  
  1627018151 507198032 0  
  1627018152 507198032 0  
  1627018153 507198032 0  
  1627018154 507198032 0  
  1627018155 507198032 0  
  1627018156 507198032 0  
  1627018157 507198032 0  
  1627018158 507198032 0  
  1627018159 507198032 0  
  1627018160 507198032 0  
  1627018161 507198032 0  
  1627018162 507198032 0  
  1627018163 507198032 0  
  1627018164 507198032 0  
  1627018165 507198032 0  
  1627018166 507198032 0  
  1627018167 507198032 0  
  1627018168 507198032 0  
  1627018169 507198032 0  
  1627018170 507198032 0  
  1627018171 507198032 0  
  1627018172 507198032 0  
  1627018173 507198032 0  
  1627018174 507198032 0  
  1627018175 507198032 0  
  1627018176 507198032 0  
  1627018177 507198032 0  
  1627018178 507198032 0  
  1627018180 507198032 0  
  1627018181 507198032 0  
  1627018182 507198032 0  
  1627018183 507198032 0  
  1627018184 507198032 0  
  1627018185 507198032 0  
  1627018186 507198032 0  
  1627018187 507198032 0  
  1627018188 507198032 0  
  1627018189 507198032 0  
  1627018190 507198032 0  
  1627018191 507198032 0  
  1627018192 507198124 0  
  1627018193 507198124 0  
  1627018194 507198124 0  
  1627018195 507198124 0  
  1627018196 507198124 0  
  1627018197 507198124 0  
  1627018198 507198124 0  
  1627018199 507198124 0  
  1627018200 507198124 0  
  1627018201 507198124 0  
  1627018202 507198124 0  
  1627018203 507198124 0  
  1627018204 507198124 0  
  1627018205 507198124 0  
  1627018206 507198124 0  
  1627018207 507198124 0  
  1627018208 507198124 0  
  1627018209 507198124 0  
  1627018210 507198124 0  
  1627018211 507198124 0  
  1627018212 507198124 0  
  1627018213 507198124 0  
  1627018214 507198124 0  
  1627018215 507198124 0  
  1627018216 507198124 0  
  1627018217 507198124 0  
  1627018218 507198124 0  
  1627018220 507198124 0  
  1627018221 507198124 0  
  1627018222 507198124 0  
  1627018223 507198124 0  
  1627018224 507198124 0  
  1627018225 507198124 0  
  1627018226 507198124 0  
  1627018227 507198124 0  
  1627018228 507198124 0  
  1627018229 507198124 0  
  1627018230 507198124 0  
  1627018231 507198124 0  
  1627018232 507198124 0  
  1627018233 507198124 0  
  1627018234 507198124 0  
  1627018235 507198124 0  
  1627018236 507198124 0  
  1627018237 507198124 0  
  1627018238 507198124 0  
  1627018239 507198124 0  
  1627018240 507198481 0  
  1627018241 507198481 0  
  1627018242 507198481 0  
  1627018243 507198481 0  
  1627018244 507198481 0  
  1627018245 507202790 0  
  1627018246 507203114 0  
  1627018247 507208455 0  
  1627018248 507208455 0  
  1627018249 507209163 0  
  1627018250 507209163 0  
  1627018251 507209163 0  
  1627018252 507209163 0  
  1627018253 507213796 0  
  1627018254 507218429 0  
  1627018255 507219777 0  
  1627018256 507219777 0  
  1627018257 507219777 0  
  1627018258 507219777 0  
  1627018260 507219777 0  
  1627018261 507219777 0  
  1627018262 507219777 0  
  1627018263 507219777 0  
  1627018264 507219777 0  
  1627018265 507224494 0  
  1627018266 507224494 0  
  1627018267 507224998 0  
 