 1627424822 579514285 39409  
  1627424824 579514377 39409  
  1627424825 579514377 39409  
  1627424826 579517274 39409  
  1627424827 579519010 39409  
  1627424828 579519010 39409  
  1627424829 579519718 39409  
  1627424830 579519718 39409  
  1627424831 579519718 39409  
  1627424832 579519718 39409  
  1627424833 579519718 39409  
  1627424834 579519718 39409  
  1627424835 579519718 39409  
  1627424836 579519718 39409  
  1627424837 579519718 39409  
  1627424838 579519718 39409  
  1627424839 579519718 39409  
  1627424840 579519718 39409  
  1627424841 579519718 39409  
  1627424842 579519718 39409  
  1627424843 579519718 39409  
  1627424844 579519718 39409  
  1627424845 579519718 39409  
  1627424846 579519718 39409  
  1627424847 579519718 39409  
  1627424848 579519718 39409  
  1627424849 579519718 39409  
  1627424850 579519718 39409  
  1627424851 579519718 39409  
  1627424852 579519718 39409  
  1627424853 579524027 39409  
  1627424854 579524351 39409  
  1627424855 579524991 39409  
  1627424856 579525059 39409  
  1627424857 579525059 39409  
  1627424858 579525059 39409  
  1627424859 579525059 39409  
  1627424860 579525059 39409  
  1627424861 579525059 39409  
  1627424862 579525059 39409  
  1627424864 579525059 39409  
  1627424865 579525059 39409  
  1627424866 579525059 39409  
  1627424867 579525059 39409  
  1627424868 579525059 39409  
  1627424869 579525059 39409  
  1627424870 579525059 39409  
  1627424871 579525059 39409  
  1627424872 579525059 39409  
  1627424873 579525059 39409  
  1627424874 579525059 39409  
  1627424875 579525059 39409  
  1627424876 579525059 39409  
  1627424877 579525059 39409  
  1627424878 579525059 39409  
  1627424879 579525059 39409  
  1627424880 579525059 39409  
  1627424881 579525059 39409  
  1627424882 579525059 39409  
  1627424883 579525059 39409  
  1627424884 579525059 39409  
  1627424885 579525059 39409  
  1627424886 579525059 39409  
  1627424887 579525059 39409  
  1627424888 579525059 39409  
  1627424889 579525059 39409  
  1627424890 579525059 39409  
  1627424891 579525059 39409  
  1627424892 579525059 39409  
  1627424893 579525059 39409  
  1627424894 579525059 39409  
  1627424895 579525059 39409  
  1627424896 579529188 39409  
  1627424897 579534325 39409  
  1627424898 579534325 39409  
  1627424899 579535537 39409  
  1627424900 579535537 39409  
  1627424901 579535537 39409  
  1627424903 579535537 39409  
  1627424904 579535537 39409  
  1627424905 579535537 39409  
  1627424906 579535537 39409  
  1627424907 579535537 39409  
  1627424908 579535537 39409  
  1627424909 579535537 39409  
  1627424910 579535537 39409  
  1627424911 579535537 39409  
  1627424912 579535537 39409  
  1627424913 579535537 39409  
  1627424914 579535537 39409  
  1627424915 579535537 39409  
  1627424916 579535537 39409  
  1627424917 579535537 39409  
  1627424918 579535537 39409  
  1627424919 579535537 39409  
  1627424920 579535537 39409  
  1627424921 579535537 39409  
  1627424922 579535537 39409  
  1627424923 579535537 39409  
  1627424924 579535537 39409  
  1627424925 579535537 39409  
  1627424926 579535537 39409  
  1627424927 579535537 39409  
  1627424928 579535537 39409  
  1627424929 579535537 39409  
  1627424930 579535537 39409  
  1627424931 579535537 39409  
  1627424932 579535537 39409  
  1627424933 579535537 39409  
  1627424934 579535537 39409  
  1627424935 579535537 39409  
  1627424936 579540102 39409  
  1627424937 579540170 39409  
  1627424938 579540878 39409  
  1627424939 579540878 39409  
  1627424940 579540878 39409  
  1627424941 579540878 39409  
  1627424943 579540878 39409  
  1627424944 579540878 39409  
  1627424945 579540878 39409  
  1627424946 579540878 39409  
  1627424947 579540878 39409  
  1627424948 579540878 39409  
  1627424949 579540878 39409  
  1627424950 579540878 39409  
  1627424951 579540878 39409  
  1627424952 579540878 39409  
  1627424953 579540878 39409  
  1627424954 579540878 39409  
  1627424955 579540878 39409  
  1627424956 579540878 39409  
  1627424957 579540878 39409  
  1627424958 579540878 39409  
  1627424959 579540878 39409  
  1627424960 579540878 39409  
  1627424961 579540878 39409  
  1627424962 579540878 39409  
  1627424963 579540878 39409  
  1627424964 579540878 39409  
  1627424965 579540878 39409  
  1627424966 579540878 39409  
  1627424967 579540878 39409  
  1627424968 579540878 39409  
  1627424969 579540878 39409  
  1627424970 579540878 39409  
  1627424971 579540878 39409  
  1627424972 579540878 39409  
  1627424973 579540878 39409  
  1627424974 579540878 39409  
  1627424975 579540878 39409  
  1627424976 579540878 39409  
  1627424977 579540878 39409  
  1627424978 579540878 39409  
  1627424979 579540878 39409  
  1627424980 579541474 39409  
  1627424982 579541474 39409  
  1627424983 579541474 39409  
  1627424984 579541474 39409  
  1627424985 579541474 39409  
  1627424986 579541474 39409  
  1627424987 579541566 39409  
  1627424988 579541566 39409  
  1627424989 579541566 39409  
  1627424990 579541566 39409  
  1627424991 579541566 39409  
  1627424992 579541566 39409  
  1627424993 579541566 39409  
  1627424994 579541566 39409  
  1627424995 579541566 39409  
  1627424996 579541566 39409  
  1627424997 579541566 39409  
  1627424998 579541566 39409  
  1627424999 579541566 39409  
  1627425000 579541566 39409  
  1627425001 579541566 39409  
  1627425002 579541566 39409  
  1627425003 579541566 39409  
  1627425004 579541566 39409  
  1627425005 579541566 39409  
  1627425006 579541566 39409  
  1627425007 579541566 39409  
  1627425008 579541566 39409  
  1627425009 579541566 39409  
  1627425010 579541566 39409  
  1627425011 579541566 39409  
  1627425012 579541566 39409  
  1627425013 579541566 39409  
  1627425014 579541566 39409  
  1627425015 579541566 39409  
  1627425016 579541566 39409  
  1627425017 579541566 39409  
  1627425018 579541566 39409  
  1627425019 579541566 39409  
  1627425021 579541566 39409  
  1627425022 579541566 39409  
  1627425023 579541566 39409  
  1627425024 579541566 39409  
  1627425025 579541566 39409  
  1627425026 579541566 39409  
  1627425027 579541566 39409  
  1627425028 579541566 39409  
  1627425029 579541566 39409  
  1627425030 579541566 39409  
  1627425031 579541566 39409  
  1627425032 579541566 39409  
  1627425033 579541566 39409  
  1627425034 579541566 39409  
  1627425035 579541566 39409  
  1627425036 579541566 39409  
  1627425037 579541923 39409  
  1627425038 579541923 39409  
  1627425039 579541923 39409  
  1627425040 579541923 39409  
  1627425041 579541923 39409  
  1627425042 579541923 39409  
  1627425043 579541923 39409  
  1627425044 579541923 39409  
  1627425045 579541923 39409  
  1627425046 579541923 39409  
  1627425047 579541923 39409  
  1627425048 579541923 39409  
  1627425049 579541923 39409  
  1627425050 579541923 39409  
  1627425051 579541923 39409  
  1627425052 579541923 39409  
  1627425053 579541923 39409  
  1627425054 579541923 39409  
  1627425055 579541923 39409  
  1627425056 579541923 39409  
  1627425057 579541923 39409  
  1627425058 579541923 39409  
  1627425059 579541923 39409  
  1627425061 579541923 39409  
  1627425062 579541923 39409  
  1627425063 579541923 39409  
  1627425064 579541923 39409  
  1627425065 579541923 39409  
  1627425066 579541923 39409  
  1627425067 579541923 39409  
  1627425068 579541923 39409  
  1627425069 579541923 39409  
  1627425070 579541923 39409  
  1627425071 579541923 39409  
  1627425072 579541923 39409  
  1627425073 579541923 39409  
  1627425074 579541923 39409  
  1627425075 579541923 39409  
  1627425076 579541923 39409  
  1627425077 579541923 39409  
  1627425078 579541923 39409  
  1627425079 579541923 39409  
  1627425080 579541923 39409  
  1627425081 579541923 39409  
  1627425082 579541923 39409  
  1627425083 579541923 39409  
  1627425084 579542015 39409  
  1627425085 579542015 39409  
  1627425086 579542015 39409  
  1627425087 579542015 39409  
  1627425088 579542015 39409  
  1627425089 579542015 39409  
  1627425090 579542015 39409  
  1627425091 579542015 39409  
  1627425092 579542015 39409  
  1627425093 579542015 39409  
  1627425094 579542015 39409  
  1627425095 579542015 39409  
  1627425096 579542015 39409  
  1627425097 579542015 39409  
  1627425098 579542015 39409  
  1627425100 579542015 39409  
  1627425101 579542015 39409  
  1627425102 579542015 39409  
  1627425103 579542015 39409  
  1627425104 579542015 39409  
  1627425105 579542015 39409  
  1627425106 579542015 39409  
  1627425107 579542015 39409  
  1627425108 579542015 39409  
  1627425109 579542015 39409  
  1627425110 579542015 39409  
  1627425111 579542015 39409  
  1627425112 579542015 39409  
  1627425113 579542015 39409  
  1627425114 579542015 39409  
  1627425115 579542107 39409  
  1627425116 579542107 39409  
  1627425117 579542107 39409  
  1627425118 579542107 39409  
  1627425119 579542107 39409  
  1627425120 579542107 39409  
  1627425121 579542167 39409  
  1627425122 579542167 39409  
  1627425123 579542167 39409  
  1627425124 579542167 39409  
  1627425125 579544368 39409  
  1627425126 579546800 39409  
  1627425127 579546800 39409  
  1627425128 579547508 39409  
  1627425129 579547508 39409  
  1627425130 579547508 39409  
  1627425131 579547508 39409  
  1627425132 579547508 39409  
  1627425133 579547508 39409  
  1627425134 579547508 39409  
  1627425135 579547508 39409  
  1627425136 579547508 39409  
  1627425138 579547508 39409  
  1627425139 579547508 39409  
  1627425140 579547508 39409  
  1627425141 579547508 39409  
  1627425142 579547508 39409  
  1627425143 579547508 39409  
  1627425144 579547508 39409  
  1627425145 579547508 39409  
  1627425146 579547508 39409  
  1627425147 579551817 39409  
  1627425148 579552225 39409  
  1627425149 579552729 39409  
  1627425150 579552729 39409  
  1627425151 579552729 39409  
  1627425152 579557362 39409  
  1627425153 579557362 39409  
  1627425154 579558070 39409  
  1627425155 579558070 39409  
  1627425156 579558070 39409  
  1627425157 579558070 39409  
  1627425158 579558070 39409  
  1627425159 579558070 39409  
  1627425160 579558070 39409  
  1627425161 579558070 39409  
  1627425162 579558070 39409  
  1627425163 579558070 39409  
  1627425164 579558070 39409  
  1627425165 579558070 39409  
  1627425166 579558070 39409  
  1627425167 579558070 39409  
  1627425168 579558070 39409  
  1627425169 579558070 39409  
  1627425170 579558070 39409  
  1627425171 579558070 39409  
  1627425172 579558070 39409  
  1627425173 579558070 39409  
  1627425174 579558070 39409  
  1627425175 579558070 39409  
  1627425177 579558070 39409  
  1627425178 579558070 39409  
  1627425179 579558070 39409  
  1627425180 579558734 39409  
  1627425181 579558734 39409  
  1627425182 579558734 39409  
  1627425183 579558734 39409  
  1627425184 579558734 39409  
  1627425185 579558734 39409  
  1627425186 579558734 39409  
  1627425187 579558734 39409  
  1627425188 579558734 39409  
  1627425189 579558734 39409  
  1627425190 579558734 39409  
  1627425191 579558734 39409  
  1627425192 579558734 39409  
  1627425193 579558734 39409  
  1627425194 579558734 39409  
  1627425195 579558734 39409  
  1627425196 579558734 39409  
  1627425197 579563043 39409  
  1627425198 579568000 39409  
  1627425199 579568572 39409  
  1627425200 579569280 39409  
  1627425201 579569280 39409  
  1627425202 579569280 39409  
  1627425203 579569280 39409  
  1627425204 579569280 39409  
  1627425205 579569280 39409  
  1627425206 579569280 39409  
  1627425207 579569280 39409  
  1627425208 579569280 39409  
  1627425209 579569280 39409  
  1627425210 579569280 39409  
  1627425211 579569280 39409  
  1627425212 579569280 39409  
  1627425213 579569280 39409  
  1627425214 579569280 39409  
  1627425215 579569280 39409  
  1627425217 579569280 39409  
  1627425218 579569280 39409  
  1627425219 579569280 39409  
  1627425220 579569280 39409  
  1627425221 579569280 39409  
  1627425222 579569280 39409  
  1627425223 579569280 39409  
  1627425224 579569280 39409  
  1627425225 579569280 39409  
  1627425226 579569280 39409  
  1627425227 579569280 39409  
  1627425228 579569280 39409  
  1627425229 579569280 39409  
  1627425230 579569280 39409  
  1627425231 579569280 39409  
  1627425232 579569280 39409  
  1627425233 579569280 39409  
  1627425234 579569280 39409  
  1627425235 579569280 39409  
  1627425236 579573589 39409  
  1627425237 579573913 39409  
  1627425238 579574485 39409  
  1627425239 579574485 39409  
  1627425240 579574485 39409  
  1627425241 579574485 39409  
  1627425242 579574485 39409  
  1627425243 579574577 39409  
  1627425244 579574577 39409  
  1627425245 579574577 39409  
  1627425246 579574577 39409  
  1627425247 579574577 39409  
  1627425248 579574577 39409  
  1627425249 579574577 39409  
  1627425250 579574577 39409  
  1627425251 579574577 39409  
  1627425252 579574577 39409  
  1627425253 579574577 39409  
  1627425254 579574577 39409  
  1627425256 579574577 39409  
  1627425257 579574577 39409  
  1627425258 579574577 39409  
  1627425259 579574577 39409  
  1627425260 579574577 39409  
  1627425261 579574577 39409  
  1627425262 579574577 39409  
  1627425263 579574577 39409  
  1627425264 579574577 39409  
  1627425265 579574577 39409  
  1627425266 579574577 39409  
  1627425267 579574577 39409  
  1627425268 579574577 39409  
  1627425269 579574577 39409  
  1627425270 579574577 39409  
  1627425271 579574577 39409  
  1627425272 579574577 39409  
  1627425273 579574577 39409  
  1627425274 579574577 39409  
  1627425275 579574577 39409  
  1627425276 579574577 39409  
  1627425277 579574577 39409  
  1627425278 579574577 39409  
  1627425279 579574577 39409  
  1627425280 579574577 39409  
  1627425281 579574577 39409  
  1627425282 579574577 39409  
  1627425283 579574577 39409  
  1627425284 579574577 39409  
  1627425285 579574577 39409  
  1627425286 579574577 39409  
  1627425287 579574577 39409  
  1627425288 579574577 39409  
  1627425289 579574577 39409  
  1627425290 579574577 39409  
  1627425291 579574577 39409  
  1627425292 579574577 39409  
  1627425293 579574577 39409  
  1627425295 579574577 39409  
  1627425296 579574577 39409  
  1627425297 579574577 39409  
  1627425298 579574577 39409  
  1627425299 579574577 39409  
  1627425300 579574577 39409  
  1627425301 579574577 39409  
  1627425302 579574577 39409  
  1627425303 579574577 39409  
  1627425304 579574577 39409  
  1627425305 579574577 39409  
  1627425306 579574577 39409  
  1627425307 579574577 39409  
  1627425308 579574577 39409  
  1627425309 579574577 39409  
  1627425310 579574577 39409  
  1627425311 579574577 39409  
  1627425312 579574577 39409  
  1627425313 579574577 39409  
  1627425314 579574577 39409  
  1627425315 579574577 39409  
  1627425316 579574577 39409  
  1627425317 579574577 39409  
  1627425318 579574577 39409  
  1627425319 579574577 39409  
  1627425320 579574577 39409  
  1627425321 579574577 39409  
  1627425322 579574577 39409  
  1627425323 579574577 39409  
  1627425324 579574577 39409  
  1627425325 579574577 39409  
  1627425326 579574577 39409  
  1627425327 579574577 39409  
  1627425328 579574577 39409  
  1627425329 579574577 39409  
  1627425330 579574577 39409  
  1627425331 579574577 39409  
  1627425332 579574577 39409  
  1627425334 579574577 39409  
  1627425335 579574577 39409  
  1627425336 579574577 39409  
  1627425337 579574934 39409  
  1627425338 579574934 39409  
  1627425339 579574934 39409  
  1627425340 579574934 39409  
  1627425341 579575364 39409  
  1627425342 579575364 39409  
  1627425343 579575364 39409  
  1627425344 579575364 39409  
  1627425345 579575364 39409  
  1627425346 579575364 39409  
  1627425347 579575364 39409  
  1627425348 579575364 39409  
  1627425349 579575364 39409  
  1627425350 579575364 39409  
  1627425351 579575364 39409  
  1627425352 579575364 39409  
  1627425353 579575364 39409  
  1627425354 579575364 39409  
  1627425355 579575364 39409  
  1627425356 579575364 39409  
  1627425357 579575364 39409  
  1627425358 579575364 39409  
  1627425359 579575364 39409  
  1627425360 579575364 39409  
  1627425361 579575364 39409  
  1627425362 579575364 39409  
  1627425363 579575364 39409  
  1627425364 579575364 39409  
  1627425365 579575364 39409  
  1627425366 579575364 39409  
  1627425367 579575364 39409  
  1627425368 579575364 39409  
  1627425369 579575364 39409  
  1627425370 579575364 39409  
  1627425371 579575364 39409  
  1627425373 579575456 39409  
  1627425374 579575456 39409  
  1627425375 579575456 39409  
  1627425376 579575456 39409  
  1627425377 579575456 39409  
  1627425378 579575456 39409  
  1627425379 579576052 39409  
  1627425380 579576052 39409  
  1627425381 579576052 39409  
  1627425382 579576052 39409  
  1627425383 579576052 39409  
  1627425384 579576052 39409  
  1627425385 579576052 39409  
  1627425386 579576052 39409  
  1627425387 579576052 39409  
  1627425388 579576052 39409  
  1627425389 579576052 39409  
  1627425390 579576052 39409  
  1627425391 579576052 39409  
  1627425392 579576052 39409  
  1627425393 579576052 39409  
  1627425394 579576052 39409  
  1627425395 579576052 39409  
  1627425396 579576052 39409  
  1627425397 579576052 39409  
  1627425398 579576052 39409  
  1627425399 579576052 39409  
  1627425400 579576052 39409  
  1627425401 579576052 39409  
  1627425402 579576052 39409  
  1627425403 579576052 39409  
  1627425404 579576052 39409  
  1627425405 579576052 39409  
  1627425406 579576052 39409  
  1627425407 579576052 39409  
  1627425408 579576052 39409  
  1627425409 579576052 39409  
  1627425410 579576052 39409  
  1627425412 579576052 39409  
  1627425413 579576052 39409  
  1627425414 579576052 39409  
  1627425415 579576052 39409  
  1627425416 579576052 39409  
  1627425417 579576052 39409  
  1627425418 579576052 39409  
  1627425419 579576052 39409  
  1627425420 579576052 39409  
  1627425421 579576052 39409  
  1627425422 579576052 39409  
  1627425423 579576052 39409  
  1627425424 579576052 39409  
  1627425425 579576052 39409  
  1627425426 579580685 39409  
  1627425427 579580685 39409  
  1627425428 579581393 39409  
  1627425429 579581393 39409  
  1627425430 579581393 39409  
  1627425431 579581393 39409  
  1627425432 579581393 39409  
  1627425433 579581393 39409  
  1627425434 579581393 39409  
  1627425435 579581393 39409  
  1627425436 579581393 39409  
  1627425437 579581393 39409  
  1627425438 579581393 39409  
  1627425439 579581393 39409  
  1627425440 579581393 39409  
  1627425441 579581393 39409  
  1627425442 579581393 39409  
  1627425443 579581393 39409  
  1627425444 579581393 39409  
  1627425445 579581393 39409  
  1627425446 579581393 39409  
  1627425447 579581393 39409  
  1627425448 579581393 39409  
  1627425450 579581393 39409  
  1627425451 579581393 39409  
  1627425452 579581393 39409  
  1627425453 579581393 39409  
  1627425454 579581393 39409  
  1627425455 579586026 39409  
  1627425456 579586026 39409  
  1627425457 579586734 39409  
  1627425458 579586734 39409  
  1627425459 579586734 39409  
  1627425460 579586734 39409  
  1627425461 579586734 39409  
  1627425462 579586734 39409  
  1627425463 579586734 39409  
  1627425464 579586734 39409  
  1627425465 579586734 39409  
  1627425466 579587072 39409  
  1627425467 579587072 39409  
  1627425468 579587072 39409  
  1627425469 579587072 39409  
  1627425470 579587072 39409  
  1627425471 579587072 39409  
  1627425472 579587072 39409  
  1627425473 579587072 39409  
  1627425474 579587072 39409  
  1627425475 579587072 39409  
  1627425476 579587072 39409  
  1627425477 579587072 39409  
  1627425478 579587072 39409  
  1627425479 579587072 39409  
  1627425480 579587072 39409  
  1627425481 579587072 39409  
  1627425482 579587072 39409  
  1627425483 579587072 39409  
  1627425484 579587072 39409  
  1627425485 579587072 39409  
  1627425486 579587072 39409  
  1627425487 579587072 39409  
  1627425489 579587072 39409  
  1627425490 579587072 39409  
  1627425491 579587072 39409  
  1627425492 579587072 39409  
  1627425493 579587072 39409  
  1627425494 579587072 39409  
  1627425495 579587072 39409  
  1627425496 579587072 39409  
  1627425497 579589033 39409  
  1627425498 579596338 39409  
  1627425499 579596338 39409  
  1627425500 579596338 39409  
  1627425501 579597846 39409  
  1627425502 579597846 39409  
  1627425503 579597846 39409  
  1627425504 579597846 39409  
  1627425505 579597846 39409  
  1627425506 579597846 39409  
  1627425507 579597846 39409  
  1627425508 579597846 39409  
  1627425509 579597846 39409  
  1627425510 579597846 39409  
  1627425511 579597846 39409  
  1627425512 579597846 39409  
  1627425513 579597846 39409  
  1627425514 579597846 39409  
  1627425515 579597846 39409  
  1627425516 579597846 39409  
  1627425517 579597846 39409  
  1627425518 579597846 39409  
  1627425520 579597846 39409  
  1627425521 579597846 39409  
  1627425522 579597846 39409  
  1627425523 579597846 39409  
  1627425524 579597846 39409  
  1627425525 579597846 39409  
  1627425526 579597846 39409  
  1627425527 579597846 39409  
  1627425528 579597846 39409  
  1627425529 579597846 39409  
  1627425530 579597846 39409  
  1627425531 579597846 39409  
  1627425532 579597846 39409  
  1627425533 579597846 39409  
  1627425534 579597846 39409  
  1627425535 579597846 39409  
  1627425536 579602155 39409  
  1627425537 579602479 39409  
  1627425538 579602479 39409  
  1627425539 579603187 39409  
  1627425540 579603187 39409  
  1627425541 579603187 39409  
  1627425542 579603187 39409  
  1627425543 579603187 39409  
  1627425544 579603187 39409  
  1627425545 579603187 39409  
  1627425546 579603187 39409  
  1627425547 579603187 39409  
  1627425548 579603187 39409  
  1627425550 579603187 39409  
  1627425551 579603187 39409  
  1627425552 579603187 39409  
  1627425553 579603187 39409  
  1627425554 579603187 39409  
  1627425555 579603187 39409  
  1627425556 579603187 39409  
  1627425557 579603187 39409  
  1627425558 579603187 39409  
  1627425559 579603187 39409  
  1627425560 579603187 39409  
  1627425561 579603187 39409  
  1627425562 579603187 39409  
  1627425563 579603187 39409  
  1627425564 579603187 39409  
  1627425565 579603187 39409  
  1627425566 579603187 39409  
  1627425567 579603187 39409  
  1627425568 579603187 39409  
  1627425569 579603187 39409  
  1627425570 579603187 39409  
  1627425571 579603187 39409  
  1627425572 579603187 39409  
  1627425573 579603187 39409  
  1627425574 579603187 39409  
  1627425575 579603187 39409  
  1627425576 579603187 39409  
  1627425577 579603187 39409  
  1627425578 579603187 39409  
  1627425580 579603783 39409  
  1627425581 579603783 39409  
  1627425582 579603783 39409  
  1627425583 579603783 39409  
  1627425584 579603783 39409  
  1627425585 579603783 39409  
  1627425586 579603783 39409  
  1627425587 579603783 39409  
  1627425588 579603783 39409  
  1627425589 579603783 39409  
  1627425590 579603783 39409  
  1627425591 579603783 39409  
  1627425592 579603783 39409  
  1627425593 579603783 39409  
  1627425594 579603783 39409  
  1627425595 579603783 39409  
  1627425596 579603783 39409  
  1627425597 579603783 39409  
  1627425598 579603783 39409  
  1627425599 579603783 39409  
  1627425600 579603783 39409  
  1627425601 579603875 39409  
  1627425602 579603875 39409  
  1627425603 579603875 39409  
  1627425604 579603875 39409  
  1627425605 579603875 39409  
  1627425606 579603875 39409  
  1627425607 579603875 39409  
  1627425608 579603875 39409  
  1627425609 579603875 39409  
  1627425611 579603875 39409  
  1627425612 579603875 39409  
  1627425613 579603875 39409  
  1627425614 579603875 39409  
  1627425615 579603875 39409  
  1627425616 579604213 39409  
  1627425617 579604213 39409  
  1627425618 579604213 39409  
  1627425619 579604213 39409  
  1627425620 579604213 39409  
  1627425621 579604213 39409  
  1627425622 579604213 39409  
  1627425623 579604213 39409  
  1627425624 579604213 39409  
  1627425625 579604213 39409  
  1627425626 579604213 39409  
  1627425627 579604213 39409  
  1627425628 579604213 39409  
  1627425629 579604213 39409  
  1627425630 579604305 39409  
  1627425631 579604453 39409  
  1627425632 579604453 39409  
  1627425633 579604453 39409  
  1627425634 579604453 39409  
  1627425635 579604453 39409  
  1627425636 579604453 39409  
  1627425637 579864866 39409  
  1627425638 579865195 39409  
  1627425639 579865195 39409  
  1627425640 579865314 39409  
  1627425641 579865314 39409  
  1627425643 579865314 39409  
  1627425644 579865314 39409  
  1627425645 579865314 39409  
  1627425646 579865314 39409  
  1627425647 579865314 39409  
  1627425648 579865314 39409  
  1627425649 579865314 39409  
  1627425650 579865314 39409  
  1627425651 579865314 39409  
  1627425652 579865314 39409  
  1627425653 579865314 39409  
  1627425654 579865314 39409  
  1627425655 579865314 39409  
  1627425656 579865314 39409  
  1627425657 579865314 39409  
  1627425658 579865314 39409  
  1627425659 579865314 39409  
  1627425660 579865314 39409  
  1627425661 579865314 39409  
  1627425662 579865314 39409  
  1627425663 579865314 39409  
  1627425664 579865314 39409  
  1627425665 579865314 39409  
  1627425666 579865314 39409  
  1627425667 579865314 39409  
  1627425668 579865314 39409  
  1627425669 579865314 39409  
  1627425670 579865314 39409  
  1627425671 579865314 39409  
  1627425672 579865314 39409  
  1627425674 579865314 39409  
  1627425675 579865314 39409  
  1627425676 579865314 39409  
  1627425677 579865314 39409  
  1627425678 579865314 39409  
  1627425679 579865314 39409  
  1627425680 579865314 39409  
  1627425681 579865314 39409  
  1627425682 579865314 39409  
  1627425683 579865314 39409  
  1627425684 579865314 39409  
  1627425685 579865314 39409  
  1627425686 579865314 39409  
  1627425687 579865314 39409  
  1627425688 579865314 39409  
  1627425689 579865314 39409  
  1627425690 579865314 39409  
  1627425691 579865314 39409  
  1627425692 579865314 39409  
  1627425693 579865314 39409  
  1627425694 579865314 39409  
  1627425695 579865314 39409  
  1627425696 579865314 39409  
  1627425697 579865314 39409  
  1627425698 579865314 39409  
  1627425699 579865314 39409  
  1627425700 579865314 39409  
  1627425701 579865314 39409  
  1627425702 579865314 39409  
  1627425703 579865314 39409  
  1627425704 579865314 39409  
  1627425706 579865314 39409  
  1627425707 579865314 39409  
  1627425708 579865314 39409  
  1627425709 579865314 39409  
  1627425710 579865314 39409  
  1627425711 579865314 39409  
  1627425712 579865314 39409  
  1627425713 579865314 39409  
  1627425714 579865314 39409  
  1627425715 579865314 39409  
  1627425716 579865314 39409  
  1627425717 579865314 39409  
  1627425718 579865314 39409  
  1627425719 579865314 39409  
  1627425720 579865314 39409  
  1627425721 579865314 39409  
  1627425722 579865314 39409  
  1627425723 579865314 39409  
  1627425724 579865314 39409  
  1627425725 579869623 39409  
  1627425726 579869947 39409  
  1627425727 579869947 39409  
  1627425728 579870655 39409  
  1627425729 579870655 39409  
  1627425730 579870655 39409  
  1627425731 579870655 39409  
  1627425732 579870655 39409  
  1627425733 579870655 39409  
  1627425734 579870655 39409  
  1627425735 579870655 39409  
  1627425737 579870655 39409  
  1627425738 579870655 39409  
  1627425739 579870655 39409  
  1627425740 579870655 39409  
  1627425741 579870655 39409  
  1627425742 579870655 39409  
  1627425743 579870655 39409  
  1627425744 579870655 39409  
  1627425745 579870655 39409  
  1627425746 579870655 39409  
  1627425747 579870655 39409  
  1627425748 579870655 39409  
  1627425749 579870655 39409  
  1627425750 579870655 39409  
  1627425751 579870655 39409  
  1627425752 579870655 39409  
  1627425753 579870655 39409  
  1627425754 579874964 39409  
  1627425755 579875288 39409  
  1627425756 579875288 39409  
  1627425757 579875996 39409  
  1627425758 579875996 39409  
  1627425759 579875996 39409  
  1627425760 579876088 39409  
  1627425761 579876088 39409  
  1627425762 579876088 39409  
  1627425763 579876088 39409  
  1627425764 579876088 39409  
  1627425765 579876426 39409  
  1627425766 579876426 39409  
  1627425767 579876426 39409  
  1627425769 579876426 39409  
  1627425770 579876426 39409  
  1627425771 579876426 39409  
  1627425772 579876426 39409  
  1627425773 579876426 39409  
  1627425774 579876426 39409  
  1627425775 579876426 39409  
  1627425776 579876426 39409  
  1627425777 579876426 39409  
  1627425778 579876426 39409  
  1627425779 579876426 39409  
  1627425780 579877022 39409  
  1627425781 579877022 39409  
  1627425782 579877022 39409  
  1627425783 579877022 39409  
  1627425784 579877022 39409  
  1627425785 579877022 39409  
  1627425786 579877022 39409  
  1627425787 579877022 39409  
  1627425788 579877022 39409  
  1627425789 579877022 39409  
 