 1627407201 740779645 868817  
  1627407202 740779645 868817  
  1627407203 740779645 868817  
  1627407204 740779645 868817  
  1627407205 740779645 868817  
  1627407206 740779645 868817  
  1627407207 740779645 868817  
  1627407208 740779645 868817  
  1627407210 740779645 868817  
  1627407211 740779737 868817  
  1627407212 740779737 868817  
  1627407213 740779737 868817  
  1627407214 740779737 868817  
  1627407215 740779737 868817  
  1627407216 740779737 868817  
  1627407217 740779737 868817  
  1627407218 740779737 868817  
  1627407219 740779737 868817  
  1627407220 740779737 868817  
  1627407221 740779737 868817  
  1627407222 740779737 868817  
  1627407223 740779737 868817  
  1627407224 740779737 868817  
  1627407225 740779737 868817  
  1627407226 740779737 868817  
  1627407227 740779737 868817  
  1627407228 740779737 868817  
  1627407229 740779737 868817  
  1627407230 740781698 868817  
  1627407231 740784370 868817  
  1627407232 740784370 868817  
  1627407233 740785078 868817  
  1627407234 740785078 868817  
  1627407235 740785078 868817  
  1627407236 740785078 868817  
  1627407237 740785078 868817  
  1627407238 740785078 868817  
  1627407239 740785078 868817  
  1627407240 740785078 868817  
  1627407241 740785078 868817  
  1627407242 740785078 868817  
  1627407243 740785078 868817  
  1627407244 740785078 868817  
  1627407245 740785078 868817  
  1627407247 740785078 868817  
  1627407248 740785078 868817  
  1627407249 740785078 868817  
  1627407250 740785078 868817  
  1627407251 740785078 868817  
  1627407252 740785078 868817  
  1627407253 740785078 868817  
  1627407254 740785078 868817  
  1627407255 740785078 868817  
  1627407256 740785078 868817  
  1627407257 740785078 868817  
  1627407258 740785078 868817  
  1627407259 740785078 868817  
  1627407260 740785078 868817  
  1627407261 740785078 868817  
  1627407262 740785078 868817  
  1627407263 740785078 868817  
  1627407264 740785078 868817  
  1627407265 740785078 868817  
  1627407266 740785078 868817  
  1627407267 740785078 868817  
  1627407268 740785078 868817  
  1627407269 740785078 868817  
  1627407270 740785078 868817  
  1627407271 740785078 868817  
  1627407272 740785078 868817  
  1627407273 740785078 868817  
  1627407274 740785078 868817  
  1627407275 740785078 868817  
  1627407276 740785078 868817  
  1627407277 740785078 868817  
  1627407278 740785078 868817  
  1627407279 740785078 868817  
  1627407280 740785078 868817  
  1627407281 740785078 868817  
  1627407282 740785078 868817  
  1627407283 740785078 868817  
  1627407285 740785078 868817  
  1627407286 740785078 868817  
  1627407287 740785078 868817  
  1627407288 740785078 868817  
  1627407289 740785078 868817  
  1627407290 740785078 868817  
  1627407291 740785078 868817  
  1627407292 740785078 868817  
  1627407293 740785078 868817  
  1627407294 740785078 868817  
  1627407295 740785078 868817  
  1627407296 740785078 868817  
  1627407297 740785078 868817  
  1627407298 740785078 868817  
  1627407299 740785078 868817  
  1627407300 740785078 868817  
  1627407301 740785078 868817  
  1627407302 740785078 868817  
  1627407303 740785078 868817  
  1627407304 740785078 868817  
  1627407305 740785078 868817  
  1627407306 740785078 868817  
  1627407307 740785078 868817  
  1627407308 740785078 868817  
  1627407309 740785078 868817  
  1627407310 740785078 868817  
  1627407311 740785078 868817  
  1627407312 740785078 868817  
  1627407313 740785078 868817  
  1627407314 740785078 868817  
  1627407315 740785078 868817  
  1627407316 740785078 868817  
  1627407317 740785078 868817  
  1627407318 740785078 868817  
  1627407319 740785078 868817  
  1627407320 740785078 868817  
  1627407322 740785078 868817  
  1627407323 740785078 868817  
  1627407324 740785078 868817  
  1627407325 740785078 868817  
  1627407326 740785078 868817  
  1627407327 740785078 868817  
  1627407328 740785078 868817  
  1627407329 740785078 868817  
  1627407330 740785078 868817  
  1627407331 740785435 868817  
  1627407332 740785435 868817  
  1627407333 740785435 868817  
  1627407334 740785435 868817  
  1627407335 740785435 868817  
  1627407336 740785435 868817  
  1627407337 740785435 868817  
  1627407338 740785435 868817  
  1627407339 740785435 868817  
  1627407340 740785435 868817  
  1627407341 740785435 868817  
  1627407342 740785435 868817  
  1627407343 740785435 868817  
  1627407344 740785435 868817  
  1627407345 740785435 868817  
  1627407346 740785435 868817  
  1627407347 740785435 868817  
  1627407348 740785435 868817  
  1627407349 740785435 868817  
  1627407350 740785435 868817  
  1627407351 740785435 868817  
  1627407352 740785435 868817  
  1627407353 740785435 868817  
  1627407354 740785435 868817  
  1627407355 740785435 868817  
  1627407356 740785435 868817  
  1627407357 740785435 868817  
  1627407359 740785435 868817  
  1627407360 740785435 868817  
  1627407361 740785435 868817  
  1627407362 740785435 868817  
  1627407363 740785435 868817  
  1627407364 740785435 868817  
  1627407365 740785435 868817  
  1627407366 740785435 868817  
  1627407367 740785435 868817  
  1627407368 740785435 868817  
  1627407369 740785435 868817  
  1627407370 740785435 868817  
  1627407371 740785435 868817  
  1627407372 740785435 868817  
  1627407373 740785435 868817  
  1627407374 740785435 868817  
  1627407375 740785435 868817  
  1627407376 740785435 868817  
  1627407377 740785435 868817  
  1627407378 740785435 868817  
  1627407379 740786031 868817  
  1627407380 740786031 868817  
  1627407381 740786031 868817  
  1627407382 740786031 868817  
  1627407383 740786031 868817  
  1627407384 740786031 868817  
  1627407385 740786031 868817  
  1627407386 740786031 868817  
  1627407387 740786031 868817  
  1627407388 740786031 868817  
  1627407389 740786031 868817  
  1627407390 740786031 868817  
  1627407391 740786031 868817  
  1627407392 740786031 868817  
  1627407393 740786031 868817  
  1627407394 740786031 868817  
  1627407396 740786031 868817  
  1627407397 740786031 868817  
  1627407398 740786031 868817  
  1627407399 740786031 868817  
  1627407400 740786123 868817  
  1627407401 740786123 868817  
  1627407402 740786123 868817  
  1627407403 740786123 868817  
  1627407404 740786123 868817  
  1627407405 740786123 868817  
  1627407406 740786123 868817  
  1627407407 740786123 868817  
  1627407408 740786123 868817  
  1627407409 740786123 868817  
  1627407410 740786123 868817  
  1627407411 740786123 868817  
  1627407412 740786123 868817  
  1627407413 740786123 868817  
  1627407414 740786123 868817  
  1627407415 740786123 868817  
  1627407416 740786123 868817  
  1627407417 740786123 868817  
  1627407418 740786123 868817  
  1627407419 740790432 868817  
  1627407420 740790756 868817  
  1627407421 740790756 868817  
  1627407422 740791328 868817  
  1627407423 740791328 868817  
  1627407424 740791328 868817  
  1627407425 740791328 868817  
  1627407426 740791328 868817  
  1627407427 740791328 868817  
  1627407428 740791328 868817  
  1627407429 740791328 868817  
  1627407430 740791328 868817  
  1627407431 740791328 868817  
  1627407433 740791328 868817  
  1627407434 740791328 868817  
  1627407435 740791328 868817  
  1627407436 740791328 868817  
  1627407437 740791328 868817  
  1627407438 740791328 868817  
  1627407439 740791328 868817  
  1627407440 740791328 868817  
  1627407441 740791328 868817  
  1627407442 740791328 868817  
  1627407443 740791328 868817  
  1627407444 740791328 868817  
  1627407445 740791328 868817  
  1627407446 740791328 868817  
  1627407447 740791328 868817  
  1627407448 740791328 868817  
  1627407449 740795637 868817  
  1627407450 740795961 868817  
  1627407451 740796669 868817  
  1627407452 740796669 868817  
  1627407453 740796669 868817  
  1627407454 740796669 868817  
  1627407455 740796669 868817  
  1627407456 740796669 868817  
  1627407457 740796669 868817  
  1627407458 740796669 868817  
  1627407459 740796669 868817  
  1627407460 740796669 868817  
  1627407461 740796669 868817  
  1627407462 740796669 868817  
  1627407463 740796669 868817  
  1627407464 740796669 868817  
  1627407465 740796669 868817  
  1627407466 740796669 868817  
  1627407467 740796669 868817  
  1627407469 740796669 868817  
  1627407470 740796761 868817  
  1627407471 740796761 868817  
  1627407472 740796761 868817  
  1627407473 740796761 868817  
  1627407474 740796761 868817  
  1627407475 740796761 868817  
  1627407476 740796761 868817  
  1627407477 740796761 868817  
  1627407478 740796761 868817  
  1627407479 740796761 868817  
  1627407480 740796761 868817  
  1627407481 740796761 868817  
  1627407482 740796761 868817  
  1627407483 740796761 868817  
  1627407484 740796761 868817  
  1627407485 740796761 868817  
  1627407486 740796761 868817  
  1627407487 740796761 868817  
  1627407488 740796761 868817  
  1627407489 740796761 868817  
  1627407490 740796761 868817  
  1627407491 740796761 868817  
  1627407492 740801070 868817  
  1627407493 740803271 868817  
  1627407494 740806735 868817  
  1627407495 740807443 868817  
  1627407496 740807443 868817  
  1627407497 740807443 868817  
  1627407498 740807443 868817  
  1627407499 740807443 868817  
  1627407500 740807443 868817  
  1627407501 740807443 868817  
  1627407502 740807443 868817  
  1627407503 740807443 868817  
  1627407504 740807443 868817  
  1627407506 740807443 868817  
  1627407507 740807443 868817  
  1627407508 740807443 868817  
  1627407509 740807443 868817  
  1627407510 740807443 868817  
  1627407511 740807443 868817  
  1627407512 740807443 868817  
  1627407513 740807443 868817  
  1627407514 740807443 868817  
  1627407515 740807443 868817  
  1627407516 740807443 868817  
  1627407517 740807443 868817  
  1627407518 740807443 868817  
  1627407519 740807443 868817  
  1627407520 740807443 868817  
  1627407521 740807443 868817  
  1627407522 740807443 868817  
  1627407523 740807443 868817  
  1627407524 740807443 868817  
  1627407525 740807443 868817  
  1627407526 740807443 868817  
  1627407527 740807443 868817  
  1627407528 740807443 868817  
  1627407529 740807443 868817  
  1627407530 740811752 868817  
  1627407531 740812076 868817  
  1627407532 740812076 868817  
  1627407533 740812648 868817  
  1627407534 740812648 868817  
  1627407535 740812648 868817  
  1627407536 740812648 868817  
  1627407537 740812648 868817  
  1627407538 740812648 868817  
  1627407539 740812648 868817  
  1627407540 740812648 868817  
  1627407542 740812648 868817  
  1627407543 740812648 868817  
  1627407544 740812648 868817  
  1627407545 740812648 868817  
  1627407546 740812648 868817  
  1627407547 740812648 868817  
  1627407548 740812648 868817  
  1627407549 740812648 868817  
  1627407550 740812648 868817  
  1627407551 740812648 868817  
  1627407552 740812648 868817  
  1627407553 740812648 868817  
  1627407554 740812648 868817  
  1627407555 740812648 868817  
  1627407556 740812648 868817  
  1627407557 740812648 868817  
  1627407558 740812648 868817  
  1627407559 740812648 868817  
  1627407560 740812648 868817  
  1627407561 740812648 868817  
  1627407562 740812648 868817  
  1627407563 740812648 868817  
  1627407564 740812648 868817  
  1627407565 740812648 868817  
  1627407566 740812648 868817  
  1627407567 740812648 868817  
  1627407568 740812648 868817  
  1627407569 740812648 868817  
  1627407570 740812648 868817  
  1627407571 740812648 868817  
  1627407572 740812648 868817  
  1627407573 740812648 868817  
  1627407574 740812648 868817  
  1627407575 740812648 868817  
  1627407576 740812648 868817  
  1627407577 740812648 868817  
  1627407579 740812648 868817  
  1627407580 740813244 868817  
  1627407581 740813244 868817  
  1627407582 740813244 868817  
  1627407583 740813244 868817  
  1627407584 740813244 868817  
  1627407585 740813244 868817  
  1627407586 740813244 868817  
 