 1627026285 495397484 0  
  1627026286 495397484 0  
  1627026287 495397484 0  
  1627026288 495397484 0  
  1627026289 495397484 0  
  1627026290 495397484 0  
  1627026291 495397484 0  
  1627026292 495397484 0  
  1627026293 495397484 0  
  1627026294 495397484 0  
  1627026295 495397484 0  
  1627026296 495397484 0  
  1627026297 495397484 0  
  1627026298 495397484 0  
  1627026299 495397484 0  
  1627026300 495397484 0  
  1627026301 495397484 0  
  1627026302 495397484 0  
  1627026303 495397484 0  
  1627026304 495397484 0  
  1627026305 495397484 0  
  1627026306 495397484 0  
  1627026307 495397484 0  
  1627026308 495397484 0  
  1627026309 495397484 0  
  1627026310 495397484 0  
  1627026311 495397484 0  
  1627026313 495397484 0  
  1627026314 495397484 0  
  1627026315 495397484 0  
  1627026316 495397484 0  
  1627026317 495397484 0  
  1627026318 495397484 0  
  1627026319 495397484 0  
  1627026320 495397484 0  
  1627026321 495397484 0  
  1627026322 495397484 0  
  1627026323 495397484 0  
  1627026324 495397484 0  
  1627026325 495397484 0  
  1627026326 495397484 0  
  1627026327 495397484 0  
  1627026328 495397484 0  
  1627026329 495397484 0  
  1627026330 495397484 0  
  1627026331 495397841 0  
  1627026332 495397841 0  
  1627026333 495397841 0  
  1627026334 495397841 0  
  1627026335 495397841 0  
  1627026336 495397841 0  
  1627026337 495399802 0  
  1627026338 495402474 0  
  1627026339 495402474 0  
  1627026340 495403182 0  
  1627026341 495403182 0  
  1627026342 495407815 0  
  1627026343 495407815 0  
  1627026344 495408523 0  
  1627026345 495408523 0  
  1627026346 495408523 0  
  1627026347 495413156 0  
  1627026348 495413156 0  
  1627026349 495418497 0  
  1627026350 495418497 0  
  1627026351 495419205 0  
  1627026353 495419205 0  
  1627026354 495419205 0  
  1627026355 495419205 0  
  1627026356 495419205 0  
  1627026357 495419205 0  
  1627026358 495419205 0  
  1627026359 495419205 0  
  1627026360 495419205 0  
  1627026361 495419297 0  
  1627026362 495419297 0  
  1627026363 495419297 0  
  1627026364 495419297 0  
  1627026365 495419297 0  
  1627026366 495419297 0  
  1627026367 495419297 0  
  1627026368 495419297 0  
  1627026369 495419297 0  
  1627026370 495419297 0  
  1627026371 495419297 0  
  1627026372 495419297 0  
  1627026373 495419297 0  
  1627026374 495419297 0  
  1627026375 495419297 0  
  1627026376 495419635 0  
  1627026377 495419635 0  
  1627026378 495419635 0  
  1627026379 495419635 0  
  1627026380 495419635 0  
  1627026381 495419635 0  
  1627026382 495419635 0  
  1627026383 495419635 0  
  1627026384 495419635 0  
  1627026385 495419635 0  
  1627026386 495419635 0  
  1627026387 495419635 0  
  1627026388 495419635 0  
  1627026389 495419635 0  
  1627026390 495419635 0  
  1627026391 495419635 0  
  1627026393 495419635 0  
  1627026394 495419635 0  
  1627026395 495419635 0  
  1627026396 495419635 0  
  1627026397 495419635 0  
  1627026398 495419635 0  
  1627026399 495419635 0  
  1627026400 495419635 0  
  1627026401 495419635 0  
  1627026402 495419635 0  
  1627026403 495419635 0  
  1627026404 495419635 0  
  1627026405 495419635 0  
  1627026406 495419635 0  
  1627026407 495419635 0  
  1627026408 495419635 0  
  1627026409 495419635 0  
  1627026410 495419635 0  
  1627026411 495419635 0  
  1627026412 495419635 0  
  1627026413 495419635 0  
  1627026414 495419635 0  
  1627026415 495419635 0  
  1627026416 495419635 0  
  1627026417 495419635 0  
  1627026418 495419635 0  
  1627026419 495419635 0  
  1627026420 495419635 0  
  1627026421 495419635 0  
  1627026422 495419635 0  
  1627026423 495419635 0  
  1627026424 495419635 0  
  1627026425 495419635 0  
  1627026426 495419635 0  
  1627026427 495419635 0  
  1627026428 495419635 0  
  1627026429 495419635 0  
  1627026430 495419635 0  
  1627026431 495419635 0  
  1627026433 495419635 0  
  1627026434 495419635 0  
  1627026435 495419635 0  
  1627026436 495419635 0  
  1627026437 495419635 0  
  1627026438 495419635 0  
  1627026439 495419635 0  
  1627026440 495419635 0  
  1627026441 495419635 0  
  1627026442 495419635 0  
  1627026443 495419635 0  
  1627026444 495419635 0  
  1627026445 495419635 0  
  1627026446 495419635 0  
  1627026447 495419635 0  
  1627026448 495419635 0  
  1627026449 495419635 0  
  1627026450 495419635 0  
  1627026451 495419635 0  
  1627026452 495419635 0  
  1627026453 495419635 0  
  1627026454 495419635 0  
  1627026455 495419635 0  
  1627026456 495419635 0  
  1627026457 495419635 0  
  1627026458 495419635 0  
  1627026459 495419635 0  
  1627026460 495419635 0  
  1627026461 495419635 0  
  1627026462 495419635 0  
  1627026463 495419635 0  
  1627026464 495419635 0  
  1627026465 495419635 0  
  1627026466 495419635 0  
  1627026467 495419635 0  
  1627026468 495419635 0  
  1627026469 495419635 0  
  1627026470 495420231 0  
  1627026471 495420231 0  
  1627026473 495420231 0  
  1627026474 495420231 0  
  1627026475 495420231 0  
  1627026476 495420231 0  
  1627026477 495420231 0  
  1627026478 495420231 0  
  1627026479 495420231 0  
  1627026480 495420231 0  
  1627026481 495420231 0  
  1627026482 495420231 0  
  1627026483 495420231 0  
  1627026484 495420231 0  
  1627026485 495420231 0  
  1627026486 495420231 0  
  1627026487 495420231 0  
  1627026488 495420231 0  
  1627026489 495420231 0  
  1627026490 495420231 0  
  1627026491 495420231 0  
  1627026492 495420231 0  
  1627026493 495420231 0  
  1627026494 495420231 0  
  1627026495 495420231 0  
  1627026496 495420231 0  
  1627026497 495420231 0  
  1627026498 495420231 0  
  1627026499 495420231 0  
  1627026500 495420231 0  
  1627026501 495420231 0  
  1627026502 495420231 0  
  1627026503 495420231 0  
  1627026504 495420231 0  
  1627026505 495420231 0  
  1627026506 495420231 0  
  1627026507 495420231 0  
  1627026508 495420231 0  
  1627026509 495420231 0  
  1627026510 495420231 0  
  1627026512 495420231 0  
  1627026513 495420231 0  
  1627026514 495420231 0  
  1627026515 495420231 0  
  1627026516 495420231 0  
  1627026517 495420231 0  
  1627026518 495420231 0  
  1627026519 495420231 0  
  1627026520 495420231 0  
  1627026521 495420231 0  
  1627026522 495420231 0  
  1627026523 495420231 0  
  1627026524 495420231 0  
  1627026525 495420231 0  
  1627026526 495420231 0  
  1627026527 495420231 0  
  1627026528 495420231 0  
  1627026529 495420231 0  
  1627026530 495420231 0  
  1627026531 495424540 0  
  1627026532 495424864 0  
  1627026533 495424864 0  
  1627026534 495425504 0  
  1627026535 495425504 0  
  1627026536 495425504 0  
  1627026537 495425504 0  
  1627026538 495425504 0  
  1627026539 495425504 0  
  1627026540 495425842 0  
  1627026541 495425842 0  
  1627026542 495425842 0  
  1627026543 495425842 0  
  1627026544 495425842 0  
  1627026545 495425842 0  
  1627026546 495425842 0  
  1627026547 495425842 0  
  1627026548 495425842 0  
  1627026549 495425842 0  
  1627026550 495425842 0  
  1627026552 495425842 0  
  1627026553 495425842 0  
  1627026554 495425842 0  
  1627026555 495425842 0  
  1627026556 495425842 0  
  1627026557 495425842 0  
  1627026558 495425842 0  
  1627026559 495425842 0  
  1627026560 495425842 0  
  1627026561 495425842 0  
  1627026562 495425842 0  
  1627026563 495425842 0  
  1627026564 495425842 0  
  1627026565 495425842 0  
  1627026566 495425842 0  
  1627026567 495425842 0  
  1627026568 495425842 0  
  1627026569 495425842 0  
  1627026570 495427437 0  
  1627026571 495427437 0  
  1627026572 495427437 0  
  1627026573 495427437 0  
  1627026574 495427437 0  
  1627026575 495427437 0  
  1627026576 495427437 0  
  1627026577 495427437 0  
  1627026578 495427437 0  
  1627026579 495427437 0  
  1627026580 495427437 0  
  1627026581 495427437 0  
  1627026582 495427437 0  
  1627026583 495427437 0  
  1627026584 495427437 0  
  1627026585 495427437 0  
  1627026586 495427437 0  
  1627026587 495427437 0  
  1627026588 495427437 0  
  1627026589 495427437 0  
  1627026591 495427437 0  
  1627026592 495427437 0  
  1627026593 495427437 0  
  1627026594 495427437 0  
  1627026595 495427437 0  
  1627026596 495427437 0  
  1627026597 495427437 0  
  1627026598 495427437 0  
  1627026599 495427437 0  
  1627026600 495427437 0  
  1627026601 495427437 0  
  1627026602 495427437 0  
  1627026603 495427437 0  
  1627026604 495427437 0  
  1627026605 495427437 0  
  1627026606 495427437 0  
  1627026607 495427437 0  
  1627026608 495427437 0  
  1627026609 495427437 0  
  1627026610 495427437 0  
  1627026611 495427437 0  
  1627026612 495427437 0  
  1627026613 495427437 0  
  1627026614 495427437 0  
  1627026615 495427437 0  
  1627026616 495427437 0  
  1627026617 495427437 0  
  1627026618 495427437 0  
  1627026619 495427437 0  
  1627026620 495427437 0  
  1627026621 495427437 0  
  1627026622 495427437 0  
  1627026623 495427437 0  
  1627026624 495427437 0  
  1627026625 495427437 0  
  1627026626 495427437 0  
  1627026627 495427437 0  
  1627026628 495427437 0  
  1627026629 495427437 0  
  1627026631 495427794 0  
  1627026632 495427794 0  
  1627026633 495427794 0  
  1627026634 495427794 0  
  1627026635 495427794 0  
  1627026636 495427794 0  
  1627026637 495427794 0  
  1627026638 495432103 0  
  1627026639 495432427 0  
  1627026640 495433135 0  
  1627026641 495433135 0  
  1627026642 495437768 0  
  1627026643 495437768 0  
  1627026644 495438476 0  
  1627026645 495438476 0  
  1627026646 495438476 0  
  1627026647 495442785 0  
  1627026648 495443109 0  
  1627026649 495443961 0  
  1627026650 495448450 0  
  1627026651 495449158 0  
  1627026652 495449158 0  
  1627026653 495449158 0  
  1627026654 495449158 0  
  1627026655 495449158 0  
  1627026656 495449158 0  
  1627026657 495449158 0  
  1627026658 495449158 0  
  1627026659 495449158 0  
  1627026660 495449158 0  
  1627026661 495449158 0  
  1627026662 495449158 0  
  1627026663 495449158 0  
  1627026664 495449158 0  
  1627026665 495449158 0  
  1627026666 495449158 0  
  1627026667 495449158 0  
  1627026668 495449158 0  
  1627026669 495449158 0  
  1627026671 495449158 0  
  1627026672 495449158 0  
  1627026673 495449158 0  
  1627026674 495449158 0  
  1627026675 495449158 0  
  1627026676 495449158 0  
  1627026677 495449158 0  
  1627026678 495449158 0  
  1627026679 495449158 0  
  1627026680 495449158 0  
  1627026681 495449158 0  
  1627026682 495449158 0  
  1627026683 495449158 0  
  1627026684 495449158 0  
  1627026685 495449158 0  
  1627026686 495449158 0  
  1627026687 495449158 0  
  1627026688 495449158 0  
  1627026689 495449158 0  
  1627026690 495449496 0  
  1627026691 495449496 0  
  1627026692 495449496 0  
  1627026693 495449496 0  
  1627026694 495449496 0  
  1627026695 495449496 0  
  1627026696 495449496 0  
  1627026697 495449496 0  
  1627026698 495449496 0  
  1627026699 495449496 0  
  1627026700 495449496 0  
  1627026701 495449496 0  
  1627026702 495449496 0  
  1627026703 495449496 0  
  1627026704 495449496 0  
  1627026705 495449496 0  
  1627026706 495449496 0  
  1627026707 495449496 0  
  1627026708 495449496 0  
  1627026710 495449496 0  
  1627026711 495449496 0  
  1627026712 495449496 0  
  1627026713 495449496 0  
  1627026714 495449496 0  
  1627026715 495449496 0  
  1627026716 495449496 0  
  1627026717 495449496 0  
  1627026718 495449496 0  
  1627026719 495449496 0  
  1627026720 495449496 0  
  1627026721 495449496 0  
  1627026722 495449496 0  
  1627026723 495449496 0  
  1627026724 495449496 0  
  1627026725 495449496 0  
  1627026726 495449496 0  
  1627026727 495449496 0  
  1627026728 495449496 0  
  1627026729 495449496 0  
  1627026730 495449496 0  
  1627026731 495449496 0  
  1627026732 495449496 0  
  1627026733 495449496 0  
  1627026734 495449496 0  
  1627026735 495449496 0  
  1627026736 495449496 0  
  1627026737 495449496 0  
  1627026738 495449496 0  
  1627026739 495449496 0  
  1627026740 495449496 0  
  1627026741 495449496 0  
  1627026742 495449496 0  
  1627026743 495449496 0  
  1627026744 495449496 0  
  1627026745 495449496 0  
  1627026746 495449496 0  
  1627026747 495449588 0  
  1627026748 495449588 0  
  1627026750 495449588 0  
  1627026751 495449588 0  
  1627026752 495449588 0  
  1627026753 495449588 0  
  1627026754 495449588 0  
 