 1626882083 475462235 0  
  1626882084 475462235 0  
  1626882085 475462235 0  
  1626882086 475462235 0  
  1626882087 475462235 0  
  1626882088 475462235 0  
  1626882089 475462235 0  
  1626882090 475462235 0  
  1626882091 475462235 0  
  1626882092 475462235 0  
  1626882093 475462235 0  
  1626882094 475462235 0  
  1626882095 475462235 0  
  1626882096 475462235 0  
  1626882097 475462235 0  
  1626882098 475462235 0  
  1626882099 475462235 0  
  1626882100 475462235 0  
  1626882101 475462235 0  
  1626882102 475462235 0  
  1626882103 475462235 0  
  1626882104 475462235 0  
  1626882105 475462235 0  
  1626882107 475462235 0  
  1626882108 475462235 0  
  1626882109 475462235 0  
  1626882110 475462235 0  
  1626882111 475462235 0  
  1626882112 475462573 0  
  1626882113 475462573 0  
  1626882114 475462573 0  
  1626882115 475462573 0  
  1626882116 475462573 0  
  1626882117 475462573 0  
  1626882118 475462573 0  
  1626882119 475462573 0  
  1626882120 475462573 0  
  1626882121 475462573 0  
  1626882122 475462573 0  
  1626882123 475462665 0  
  1626882124 475462665 0  
  1626882125 475462665 0  
  1626882126 475462665 0  
  1626882127 475462665 0  
  1626882128 475462665 0  
  1626882129 475462665 0  
  1626882130 475462665 0  
  1626882131 475462665 0  
  1626882132 475462665 0  
  1626882133 475462665 0  
  1626882134 475462665 0  
  1626882135 475462665 0  
  1626882136 475462665 0  
  1626882137 475462665 0  
  1626882138 475462665 0  
  1626882139 475462665 0  
  1626882140 475462665 0  
  1626882141 475462665 0  
  1626882142 475462665 0  
  1626882143 475462665 0  
  1626882144 475462665 0  
  1626882145 475462665 0  
  1626882147 475462665 0  
  1626882148 475462665 0  
  1626882149 475462665 0  
  1626882150 475462665 0  
  1626882151 475462665 0  
  1626882152 475462665 0  
  1626882153 475462665 0  
  1626882154 475462665 0  
  1626882155 475462733 0  
  1626882156 475462733 0  
  1626882157 475462733 0  
  1626882158 475462733 0  
  1626882159 475462733 0  
  1626882160 475462733 0  
  1626882161 475463889 0  
  1626882162 475463889 0  
  1626882163 475463889 0  
  1626882164 475463889 0  
  1626882165 475463889 0  
  1626882166 475463889 0  
  1626882167 475463889 0  
  1626882168 475463889 0  
  1626882169 475463889 0  
  1626882170 475463889 0  
  1626882171 475463889 0  
  1626882172 475463889 0  
  1626882173 475463889 0  
  1626882174 475468198 0  
  1626882175 475468522 0  
  1626882176 475469230 0  
  1626882177 475469230 0  
  1626882178 475469230 0  
  1626882179 475469230 0  
  1626882180 475469230 0  
  1626882181 475469230 0  
  1626882182 475469230 0  
  1626882183 475469230 0  
  1626882184 475469230 0  
  1626882185 475469230 0  
  1626882187 475469230 0  
  1626882188 475469230 0  
  1626882189 475469230 0  
  1626882190 475469230 0  
  1626882191 475469230 0  
  1626882192 475469230 0  
  1626882193 475469230 0  
  1626882194 475469230 0  
  1626882195 475469230 0  
  1626882196 475469230 0  
  1626882197 475469230 0  
  1626882198 475469322 0  
  1626882199 475469322 0  
  1626882200 475469322 0  
  1626882201 475469322 0  
  1626882202 475469322 0  
  1626882203 475469322 0  
  1626882204 475469322 0  
  1626882205 475469322 0  
  1626882206 475469322 0  
  1626882207 475469322 0  
  1626882208 475469322 0  
  1626882209 475469322 0  
  1626882210 475469322 0  
  1626882211 475469322 0  
  1626882212 475469322 0  
  1626882213 475469322 0  
  1626882214 475469322 0  
  1626882215 475469322 0  
  1626882216 475469322 0  
  1626882217 475469322 0  
  1626882218 475469322 0  
  1626882219 475469322 0  
  1626882220 475469322 0  
  1626882221 475469322 0  
  1626882222 475469322 0  
  1626882223 475469322 0  
  1626882224 475469322 0  
  1626882225 475469322 0  
  1626882227 475469322 0  
  1626882228 475469322 0  
  1626882229 475469322 0  
  1626882230 475469322 0  
  1626882231 475469322 0  
  1626882232 475469322 0  
  1626882233 475469322 0  
  1626882234 475469322 0  
  1626882235 475469322 0  
  1626882236 475469322 0  
  1626882237 475469322 0  
  1626882238 475469322 0  
  1626882239 475469322 0  
  1626882240 475469322 0  
  1626882241 475469322 0  
  1626882242 475469322 0  
  1626882243 475469322 0  
  1626882244 475469322 0  
  1626882245 475469322 0  
  1626882246 475469322 0  
  1626882247 475469322 0  
  1626882248 475469322 0  
  1626882249 475469322 0  
  1626882250 475469322 0  
  1626882251 475469322 0  
  1626882252 475469414 0  
  1626882253 475469414 0  
  1626882254 475469414 0  
  1626882255 475469414 0  
  1626882256 475469414 0  
  1626882257 475469414 0  
  1626882258 475469414 0  
  1626882259 475469414 0  
  1626882260 475469414 0  
  1626882261 475469414 0  
  1626882262 475469752 0  
  1626882263 475469752 0  
  1626882264 475469752 0  
  1626882265 475469752 0  
  1626882267 475469752 0  
  1626882268 475470348 0  
  1626882269 475470348 0  
  1626882270 475470348 0  
  1626882271 475470348 0  
  1626882272 475470348 0  
  1626882273 475470348 0  
  1626882274 475470348 0  
  1626882275 475470348 0  
  1626882276 475470348 0  
  1626882277 475470348 0  
  1626882278 475470348 0  
  1626882279 475470348 0  
  1626882280 475470348 0  
  1626882281 475470348 0  
  1626882282 475470348 0  
  1626882283 475470348 0  
  1626882284 475470348 0  
  1626882285 475470348 0  
  1626882286 475470348 0  
  1626882287 475470348 0  
  1626882288 475470348 0  
  1626882289 475470348 0  
  1626882290 475470348 0  
  1626882291 475470348 0  
  1626882292 475470348 0  
  1626882293 475470348 0  
  1626882294 475470348 0  
  1626882295 475470348 0  
  1626882296 475470348 0  
  1626882297 475470348 0  
  1626882298 475470348 0  
  1626882299 475470348 0  
  1626882300 475470348 0  
  1626882301 475470348 0  
  1626882302 475470348 0  
  1626882303 475470348 0  
  1626882304 475470348 0  
  1626882305 475470348 0  
  1626882307 475470348 0  
  1626882308 475470348 0  
  1626882309 475470348 0  
  1626882310 475470348 0  
  1626882311 475470348 0  
  1626882312 475470348 0  
  1626882313 475470348 0  
  1626882314 475470348 0  
  1626882315 475470348 0  
  1626882316 475470348 0  
  1626882317 475470348 0  
  1626882318 475470348 0  
  1626882319 475470348 0  
  1626882320 475470348 0  
  1626882321 475470348 0  
  1626882322 475470348 0  
  1626882323 475470348 0  
  1626882324 475470348 0  
  1626882325 475470348 0  
  1626882326 475470348 0  
  1626882327 475470348 0  
  1626882328 475470348 0  
  1626882329 475470348 0  
  1626882330 475470348 0  
  1626882331 475470348 0  
  1626882332 475470348 0  
  1626882333 475470348 0  
  1626882334 475470348 0  
  1626882335 475470348 0  
  1626882336 475470348 0  
  1626882337 475470348 0  
  1626882338 475470348 0  
  1626882339 475470348 0  
  1626882340 475470348 0  
  1626882341 475470348 0  
  1626882342 475470348 0  
  1626882343 475470705 0  
  1626882344 475470705 0  
  1626882346 475470705 0  
  1626882347 475475014 0  
  1626882348 475475338 0  
  1626882349 475475338 0  
  1626882350 475475910 0  
  1626882351 475480543 0  
  1626882352 475480543 0  
  1626882353 475481251 0  
  1626882354 475481251 0  
  1626882355 475481251 0  
  1626882356 475490517 0  
  1626882357 475491797 0  
  1626882358 475491933 0  
  1626882359 475491933 0  
  1626882360 475491933 0  
  1626882361 475491933 0  
  1626882362 475491933 0  
  1626882363 475491933 0  
  1626882364 475491933 0  
  1626882365 475491933 0  
  1626882366 475491933 0  
  1626882367 475491933 0  
  1626882368 475491933 0  
  1626882369 475491933 0  
  1626882370 475491933 0  
  1626882371 475491933 0  
  1626882372 475491933 0  
  1626882373 475491933 0  
  1626882374 475491933 0  
  1626882375 475491933 0  
  1626882376 475491933 0  
  1626882377 475491933 0  
  1626882378 475491933 0  
  1626882379 475491933 0  
  1626882380 475491933 0  
  1626882381 475491933 0  
  1626882382 475492025 0  
  1626882383 475492025 0  
  1626882385 475492025 0  
  1626882386 475492025 0  
  1626882387 475492025 0  
  1626882388 475492025 0  
  1626882389 475492025 0  
  1626882390 475492025 0  
  1626882391 475492025 0  
  1626882392 475492025 0  
  1626882393 475492025 0  
  1626882394 475492025 0  
  1626882395 475492025 0  
  1626882396 475492025 0  
  1626882397 475492025 0  
  1626882398 475492025 0  
  1626882399 475492025 0  
  1626882400 475492025 0  
  1626882401 475492025 0  
  1626882402 475492025 0  
  1626882403 475492025 0  
  1626882404 475492025 0  
  1626882405 475492025 0  
  1626882406 475492025 0  
  1626882407 475492025 0  
  1626882408 475492025 0  
  1626882409 475492025 0  
  1626882410 475492025 0  
  1626882411 475492025 0  
  1626882412 475492363 0  
  1626882413 475492363 0  
  1626882414 475492363 0  
  1626882415 475492363 0  
  1626882416 475492363 0  
  1626882417 475492363 0  
  1626882418 475492363 0  
  1626882419 475492363 0  
  1626882420 475492363 0  
  1626882421 475492363 0  
  1626882422 475492363 0  
  1626882423 475492363 0  
  1626882425 475492363 0  
  1626882426 475492363 0  
  1626882427 475492363 0  
  1626882428 475492363 0  
  1626882429 475492363 0  
  1626882430 475492363 0  
  1626882431 475492363 0  
  1626882432 475492363 0  
  1626882433 475492363 0  
  1626882434 475492363 0  
  1626882435 475492363 0  
  1626882436 475492363 0  
  1626882437 475492363 0  
  1626882438 475492363 0  
  1626882439 475492363 0  
  1626882440 475492363 0  
  1626882441 475492363 0  
  1626882442 475492363 0  
  1626882443 475492363 0  
  1626882444 475492363 0  
  1626882445 475492363 0  
  1626882446 475492363 0  
  1626882447 475492363 0  
  1626882448 475492363 0  
  1626882449 475492363 0  
  1626882450 475492363 0  
  1626882451 475492363 0  
  1626882452 475492363 0  
  1626882453 475492363 0  
  1626882454 475492363 0  
  1626882455 475492455 0  
  1626882456 475492455 0  
  1626882457 475492455 0  
  1626882458 475492455 0  
  1626882459 475492455 0  
  1626882460 475492455 0  
  1626882461 475492455 0  
  1626882462 475492455 0  
  1626882463 475492455 0  
  1626882465 475492455 0  
  1626882466 475492455 0  
  1626882467 475492455 0  
  1626882468 475493051 0  
  1626882469 475493051 0  
  1626882470 475493051 0  
  1626882471 475493051 0  
  1626882472 475493051 0  
  1626882473 475493051 0  
  1626882474 475497360 0  
  1626882475 475497684 0  
  1626882476 475498392 0  
  1626882477 475498392 0  
  1626882478 475498392 0  
  1626882479 475498392 0  
  1626882480 475498392 0  
  1626882481 475498392 0  
  1626882482 475498392 0  
  1626882483 475498392 0  
  1626882484 475498392 0  
  1626882485 475498392 0  
  1626882486 475498392 0  
  1626882487 475498392 0  
  1626882488 475498392 0  
  1626882489 475498392 0  
  1626882490 475498392 0  
  1626882491 475498392 0  
  1626882492 475498392 0  
  1626882493 475498392 0  
  1626882494 475498392 0  
  1626882495 475498392 0  
  1626882496 475498392 0  
  1626882497 475498392 0  
  1626882498 475498392 0  
  1626882499 475498392 0  
  1626882500 475498392 0  
  1626882501 475498392 0  
  1626882502 475498392 0  
  1626882503 475498392 0  
  1626882505 475498392 0  
  1626882506 475498392 0  
  1626882507 475498392 0  
  1626882508 475498392 0  
  1626882509 475498392 0  
  1626882510 475498392 0  
  1626882511 475498392 0  
  1626882512 475498484 0  
  1626882513 475498484 0  
  1626882514 475498484 0  
  1626882515 475498484 0  
  1626882516 475498484 0  
  1626882517 475498484 0  
  1626882518 475498484 0  
  1626882519 475498484 0  
  1626882520 475498484 0  
  1626882521 475498484 0  
  1626882522 475498484 0  
  1626882523 475498484 0  
  1626882524 475498484 0  
  1626882525 475498484 0  
  1626882526 475498484 0  
  1626882527 475498484 0  
  1626882528 475498484 0  
  1626882529 475498484 0  
  1626882530 475498484 0  
  1626882531 475498484 0  
  1626882532 475498484 0  
  1626882533 475498484 0  
  1626882534 475498484 0  
  1626882535 475498484 0  
  1626882536 475498484 0  
  1626882537 475498484 0  
  1626882538 475498484 0  
  1626882539 475498484 0  
  1626882540 475498484 0  
  1626882541 475498484 0  
  1626882542 475498484 0  
  1626882543 475498484 0  
  1626882545 475498484 0  
  1626882546 475498484 0  
  1626882547 475498484 0  
  1626882548 475498484 0  
  1626882549 475498484 0  
  1626882550 475498484 0  
 