 1627430793 554219743 0  
  1627430794 554219743 0  
  1627430795 554219743 0  
  1627430796 554219743 0  
  1627430797 554219743 0  
  1627430798 554219743 0  
  1627430799 554219743 0  
  1627430800 554219743 0  
  1627430801 554219743 0  
  1627430802 554219743 0  
  1627430803 554219743 0  
  1627430804 554219743 0  
  1627430805 554219743 0  
  1627430806 554219743 0  
  1627430807 554219743 0  
  1627430808 554219743 0  
  1627430809 554219743 0  
  1627430810 554219743 0  
  1627430811 554219743 0  
  1627430812 554219743 0  
  1627430813 554219743 0  
  1627430814 554219743 0  
  1627430815 554219743 0  
  1627430816 554219743 0  
  1627430817 554219743 0  
  1627430818 554219743 0  
  1627430819 554219743 0  
  1627430820 554219743 0  
  1627430821 554219743 0  
  1627430822 554219743 0  
  1627430823 554219743 0  
  1627430824 554219743 0  
  1627430825 554219835 0  
  1627430826 554219835 0  
  1627430827 554219835 0  
  1627430828 554219835 0  
  1627430830 554219835 0  
  1627430831 554219835 0  
  1627430832 554224144 0  
  1627430833 554224468 0  
  1627430834 554225108 0  
  1627430835 554225108 0  
  1627430836 554225108 0  
  1627430837 554225108 0  
  1627430838 554225108 0  
  1627430839 554225108 0  
  1627430840 554225108 0  
  1627430841 554225108 0  
  1627430842 554225108 0  
  1627430843 554225108 0  
  1627430844 554225108 0  
  1627430845 554225108 0  
  1627430846 554225108 0  
  1627430847 554225108 0  
  1627430848 554225108 0  
  1627430849 554225108 0  
  1627430850 554225108 0  
  1627430851 554225108 0  
  1627430852 554225108 0  
  1627430853 554225108 0  
  1627430854 554225108 0  
  1627430855 554225108 0  
  1627430856 554225108 0  
  1627430857 554225108 0  
  1627430858 554225108 0  
  1627430859 554229417 0  
  1627430860 554229741 0  
  1627430861 554230449 0  
  1627430862 554230449 0  
  1627430863 554230449 0  
  1627430864 554230449 0  
  1627430865 554230449 0  
  1627430866 554230449 0  
  1627430867 554230449 0  
  1627430868 554230449 0  
  1627430870 554230449 0  
  1627430871 554230449 0  
  1627430872 554230449 0  
  1627430873 554230449 0  
  1627430874 554230449 0  
  1627430875 554230449 0  
  1627430876 554230449 0  
  1627430877 554230449 0  
  1627430878 554230449 0  
  1627430879 554232044 0  
  1627430880 554232044 0  
  1627430881 554232044 0  
  1627430882 554232136 0  
  1627430883 554232136 0  
  1627430884 554232136 0  
  1627430885 554232136 0  
  1627430886 554232136 0  
  1627430887 554232136 0  
  1627430888 554232136 0  
  1627430889 554232136 0  
  1627430890 554232136 0  
  1627430891 554232218 0  
  1627430892 554232218 0  
  1627430893 554232218 0  
  1627430894 554232218 0  
  1627430895 554232218 0  
  1627430896 554232218 0  
  1627430897 554232218 0  
  1627430898 554232218 0  
  1627430899 554232218 0  
  1627430900 554232218 0  
  1627430901 554232218 0  
  1627430902 554240836 0  
  1627430903 554241484 0  
  1627430904 554242900 0  
  1627430905 554242900 0  
  1627430906 554242900 0  
  1627430907 554242900 0  
  1627430908 554242900 0  
  1627430910 554242900 0  
  1627430911 554242900 0  
  1627430912 554242900 0  
  1627430913 554242900 0  
  1627430914 554242900 0  
  1627430915 554242900 0  
  1627430916 554242900 0  
  1627430917 554242900 0  
  1627430918 554242900 0  
  1627430919 554242900 0  
  1627430920 554242900 0  
  1627430921 554242900 0  
  1627430922 554242900 0  
  1627430923 554242900 0  
  1627430924 554242900 0  
  1627430925 554242900 0  
  1627430926 554242900 0  
  1627430927 554242900 0  
  1627430928 554242900 0  
  1627430929 554242900 0  
  1627430930 554242900 0  
  1627430931 554242900 0  
  1627430932 554242900 0  
  1627430933 554242900 0  
  1627430934 554242900 0  
  1627430935 554242900 0  
  1627430936 554242900 0  
  1627430937 554242900 0  
  1627430938 554242900 0  
  1627430939 554242900 0  
  1627430940 554242900 0  
  1627430941 554247209 0  
  1627430942 554247533 0  
  1627430943 554248241 0  
  1627430944 554248241 0  
  1627430945 554248241 0  
  1627430946 554248241 0  
  1627430947 554248241 0  
  1627430948 554248241 0  
  1627430950 554248241 0  
  1627430951 554248241 0  
  1627430952 554248241 0  
  1627430953 554248241 0  
  1627430954 554248241 0  
  1627430955 554248241 0  
  1627430956 554248241 0  
  1627430957 554248241 0  
  1627430958 554248241 0  
  1627430959 554248241 0  
  1627430960 554248241 0  
  1627430961 554248241 0  
  1627430962 554248241 0  
  1627430963 554248241 0  
  1627430964 554248241 0  
  1627430965 554248241 0  
  1627430966 554248241 0  
  1627430967 554248241 0  
  1627430968 554248241 0  
  1627430969 554248241 0  
  1627430970 554248241 0  
  1627430971 554248241 0  
  1627430972 554248241 0  
  1627430973 554248241 0  
  1627430974 554248241 0  
  1627430975 554248241 0  
  1627430976 554248241 0  
  1627430977 554248241 0  
  1627430978 554248241 0  
  1627430979 554248241 0  
  1627430980 554248241 0  
  1627430981 554248241 0  
  1627430982 554248241 0  
  1627430983 554248241 0  
  1627430984 554248241 0  
  1627430985 554248241 0  
  1627430986 554248241 0  
  1627430987 554248241 0  
  1627430989 554248241 0  
  1627430990 554248241 0  
  1627430991 554248241 0  
  1627430992 554248241 0  
  1627430993 554248241 0  
  1627430994 554248241 0  
  1627430995 554248241 0  
  1627430996 554248241 0  
  1627430997 554248241 0  
  1627430998 554248241 0  
  1627430999 554248241 0  
  1627431000 554248241 0  
  1627431001 554248241 0  
  1627431002 554248241 0  
  1627431003 554248241 0  
  1627431004 554248241 0  
  1627431005 554248241 0  
  1627431006 554248241 0  
  1627431007 554248241 0  
  1627431008 554248241 0  
  1627431009 554248241 0  
  1627431010 554248241 0  
  1627431011 554248241 0  
  1627431012 554248241 0  
  1627431013 554248241 0  
  1627431014 554248241 0  
  1627431015 554248241 0  
  1627431016 554248241 0  
  1627431017 554248241 0  
  1627431018 554248241 0  
  1627431019 554248241 0  
  1627431020 554248241 0  
  1627431021 554248241 0  
  1627431022 554248241 0  
  1627431023 554248241 0  
  1627431024 554248241 0  
  1627431025 554248241 0  
  1627431026 554248241 0  
  1627431028 554248241 0  
  1627431029 554248241 0  
  1627431030 554248241 0  
  1627431031 554248241 0  
  1627431032 554248241 0  
  1627431033 554248241 0  
  1627431034 554248241 0  
  1627431035 554248241 0  
  1627431036 554248241 0  
  1627431037 554248241 0  
  1627431038 554248241 0  
  1627431039 554248241 0  
  1627431040 554248241 0  
  1627431041 554248241 0  
  1627431042 554248241 0  
  1627431043 554248241 0  
  1627431044 554248598 0  
  1627431045 554248598 0  
  1627431046 554248598 0  
  1627431047 554248598 0  
  1627431048 554248598 0  
  1627431049 554248598 0  
  1627431050 554248598 0  
  1627431051 554248598 0  
  1627431052 554248598 0  
  1627431053 554248598 0  
  1627431054 554248598 0  
  1627431055 554248598 0  
  1627431056 554248598 0  
  1627431057 554248598 0  
  1627431058 554248598 0  
  1627431059 554248598 0  
  1627431060 554248598 0  
  1627431061 554248598 0  
  1627431062 554248598 0  
  1627431063 554248598 0  
  1627431064 554248598 0  
  1627431066 554248598 0  
  1627431067 554248598 0  
  1627431068 554248598 0  
  1627431069 554248598 0  
  1627431070 554248598 0  
  1627431071 554248598 0  
  1627431072 554248598 0  
  1627431073 554248598 0  
  1627431074 554248598 0  
  1627431075 554248598 0  
  1627431076 554248598 0  
  1627431077 554248598 0  
  1627431078 554248598 0  
  1627431079 554248598 0  
  1627431080 554249256 0  
  1627431081 554249256 0  
  1627431082 554249256 0  
  1627431083 554249256 0  
  1627431084 554249256 0  
  1627431085 554249256 0  
  1627431086 554249256 0  
  1627431087 554249256 0  
  1627431088 554249256 0  
  1627431089 554249256 0  
  1627431090 554249256 0  
  1627431091 554249256 0  
  1627431092 554249256 0  
  1627431093 554249256 0  
  1627431094 554249256 0  
  1627431095 554249256 0  
  1627431096 554249256 0  
  1627431097 554249256 0  
  1627431098 554249256 0  
  1627431099 554249256 0  
  1627431100 554249256 0  
  1627431101 554249256 0  
  1627431102 554249256 0  
  1627431103 554249256 0  
  1627431105 554249256 0  
  1627431106 554249256 0  
  1627431107 554249256 0  
  1627431108 554249256 0  
  1627431109 554249256 0  
  1627431110 554249256 0  
  1627431111 554249256 0  
  1627431112 554249256 0  
  1627431113 554249256 0  
  1627431114 554249256 0  
  1627431115 554249256 0  
  1627431116 554249256 0  
  1627431117 554249256 0  
  1627431118 554249256 0  
  1627431119 554249256 0  
  1627431120 554249256 0  
  1627431121 554249256 0  
  1627431122 554249256 0  
  1627431123 554249256 0  
  1627431124 554249256 0  
  1627431125 554249256 0  
  1627431126 554249256 0  
  1627431127 554249256 0  
  1627431128 554249256 0  
  1627431129 554249256 0  
  1627431130 554249256 0  
  1627431131 554253565 0  
  1627431132 554253889 0  
  1627431133 554254597 0  
  1627431134 554254597 0  
  1627431135 554254597 0  
  1627431136 554254597 0  
  1627431137 554254597 0  
  1627431138 554254597 0  
  1627431139 554254597 0  
  1627431140 554254597 0  
  1627431141 554254597 0  
  1627431142 554254597 0  
  1627431144 554254597 0  
  1627431145 554254597 0  
  1627431146 554254597 0  
  1627431147 554254597 0  
  1627431148 554254597 0  
  1627431149 554254597 0  
  1627431150 554254597 0  
  1627431151 554254597 0  
  1627431152 554254597 0  
  1627431153 554254597 0  
  1627431154 554254597 0  
  1627431155 554254745 0  
  1627431156 554254745 0  
  1627431157 554254745 0  
  1627431158 554254745 0  
  1627431159 554259054 0  
  1627431160 554259378 0  
  1627431161 554260534 0  
  1627431162 554261242 0  
  1627431163 554261242 0  
  1627431164 554261242 0  
  1627431165 554261242 0  
  1627431166 554261242 0  
  1627431167 554261242 0  
  1627431168 554261242 0  
  1627431169 554261242 0  
  1627431170 554261242 0  
  1627431171 554261242 0  
  1627431172 554261242 0  
  1627431173 554261242 0  
  1627431174 554261242 0  
  1627431175 554261242 0  
  1627431176 554261242 0  
  1627431177 554261242 0  
  1627431178 554261242 0  
  1627431179 554261242 0  
  1627431180 554261242 0  
  1627431181 554261242 0  
  1627431183 554261242 0  
  1627431184 554261242 0  
  1627431185 554261242 0  
  1627431186 554261242 0  
  1627431187 554261242 0  
  1627431188 554261242 0  
  1627431189 554261242 0  
  1627431190 554261242 0  
  1627431191 554261242 0  
  1627431192 554261242 0  
  1627431193 554261242 0  
  1627431194 554261242 0  
  1627431195 554261242 0  
  1627431196 554261242 0  
  1627431197 554261242 0  
  1627431198 554261242 0  
  1627431199 554261242 0  
  1627431200 554261242 0  
  1627431201 554261242 0  
  1627431202 554266340 0  
  1627431203 554270508 0  
  1627431204 554270508 0  
  1627431205 554271924 0  
  1627431206 554271924 0  
  1627431207 554271924 0  
  1627431208 554271924 0  
  1627431209 554271924 0  
  1627431210 554271924 0  
  1627431211 554271924 0  
  1627431212 554271924 0  
  1627431213 554271924 0  
  1627431214 554271924 0  
  1627431215 554271924 0  
  1627431216 554271924 0  
  1627431217 554271924 0  
  1627431218 554271924 0  
  1627431219 554271924 0  
  1627431221 554271924 0  
  1627431222 554271924 0  
  1627431223 554271924 0  
  1627431224 554271924 0  
  1627431225 554271924 0  
  1627431226 554271924 0  
  1627431227 554271924 0  
  1627431228 554271924 0  
  1627431229 554271924 0  
  1627431230 554271924 0  
  1627431231 554271924 0  
  1627431232 554271924 0  
  1627431233 554271924 0  
  1627431234 554271924 0  
  1627431235 554271924 0  
  1627431236 554271924 0  
  1627431237 554271924 0  
  1627431238 554271924 0  
  1627431239 554271924 0  
  1627431240 554271924 0  
  1627431241 554276233 0  
  1627431242 554276557 0  
  1627431243 554276557 0  
  1627431244 554277265 0  
  1627431245 554277265 0  
  1627431246 554277265 0  
  1627431247 554277265 0  
  1627431248 554277265 0  
  1627431249 554277265 0  
  1627431250 554277265 0  
  1627431251 554277265 0  
  1627431252 554277265 0  
  1627431253 554277265 0  
  1627431254 554277265 0  
  1627431255 554277265 0  
  1627431256 554277265 0  
  1627431257 554277265 0  
  1627431258 554277265 0  
  1627431260 554277265 0  
  1627431261 554277265 0  
 