 1626397232 412151199 0  
  1626397233 412151199 0  
  1626397234 412151199 0  
  1626397235 412151199 0  
  1626397236 412151199 0  
  1626397237 412151199 0  
  1626397238 412151199 0  
  1626397239 412151199 0  
  1626397240 412151556 0  
  1626397242 412151556 0  
  1626397243 412151556 0  
  1626397244 412151556 0  
  1626397245 412151556 0  
  1626397246 412151556 0  
  1626397247 412151556 0  
  1626397248 412151556 0  
  1626397249 412151556 0  
  1626397250 412151556 0  
  1626397251 412151556 0  
  1626397252 412151556 0  
  1626397253 412151556 0  
  1626397254 412151556 0  
  1626397255 412151556 0  
  1626397256 412151648 0  
  1626397257 412151648 0  
  1626397258 412151648 0  
  1626397259 412151648 0  
  1626397260 412151648 0  
  1626397261 412151648 0  
  1626397262 412151648 0  
  1626397263 412151648 0  
  1626397264 412156093 0  
  1626397265 412156501 0  
  1626397266 412156501 0  
  1626397267 412157005 0  
  1626397268 412157005 0  
  1626397269 412157005 0  
  1626397270 412157005 0  
  1626397271 412157005 0  
  1626397272 412157005 0  
  1626397273 412157005 0  
  1626397274 412157005 0  
  1626397275 412157005 0  
  1626397276 412157005 0  
  1626397277 412157005 0  
  1626397278 412157005 0  
  1626397279 412157005 0  
  1626397281 412157005 0  
  1626397282 412157005 0  
  1626397283 412157005 0  
  1626397284 412157005 0  
  1626397285 412157005 0  
  1626397286 412157005 0  
  1626397287 412157005 0  
  1626397288 412157005 0  
  1626397289 412157005 0  
  1626397290 412157005 0  
  1626397291 412157005 0  
  1626397292 412157005 0  
  1626397293 412157005 0  
  1626397294 412157005 0  
  1626397295 412157005 0  
  1626397296 412157005 0  
  1626397297 412157005 0  
  1626397298 412157005 0  
  1626397299 412157005 0  
  1626397300 412157005 0  
  1626397301 412157005 0  
  1626397302 412157005 0  
  1626397303 412157005 0  
  1626397304 412157005 0  
  1626397305 412157005 0  
  1626397306 412157005 0  
  1626397307 412157005 0  
  1626397308 412157005 0  
  1626397309 412157005 0  
  1626397310 412157005 0  
  1626397311 412157005 0  
  1626397312 412157005 0  
  1626397313 412157005 0  
  1626397314 412157005 0  
  1626397315 412157005 0  
  1626397316 412157005 0  
  1626397317 412157005 0  
  1626397318 412157005 0  
  1626397319 412157005 0  
  1626397321 412157005 0  
  1626397322 412157005 0  
  1626397323 412157005 0  
  1626397324 412157005 0  
  1626397325 412157005 0  
  1626397326 412157005 0  
  1626397327 412157005 0  
  1626397328 412157005 0  
  1626397329 412157005 0  
  1626397330 412157005 0  
  1626397331 412157005 0  
  1626397332 412157005 0  
  1626397333 412157005 0  
  1626397334 412157005 0  
  1626397335 412157005 0  
  1626397336 412157005 0  
  1626397337 412157005 0  
  1626397338 412157005 0  
  1626397339 412157005 0  
  1626397340 412157005 0  
  1626397341 412157005 0  
  1626397342 412157005 0  
  1626397343 412157005 0  
  1626397344 412157005 0  
  1626397345 412157005 0  
  1626397346 412157005 0  
  1626397347 412157343 0  
  1626397348 412157343 0  
  1626397349 412157343 0  
  1626397350 412157343 0  
  1626397351 412157343 0  
  1626397352 412157343 0  
  1626397353 412157343 0  
  1626397354 412157343 0  
  1626397355 412157343 0  
  1626397356 412157343 0  
  1626397357 412157343 0  
  1626397358 412157343 0  
  1626397359 412157343 0  
  1626397361 412158001 0  
  1626397362 412158001 0  
  1626397363 412158001 0  
  1626397364 412158001 0  
  1626397365 412158001 0  
  1626397366 412158001 0  
  1626397367 412158001 0  
  1626397368 412158001 0  
  1626397369 412162310 0  
  1626397370 412162634 0  
  1626397371 412163342 0  
  1626397372 412163342 0  
  1626397373 412163342 0  
  1626397374 412163342 0  
  1626397375 412163342 0  
  1626397376 412163342 0  
  1626397377 412163342 0  
  1626397378 412163342 0  
  1626397379 412163342 0  
  1626397380 412163342 0  
  1626397381 412163342 0  
  1626397382 412163342 0  
  1626397383 412163342 0  
  1626397384 412163342 0  
  1626397385 412163342 0  
  1626397386 412163342 0  
  1626397387 412163342 0  
  1626397388 412163342 0  
  1626397389 412163342 0  
  1626397390 412163342 0  
  1626397391 412163342 0  
  1626397392 412163342 0  
  1626397393 412163342 0  
  1626397394 412163342 0  
  1626397395 412163342 0  
  1626397396 412163342 0  
  1626397397 412163342 0  
  1626397398 412163342 0  
  1626397399 412163342 0  
  1626397401 412163342 0  
  1626397402 412163342 0  
  1626397403 412163342 0  
  1626397404 412163342 0  
  1626397405 412163342 0  
  1626397406 412163342 0  
  1626397407 412163342 0  
  1626397408 412163342 0  
  1626397409 412163342 0  
  1626397410 412163342 0  
  1626397411 412163342 0  
  1626397412 412163342 0  
  1626397413 412163342 0  
  1626397414 412163342 0  
  1626397415 412163342 0  
  1626397416 412163342 0  
  1626397417 412163342 0  
  1626397418 412163342 0  
  1626397419 412163342 0  
  1626397420 412163342 0  
  1626397421 412163342 0  
  1626397422 412163342 0  
  1626397423 412163342 0  
  1626397424 412163342 0  
  1626397425 412163342 0  
  1626397426 412163342 0  
  1626397427 412163342 0  
  1626397428 412163342 0  
  1626397429 412163342 0  
  1626397430 412163342 0  
  1626397431 412163342 0  
  1626397432 412163342 0  
  1626397433 412163342 0  
  1626397434 412163342 0  
  1626397435 412163342 0  
  1626397436 412163342 0  
  1626397437 412163342 0  
  1626397438 412163342 0  
  1626397440 412163342 0  
  1626397441 412163342 0  
  1626397442 412163342 0  
  1626397443 412163342 0  
  1626397444 412163342 0  
  1626397445 412163342 0  
  1626397446 412163342 0  
  1626397447 412163342 0  
  1626397448 412163342 0  
  1626397449 412163342 0  
  1626397450 412163342 0  
  1626397451 412163342 0  
  1626397452 412163342 0  
  1626397453 412163342 0  
  1626397454 412163342 0  
  1626397455 412163342 0  
  1626397456 412163342 0  
  1626397457 412163342 0  
  1626397458 412163342 0  
  1626397459 412163342 0  
  1626397460 412165219 0  
  1626397461 412167975 0  
  1626397462 412167975 0  
  1626397463 412168683 0  
  1626397464 412168683 0  
  1626397465 412168683 0  
  1626397466 412168683 0  
  1626397467 412168683 0  
  1626397468 412168683 0  
  1626397469 412168683 0  
  1626397470 412173316 0  
  1626397471 412177949 0  
  1626397472 412178657 0  
  1626397473 412179365 0  
  1626397474 412179365 0  
  1626397475 412179365 0  
  1626397476 412179365 0  
  1626397477 412179365 0  
  1626397478 412179365 0  
  1626397480 412179365 0  
  1626397481 412179365 0  
  1626397482 412179365 0  
  1626397483 412179365 0  
  1626397484 412179365 0  
  1626397485 412179365 0  
  1626397486 412179365 0  
  1626397487 412179365 0  
  1626397488 412179365 0  
  1626397489 412179365 0  
  1626397490 412179365 0  
  1626397491 412179365 0  
  1626397492 412179365 0  
  1626397493 412179365 0  
  1626397494 412179365 0  
  1626397495 412179365 0  
  1626397496 412179365 0  
  1626397497 412179703 0  
  1626397498 412179703 0  
  1626397499 412179703 0  
  1626397500 412179703 0  
  1626397501 412179703 0  
  1626397502 412184012 0  
  1626397503 412184336 0  
  1626397504 412184336 0  
  1626397505 412185044 0  
  1626397506 412185044 0  
  1626397507 412185044 0  
  1626397508 412185044 0  
  1626397509 412185044 0  
  1626397510 412185044 0  
  1626397511 412185044 0  
  1626397512 412185044 0  
  1626397513 412185136 0  
  1626397514 412185136 0  
  1626397515 412185136 0  
  1626397516 412185136 0  
  1626397517 412185136 0  
  1626397519 412185136 0  
  1626397520 412185136 0  
  1626397521 412185136 0  
  1626397522 412185136 0  
  1626397523 412185136 0  
  1626397524 412185136 0  
  1626397525 412185136 0  
  1626397526 412185136 0  
  1626397527 412185136 0  
  1626397528 412185136 0  
  1626397529 412185136 0  
  1626397530 412185136 0  
  1626397531 412185136 0  
  1626397532 412185136 0  
  1626397533 412185136 0  
  1626397534 412185136 0  
  1626397535 412185218 0  
  1626397536 412185218 0  
  1626397537 412185218 0  
  1626397538 412185218 0  
  1626397539 412185218 0  
  1626397540 412185575 0  
  1626397541 412185575 0  
  1626397542 412185575 0  
  1626397543 412185575 0  
  1626397544 412185575 0  
  1626397545 412185575 0  
  1626397546 412185575 0  
  1626397547 412185575 0  
  1626397548 412185575 0  
  1626397549 412185575 0  
  1626397550 412185575 0  
  1626397551 412185575 0  
  1626397552 412185575 0  
  1626397553 412185575 0  
  1626397554 412185575 0  
 