 1627429683 558012931 0  
  1627429684 558012931 0  
  1627429685 558012931 0  
  1627429686 558012931 0  
  1627429687 558012931 0  
  1627429688 558012931 0  
  1627429689 558012931 0  
  1627429690 558012931 0  
  1627429691 558012931 0  
  1627429692 558012931 0  
  1627429693 558012931 0  
  1627429694 558012931 0  
  1627429695 558012931 0  
  1627429696 558012931 0  
  1627429697 558012931 0  
  1627429698 558012931 0  
  1627429699 558012931 0  
  1627429700 558012931 0  
  1627429701 558012931 0  
  1627429702 558016685 0  
  1627429703 558022197 0  
  1627429704 558022197 0  
  1627429705 558022197 0  
  1627429706 558023613 0  
  1627429707 558023613 0  
  1627429708 558023613 0  
  1627429709 558023613 0  
  1627429710 558023613 0  
  1627429711 558023613 0  
  1627429712 558023613 0  
  1627429713 558023613 0  
  1627429714 558023613 0  
  1627429715 558023613 0  
  1627429716 558023613 0  
  1627429717 558023613 0  
  1627429718 558023613 0  
  1627429719 558023613 0  
  1627429720 558023613 0  
  1627429722 558023613 0  
  1627429723 558023613 0  
  1627429724 558023613 0  
  1627429725 558023613 0  
  1627429726 558023613 0  
  1627429727 558023613 0  
  1627429728 558023613 0  
  1627429729 558023613 0  
  1627429730 558023613 0  
  1627429731 558023613 0  
  1627429732 558023613 0  
  1627429733 558023613 0  
  1627429734 558023613 0  
  1627429735 558023613 0  
  1627429736 558023613 0  
  1627429737 558023613 0  
  1627429738 558023613 0  
  1627429739 558023613 0  
  1627429740 558023613 0  
  1627429741 558027922 0  
  1627429742 558028246 0  
  1627429743 558028246 0  
  1627429744 558028954 0  
  1627429745 558028954 0  
  1627429746 558028954 0  
  1627429747 558028954 0  
  1627429748 558028954 0  
  1627429749 558028954 0  
  1627429750 558028954 0  
  1627429751 558028954 0  
  1627429752 558028954 0  
  1627429753 558028954 0  
  1627429754 558028954 0  
  1627429755 558028954 0  
  1627429756 558028954 0  
  1627429757 558028954 0  
  1627429758 558028954 0  
  1627429759 558028954 0  
  1627429760 558028954 0  
  1627429762 558028954 0  
  1627429763 558028954 0  
  1627429764 558028954 0  
  1627429765 558028954 0  
  1627429766 558028954 0  
  1627429767 558028954 0  
  1627429768 558028954 0  
  1627429769 558028954 0  
  1627429770 558028954 0  
  1627429771 558028954 0  
  1627429772 558028954 0  
  1627429773 558028954 0  
  1627429774 558028954 0  
  1627429775 558028954 0  
  1627429776 558028954 0  
  1627429777 558028954 0  
  1627429778 558028954 0  
  1627429779 558028954 0  
  1627429780 558028954 0  
  1627429781 558028954 0  
  1627429782 558028954 0  
  1627429783 558028954 0  
  1627429784 558028954 0  
  1627429785 558028954 0  
  1627429786 558028954 0  
  1627429787 558028954 0  
  1627429788 558028954 0  
  1627429789 558028954 0  
  1627429790 558028954 0  
  1627429791 558028954 0  
  1627429792 558028954 0  
  1627429793 558028954 0  
  1627429794 558028954 0  
  1627429795 558028954 0  
  1627429796 558028954 0  
  1627429797 558028954 0  
  1627429798 558028954 0  
  1627429799 558028954 0  
  1627429800 558028954 0  
  1627429802 558028954 0  
  1627429803 558028954 0  
  1627429804 558028954 0  
  1627429805 558028954 0  
  1627429806 558028954 0  
  1627429807 558028954 0  
  1627429808 558028954 0  
  1627429809 558029046 0  
  1627429810 558029046 0  
  1627429811 558029046 0  
  1627429812 558029046 0  
  1627429813 558029046 0  
  1627429814 558029046 0  
  1627429815 558029046 0  
  1627429816 558029046 0  
  1627429817 558029046 0  
  1627429818 558029046 0  
  1627429819 558029046 0  
  1627429820 558029046 0  
  1627429821 558029046 0  
  1627429822 558029046 0  
  1627429823 558029046 0  
  1627429824 558029046 0  
  1627429825 558029046 0  
  1627429826 558029046 0  
  1627429827 558029046 0  
  1627429828 558029046 0  
  1627429829 558029046 0  
  1627429830 558029046 0  
  1627429831 558029046 0  
  1627429832 558029046 0  
  1627429833 558029046 0  
  1627429834 558029046 0  
  1627429835 558029046 0  
  1627429836 558029046 0  
  1627429837 558029046 0  
  1627429838 558029046 0  
  1627429839 558029046 0  
  1627429841 558029046 0  
  1627429842 558029046 0  
  1627429843 558029403 0  
  1627429844 558029403 0  
  1627429845 558029403 0  
  1627429846 558029403 0  
  1627429847 558029403 0  
  1627429848 558029403 0  
  1627429849 558029403 0  
  1627429850 558029403 0  
  1627429851 558029403 0  
  1627429852 558029403 0  
  1627429853 558029403 0  
  1627429854 558029403 0  
  1627429855 558029403 0  
  1627429856 558029403 0  
  1627429857 558029403 0  
  1627429858 558029403 0  
  1627429859 558029403 0  
  1627429860 558029403 0  
  1627429861 558029403 0  
  1627429862 558029403 0  
  1627429863 558029403 0  
  1627429864 558029403 0  
  1627429865 558029403 0  
  1627429866 558029403 0  
  1627429867 558029403 0  
  1627429868 558029403 0  
  1627429869 558029403 0  
  1627429870 558029403 0  
  1627429871 558029403 0  
  1627429872 558029403 0  
  1627429873 558029403 0  
  1627429874 558029403 0  
  1627429875 558029403 0  
  1627429876 558029403 0  
  1627429877 558029403 0  
  1627429878 558029403 0  
  1627429879 558029999 0  
  1627429881 558029999 0  
  1627429882 558029999 0  
  1627429883 558029999 0  
  1627429884 558029999 0  
  1627429885 558029999 0  
  1627429886 558029999 0  
  1627429887 558029999 0  
  1627429888 558029999 0  
  1627429889 558029999 0  
  1627429890 558029999 0  
  1627429891 558029999 0  
  1627429892 558029999 0  
  1627429893 558029999 0  
  1627429894 558029999 0  
  1627429895 558029999 0  
  1627429896 558029999 0  
  1627429897 558029999 0  
  1627429898 558029999 0  
  1627429899 558029999 0  
  1627429900 558029999 0  
  1627429901 558029999 0  
  1627429902 558029999 0  
  1627429903 558029999 0  
  1627429904 558029999 0  
  1627429905 558029999 0  
  1627429906 558029999 0  
  1627429907 558029999 0  
  1627429908 558029999 0  
  1627429909 558029999 0  
  1627429910 558029999 0  
  1627429911 558029999 0  
  1627429912 558029999 0  
  1627429913 558029999 0  
  1627429914 558029999 0  
  1627429915 558029999 0  
  1627429916 558029999 0  
  1627429917 558029999 0  
  1627429918 558029999 0  
  1627429920 558029999 0  
  1627429921 558029999 0  
  1627429922 558029999 0  
  1627429923 558029999 0  
  1627429924 558029999 0  
  1627429925 558029999 0  
  1627429926 558029999 0  
  1627429927 558029999 0  
  1627429928 558029999 0  
  1627429929 558029999 0  
  1627429930 558031876 0  
  1627429931 558034632 0  
  1627429932 558034632 0  
  1627429933 558035340 0  
  1627429934 558035340 0  
  1627429935 558035340 0  
  1627429936 558035340 0  
  1627429937 558035432 0  
  1627429938 558035432 0  
  1627429939 558035432 0  
  1627429940 558035432 0  
  1627429941 558035432 0  
  1627429942 558035432 0  
  1627429943 558035432 0  
  1627429944 558035432 0  
  1627429945 558035432 0  
  1627429946 558035432 0  
  1627429947 558035432 0  
  1627429948 558035432 0  
  1627429949 558035432 0  
  1627429950 558035432 0  
  1627429951 558035432 0  
  1627429952 558035432 0  
  1627429953 558035432 0  
  1627429954 558035432 0  
  1627429955 558035432 0  
  1627429956 558035432 0  
  1627429957 558035432 0  
  1627429959 558039741 0  
  1627429960 558040065 0  
  1627429961 558040705 0  
  1627429962 558040705 0  
  1627429963 558040705 0  
  1627429964 558040705 0  
  1627429965 558040705 0  
  1627429966 558040705 0  
  1627429967 558040705 0  
  1627429968 558040705 0  
  1627429969 558040705 0  
  1627429970 558040705 0  
  1627429971 558040705 0  
  1627429972 558040705 0  
  1627429973 558040705 0  
  1627429974 558040705 0  
  1627429975 558040705 0  
  1627429976 558040705 0  
  1627429977 558040705 0  
  1627429978 558040705 0  
  1627429979 558040705 0  
  1627429980 558040705 0  
  1627429981 558040705 0  
  1627429982 558040705 0  
  1627429983 558040705 0  
  1627429984 558040705 0  
  1627429985 558040705 0  
  1627429986 558040705 0  
  1627429987 558040705 0  
  1627429988 558040705 0  
  1627429989 558040705 0  
  1627429990 558040705 0  
  1627429991 558040705 0  
  1627429992 558040705 0  
  1627429993 558040705 0  
  1627429994 558040705 0  
  1627429995 558040705 0  
  1627429996 558040705 0  
  1627429997 558040705 0  
  1627429999 558040705 0  
  1627430000 558040705 0  
  1627430001 558040705 0  
  1627430002 558049323 0  
  1627430003 558049971 0  
  1627430004 558051319 0  
  1627430005 558051319 0  
 