 1627021905 503342429 0  
  1627021906 503342429 0  
  1627021907 503342429 0  
  1627021908 503342429 0  
  1627021909 503342429 0  
  1627021910 503342429 0  
  1627021911 503342429 0  
  1627021912 503342521 0  
  1627021913 503342521 0  
  1627021914 503342521 0  
  1627021915 503342521 0  
  1627021916 503342521 0  
  1627021917 503342521 0  
  1627021918 503342521 0  
  1627021919 503342521 0  
  1627021920 503342521 0  
  1627021921 503342521 0  
  1627021922 503342521 0  
  1627021923 503342521 0  
  1627021924 503342521 0  
  1627021925 503342521 0  
  1627021926 503342521 0  
  1627021927 503342521 0  
  1627021928 503342521 0  
  1627021929 503342521 0  
  1627021930 503342521 0  
  1627021931 503342521 0  
  1627021932 503342521 0  
  1627021933 503342521 0  
  1627021934 503342521 0  
  1627021935 503342521 0  
  1627021936 503342521 0  
  1627021937 503342521 0  
  1627021938 503342521 0  
  1627021939 503342521 0  
  1627021941 503342521 0  
  1627021942 503342521 0  
  1627021943 503342521 0  
  1627021944 503342521 0  
  1627021945 503342521 0  
  1627021946 503342521 0  
  1627021947 503342521 0  
  1627021948 503342521 0  
  1627021949 503342521 0  
  1627021950 503342521 0  
  1627021951 503342521 0  
  1627021952 503342521 0  
  1627021953 503342521 0  
  1627021954 503342521 0  
  1627021955 503342521 0  
  1627021956 503342521 0  
  1627021957 503342521 0  
  1627021958 503342521 0  
  1627021959 503342521 0  
  1627021960 503342521 0  
  1627021961 503342521 0  
  1627021962 503342521 0  
  1627021963 503342521 0  
  1627021964 503342521 0  
  1627021965 503342613 0  
  1627021966 503342613 0  
  1627021967 503342613 0  
  1627021968 503342613 0  
  1627021969 503342613 0  
  1627021970 503342613 0  
  1627021971 503342613 0  
  1627021972 503342613 0  
  1627021973 503342613 0  
  1627021974 503342613 0  
  1627021975 503342613 0  
  1627021976 503342613 0  
  1627021977 503342613 0  
  1627021978 503342613 0  
  1627021980 503342613 0  
  1627021981 503342613 0  
  1627021982 503342613 0  
  1627021983 503342613 0  
  1627021984 503342613 0  
  1627021985 503342613 0  
  1627021986 503342613 0  
  1627021987 503342613 0  
  1627021988 503342613 0  
  1627021989 503342613 0  
  1627021990 503342613 0  
  1627021991 503342613 0  
  1627021992 503342613 0  
  1627021993 503342613 0  
  1627021994 503342613 0  
  1627021995 503342613 0  
  1627021996 503342613 0  
  1627021997 503342613 0  
  1627021998 503342613 0  
  1627021999 503342613 0  
  1627022000 503342613 0  
  1627022001 503342613 0  
  1627022002 503342613 0  
  1627022003 503342613 0  
  1627022004 503342613 0  
  1627022005 503342613 0  
  1627022006 503342613 0  
  1627022007 503342613 0  
  1627022008 503342613 0  
  1627022009 503342613 0  
  1627022010 503342613 0  
  1627022011 503342613 0  
  1627022012 503342613 0  
  1627022013 503342613 0  
  1627022014 503342613 0  
  1627022015 503342613 0  
  1627022016 503342613 0  
  1627022017 503342613 0  
  1627022018 503345510 0  
  1627022020 503347246 0  
  1627022021 503347246 0  
  1627022022 503347954 0  
  1627022023 503347954 0  
  1627022024 503347954 0  
  1627022025 503347954 0  
  1627022026 503347954 0  
  1627022027 503347954 0  
  1627022028 503347954 0  
  1627022029 503347954 0  
  1627022030 503347954 0  
  1627022031 503347954 0  
  1627022032 503347954 0  
  1627022033 503347954 0  
  1627022034 503347954 0  
  1627022035 503347954 0  
  1627022036 503347954 0  
  1627022037 503347954 0  
  1627022038 503347954 0  
  1627022039 503347954 0  
  1627022040 503347954 0  
  1627022041 503348292 0  
  1627022042 503348292 0  
  1627022043 503348292 0  
  1627022044 503348292 0  
  1627022045 503348292 0  
  1627022046 503348292 0  
  1627022047 503348292 0  
  1627022048 503348292 0  
  1627022049 503348292 0  
  1627022050 503348292 0  
  1627022051 503348292 0  
  1627022052 503348292 0  
  1627022053 503348292 0  
  1627022054 503348292 0  
  1627022055 503348292 0  
  1627022056 503348292 0  
  1627022057 503348292 0  
  1627022059 503348292 0  
  1627022060 503348292 0  
  1627022061 503348292 0  
  1627022062 503348292 0  
  1627022063 503348292 0  
  1627022064 503348292 0  
  1627022065 503348292 0  
  1627022066 503348292 0  
  1627022067 503348292 0  
  1627022068 503348292 0  
  1627022069 503348292 0  
  1627022070 503348292 0  
  1627022071 503348888 0  
  1627022072 503348888 0  
  1627022073 503348888 0  
  1627022074 503348888 0  
  1627022075 503348888 0  
  1627022076 503348888 0  
  1627022077 503348888 0  
  1627022078 503348888 0  
  1627022079 503348888 0  
  1627022080 503348888 0  
  1627022081 503348888 0  
  1627022082 503348888 0  
  1627022083 503348888 0  
  1627022084 503348888 0  
  1627022085 503348888 0  
  1627022086 503348888 0  
  1627022087 503348888 0  
  1627022088 503348888 0  
  1627022089 503348888 0  
  1627022090 503348888 0  
  1627022091 503348888 0  
  1627022092 503348888 0  
  1627022093 503348888 0  
  1627022094 503348888 0  
  1627022095 503348980 0  
  1627022096 503348980 0  
  1627022097 503348980 0  
  1627022099 503348980 0  
  1627022100 503348980 0  
  1627022101 503348980 0  
  1627022102 503348980 0  
  1627022103 503348980 0  
  1627022104 503348980 0  
  1627022105 503348980 0  
  1627022106 503348980 0  
  1627022107 503348980 0  
  1627022108 503348980 0  
  1627022109 503348980 0  
  1627022110 503348980 0  
  1627022111 503348980 0  
  1627022112 503348980 0  
  1627022113 503348980 0  
  1627022114 503348980 0  
  1627022115 503348980 0  
  1627022116 503348980 0  
  1627022117 503348980 0  
  1627022118 503348980 0  
  1627022119 503348980 0  
  1627022120 503348980 0  
  1627022121 503348980 0  
  1627022122 503348980 0  
  1627022123 503348980 0  
  1627022124 503348980 0  
  1627022125 503348980 0  
  1627022126 503348980 0  
  1627022127 503348980 0  
  1627022128 503348980 0  
  1627022129 503348980 0  
  1627022130 503348980 0  
  1627022131 503348980 0  
  1627022132 503348980 0  
  1627022133 503348980 0  
  1627022134 503348980 0  
  1627022135 503348980 0  
  1627022136 503348980 0  
  1627022138 503348980 0  
  1627022139 503348980 0  
  1627022140 503349337 0  
  1627022141 503349337 0  
  1627022142 503349337 0  
  1627022143 503353646 0  
  1627022144 503353970 0  
  1627022145 503354678 0  
  1627022146 503359311 0  
  1627022147 503359311 0  
  1627022148 503359951 0  
  1627022149 503359951 0  
  1627022150 503359951 0  
  1627022151 503364080 0  
  1627022152 503369217 0  
  1627022153 503369925 0  
  1627022154 503370633 0  
  1627022155 503370633 0  
  1627022156 503370633 0  
  1627022157 503370633 0  
  1627022158 503370633 0  
  1627022159 503370633 0  
  1627022160 503370633 0  
  1627022161 503370633 0  
  1627022162 503370633 0  
  1627022163 503370633 0  
  1627022164 503370633 0  
  1627022165 503370633 0  
  1627022166 503370633 0  
  1627022167 503370633 0  
  1627022168 503370633 0  
  1627022169 503370633 0  
  1627022170 503370633 0  
  1627022171 503370633 0  
  1627022172 503370725 0  
  1627022173 503370725 0  
  1627022174 503370725 0  
  1627022175 503370725 0  
  1627022176 503370725 0  
  1627022178 503370725 0  
  1627022179 503370725 0  
  1627022180 503370725 0  
  1627022181 503370725 0  
  1627022182 503370725 0  
  1627022183 503370725 0  
  1627022184 503370725 0  
  1627022185 503370725 0  
  1627022186 503370725 0  
  1627022187 503370725 0  
  1627022188 503370725 0  
  1627022189 503370725 0  
  1627022190 503370725 0  
  1627022191 503371063 0  
  1627022192 503371063 0  
  1627022193 503371063 0  
  1627022194 503371063 0  
  1627022195 503371063 0  
  1627022196 503371063 0  
  1627022197 503371063 0  
  1627022198 503371063 0  
  1627022199 503371063 0  
  1627022200 503371063 0  
  1627022201 503371063 0  
  1627022202 503371063 0  
  1627022203 503371063 0  
  1627022204 503371063 0  
  1627022205 503371063 0  
  1627022206 503371063 0  
  1627022207 503371063 0  
  1627022208 503371063 0  
  1627022209 503371063 0  
  1627022210 503371063 0  
  1627022211 503371063 0  
  1627022212 503371063 0  
  1627022213 503371063 0  
  1627022214 503371063 0  
  1627022215 503371063 0  
  1627022217 503371063 0  
  1627022218 503371063 0  
  1627022219 503371063 0  
  1627022220 503371063 0  
  1627022221 503371063 0  
  1627022222 503371063 0  
  1627022223 503371063 0  
  1627022224 503371063 0  
  1627022225 503371155 0  
  1627022226 503371155 0  
  1627022227 503371155 0  
  1627022228 503371155 0  
  1627022229 503371155 0  
  1627022230 503371155 0  
  1627022231 503371155 0  
  1627022232 503371155 0  
  1627022233 503371155 0  
  1627022234 503371155 0  
  1627022235 503371155 0  
  1627022236 503371155 0  
  1627022237 503371155 0  
  1627022238 503371155 0  
  1627022239 503371155 0  
  1627022240 503371155 0  
  1627022241 503371155 0  
  1627022242 503371155 0  
  1627022243 503371155 0  
  1627022244 503371155 0  
  1627022245 503371155 0  
  1627022246 503371155 0  
  1627022247 503371155 0  
 