 1626716236 447630386 0  
  1626716237 447630386 0  
  1626716238 447630386 0  
  1626716239 447630386 0  
  1626716240 447630386 0  
  1626716241 447630386 0  
  1626716242 447630386 0  
  1626716243 447630386 0  
  1626716244 447630386 0  
  1626716245 447630386 0  
  1626716246 447630386 0  
  1626716247 447630386 0  
  1626716248 447630386 0  
  1626716249 447630386 0  
  1626716250 447630386 0  
  1626716251 447630386 0  
  1626716252 447630478 0  
  1626716253 447630478 0  
  1626716254 447630478 0  
  1626716255 447630478 0  
  1626716256 447630478 0  
  1626716257 447630478 0  
  1626716258 447630478 0  
  1626716259 447630478 0  
  1626716260 447630478 0  
  1626716261 447630478 0  
  1626716262 447630478 0  
  1626716263 447630478 0  
  1626716264 447630478 0  
  1626716265 447630478 0  
  1626716266 447630478 0  
  1626716267 447630478 0  
  1626716269 447630478 0  
  1626716270 447630478 0  
  1626716271 447630478 0  
  1626716272 447630478 0  
  1626716273 447634607 0  
  1626716274 447635111 0  
  1626716275 447635111 0  
  1626716276 447635819 0  
  1626716277 447635819 0  
  1626716278 447635819 0  
  1626716279 447635819 0  
  1626716280 447635819 0  
  1626716281 447635819 0  
  1626716282 447635819 0  
  1626716283 447635819 0  
  1626716284 447635819 0  
  1626716285 447635819 0  
  1626716286 447635819 0  
  1626716287 447635819 0  
  1626716288 447635819 0  
  1626716289 447635819 0  
  1626716290 447635819 0  
  1626716291 447635819 0  
  1626716292 447635819 0  
  1626716293 447635819 0  
  1626716294 447635819 0  
  1626716295 447635819 0  
  1626716296 447635819 0  
  1626716297 447635819 0  
  1626716298 447635819 0  
  1626716299 447635819 0  
  1626716300 447635819 0  
  1626716301 447635819 0  
  1626716302 447635819 0  
  1626716303 447635819 0  
  1626716304 447635819 0  
  1626716305 447635819 0  
  1626716306 447635819 0  
  1626716307 447635819 0  
  1626716309 447635819 0  
  1626716310 447635819 0  
  1626716311 447635819 0  
  1626716312 447635819 0  
  1626716313 447635819 0  
  1626716314 447635819 0  
  1626716315 447635819 0  
  1626716316 447635819 0  
  1626716317 447635819 0  
  1626716318 447635819 0  
  1626716319 447635819 0  
  1626716320 447635911 0  
  1626716321 447635911 0  
  1626716322 447635911 0  
  1626716323 447635911 0  
  1626716324 447635911 0  
  1626716325 447635911 0  
  1626716326 447635911 0  
  1626716327 447635911 0  
  1626716328 447635911 0  
  1626716329 447635911 0  
  1626716330 447635911 0  
  1626716331 447635911 0  
  1626716332 447635911 0  
  1626716333 447635911 0  
  1626716334 447635911 0  
  1626716335 447635911 0  
  1626716336 447635911 0  
  1626716337 447635911 0  
  1626716338 447635911 0  
  1626716339 447635911 0  
  1626716340 447635911 0  
  1626716341 447635911 0  
  1626716342 447635911 0  
  1626716343 447635911 0  
  1626716344 447635911 0  
  1626716345 447635911 0  
  1626716346 447635911 0  
  1626716347 447635911 0  
  1626716349 447635911 0  
  1626716350 447635911 0  
  1626716351 447635911 0  
  1626716352 447635911 0  
  1626716353 447635911 0  
  1626716354 447635911 0  
  1626716355 447635911 0  
  1626716356 447635911 0  
  1626716357 447635911 0  
  1626716358 447635911 0  
  1626716359 447635911 0  
  1626716360 447635911 0  
  1626716361 447635911 0  
  1626716362 447635911 0  
  1626716363 447636507 0  
  1626716364 447636507 0  
  1626716365 447636507 0  
  1626716366 447636507 0  
  1626716367 447636507 0  
  1626716368 447636507 0  
  1626716369 447636507 0  
  1626716370 447636507 0  
  1626716371 447636507 0  
  1626716372 447636507 0  
  1626716373 447636507 0  
  1626716374 447636507 0  
  1626716375 447636507 0  
  1626716376 447636507 0  
  1626716377 447636507 0  
  1626716378 447636507 0  
  1626716379 447636507 0  
  1626716380 447636507 0  
  1626716381 447636507 0  
  1626716382 447636507 0  
  1626716383 447636507 0  
  1626716384 447636507 0  
  1626716385 447636507 0  
  1626716386 447636507 0  
  1626716388 447636507 0  
  1626716389 447636507 0  
  1626716390 447636507 0  
  1626716391 447636507 0  
  1626716392 447636507 0  
  1626716393 447636507 0  
  1626716394 447636507 0  
  1626716395 447636507 0  
  1626716396 447636507 0  
  1626716397 447636507 0  
  1626716398 447636507 0  
  1626716399 447636507 0  
  1626716400 447636507 0  
  1626716401 447636507 0  
  1626716402 447636507 0  
  1626716403 447636507 0  
  1626716404 447636507 0  
  1626716405 447636507 0  
  1626716406 447636507 0  
  1626716407 447636507 0  
  1626716408 447636507 0  
  1626716409 447636507 0  
  1626716410 447640816 0  
  1626716411 447641140 0  
  1626716412 447641848 0  
  1626716413 447641848 0  
  1626716414 447641848 0  
  1626716415 447641848 0  
  1626716416 447641848 0  
  1626716417 447641848 0  
  1626716418 447641848 0  
  1626716419 447641848 0  
  1626716420 447641848 0  
  1626716421 447646157 0  
  1626716422 447651114 0  
  1626716423 447651822 0  
  1626716424 447657163 0  
  1626716425 447657163 0  
  1626716426 447657871 0  
  1626716428 447657871 0  
  1626716429 447657871 0  
  1626716430 447657871 0  
  1626716431 447657871 0  
  1626716432 447657871 0  
  1626716433 447657871 0  
  1626716434 447657871 0  
  1626716435 447657871 0  
  1626716436 447657871 0  
  1626716437 447657871 0  
  1626716438 447657871 0  
  1626716439 447657871 0  
  1626716440 447657871 0  
  1626716441 447657871 0  
  1626716442 447657871 0  
  1626716443 447658228 0  
  1626716444 447658228 0  
  1626716445 447658228 0  
  1626716446 447658228 0  
  1626716447 447658228 0  
  1626716448 447658228 0  
  1626716449 447658228 0  
  1626716450 447658228 0  
  1626716451 447658228 0  
  1626716452 447658228 0  
  1626716453 447658310 0  
  1626716454 447658310 0  
  1626716455 447658310 0  
  1626716456 447658310 0  
  1626716457 447658310 0  
  1626716458 447658310 0  
  1626716459 447658310 0  
  1626716460 447658310 0  
  1626716461 447658310 0  
  1626716462 447658310 0  
  1626716463 447658310 0  
  1626716464 447658310 0  
  1626716465 447658310 0  
  1626716466 447658310 0  
  1626716468 447658310 0  
  1626716469 447658310 0  
  1626716470 447658310 0  
  1626716471 447658310 0  
  1626716472 447658310 0  
  1626716473 447658310 0  
  1626716474 447658310 0  
  1626716475 447658310 0  
  1626716476 447658310 0  
  1626716477 447658310 0  
  1626716478 447658310 0  
  1626716479 447658310 0  
  1626716480 447658310 0  
  1626716481 447658310 0  
  1626716482 447658310 0  
  1626716483 447658310 0  
  1626716484 447658310 0  
  1626716485 447658310 0  
  1626716486 447658310 0  
  1626716487 447658310 0  
  1626716488 447658310 0  
  1626716489 447658310 0  
  1626716490 447658310 0  
  1626716491 447658310 0  
  1626716492 447658310 0  
  1626716493 447658310 0  
  1626716494 447658310 0  
  1626716495 447658310 0  
  1626716496 447658310 0  
  1626716497 447658310 0  
  1626716498 447658310 0  
  1626716499 447658310 0  
  1626716500 447658310 0  
  1626716501 447658310 0  
  1626716502 447658310 0  
  1626716503 447658310 0  
  1626716504 447658310 0  
  1626716505 447658310 0  
  1626716506 447658310 0  
  1626716508 447658310 0  
  1626716509 447658310 0  
  1626716510 447658310 0  
  1626716511 447658310 0  
  1626716512 447658402 0  
  1626716513 447658402 0  
  1626716514 447658402 0  
  1626716515 447658402 0  
  1626716516 447658402 0  
  1626716517 447658402 0  
  1626716518 447658402 0  
  1626716519 447658402 0  
  1626716520 447658402 0  
  1626716521 447658402 0  
  1626716522 447658402 0  
  1626716523 447658402 0  
  1626716524 447658402 0  
  1626716525 447658402 0  
  1626716526 447658402 0  
  1626716527 447658402 0  
  1626716528 447658402 0  
  1626716529 447658402 0  
  1626716530 447658402 0  
  1626716531 447658402 0  
  1626716532 447658402 0  
  1626716533 447658402 0  
  1626716534 447658402 0  
  1626716535 447658402 0  
  1626716536 447658402 0  
  1626716537 447658402 0  
  1626716538 447658402 0  
  1626716539 447658402 0  
  1626716540 447658402 0  
  1626716541 447658402 0  
  1626716542 447658402 0  
  1626716543 447658402 0  
  1626716544 447658402 0  
  1626716545 447658402 0  
  1626716546 447658402 0  
  1626716547 447658402 0  
  1626716549 447658402 0  
  1626716550 447658402 0  
  1626716551 447658402 0  
  1626716552 447658402 0  
  1626716553 447658402 0  
  1626716554 447658402 0  
  1626716555 447658470 0  
  1626716556 447658470 0  
  1626716557 447658470 0  
  1626716558 447658470 0  
  1626716559 447658470 0  
  1626716560 447658470 0  
  1626716561 447659626 0  
  1626716562 447659626 0  
  1626716563 447659626 0  
  1626716564 447660222 0  
  1626716565 447660222 0  
  1626716566 447660222 0  
  1626716567 447660222 0  
  1626716568 447660222 0  
  1626716569 447660222 0  
  1626716570 447660222 0  
  1626716571 447660222 0  
  1626716572 447663119 0  
  1626716573 447664855 0  
  1626716574 447664855 0  
  1626716575 447665563 0  
  1626716576 447665655 0  
  1626716577 447665655 0  
  1626716578 447665655 0  
  1626716579 447665655 0  
  1626716580 447665655 0  
  1626716581 447665655 0  
  1626716582 447665655 0  
  1626716583 447665655 0  
  1626716584 447665655 0  
  1626716585 447665655 0  
  1626716586 447665655 0  
  1626716587 447665655 0  
  1626716589 447665655 0  
  1626716590 447665655 0  
  1626716591 447665655 0  
  1626716592 447665655 0  
  1626716593 447665655 0  
  1626716594 447665655 0  
  1626716595 447665655 0  
  1626716596 447665655 0  
  1626716597 447665655 0  
  1626716598 447665655 0  
  1626716599 447665655 0  
  1626716600 447665655 0  
  1626716601 447665655 0  
  1626716602 447665655 0  
  1626716603 447665655 0  
  1626716604 447665655 0  
  1626716605 447665655 0  
  1626716606 447665655 0  
  1626716607 447665655 0  
  1626716608 447665655 0  
  1626716609 447665655 0  
  1626716610 447665655 0  
  1626716611 447665655 0  
  1626716612 447665655 0  
  1626716613 447665655 0  
  1626716614 447665655 0  
  1626716615 447665655 0  
  1626716616 447665655 0  
  1626716617 447665655 0  
  1626716618 447665655 0  
  1626716619 447665655 0  
  1626716620 447665655 0  
  1626716621 447665655 0  
  1626716622 447665655 0  
  1626716623 447665655 0  
  1626716624 447665655 0  
  1626716625 447665655 0  
  1626716626 447665655 0  
  1626716627 447665655 0  
  1626716629 447665655 0  
  1626716630 447665655 0  
  1626716631 447665655 0  
  1626716632 447665655 0  
  1626716633 447665655 0  
  1626716634 447665655 0  
  1626716635 447665655 0  
  1626716636 447665655 0  
  1626716637 447665655 0  
  1626716638 447665655 0  
  1626716639 447665655 0  
  1626716640 447665655 0  
  1626716641 447665655 0  
  1626716642 447665655 0  
  1626716643 447665655 0  
  1626716644 447665655 0  
  1626716645 447665655 0  
  1626716646 447665655 0  
  1626716647 447665655 0  
  1626716648 447665655 0  
  1626716649 447665655 0  
  1626716650 447665655 0  
  1626716651 447665655 0  
  1626716652 447665655 0  
  1626716653 447665655 0  
  1626716654 447665655 0  
  1626716655 447665655 0  
  1626716656 447665655 0  
  1626716657 447665655 0  
  1626716658 447665655 0  
  1626716659 447665655 0  
  1626716660 447665655 0  
  1626716661 447665655 0  
  1626716662 447665655 0  
  1626716663 447665655 0  
  1626716664 447665655 0  
  1626716665 447665655 0  
  1626716666 447665655 0  
  1626716667 447665655 0  
  1626716669 447665655 0  
  1626716670 447665655 0  
  1626716671 447665655 0  
  1626716672 447665655 0  
  1626716673 447665655 0  
  1626716674 447665655 0  
  1626716675 447665655 0  
  1626716676 447665655 0  
  1626716677 447665655 0  
  1626716678 447665655 0  
  1626716679 447665655 0  
  1626716680 447665655 0  
  1626716681 447665655 0  
  1626716682 447665655 0  
  1626716683 447665655 0  
  1626716684 447665655 0  
  1626716685 447665655 0  
  1626716686 447665655 0  
  1626716687 447665655 0  
  1626716688 447665655 0  
  1626716689 447665655 0  
  1626716690 447665655 0  
  1626716691 447665655 0  
  1626716692 447665655 0  
  1626716693 447665655 0  
  1626716694 447665655 0  
  1626716695 447665655 0  
  1626716696 447665655 0  
  1626716697 447665655 0  
  1626716698 447665655 0  
  1626716699 447665655 0  
  1626716700 447665655 0  
  1626716701 447665655 0  
  1626716702 447665655 0  
  1626716703 447665655 0  
 