 1626770608 456257748 0  
  1626770609 456257748 0  
  1626770610 456257748 0  
  1626770611 456257748 0  
  1626770612 456257748 0  
  1626770613 456257748 0  
  1626770614 456257748 0  
  1626770615 456257748 0  
  1626770617 456257748 0  
  1626770618 456257748 0  
  1626770619 456257748 0  
  1626770620 456257748 0  
  1626770621 456257748 0  
  1626770622 456257748 0  
  1626770623 456257748 0  
  1626770624 456257748 0  
  1626770625 456257748 0  
  1626770626 456257748 0  
  1626770627 456257748 0  
  1626770628 456257748 0  
  1626770629 456257748 0  
  1626770630 456257748 0  
  1626770631 456257748 0  
  1626770632 456257748 0  
  1626770633 456257748 0  
  1626770634 456257748 0  
  1626770635 456257748 0  
  1626770636 456257748 0  
  1626770637 456257748 0  
  1626770638 456257748 0  
  1626770639 456257748 0  
  1626770640 456257748 0  
  1626770641 456257748 0  
  1626770642 456257748 0  
  1626770643 456257748 0  
  1626770644 456257748 0  
  1626770645 456257748 0  
  1626770646 456257748 0  
  1626770647 456257748 0  
  1626770648 456257748 0  
  1626770649 456257748 0  
  1626770650 456257748 0  
  1626770651 456257748 0  
  1626770652 456257748 0  
  1626770653 456257748 0  
  1626770654 456257748 0  
  1626770655 456257748 0  
  1626770657 456257748 0  
  1626770658 456257748 0  
  1626770659 456257748 0  
  1626770660 456257748 0  
  1626770661 456257748 0  
  1626770662 456257748 0  
  1626770663 456257748 0  
  1626770664 456257748 0  
  1626770665 456257748 0  
  1626770666 456257748 0  
  1626770667 456257748 0  
  1626770668 456257748 0  
  1626770669 456257748 0  
  1626770670 456257748 0  
  1626770671 456257748 0  
  1626770672 456257840 0  
  1626770673 456257840 0  
  1626770674 456257840 0  
  1626770675 456257840 0  
  1626770676 456257840 0  
  1626770677 456257840 0  
  1626770678 456257840 0  
  1626770679 456257840 0  
  1626770680 456257840 0  
  1626770681 456257840 0  
  1626770682 456257840 0  
  1626770683 456257840 0  
  1626770684 456257840 0  
  1626770685 456257840 0  
  1626770686 456257840 0  
  1626770687 456257840 0  
  1626770688 456257840 0  
  1626770689 456257840 0  
  1626770690 456257840 0  
  1626770691 456257840 0  
  1626770692 456257840 0  
  1626770693 456257840 0  
  1626770694 456257840 0  
  1626770695 456257840 0  
  1626770697 456257840 0  
  1626770698 456257840 0  
  1626770699 456257840 0  
  1626770700 456257840 0  
  1626770701 456257840 0  
  1626770702 456257840 0  
  1626770703 456257840 0  
  1626770704 456257840 0  
  1626770705 456257840 0  
  1626770706 456257840 0  
  1626770707 456257840 0  
  1626770708 456257840 0  
  1626770709 456257840 0  
  1626770710 456262149 0  
  1626770711 456262473 0  
  1626770712 456262473 0  
  1626770713 456263181 0  
  1626770714 456263181 0  
  1626770715 456263181 0  
  1626770716 456263181 0  
  1626770717 456263181 0  
  1626770718 456263181 0  
  1626770719 456263181 0  
  1626770720 456263181 0  
  1626770721 456263181 0  
  1626770722 456263273 0  
  1626770723 456271891 0  
  1626770724 456272683 0  
  1626770725 456278588 0  
  1626770726 456279296 0  
  1626770727 456279296 0  
  1626770728 456279296 0  
  1626770729 456279296 0  
  1626770730 456279296 0  
  1626770731 456279296 0  
  1626770732 456279296 0  
  1626770733 456279296 0  
  1626770734 456279296 0  
  1626770736 456279296 0  
  1626770737 456279388 0  
  1626770738 456279388 0  
  1626770739 456279388 0  
  1626770740 456279388 0  
  1626770741 456279388 0  
  1626770742 456279388 0  
  1626770743 456369688 0  
  1626770744 456521247 0  
  1626770745 456521247 0  
  1626770746 456521366 0  
  1626770747 456521366 0  
  1626770748 456521366 0  
  1626770749 456521366 0  
  1626770750 456521366 0  
  1626770751 456521366 0  
  1626770752 456521366 0  
  1626770753 456521366 0  
  1626770754 456521366 0  
  1626770755 456521458 0  
  1626770756 456521458 0  
  1626770757 456521458 0  
  1626770758 456521458 0  
  1626770759 456521458 0  
  1626770760 456521458 0  
  1626770761 456521458 0  
  1626770762 456521458 0  
  1626770763 456521458 0  
  1626770764 456521458 0  
  1626770765 456521458 0  
  1626770766 456523053 0  
  1626770767 456523053 0  
  1626770768 456523053 0  
  1626770769 456523053 0  
  1626770770 456523053 0  
  1626770771 456523053 0  
  1626770772 456523053 0  
  1626770773 456523053 0  
  1626770774 456523053 0  
  1626770776 456523053 0  
  1626770777 456523053 0  
  1626770778 456523053 0  
  1626770779 456523053 0  
  1626770780 456523053 0  
  1626770781 456523053 0  
  1626770782 456523053 0  
  1626770783 456523053 0  
  1626770784 456523053 0  
  1626770785 456523053 0  
  1626770786 456523053 0  
  1626770787 456523053 0  
  1626770788 456523145 0  
  1626770789 456523145 0  
  1626770790 456523145 0  
  1626770791 456523145 0  
  1626770792 456523145 0  
  1626770793 456523145 0  
  1626770794 456523145 0  
  1626770795 456523145 0  
  1626770796 456523145 0  
  1626770797 456523145 0  
  1626770798 456523145 0  
  1626770799 456523145 0  
  1626770800 456523145 0  
  1626770801 456523237 0  
  1626770802 456523237 0  
  1626770803 456523237 0  
  1626770804 456523237 0  
  1626770805 456523237 0  
  1626770806 456523237 0  
  1626770807 456523237 0  
  1626770808 456523237 0  
  1626770809 456523237 0  
  1626770810 456523237 0  
  1626770811 456523237 0  
  1626770812 456523237 0  
  1626770813 456523237 0  
  1626770814 456523237 0  
  1626770815 456523237 0  
  1626770817 456523237 0  
  1626770818 456523237 0  
  1626770819 456523237 0  
  1626770820 456523329 0  
  1626770821 456523329 0  
  1626770822 456523329 0  
  1626770823 456523329 0  
  1626770824 456523329 0  
  1626770825 456523329 0  
  1626770826 456523329 0  
  1626770827 456523329 0  
  1626770828 456523329 0  
  1626770829 456523329 0  
  1626770830 456523329 0  
  1626770831 456523329 0  
  1626770832 456523329 0  
  1626770833 456523329 0  
  1626770834 456523329 0  
  1626770835 456523329 0  
  1626770836 456523329 0  
  1626770837 456523329 0  
  1626770838 456523329 0  
  1626770839 456523329 0  
  1626770840 456523329 0  
  1626770841 456523329 0  
  1626770842 456523329 0  
  1626770843 456523329 0  
  1626770844 456523329 0  
  1626770845 456523329 0  
  1626770846 456523329 0  
  1626770847 456523329 0  
  1626770848 456523329 0  
  1626770849 456523329 0  
  1626770850 456523329 0  
  1626770851 456523421 0  
  1626770852 456523421 0  
  1626770853 456523421 0  
  1626770854 456523421 0  
  1626770856 456523421 0  
  1626770857 456523421 0  
  1626770858 456523421 0  
  1626770859 456523421 0  
  1626770860 456523421 0  
  1626770861 456523421 0  
  1626770862 456523421 0  
  1626770863 456523421 0  
  1626770864 456523421 0  
  1626770865 456523421 0  
  1626770866 456523513 0  
  1626770867 456523513 0  
  1626770868 456523513 0  
  1626770869 456523513 0  
  1626770870 456523513 0  
  1626770871 456523513 0  
  1626770872 456527904 0  
  1626770873 456528228 0  
  1626770874 456528936 0  
  1626770875 456528936 0  
  1626770876 456528936 0  
  1626770877 456528936 0  
  1626770878 456528936 0  
  1626770879 456528936 0  
  1626770880 456528936 0  
  1626770881 456528936 0  
  1626770882 456528936 0  
  1626770883 456528936 0  
  1626770884 456529028 0  
  1626770885 456529028 0  
  1626770886 456529028 0  
  1626770887 456529028 0  
  1626770888 456529028 0  
  1626770889 456529028 0  
  1626770890 456529028 0  
  1626770891 456529028 0  
  1626770892 456529028 0  
  1626770893 456529028 0  
  1626770894 456529028 0  
  1626770896 456529028 0  
  1626770897 456529028 0  
  1626770898 456529028 0  
  1626770899 456529028 0  
  1626770900 456529028 0  
  1626770901 456529028 0  
  1626770902 456529028 0  
  1626770903 456529028 0  
  1626770904 456529028 0  
  1626770905 456529028 0  
  1626770906 456529028 0  
  1626770907 456529028 0  
  1626770908 456529028 0  
  1626770909 456529028 0  
  1626770910 456529028 0  
  1626770911 456529028 0  
  1626770912 456529028 0  
  1626770913 456529028 0  
  1626770914 456529028 0  
  1626770915 456529028 0  
  1626770916 456529120 0  
  1626770917 456529120 0  
  1626770918 456529120 0  
  1626770919 456529120 0  
  1626770920 456529120 0  
  1626770921 456529120 0  
  1626770922 456529120 0  
  1626770923 456529120 0  
  1626770924 456529120 0  
  1626770925 456529120 0  
  1626770926 456529120 0  
  1626770927 456529120 0  
  1626770928 456529120 0  
  1626770929 456529120 0  
  1626770930 456529212 0  
  1626770931 456529212 0  
  1626770932 456529212 0  
  1626770933 456529212 0  
  1626770934 456529212 0  
  1626770936 456529212 0  
  1626770937 456529212 0  
  1626770938 456529212 0  
  1626770939 456529212 0  
  1626770940 456529212 0  
  1626770941 456529212 0  
  1626770942 456529212 0  
  1626770943 456529212 0  
  1626770944 456529212 0  
  1626770945 456529212 0  
  1626770946 456529212 0  
  1626770947 456529212 0  
  1626770948 456529212 0  
  1626770949 456529304 0  
  1626770950 456529304 0  
  1626770951 456529304 0  
  1626770952 456529304 0  
  1626770953 456529304 0  
  1626770954 456529304 0  
  1626770955 456529304 0  
  1626770956 456529304 0  
  1626770957 456529304 0  
  1626770958 456529304 0  
  1626770959 456529304 0  
  1626770960 456529304 0  
  1626770961 456529304 0  
  1626770962 456529304 0  
  1626770963 456529304 0  
  1626770964 456529304 0  
  1626770965 456529304 0  
  1626770966 456529894 0  
  1626770967 456529894 0  
  1626770968 456529894 0  
  1626770969 456529894 0  
  1626770970 456529894 0  
  1626770971 456529894 0  
  1626770972 456529894 0  
  1626770973 456529894 0  
  1626770974 456529894 0  
  1626770976 456529894 0  
  1626770977 456529894 0  
  1626770978 456529894 0  
  1626770979 456529894 0  
  1626770980 456529894 0  
  1626770981 456529986 0  
  1626770982 456529986 0  
  1626770983 456529986 0  
  1626770984 456529986 0  
  1626770985 456529986 0  
  1626770986 456529986 0  
  1626770987 456529986 0  
  1626770988 456529986 0  
  1626770989 456529986 0  
  1626770990 456529986 0  
  1626770991 456529986 0  
  1626770992 456530042 0  
  1626770993 456530042 0  
  1626770994 456530042 0  
  1626770995 456530134 0  
  1626770996 456530134 0  
  1626770997 456530134 0  
  1626770998 456530134 0  
  1626770999 456530134 0  
  1626771000 456530134 0  
  1626771001 456530134 0  
  1626771002 456530134 0  
  1626771003 456530134 0  
  1626771004 456530134 0  
  1626771005 456530134 0  
  1626771006 456530134 0  
  1626771007 456530134 0  
  1626771008 456534443 0  
  1626771009 456534767 0  
  1626771010 456535475 0  
  1626771011 456535475 0  
  1626771012 456535475 0  
  1626771013 456535567 0  
  1626771015 456535567 0  
  1626771016 456535567 0  
  1626771017 456535567 0  
  1626771018 456535567 0  
  1626771019 456535567 0  
  1626771020 456535567 0  
  1626771021 456535567 0  
  1626771022 456535567 0  
  1626771023 456539876 0  
  1626771024 456544833 0  
  1626771025 456549466 0  
  1626771026 456550746 0  
  1626771027 456551386 0  
  1626771028 456551386 0  
  1626771029 456551386 0  
  1626771030 456551386 0  
  1626771031 456551386 0  
  1626771032 456551386 0  
  1626771033 456551386 0  
  1626771034 456551386 0  
  1626771035 456551386 0  
  1626771036 456551386 0  
  1626771037 456551386 0  
  1626771038 456551386 0  
  1626771039 456551386 0  
  1626771040 456551386 0  
  1626771041 456551386 0  
  1626771042 456551386 0  
  1626771043 456551743 0  
  1626771044 456551743 0  
  1626771045 456551835 0  
  1626771046 456551835 0  
  1626771047 456551835 0  
  1626771048 456551835 0  
  1626771049 456551835 0  
  1626771050 456551835 0  
  1626771051 456551835 0  
  1626771052 456551835 0  
  1626771053 456551835 0  
  1626771055 456551835 0  
  1626771056 456551835 0  
  1626771057 456551835 0  
  1626771058 456551835 0  
  1626771059 456551835 0  
  1626771060 456551927 0  
  1626771061 456551927 0  
  1626771062 456551927 0  
  1626771063 456551927 0  
  1626771064 456551927 0  
  1626771065 456551927 0  
  1626771066 456551927 0  
  1626771067 456551927 0  
  1626771068 456551927 0  
  1626771069 456551927 0  
  1626771070 456551927 0  
  1626771071 456551927 0  
  1626771072 456551927 0  
  1626771073 456551927 0  
  1626771074 456551927 0  
  1626771075 456551927 0  
  1626771076 456551927 0  
  1626771077 456552019 0  
  1626771078 456552019 0  
  1626771079 456552019 0  
  1626771080 456552019 0  
  1626771081 456552019 0  
  1626771082 456552019 0  
  1626771083 456552019 0  
  1626771084 456552019 0  
  1626771085 456552019 0  
  1626771086 456552019 0  
  1626771087 456552019 0  
  1626771088 456552019 0  
  1626771089 456552019 0  
  1626771090 456552019 0  
  1626771091 456552019 0  
  1626771092 456552019 0  
  1626771094 456552019 0  
  1626771095 456552019 0  
  1626771096 456552019 0  
  1626771097 456552019 0  
  1626771098 456552019 0  
  1626771099 456552019 0  
  1626771100 456552019 0  
  1626771101 456552019 0  
  1626771102 456552019 0  
  1626771103 456552019 0  
  1626771104 456552019 0  
  1626771105 456552019 0  
  1626771106 456552019 0  
  1626771107 456552019 0  
  1626771108 456552019 0  
  1626771109 456552019 0  
  1626771110 456552111 0  
  1626771111 456552111 0  
  1626771112 456552111 0  
  1626771113 456552111 0  
  1626771114 456552111 0  
  1626771115 456552111 0  
  1626771116 456552111 0  
  1626771117 456552111 0  
  1626771118 456552111 0  
  1626771119 456552111 0  
  1626771120 456552111 0  
  1626771121 456552111 0  
  1626771122 456552111 0  
  1626771123 456552111 0  
  1626771124 456552203 0  
  1626771125 456552203 0  
  1626771126 456552203 0  
  1626771127 456552203 0  
  1626771128 456552203 0  
  1626771129 456552203 0  
  1626771130 456552203 0  
  1626771131 456552203 0  
  1626771132 456552203 0  
  1626771134 456552203 0  
  1626771135 456552541 0  
  1626771136 456552541 0  
  1626771137 456552541 0  
  1626771138 456552541 0  
  1626771139 456552541 0  
  1626771140 456552541 0  
  1626771141 456552541 0  
  1626771142 456552633 0  
  1626771143 456552633 0  
  1626771144 456552633 0  
  1626771145 456552633 0  
  1626771146 456552633 0  
  1626771147 456552633 0  
  1626771148 456552633 0  
  1626771149 456552633 0  
  1626771150 456552633 0  
  1626771151 456552633 0  
  1626771152 456552633 0  
  1626771153 456552633 0  
  1626771154 456552633 0  
  1626771155 456552633 0  
  1626771156 456552633 0  
  1626771157 456552633 0  
  1626771158 456552633 0  
  1626771159 456552633 0  
  1626771160 456552633 0  
  1626771161 456552633 0  
  1626771162 456552633 0  
  1626771163 456552633 0  
  1626771164 456552633 0  
  1626771165 456553223 0  
  1626771166 456553223 0  
  1626771167 456553223 0  
  1626771168 456553223 0  
  1626771169 456553223 0  
  1626771170 456553223 0  
  1626771171 456557532 0  
  1626771172 456557856 0  
  1626771174 456558564 0  
  1626771175 456558656 0  
  1626771176 456558656 0  
  1626771177 456558656 0  
  1626771178 456558656 0  
  1626771179 456558656 0  
  1626771180 456558656 0  
  1626771181 456558656 0  
  1626771182 456558656 0  
  1626771183 456558656 0  
  1626771184 456558656 0  
  1626771185 456558656 0  
  1626771186 456558656 0  
  1626771187 456558656 0  
  1626771188 456558656 0  
  1626771189 456558656 0  
  1626771190 456558748 0  
  1626771191 456558748 0  
  1626771192 456558748 0  
  1626771193 456558748 0  
  1626771194 456558748 0  
  1626771195 456558748 0  
  1626771196 456558748 0  
  1626771197 456558748 0  
  1626771198 456558748 0  
  1626771199 456558748 0  
  1626771200 456558748 0  
  1626771201 456558748 0  
  1626771202 456558748 0  
  1626771203 456558748 0  
  1626771204 456558748 0  
  1626771205 456558748 0  
  1626771206 456558840 0  
  1626771207 456558840 0  
  1626771208 456558840 0  
  1626771209 456558840 0  
  1626771210 456558840 0  
  1626771212 456558840 0  
  1626771213 456558840 0  
  1626771214 456558840 0  
  1626771215 456558840 0  
  1626771216 456558840 0  
  1626771217 456558840 0  
  1626771218 456558840 0  
  1626771219 456558840 0  
  1626771220 456558840 0  
  1626771221 456558840 0  
  1626771222 456558840 0  
  1626771223 456558840 0  
  1626771224 456558840 0  
  1626771225 456558840 0  
  1626771226 456558840 0  
  1626771227 456558840 0  
  1626771228 456558840 0  
  1626771229 456558840 0  
  1626771230 456558840 0  
  1626771231 456558840 0  
  1626771232 456558840 0  
  1626771233 456558840 0  
  1626771234 456558840 0  
  1626771235 456558840 0  
  1626771236 456558840 0  
  1626771237 456558840 0  
  1626771238 456558840 0  
  1626771239 456558932 0  
  1626771240 456558932 0  
  1626771241 456558932 0  
  1626771242 456558932 0  
  1626771243 456558932 0  
  1626771244 456558932 0  
  1626771245 456558932 0  
  1626771246 456558932 0  
  1626771247 456558932 0  
  1626771248 456558932 0  
  1626771249 456558932 0  
  1626771251 456558932 0  
  1626771252 456558932 0  
  1626771253 456558932 0  
  1626771254 456559024 0  
  1626771255 456559024 0  
  1626771256 456559024 0  
  1626771257 456559024 0  
  1626771258 456559024 0  
  1626771259 456559024 0  
  1626771260 456559024 0  
  1626771261 456559024 0  
  1626771262 456559024 0  
  1626771263 456559024 0  
  1626771264 456559024 0  
  1626771265 456559024 0  
  1626771266 456559024 0  
  1626771267 456559024 0  
  1626771268 456559024 0  
  1626771269 456559024 0  
  1626771270 456559024 0  
  1626771271 456559116 0  
  1626771272 456559116 0  
  1626771273 456559116 0  
  1626771274 456559116 0  
  1626771275 456559116 0  
  1626771276 456559116 0  
  1626771277 456559116 0  
  1626771278 456559116 0  
  1626771279 456559116 0  
  1626771280 456559116 0  
  1626771281 456559116 0  
  1626771282 456559116 0  
  1626771283 456559116 0  
  1626771284 456559116 0  
  1626771285 456559116 0  
  1626771286 456559116 0  
  1626771287 456559116 0  
  1626771288 456559116 0  
  1626771289 456559116 0  
  1626771291 456559116 0  
  1626771292 456559116 0  
  1626771293 456559116 0  
  1626771294 456559116 0  
  1626771295 456559116 0  
  1626771296 456559454 0  
  1626771297 456559454 0  
  1626771298 456559454 0  
  1626771299 456559454 0  
  1626771300 456559454 0  
  1626771301 456559454 0  
  1626771302 456559454 0  
  1626771303 456559454 0  
  1626771304 456559546 0  
  1626771305 456559546 0  
  1626771306 456559546 0  
  1626771307 456559546 0  
  1626771308 456563855 0  
  1626771309 456564179 0  
  1626771310 456564179 0  
  1626771311 456564887 0  
  1626771312 456564887 0  
  1626771313 456564887 0  
  1626771314 456564887 0  
  1626771315 456564887 0  
  1626771316 456564887 0  
  1626771317 456564887 0  
  1626771318 456564979 0  
  1626771319 456564979 0  
  1626771320 456564979 0  
  1626771321 456564979 0  
  1626771322 456564979 0  
  1626771323 456574109 0  
  1626771324 456576122 0  
  1626771325 456580294 0  
  1626771326 456581002 0  
  1626771327 456581002 0  
  1626771328 456581002 0  
  1626771329 456581002 0  
  1626771331 456581002 0  
  1626771332 456581002 0  
  1626771333 456581002 0  
  1626771334 456581002 0  
  1626771335 456581002 0  
  1626771336 456581094 0  
  1626771337 456581094 0  
  1626771338 456581094 0  
  1626771339 456581094 0  
  1626771340 456581094 0  
  1626771341 456581094 0  
  1626771342 456581094 0  
  1626771343 456581451 0  
  1626771344 456581451 0  
  1626771345 456581451 0  
  1626771346 456581451 0  
  1626771347 456581451 0  
  1626771348 456581451 0  
  1626771349 456581451 0  
  1626771350 456581451 0  
  1626771351 456581451 0  
  1626771352 456581451 0  
  1626771353 456581451 0  
  1626771354 456581451 0  
  1626771355 456581451 0  
  1626771356 456581451 0  
  1626771357 456581451 0  
  1626771358 456581451 0  
  1626771359 456581451 0  
  1626771360 456581451 0  
  1626771361 456581451 0  
  1626771362 456581451 0  
  1626771363 456581451 0  
  1626771364 456581451 0  
  1626771365 456582041 0  
  1626771366 456582041 0  
  1626771367 456582041 0  
  1626771368 456582133 0  
  1626771369 456582133 0  
  1626771371 456582133 0  
  1626771372 456582133 0  
  1626771373 456582133 0  
  1626771374 456582133 0  
  1626771375 456582133 0  
  1626771376 456582133 0  
  1626771377 456582133 0  
  1626771378 456582133 0  
  1626771379 456582133 0  
  1626771380 456582133 0  
  1626771381 456582133 0  
  1626771382 456582133 0  
  1626771383 456582133 0  
  1626771384 456582225 0  
  1626771385 456582225 0  
  1626771386 456582225 0  
  1626771387 456582225 0  
  1626771388 456582225 0  
  1626771389 456582225 0  
  1626771390 456582225 0  
  1626771391 456582225 0  
  1626771392 456582225 0  
  1626771393 456582225 0  
  1626771394 456582225 0  
  1626771395 456582225 0  
  1626771396 456582225 0  
  1626771397 456582225 0  
  1626771398 456582225 0  
  1626771399 456582225 0  
  1626771400 456582317 0  
  1626771401 456582317 0  
  1626771402 456582317 0  
  1626771403 456582317 0  
  1626771404 456582317 0  
  1626771405 456582317 0  
  1626771406 456582317 0  
  1626771407 456582317 0  
  1626771408 456582317 0  
  1626771409 456582317 0  
  1626771411 456582317 0  
  1626771412 456582317 0  
  1626771413 456582317 0  
  1626771414 456582317 0  
  1626771415 456582317 0  
  1626771416 456582317 0  
  1626771417 456582317 0  
  1626771418 456582317 0  
  1626771419 456582317 0  
  1626771420 456582317 0  
  1626771421 456582317 0  
  1626771422 456582317 0  
  1626771423 456582317 0  
  1626771424 456582317 0  
  1626771425 456582317 0  
  1626771426 456582317 0  
  1626771427 456582317 0  
  1626771428 456582317 0  
  1626771429 456582317 0  
  1626771430 456582317 0  
  1626771431 456582317 0  
  1626771432 456582317 0  
  1626771433 456582409 0  
  1626771434 456582409 0  
  1626771435 456582409 0  
  1626771436 456582409 0  
  1626771437 456582409 0  
  1626771438 456582409 0  
  1626771439 456582409 0  
  1626771440 456582409 0  
  1626771441 456582409 0  
  1626771442 456582409 0  
  1626771443 456582409 0  
  1626771444 456582409 0  
  1626771445 456582747 0  
  1626771446 456582747 0  
  1626771447 456582839 0  
  1626771448 456582839 0  
  1626771449 456582839 0  
  1626771451 456582839 0  
  1626771452 456582839 0  
  1626771453 456582839 0  
  1626771454 456582839 0  
  1626771455 456582907 0  
  1626771456 456582907 0  
  1626771457 456582907 0  
  1626771458 456582907 0  
  1626771459 456582907 0  
  1626771460 456582907 0  
  1626771461 456584063 0  
  1626771462 456584063 0  
  1626771463 456584063 0  
  1626771464 456584063 0  
  1626771465 456584063 0  
  1626771466 456584063 0  
  1626771467 456584063 0  
  1626771468 456584063 0  
  1626771469 456584063 0  
  1626771470 456584063 0  
  1626771471 456588192 0  
  1626771472 456588696 0  
  1626771473 456588696 0  
  1626771474 456589404 0  
  1626771475 456589404 0  
  1626771476 456589404 0  
  1626771477 456589404 0  
  1626771478 456589404 0  
  1626771479 456589404 0  
  1626771480 456589404 0  
  1626771481 456589404 0  
  1626771482 456589404 0  
  1626771483 456589404 0  
  1626771484 456589404 0  
  1626771485 456589404 0  
  1626771486 456589404 0  
  1626771487 456589404 0  
  1626771488 456589404 0  
  1626771489 456589404 0  
  1626771491 456589404 0  
  1626771492 456589404 0  
  1626771493 456589404 0  
  1626771494 456589404 0  
  1626771495 456589404 0  
  1626771496 456589404 0  
  1626771497 456589404 0  
  1626771498 456589496 0  
  1626771499 456589496 0  
  1626771500 456589496 0  
  1626771501 456589496 0  
  1626771502 456589496 0  
  1626771503 456589496 0  
  1626771504 456589496 0  
  1626771505 456589496 0  
  1626771506 456589496 0  
  1626771507 456589496 0  
  1626771508 456589496 0  
  1626771509 456589496 0  
  1626771510 456589496 0  
  1626771511 456589496 0  
  1626771512 456589588 0  
  1626771513 456589588 0  
  1626771514 456589588 0  
  1626771515 456589588 0  
  1626771516 456589588 0  
  1626771517 456589588 0  
  1626771518 456589588 0  
  1626771519 456589588 0  
  1626771520 456589588 0  
  1626771521 456589588 0  
  1626771522 456589588 0  
  1626771523 456589588 0  
  1626771524 456589588 0  
  1626771525 456589588 0  
  1626771526 456589588 0  
  1626771527 456589588 0  
  1626771528 456589588 0  
  1626771530 456589588 0  
  1626771531 456589588 0  
  1626771532 456589588 0  
  1626771533 456589588 0  
  1626771534 456589588 0  
  1626771535 456589588 0  
  1626771536 456589588 0  
  1626771537 456589588 0  
  1626771538 456589588 0  
  1626771539 456589588 0  
  1626771540 456589588 0  
  1626771541 456589588 0  
  1626771542 456589588 0  
  1626771543 456589588 0  
  1626771544 456589588 0  
  1626771545 456589588 0  
  1626771546 456589588 0  
  1626771547 456589588 0  
  1626771548 456589588 0  
  1626771549 456589588 0  
  1626771550 456589588 0  
  1626771551 456589588 0  
  1626771552 456589588 0  
  1626771553 456589588 0  
  1626771554 456589588 0  
  1626771555 456589588 0  
  1626771556 456589588 0  
  1626771557 456589588 0  
  1626771558 456589588 0  
  1626771559 456589588 0  
  1626771560 456589588 0  
  1626771561 456589588 0  
  1626771562 456589680 0  
  1626771563 456589680 0  
  1626771564 456589680 0  
  1626771565 456590338 0  
  1626771566 456590338 0  
  1626771567 456590338 0  
  1626771568 456590338 0  
  1626771570 456590338 0  
  1626771571 456590338 0  
  1626771572 456590338 0  
  1626771573 456590338 0  
 