 1627431303 554476106 127047  
  1627431304 554476106 127047  
  1627431305 554476106 127047  
  1627431306 554476106 127047  
  1627431307 554476106 127047  
  1627431308 554476106 127047  
  1627431309 554476106 127047  
  1627431310 554476106 127047  
  1627431311 554476106 127047  
  1627431312 554476106 127047  
  1627431313 554476198 127047  
  1627431314 554476198 127047  
  1627431315 554476198 127047  
  1627431316 554476198 127047  
  1627431317 554476536 127047  
  1627431318 554476536 127047  
  1627431319 554476536 127047  
  1627431320 554476536 127047  
  1627431321 554476536 127047  
  1627431322 554476536 127047  
  1627431323 554476536 127047  
  1627431324 554476536 127047  
  1627431325 554476536 127047  
  1627431326 554476536 127047  
  1627431327 554476536 127047  
  1627431328 554476536 127047  
  1627431329 554476536 127047  
  1627431330 554476536 127047  
  1627431331 554476536 127047  
  1627431332 554476536 127047  
  1627431333 554476536 127047  
  1627431334 554476536 127047  
  1627431335 554476536 127047  
  1627431337 554476655 127047  
  1627431338 554476893 127047  
  1627431339 554476893 127047  
  1627431340 554476893 127047  
  1627431341 554476893 127047  
  1627431342 554476893 127047  
  1627431343 554476893 127047  
  1627431344 554476893 127047  
  1627431345 554476893 127047  
  1627431346 554476893 127047  
  1627431347 554476893 127047  
  1627431348 554476893 127047  
  1627431349 554476893 127047  
  1627431350 554476893 127047  
  1627431351 554476893 127047  
  1627431352 554476893 127047  
  1627431353 554476893 127047  
  1627431354 554476893 127047  
  1627431355 554476893 127047  
  1627431356 554476893 127047  
  1627431357 554476893 127047  
  1627431358 554476893 127047  
  1627431359 554476893 127047  
  1627431360 554476893 127047  
  1627431361 554476985 127047  
  1627431362 554476985 127047  
  1627431363 554476985 127047  
  1627431364 554476985 127047  
  1627431365 554476985 127047  
  1627431366 554476985 127047  
  1627431367 554476985 127047  
  1627431368 554476985 127047  
  1627431369 554476985 127047  
  1627431370 554476985 127047  
  1627431371 554476985 127047  
  1627431372 554476985 127047  
  1627431373 554476985 127047  
  1627431374 554476985 127047  
  1627431376 554476985 127047  
  1627431377 554476985 127047  
  1627431378 554476985 127047  
  1627431379 554476985 127047  
  1627431380 554476985 127047  
  1627431381 554476985 127047  
  1627431382 554476985 127047  
  1627431383 554476985 127047  
  1627431384 554476985 127047  
  1627431385 554476985 127047  
  1627431386 554476985 127047  
  1627431387 554476985 127047  
  1627431388 554476985 127047  
  1627431389 554476985 127047  
  1627431390 554476985 127047  
  1627431391 554476985 127047  
  1627431392 554476985 127047  
  1627431393 554476985 127047  
  1627431394 554476985 127047  
  1627431395 554476985 127047  
  1627431396 554476985 127047  
  1627431397 554476985 127047  
  1627431398 554476985 127047  
  1627431399 554476985 127047  
  1627431400 554476985 127047  
  1627431401 554476985 127047  
  1627431402 554476985 127047  
  1627431403 554476985 127047  
  1627431404 554476985 127047  
  1627431405 554476985 127047  
  1627431406 554476985 127047  
  1627431407 554476985 127047  
  1627431408 554476985 127047  
  1627431409 554476985 127047  
  1627431410 554476985 127047  
  1627431411 554476985 127047  
  1627431412 554476985 127047  
  1627431413 554476985 127047  
  1627431414 554476985 127047  
  1627431416 554476985 127047  
  1627431417 554476985 127047  
  1627431418 554476985 127047  
  1627431419 554476985 127047  
  1627431420 554476985 127047  
  1627431421 554476985 127047  
  1627431422 554476985 127047  
  1627431423 554476985 127047  
  1627431424 554476985 127047  
  1627431425 554476985 127047  
  1627431426 554481294 127047  
  1627431427 554481618 127047  
  1627431428 554481618 127047  
  1627431429 554482258 127047  
  1627431430 554482258 127047  
  1627431431 554482258 127047  
  1627431432 554482258 127047  
  1627431433 554482258 127047  
  1627431434 554482258 127047  
  1627431435 554482258 127047  
  1627431436 554482258 127047  
  1627431437 554482258 127047  
  1627431438 554482258 127047  
  1627431439 554482258 127047  
  1627431440 554482258 127047  
  1627431441 554482258 127047  
  1627431442 554482258 127047  
  1627431443 554482258 127047  
  1627431444 554482258 127047  
  1627431445 554482258 127047  
  1627431446 554482258 127047  
  1627431447 554482258 127047  
  1627431448 554482258 127047  
  1627431449 554482258 127047  
  1627431450 554482258 127047  
  1627431451 554482258 127047  
  1627431452 554482258 127047  
  1627431454 554482402 127047  
  1627431455 554486891 127047  
  1627431456 554486891 127047  
  1627431457 554487463 127047  
  1627431458 554487463 127047  
  1627431459 554487463 127047  
  1627431460 554487463 127047  
  1627431461 554487463 127047  
  1627431462 554487463 127047  
  1627431463 554487463 127047  
  1627431464 554487463 127047  
  1627431465 554487463 127047  
  1627431466 554487463 127047  
  1627431467 554487463 127047  
  1627431468 554487801 127047  
  1627431469 554487801 127047  
  1627431470 554487801 127047  
  1627431471 554487801 127047  
  1627431472 554487801 127047  
  1627431473 554487801 127047  
  1627431474 554487801 127047  
  1627431475 554487801 127047  
  1627431476 554487801 127047  
  1627431477 554487801 127047  
  1627431478 554487801 127047  
  1627431479 554488397 127047  
  1627431480 554488397 127047  
  1627431481 554488397 127047  
  1627431482 554488397 127047  
  1627431483 554488397 127047  
  1627431484 554488397 127047  
  1627431485 554488397 127047  
  1627431486 554488397 127047  
  1627431487 554488397 127047  
  1627431488 554488397 127047  
  1627431489 554488397 127047  
  1627431490 554488397 127047  
  1627431491 554488397 127047  
  1627431492 554488397 127047  
  1627431494 554488397 127047  
  1627431495 554488397 127047  
  1627431496 554488397 127047  
  1627431497 554492706 127047  
  1627431498 554497663 127047  
  1627431499 554498371 127047  
  1627431500 554499079 127047  
  1627431501 554499079 127047  
  1627431502 554499079 127047  
  1627431503 554499079 127047  
  1627431504 554499079 127047  
  1627431505 554499079 127047  
  1627431506 554499079 127047  
  1627431507 554499079 127047  
  1627431508 554499079 127047  
  1627431509 554499079 127047  
  1627431510 554499079 127047  
  1627431511 554499079 127047  
  1627431512 554499079 127047  
  1627431513 554499079 127047  
  1627431514 554499079 127047  
  1627431515 554499079 127047  
  1627431516 554499079 127047  
  1627431517 554499079 127047  
  1627431518 554499079 127047  
  1627431519 554499079 127047  
  1627431520 554499079 127047  
  1627431521 554499079 127047  
  1627431522 554499079 127047  
  1627431523 554499079 127047  
  1627431524 554499079 127047  
  1627431525 554499079 127047  
  1627431526 554499079 127047  
  1627431527 554499079 127047  
  1627431528 554499079 127047  
  1627431529 554499079 127047  
  1627431530 554499079 127047  
  1627431532 554499079 127047  
  1627431533 554499079 127047  
  1627431534 554499079 127047  
  1627431535 554499079 127047  
  1627431536 554503644 127047  
  1627431537 554503712 127047  
  1627431538 554504420 127047  
  1627431539 554504420 127047  
  1627431540 554504420 127047  
  1627431541 554504420 127047  
  1627431542 554504420 127047  
  1627431543 554504420 127047  
  1627431544 554504420 127047  
  1627431545 554504420 127047  
  1627431546 554504420 127047  
  1627431547 554504420 127047  
  1627431548 554504420 127047  
  1627431549 554504420 127047  
  1627431550 554504420 127047  
  1627431551 554504420 127047  
  1627431552 554504420 127047  
  1627431553 554504420 127047  
  1627431554 554504420 127047  
  1627431555 554504420 127047  
  1627431556 554504420 127047  
  1627431557 554504420 127047  
  1627431558 554504420 127047  
  1627431559 554504420 127047  
  1627431560 554504420 127047  
  1627431561 554504420 127047  
  1627431562 554504420 127047  
  1627431563 554504420 127047  
  1627431564 554504420 127047  
  1627431565 554504420 127047  
  1627431566 554504420 127047  
  1627431567 554504420 127047  
  1627431568 554504420 127047  
  1627431569 554504512 127047  
  1627431571 554504512 127047  
  1627431572 554504512 127047  
  1627431573 554504512 127047  
  1627431574 554504512 127047  
  1627431575 554504512 127047  
  1627431576 554504512 127047  
  1627431577 554504512 127047  
  1627431578 554504512 127047  
  1627431579 554504512 127047  
  1627431580 554504512 127047  
  1627431581 554504512 127047  
  1627431582 554504512 127047  
  1627431583 554504512 127047  
  1627431584 554504512 127047  
  1627431585 554504512 127047  
  1627431586 554504512 127047  
  1627431587 554504512 127047  
  1627431588 554504512 127047  
  1627431589 554504512 127047  
  1627431590 554504512 127047  
  1627431591 554504512 127047  
  1627431592 554504512 127047  
  1627431593 554504512 127047  
  1627431594 554504512 127047  
  1627431595 554504512 127047  
  1627431596 554504512 127047  
  1627431597 554504512 127047  
  1627431598 554504512 127047  
  1627431599 554504512 127047  
  1627431600 554504512 127047  
  1627431601 554504512 127047  
  1627431602 554504512 127047  
  1627431603 554504512 127047  
  1627431604 554504512 127047  
  1627431605 554504512 127047  
  1627431606 554504850 127047  
  1627431607 554504850 127047  
  1627431608 554504850 127047  
  1627431609 554504850 127047  
  1627431611 554504850 127047  
  1627431612 554504850 127047  
  1627431613 554504850 127047  
  1627431614 554504850 127047  
  1627431615 554504850 127047  
  1627431616 554504850 127047  
  1627431617 554504850 127047  
  1627431618 554504850 127047  
  1627431619 554504850 127047  
  1627431620 554504850 127047  
  1627431621 554504942 127047  
  1627431622 554504942 127047  
  1627431623 554504942 127047  
  1627431624 554504942 127047  
  1627431625 554504942 127047  
  1627431626 554504942 127047  
  1627431627 554504942 127047  
  1627431628 554504942 127047  
  1627431629 554504942 127047  
  1627431630 554504942 127047  
  1627431631 554504942 127047  
  1627431632 554504942 127047  
  1627431633 554504942 127047  
  1627431634 554504942 127047  
  1627431635 554504942 127047  
  1627431636 554504942 127047  
  1627431637 554505299 127047  
  1627431638 554505299 127047  
  1627431639 554505299 127047  
  1627431640 554505299 127047  
  1627431641 554505299 127047  
  1627431642 554505299 127047  
  1627431643 554505299 127047  
  1627431644 554505299 127047  
  1627431645 554505299 127047  
  1627431646 554505299 127047  
  1627431647 554505299 127047  
  1627431648 554505299 127047  
  1627431650 554505299 127047  
  1627431651 554505299 127047  
  1627431652 554505299 127047  
  1627431653 554505299 127047  
  1627431654 554505299 127047  
  1627431655 554505299 127047  
  1627431656 554505299 127047  
  1627431657 554505299 127047  
  1627431658 554505299 127047  
  1627431659 554505299 127047  
  1627431660 554505299 127047  
  1627431661 554505299 127047  
  1627431662 554505299 127047  
  1627431663 554505299 127047  
  1627431664 554505299 127047  
  1627431665 554505299 127047  
  1627431666 554505299 127047  
  1627431667 554505299 127047  
  1627431668 554505299 127047  
  1627431669 554505299 127047  
  1627431670 554505299 127047  
  1627431671 554505299 127047  
  1627431672 554505299 127047  
  1627431673 554505299 127047  
  1627431674 554505299 127047  
  1627431675 554505299 127047  
  1627431676 554505299 127047  
  1627431677 554505299 127047  
  1627431678 554505299 127047  
  1627431679 554505895 127047  
  1627431680 554505895 127047  
  1627431681 554505895 127047  
  1627431682 554505895 127047  
  1627431683 554505895 127047  
  1627431684 554505895 127047  
  1627431685 554505895 127047  
  1627431686 554505895 127047  
  1627431687 554505895 127047  
  1627431689 554505895 127047  
  1627431690 554505895 127047  
  1627431691 554505895 127047  
  1627431692 554505895 127047  
  1627431693 554505895 127047  
  1627431694 554505895 127047  
  1627431695 554505895 127047  
  1627431696 554505895 127047  
  1627431697 554505895 127047  
  1627431698 554505895 127047  
  1627431699 554505895 127047  
  1627431700 554505895 127047  
  1627431701 554505895 127047  
  1627431702 554505895 127047  
  1627431703 554505895 127047  
  1627431704 554505895 127047  
  1627431705 554505895 127047  
  1627431706 554505895 127047  
  1627431707 554505895 127047  
  1627431708 554505895 127047  
  1627431709 554505895 127047  
  1627431710 554505895 127047  
  1627431711 554505895 127047  
  1627431712 554505895 127047  
  1627431713 554505895 127047  
  1627431714 554505895 127047  
  1627431715 554505895 127047  
  1627431716 554505895 127047  
  1627431717 554505895 127047  
  1627431718 554505895 127047  
  1627431719 554505895 127047  
  1627431720 554505895 127047  
  1627431721 554505895 127047  
  1627431722 554505895 127047  
  1627431723 554505895 127047  
  1627431724 554505895 127047  
  1627431725 554510204 127047  
  1627431727 554510528 127047  
  1627431728 554511236 127047  
  1627431729 554511236 127047  
  1627431730 554511236 127047  
  1627431731 554511236 127047  
  1627431732 554511236 127047  
  1627431733 554511236 127047  
  1627431734 554511236 127047  
  1627431735 554511236 127047  
  1627431736 554511236 127047  
  1627431737 554511236 127047  
  1627431738 554511236 127047  
  1627431739 554511236 127047  
  1627431740 554511236 127047  
  1627431741 554511236 127047  
  1627431742 554511236 127047  
  1627431743 554511236 127047  
  1627431744 554511236 127047  
  1627431745 554511236 127047  
  1627431746 554511236 127047  
  1627431747 554511236 127047  
  1627431748 554511236 127047  
  1627431749 554511236 127047  
  1627431750 554511236 127047  
  1627431751 554511236 127047  
  1627431752 554511236 127047  
  1627431753 554511236 127047  
  1627431754 554515545 127047  
  1627431755 554515869 127047  
  1627431756 554516577 127047  
  1627431757 554516577 127047  
  1627431758 554516577 127047  
  1627431759 554516577 127047  
  1627431760 554516577 127047  
  1627431761 554516577 127047  
  1627431762 554516577 127047  
  1627431763 554516577 127047  
  1627431765 554516577 127047  
  1627431766 554516577 127047  
  1627431767 554516577 127047  
  1627431768 554516915 127047  
  1627431769 554516915 127047  
  1627431770 554516915 127047  
  1627431771 554516915 127047  
  1627431772 554516915 127047  
  1627431773 554516915 127047  
  1627431774 554516915 127047  
  1627431775 554516915 127047  
  1627431776 554516915 127047  
  1627431777 554516915 127047  
  1627431778 554516915 127047  
  1627431779 554516915 127047  
  1627431780 554516915 127047  
  1627431781 554516915 127047  
  1627431782 554516915 127047  
  1627431783 554516915 127047  
  1627431784 554516915 127047  
  1627431785 554516915 127047  
  1627431786 554516915 127047  
  1627431787 554516915 127047  
  1627431788 554516915 127047  
  1627431789 554516915 127047  
  1627431790 554516915 127047  
  1627431791 554516915 127047  
  1627431792 554516915 127047  
  1627431793 554516915 127047  
  1627431794 554516915 127047  
  1627431795 554516915 127047  
  1627431796 554518876 127047  
  1627431797 554526113 127047  
  1627431798 554526181 127047  
  1627431799 554527597 127047  
  1627431800 554527597 127047  
  1627431801 554527597 127047  
  1627431802 554527597 127047  
  1627431804 554527597 127047  
  1627431805 554527597 127047  
  1627431806 554527597 127047  
  1627431807 554527597 127047  
  1627431808 554527597 127047  
  1627431809 554527597 127047  
  1627431810 554527597 127047  
  1627431811 554527597 127047  
  1627431812 554527597 127047  
  1627431813 554527597 127047  
  1627431814 554527597 127047  
  1627431815 554527597 127047  
  1627431816 554527597 127047  
  1627431817 554527597 127047  
  1627431818 554527597 127047  
  1627431819 554527597 127047  
  1627431820 554527597 127047  
  1627431821 554527597 127047  
  1627431822 554527597 127047  
  1627431823 554527597 127047  
  1627431824 554527597 127047  
  1627431825 554527597 127047  
  1627431826 554527597 127047  
  1627431827 554527597 127047  
  1627431828 554527689 127047  
  1627431829 554527689 127047  
  1627431830 554527689 127047  
  1627431831 554527689 127047  
  1627431832 554527689 127047  
  1627431833 554527689 127047  
  1627431834 554527689 127047  
  1627431835 554527689 127047  
  1627431836 554531998 127047  
  1627431837 554532322 127047  
  1627431838 554532962 127047  
  1627431839 554532962 127047  
  1627431840 554532962 127047  
  1627431842 554532962 127047  
  1627431843 554532962 127047  
  1627431844 554532962 127047  
  1627431845 554532962 127047  
  1627431846 554532962 127047  
  1627431847 554532962 127047  
  1627431848 554532962 127047  
  1627431849 554532962 127047  
  1627431850 554532962 127047  
  1627431851 554532962 127047  
  1627431852 554532962 127047  
  1627431853 554532962 127047  
  1627431854 554532962 127047  
  1627431855 554532962 127047  
  1627431856 554532962 127047  
  1627431857 554532962 127047  
  1627431858 554532962 127047  
  1627431859 554532962 127047  
  1627431860 554532962 127047  
  1627431861 554532962 127047  
  1627431862 554532962 127047  
  1627431863 554533022 127047  
  1627431864 554533022 127047  
  1627431865 554533022 127047  
  1627431866 554533022 127047  
  1627431867 554533022 127047  
  1627431868 554533022 127047  
  1627431869 554533022 127047  
  1627431870 554533022 127047  
  1627431871 554533022 127047  
  1627431872 554533082 127047  
  1627431873 554533082 127047  
  1627431874 554533082 127047  
  1627431875 554533082 127047  
  1627431876 554533082 127047  
  1627431877 554533082 127047  
  1627431878 554533174 127047  
  1627431879 554533770 127047  
  1627431881 554533770 127047  
  1627431882 554533770 127047  
  1627431883 554533770 127047  
  1627431884 554533770 127047  
  1627431885 554533770 127047  
  1627431886 554533770 127047  
  1627431887 554533770 127047  
  1627431888 554533770 127047  
  1627431889 554533770 127047  
  1627431890 554533770 127047  
  1627431891 554533770 127047  
  1627431892 554533770 127047  
  1627431893 554533770 127047  
  1627431894 554533770 127047  
  1627431895 554533770 127047  
  1627431896 554533770 127047  
  1627431897 554533770 127047  
  1627431898 554533770 127047  
  1627431899 554533770 127047  
  1627431900 554533770 127047  
  1627431901 554533770 127047  
  1627431902 554533770 127047  
  1627431903 554533770 127047  
  1627431904 554533770 127047  
  1627431905 554533770 127047  
  1627431906 554533770 127047  
  1627431907 554533770 127047  
  1627431908 554533770 127047  
  1627431909 554533770 127047  
  1627431910 554533770 127047  
  1627431911 554533770 127047  
  1627431912 554533770 127047  
  1627431913 554533770 127047  
  1627431914 554533770 127047  
  1627431915 554533770 127047  
  1627431916 554533770 127047  
  1627431917 554533770 127047  
  1627431919 554533770 127047  
  1627431920 554533770 127047  
  1627431921 554533770 127047  
  1627431922 554533770 127047  
  1627431923 554533770 127047  
  1627431924 554533770 127047  
  1627431925 554533770 127047  
  1627431926 554533770 127047  
  1627431927 554533770 127047  
  1627431928 554533770 127047  
  1627431929 554533770 127047  
  1627431930 554533770 127047  
  1627431931 554533770 127047  
  1627431932 554533770 127047  
  1627431933 554533770 127047  
  1627431934 554533770 127047  
  1627431935 554533770 127047  
  1627431936 554533770 127047  
 