 1627021203 511388062 0  
  1627021204 511388062 0  
  1627021205 511388062 0  
  1627021206 511388062 0  
  1627021207 511388062 0  
  1627021208 511388062 0  
  1627021209 511388062 0  
  1627021210 511388062 0  
  1627021211 511388062 0  
  1627021212 511388062 0  
  1627021213 511388062 0  
  1627021214 511388062 0  
  1627021215 511388062 0  
  1627021216 511388062 0  
  1627021217 511388062 0  
  1627021218 511388062 0  
  1627021219 511388062 0  
  1627021220 511388062 0  
  1627021221 511388062 0  
  1627021222 511388062 0  
  1627021223 511388062 0  
  1627021225 511388062 0  
  1627021226 511388062 0  
  1627021227 511388062 0  
  1627021228 511388062 0  
  1627021229 511388062 0  
  1627021230 511388062 0  
  1627021231 511388062 0  
  1627021232 511388062 0  
  1627021233 511388062 0  
  1627021234 511388062 0  
  1627021235 511388062 0  
  1627021236 511388062 0  
  1627021237 511388062 0  
  1627021238 511388062 0  
  1627021239 511388062 0  
  1627021240 511388419 0  
  1627021241 511388419 0  
  1627021242 511388419 0  
  1627021243 511388419 0  
  1627021244 511388419 0  
  1627021245 511392548 0  
  1627021246 511393052 0  
  1627021247 511395949 0  
  1627021248 511398393 0  
  1627021249 511399101 0  
  1627021250 511399101 0  
  1627021251 511399101 0  
  1627021252 511399101 0  
  1627021253 511403878 0  
  1627021254 511408367 0  
  1627021255 511409783 0  
  1627021256 511409783 0  
  1627021257 511409783 0  
  1627021258 511409783 0  
  1627021259 511409783 0  
  1627021260 511409783 0  
  1627021261 511409783 0  
  1627021262 511409783 0  
  1627021263 511409783 0  
  1627021265 511409783 0  
  1627021266 511409783 0  
  1627021267 511409783 0  
  1627021268 511409783 0  
  1627021269 511409783 0  
  1627021270 511409783 0  
  1627021271 511409783 0  
  1627021272 511409783 0  
  1627021273 511409783 0  
  1627021274 511409783 0  
  1627021275 511409783 0  
  1627021276 511409783 0  
  1627021277 511409783 0  
  1627021278 511409783 0  
  1627021279 511409783 0  
  1627021280 511409783 0  
  1627021281 511409783 0  
  1627021282 511409783 0  
  1627021283 511409783 0  
  1627021284 511409783 0  
  1627021285 511409783 0  
  1627021286 511409783 0  
  1627021287 511409783 0  
  1627021288 511409783 0  
  1627021289 511409783 0  
  1627021290 511409783 0  
  1627021291 511409783 0  
  1627021292 511409783 0  
  1627021293 511409783 0  
  1627021294 511409783 0  
  1627021295 511409783 0  
  1627021296 511409783 0  
  1627021297 511409783 0  
  1627021298 511409783 0  
  1627021299 511409783 0  
  1627021300 511409783 0  
  1627021301 511409783 0  
  1627021302 511409783 0  
  1627021303 511409783 0  
  1627021305 511409783 0  
  1627021306 511409783 0  
  1627021307 511409783 0  
  1627021308 511409783 0  
  1627021309 511409783 0  
  1627021310 511409783 0  
  1627021311 511409783 0  
  1627021312 511409783 0  
  1627021313 511409783 0  
  1627021314 511409783 0  
  1627021315 511409783 0  
  1627021316 511409783 0  
  1627021317 511409783 0  
  1627021318 511409783 0  
  1627021319 511409783 0  
  1627021320 511409783 0  
  1627021321 511409783 0  
  1627021322 511409783 0  
  1627021323 511409783 0  
  1627021324 511409783 0  
  1627021325 511409783 0  
  1627021326 511409783 0  
  1627021327 511409783 0  
  1627021328 511409783 0  
  1627021329 511409783 0  
  1627021330 511409783 0  
  1627021331 511409783 0  
  1627021332 511409783 0  
  1627021333 511409783 0  
  1627021334 511409783 0  
  1627021335 511409783 0  
  1627021336 511409783 0  
  1627021337 511409783 0  
  1627021338 511409783 0  
  1627021339 511409783 0  
  1627021340 511409783 0  
  1627021341 511409783 0  
  1627021342 511409783 0  
  1627021343 511409783 0  
  1627021345 511409783 0  
  1627021346 511409783 0  
  1627021347 511409783 0  
  1627021348 511409783 0  
  1627021349 511409783 0  
  1627021350 511409783 0  
  1627021351 511409783 0  
  1627021352 511409783 0  
  1627021353 511409783 0  
  1627021354 511409783 0  
  1627021355 511409783 0  
  1627021356 511409783 0  
  1627021357 511409783 0  
  1627021358 511409783 0  
  1627021359 511409783 0  
  1627021360 511409783 0  
  1627021361 511409783 0  
  1627021362 511409783 0  
  1627021363 511409783 0  
  1627021364 511409783 0  
  1627021365 511409783 0  
  1627021366 511409783 0  
  1627021367 511409783 0  
  1627021368 511409783 0  
  1627021369 511409783 0  
  1627021370 511410379 0  
  1627021371 511410379 0  
  1627021372 511410379 0  
  1627021373 511410379 0  
  1627021374 511410379 0  
  1627021375 511410379 0  
  1627021376 511410379 0  
  1627021377 511410379 0  
  1627021378 511410379 0  
  1627021379 511410379 0  
  1627021380 511410379 0  
  1627021381 511410379 0  
  1627021382 511410379 0  
  1627021384 511410379 0  
  1627021385 511410379 0  
  1627021386 511410379 0  
  1627021387 511410379 0  
  1627021388 511410379 0  
  1627021389 511410379 0  
  1627021390 511410379 0  
  1627021391 511410379 0  
  1627021392 511410379 0  
  1627021393 511410379 0  
  1627021394 511410379 0  
  1627021395 511410379 0  
  1627021396 511410379 0  
  1627021397 511410379 0  
  1627021398 511410379 0  
  1627021399 511410379 0  
  1627021400 511410379 0  
  1627021401 511410379 0  
  1627021402 511410379 0  
  1627021403 511410379 0  
  1627021404 511410379 0  
  1627021405 511410379 0  
  1627021406 511410379 0  
  1627021407 511410379 0  
  1627021408 511410379 0  
  1627021409 511410379 0  
  1627021410 511410379 0  
  1627021411 511410379 0  
  1627021412 511410379 0  
  1627021413 511410379 0  
  1627021414 511410379 0  
  1627021415 511410379 0  
  1627021416 511410379 0  
  1627021417 511410379 0  
  1627021418 511410379 0  
  1627021419 511410379 0  
  1627021420 511410379 0  
  1627021421 511414688 0  
  1627021423 511415012 0  
  1627021424 511415720 0  
  1627021425 511415720 0  
  1627021426 511415720 0  
  1627021427 511415720 0  
  1627021428 511415720 0  
  1627021429 511415720 0  
  1627021430 511415720 0  
  1627021431 511415720 0  
  1627021432 511415720 0  
  1627021433 511415720 0  
  1627021434 511415720 0  
  1627021435 511415720 0  
  1627021436 511415720 0  
  1627021437 511415720 0  
  1627021438 511415720 0  
  1627021439 511415720 0  
  1627021440 511415720 0  
  1627021441 511415720 0  
  1627021442 511415720 0  
  1627021443 511415720 0  
  1627021444 511415720 0  
  1627021445 511415720 0  
  1627021446 511415720 0  
  1627021447 511415720 0  
  1627021448 511415720 0  
  1627021449 511415720 0  
  1627021450 511415720 0  
  1627021451 511415720 0  
  1627021452 511415812 0  
  1627021453 511415812 0  
  1627021454 511415812 0  
  1627021455 511415812 0  
  1627021456 511415812 0  
  1627021457 511415812 0  
  1627021458 511415812 0  
  1627021459 511415812 0  
  1627021460 511415812 0  
  1627021461 511415812 0  
  1627021463 511415812 0  
  1627021464 511415812 0  
  1627021465 511415812 0  
  1627021466 511415812 0  
  1627021467 511415812 0  
  1627021468 511415812 0  
  1627021469 511415812 0  
  1627021470 511415812 0  
  1627021471 511415812 0  
  1627021472 511415812 0  
  1627021473 511415812 0  
  1627021474 511415812 0  
  1627021475 511415812 0  
  1627021476 511415812 0  
  1627021477 511415812 0  
  1627021478 511415812 0  
  1627021479 511415812 0  
  1627021480 511415812 0  
  1627021481 511415812 0  
  1627021482 511415812 0  
  1627021483 511415812 0  
  1627021484 511415812 0  
  1627021485 511415812 0  
  1627021486 511415812 0  
  1627021487 511415812 0  
  1627021488 511415812 0  
  1627021489 511415812 0  
  1627021490 511415812 0  
  1627021491 511415812 0  
  1627021492 511415812 0  
  1627021493 511415812 0  
  1627021494 511415812 0  
  1627021495 511415812 0  
  1627021496 511415812 0  
  1627021497 511415812 0  
  1627021498 511415812 0  
  1627021499 511415812 0  
  1627021500 511415812 0  
  1627021502 511415812 0  
  1627021503 511415812 0  
  1627021504 511415812 0  
  1627021505 511415812 0  
  1627021506 511415812 0  
  1627021507 511415812 0  
  1627021508 511415812 0  
  1627021509 511415812 0  
  1627021510 511415812 0  
  1627021511 511415812 0  
  1627021512 511415812 0  
  1627021513 511415812 0  
  1627021514 511415812 0  
  1627021515 511415812 0  
  1627021516 511415812 0  
  1627021517 511415812 0  
  1627021518 511415812 0  
  1627021519 511415812 0  
  1627021520 511415812 0  
  1627021521 511415812 0  
  1627021522 511415812 0  
  1627021523 511415812 0  
  1627021524 511415812 0  
  1627021525 511415812 0  
 