 1626770608 456328712 0  
  1626770609 456328712 0  
  1626770610 456328712 0  
  1626770611 456328712 0  
  1626770612 456328712 0  
  1626770613 456328712 0  
  1626770614 456328712 0  
  1626770615 456328712 0  
  1626770616 456328712 0  
  1626770618 456328712 0  
  1626770619 456328712 0  
  1626770620 456328712 0  
  1626770621 456328712 0  
  1626770622 456328712 0  
  1626770623 456328712 0  
  1626770624 456328804 0  
  1626770625 456328804 0  
  1626770626 456328804 0  
  1626770627 456328804 0  
  1626770628 456328804 0  
  1626770629 456328804 0  
  1626770630 456328804 0  
  1626770631 456328804 0  
  1626770632 456328804 0  
  1626770633 456328804 0  
  1626770634 456328804 0  
  1626770635 456328804 0  
  1626770636 456328804 0  
  1626770637 456328804 0  
  1626770638 456328804 0  
  1626770639 456328804 0  
  1626770640 456328804 0  
  1626770641 456328804 0  
  1626770642 456328804 0  
  1626770643 456328804 0  
  1626770644 456328804 0  
  1626770645 456328804 0  
  1626770646 456328804 0  
  1626770647 456328804 0  
  1626770648 456328804 0  
  1626770649 456328804 0  
  1626770650 456328804 0  
  1626770651 456328804 0  
  1626770652 456328804 0  
  1626770653 456328804 0  
  1626770654 456328804 0  
  1626770655 456328804 0  
  1626770656 456328804 0  
  1626770658 456328804 0  
  1626770659 456328804 0  
  1626770660 456328804 0  
  1626770661 456328804 0  
  1626770662 456328804 0  
  1626770663 456328804 0  
  1626770664 456328804 0  
  1626770665 456328804 0  
  1626770666 456328804 0  
  1626770667 456328804 0  
  1626770668 456328804 0  
  1626770669 456328804 0  
  1626770670 456328804 0  
  1626770671 456328804 0  
  1626770672 456328804 0  
  1626770673 456328804 0  
  1626770674 456328804 0  
  1626770675 456328804 0  
  1626770676 456328804 0  
  1626770677 456328804 0  
  1626770678 456328804 0  
  1626770679 456328804 0  
  1626770680 456328804 0  
  1626770681 456328804 0  
  1626770682 456328804 0  
  1626770683 456328804 0  
  1626770684 456328804 0  
  1626770685 456328804 0  
  1626770686 456328804 0  
  1626770687 456328804 0  
  1626770688 456328896 0  
  1626770689 456328896 0  
  1626770690 456328896 0  
  1626770691 456328896 0  
  1626770692 456328896 0  
  1626770693 456328896 0  
  1626770694 456328896 0  
  1626770695 456329234 0  
  1626770697 456329234 0  
  1626770698 456329234 0  
  1626770699 456329234 0  
  1626770700 456329234 0  
  1626770701 456329234 0  
  1626770702 456329234 0  
  1626770703 456329234 0  
  1626770704 456329234 0  
  1626770705 456329234 0  
  1626770706 456329234 0  
  1626770707 456329234 0  
  1626770708 456329234 0  
  1626770709 456329234 0  
  1626770710 456333543 0  
  1626770711 456333867 0  
  1626770712 456333867 0  
  1626770713 456334575 0  
  1626770714 456334575 0  
  1626770715 456334575 0  
  1626770716 456334575 0  
  1626770717 456334575 0  
  1626770718 456334575 0  
  1626770719 456334575 0  
  1626770720 456334575 0  
  1626770721 456334575 0  
  1626770722 456334575 0  
  1626770723 456343193 0  
  1626770724 456343841 0  
  1626770725 456349890 0  
  1626770726 456350598 0  
  1626770727 456350598 0  
  1626770728 456350598 0  
  1626770729 456350598 0  
  1626770730 456350690 0  
  1626770731 456350690 0  
  1626770732 456350690 0  
  1626770733 456350690 0  
  1626770734 456350690 0  
  1626770735 456350690 0  
  1626770737 456350690 0  
  1626770738 456350690 0  
  1626770739 456350690 0  
  1626770740 456350690 0  
  1626770741 456350690 0  
  1626770742 456350690 0  
  1626770743 456440334 0  
  1626770744 456600053 0  
  1626770745 456600053 0  
  1626770746 456600172 0  
  1626770747 456600172 0  
  1626770748 456600172 0  
  1626770749 456600172 0  
  1626770750 456600172 0  
  1626770751 456600172 0  
  1626770752 456600172 0  
  1626770753 456600264 0  
  1626770754 456600264 0  
  1626770755 456600264 0  
  1626770756 456600264 0  
  1626770757 456600264 0  
  1626770758 456600264 0  
  1626770759 456600264 0  
  1626770760 456600264 0  
  1626770761 456600264 0  
  1626770762 456600264 0  
  1626770763 456600264 0  
  1626770764 456600264 0  
  1626770765 456600264 0  
  1626770766 456601859 0  
  1626770767 456601859 0  
  1626770768 456601859 0  
  1626770769 456601859 0  
  1626770770 456601859 0  
  1626770771 456601859 0  
  1626770772 456601859 0  
  1626770773 456601859 0  
  1626770774 456601859 0  
  1626770776 456601859 0  
  1626770777 456601859 0  
  1626770778 456601859 0  
  1626770779 456601859 0  
  1626770780 456601859 0  
  1626770781 456601859 0  
  1626770782 456601859 0  
  1626770783 456601859 0  
  1626770784 456601859 0  
  1626770785 456601859 0  
  1626770786 456601859 0  
  1626770787 456601859 0  
  1626770788 456601859 0  
  1626770789 456601859 0  
  1626770790 456601859 0  
  1626770791 456601859 0  
  1626770792 456601859 0  
  1626770793 456601859 0  
  1626770794 456601859 0  
  1626770795 456601859 0  
  1626770796 456601859 0  
  1626770797 456601859 0  
  1626770798 456601859 0  
  1626770799 456601859 0  
  1626770800 456601859 0  
  1626770801 456601859 0  
  1626770802 456601859 0  
  1626770803 456601859 0  
  1626770804 456601859 0  
  1626770805 456601859 0  
  1626770806 456601859 0  
  1626770807 456601859 0  
  1626770808 456601859 0  
  1626770809 456601859 0  
  1626770810 456601859 0  
  1626770811 456601859 0  
  1626770812 456601859 0  
  1626770813 456601859 0  
  1626770814 456601859 0  
  1626770816 456601859 0  
  1626770817 456601859 0  
  1626770818 456601951 0  
  1626770819 456601951 0  
  1626770820 456601951 0  
  1626770821 456601951 0  
  1626770822 456601951 0  
  1626770823 456601951 0  
  1626770824 456601951 0  
  1626770825 456601951 0  
  1626770826 456601951 0  
  1626770827 456601951 0  
  1626770828 456601951 0  
  1626770829 456601951 0  
  1626770830 456601951 0  
  1626770831 456601951 0  
  1626770832 456601951 0  
  1626770833 456601951 0  
  1626770834 456601951 0  
  1626770835 456601951 0  
  1626770836 456601951 0  
  1626770837 456601951 0  
  1626770838 456601951 0  
  1626770839 456601951 0  
  1626770840 456601951 0  
  1626770841 456601951 0  
  1626770842 456601951 0  
  1626770843 456601951 0  
  1626770844 456601951 0  
  1626770845 456601951 0  
  1626770846 456601951 0  
  1626770847 456601951 0  
  1626770848 456601951 0  
  1626770849 456601951 0  
  1626770850 456601951 0  
  1626770851 456601951 0  
  1626770852 456601951 0  
  1626770853 456601951 0  
  1626770854 456601951 0  
  1626770856 456601951 0  
  1626770857 456601951 0  
  1626770858 456601951 0  
  1626770859 456601951 0  
  1626770860 456601951 0  
  1626770861 456602043 0  
  1626770862 456602043 0  
  1626770863 456602043 0  
  1626770864 456602043 0  
  1626770865 456602043 0  
  1626770866 456602043 0  
  1626770867 456602043 0  
  1626770868 456602043 0  
  1626770869 456602043 0  
  1626770870 456602043 0  
  1626770871 456602043 0  
  1626770872 456606434 0  
  1626770873 456606758 0  
  1626770874 456607466 0  
  1626770875 456607466 0  
  1626770876 456607466 0  
  1626770877 456607466 0  
  1626770878 456607466 0  
  1626770879 456607466 0  
  1626770880 456607466 0  
  1626770881 456607466 0  
  1626770882 456607558 0  
  1626770883 456607558 0  
  1626770884 456607558 0  
  1626770885 456607558 0  
  1626770886 456607558 0  
  1626770887 456607558 0  
  1626770888 456607558 0  
  1626770889 456607558 0  
  1626770890 456607558 0  
  1626770891 456607558 0  
  1626770892 456607558 0  
  1626770893 456607558 0  
  1626770894 456607558 0  
  1626770896 456607558 0  
  1626770897 456607558 0  
  1626770898 456607558 0  
  1626770899 456607558 0  
  1626770900 456607558 0  
  1626770901 456607558 0  
  1626770902 456607558 0  
  1626770903 456607558 0  
  1626770904 456607558 0  
  1626770905 456607558 0  
  1626770906 456607558 0  
  1626770907 456607558 0  
  1626770908 456607558 0  
  1626770909 456607558 0  
  1626770910 456607558 0  
  1626770911 456607558 0  
  1626770912 456607558 0  
  1626770913 456607558 0  
  1626770914 456607558 0  
  1626770915 456607558 0  
  1626770916 456607558 0  
  1626770917 456607558 0  
  1626770918 456607558 0  
  1626770919 456607558 0  
  1626770920 456607558 0  
  1626770921 456607558 0  
  1626770922 456607558 0  
  1626770923 456607558 0  
  1626770924 456607558 0  
  1626770925 456607650 0  
  1626770926 456607650 0  
  1626770927 456607650 0  
  1626770928 456607650 0  
  1626770929 456607650 0  
  1626770930 456607650 0  
  1626770931 456607650 0  
  1626770932 456607650 0  
  1626770933 456607650 0  
  1626770935 456607650 0  
  1626770936 456607650 0  
  1626770937 456607650 0  
  1626770938 456607650 0  
  1626770939 456607650 0  
  1626770940 456607650 0  
  1626770941 456607650 0  
  1626770942 456607650 0  
  1626770943 456607650 0  
  1626770944 456607650 0  
  1626770945 456607650 0  
  1626770946 456607742 0  
  1626770947 456607742 0  
  1626770948 456607742 0  
  1626770949 456607742 0  
  1626770950 456607742 0  
  1626770951 456607742 0  
  1626770952 456607742 0  
  1626770953 456607742 0  
  1626770954 456607742 0  
  1626770955 456607742 0  
  1626770956 456607742 0  
  1626770957 456607742 0  
  1626770958 456607742 0  
  1626770959 456607742 0  
  1626770960 456607742 0  
  1626770961 456607742 0  
  1626770962 456607742 0  
  1626770963 456607742 0  
  1626770964 456607742 0  
  1626770965 456607742 0  
  1626770966 456608332 0  
  1626770967 456608332 0  
  1626770968 456608332 0  
  1626770969 456608332 0  
  1626770970 456608332 0  
  1626770971 456608332 0  
  1626770972 456608332 0  
  1626770973 456608332 0  
  1626770975 456608332 0  
  1626770976 456608332 0  
  1626770977 456608332 0  
  1626770978 456608332 0  
  1626770979 456608332 0  
  1626770980 456608332 0  
  1626770981 456608332 0  
  1626770982 456608332 0  
  1626770983 456608332 0  
  1626770984 456608332 0  
  1626770985 456608332 0  
  1626770986 456608332 0  
  1626770987 456608332 0  
  1626770988 456608332 0  
  1626770989 456608332 0  
  1626770990 456608424 0  
  1626770991 456608424 0  
  1626770992 456608424 0  
  1626770993 456608424 0  
  1626770994 456608424 0  
  1626770995 456608424 0  
  1626770996 456608424 0  
  1626770997 456608424 0  
  1626770998 456608424 0  
  1626770999 456608424 0  
  1626771000 456608424 0  
  1626771001 456608424 0  
  1626771002 456608424 0  
  1626771003 456608424 0  
  1626771004 456608424 0  
  1626771005 456608424 0  
  1626771006 456608424 0  
  1626771007 456608424 0  
  1626771008 456612733 0  
  1626771009 456613057 0  
  1626771010 456613765 0  
  1626771011 456613857 0  
  1626771012 456613857 0  
  1626771013 456613857 0  
  1626771015 456613857 0  
  1626771016 456613857 0  
  1626771017 456613857 0  
  1626771018 456613857 0  
  1626771019 456613857 0  
  1626771020 456613857 0  
  1626771021 456613857 0  
  1626771022 456613857 0  
  1626771023 456618166 0  
  1626771024 456623123 0  
  1626771025 456627756 0  
  1626771026 456629104 0  
  1626771027 456629812 0  
  1626771028 456629812 0  
  1626771029 456629812 0  
  1626771030 456629812 0  
  1626771031 456629812 0  
  1626771032 456629812 0  
  1626771033 456629812 0  
  1626771034 456629812 0  
  1626771035 456629812 0  
  1626771036 456629812 0  
  1626771037 456629812 0  
  1626771038 456629812 0  
  1626771039 456629812 0  
  1626771040 456629812 0  
  1626771041 456629812 0  
  1626771042 456629812 0  
  1626771043 456630169 0  
  1626771044 456630169 0  
  1626771045 456630169 0  
  1626771046 456630169 0  
  1626771047 456630169 0  
  1626771048 456630169 0  
  1626771049 456630169 0  
  1626771050 456630169 0  
  1626771051 456630169 0  
  1626771052 456630169 0  
  1626771054 456630169 0  
  1626771055 456630261 0  
  1626771056 456630261 0  
  1626771057 456630261 0  
  1626771058 456630261 0  
  1626771059 456630261 0  
  1626771060 456630261 0  
  1626771061 456630261 0  
  1626771062 456630261 0  
  1626771063 456630261 0  
  1626771064 456630261 0  
  1626771065 456630261 0  
  1626771066 456630261 0  
  1626771067 456630261 0  
  1626771068 456630261 0  
  1626771069 456630261 0  
  1626771070 456630261 0  
  1626771071 456630261 0  
  1626771072 456630261 0  
  1626771073 456630261 0  
  1626771074 456630261 0  
  1626771075 456630261 0  
  1626771076 456630353 0  
  1626771077 456630353 0  
  1626771078 456630353 0  
  1626771079 456630353 0  
  1626771080 456630353 0  
  1626771081 456630353 0  
  1626771082 456630353 0  
  1626771083 456630353 0  
  1626771084 456630353 0  
  1626771085 456630353 0  
  1626771086 456630353 0  
  1626771087 456630353 0  
  1626771088 456630353 0  
  1626771089 456630353 0  
  1626771090 456630353 0  
  1626771091 456630353 0  
  1626771092 456630353 0  
  1626771094 456630353 0  
  1626771095 456630353 0  
  1626771096 456630353 0  
  1626771097 456630353 0  
  1626771098 456630353 0  
  1626771099 456630353 0  
  1626771100 456630353 0  
  1626771101 456630353 0  
  1626771102 456630353 0  
  1626771103 456630353 0  
  1626771104 456630353 0  
  1626771105 456630353 0  
  1626771106 456630353 0  
  1626771107 456630353 0  
  1626771108 456630353 0  
  1626771109 456630353 0  
  1626771110 456630353 0  
  1626771111 456630353 0  
  1626771112 456630353 0  
  1626771113 456630353 0  
  1626771114 456630353 0  
  1626771115 456630353 0  
  1626771116 456630353 0  
  1626771117 456630353 0  
  1626771118 456630353 0  
  1626771119 456630353 0  
  1626771120 456630445 0  
  1626771121 456630445 0  
  1626771122 456630445 0  
  1626771123 456630445 0  
  1626771124 456630445 0  
  1626771125 456630445 0  
  1626771126 456630445 0  
  1626771127 456630445 0  
  1626771128 456630445 0  
  1626771129 456630445 0  
  1626771130 456630445 0  
  1626771131 456630445 0  
  1626771132 456630445 0  
  1626771134 456630445 0  
  1626771135 456630445 0  
  1626771136 456630445 0  
  1626771137 456630445 0  
  1626771138 456630445 0  
  1626771139 456630445 0  
  1626771140 456630445 0  
  1626771141 456630537 0  
  1626771142 456630537 0  
  1626771143 456630537 0  
  1626771144 456630537 0  
  1626771145 456630537 0  
  1626771146 456630537 0  
  1626771147 456630537 0  
  1626771148 456630537 0  
  1626771149 456630537 0  
  1626771150 456630537 0  
  1626771151 456630537 0  
  1626771152 456630537 0  
  1626771153 456630537 0  
  1626771154 456630537 0  
  1626771155 456630537 0  
  1626771156 456630537 0  
  1626771157 456630537 0  
  1626771158 456630537 0  
  1626771159 456630537 0  
  1626771160 456630537 0  
  1626771161 456630537 0  
  1626771162 456630537 0  
  1626771163 456630537 0  
  1626771164 456630537 0  
  1626771165 456631127 0  
  1626771166 456631127 0  
  1626771167 456631127 0  
  1626771168 456631127 0  
  1626771169 456631127 0  
  1626771170 456631127 0  
  1626771171 456635436 0  
  1626771172 456635760 0  
  1626771174 456636468 0  
  1626771175 456636468 0  
  1626771176 456636468 0  
  1626771177 456636468 0  
  1626771178 456636468 0  
  1626771179 456636468 0  
  1626771180 456636468 0  
  1626771181 456636468 0  
  1626771182 456636468 0  
  1626771183 456636468 0  
  1626771184 456636468 0  
  1626771185 456636560 0  
  1626771186 456636560 0  
  1626771187 456636560 0  
  1626771188 456636560 0  
  1626771189 456636560 0  
  1626771190 456636560 0  
  1626771191 456636560 0  
  1626771192 456636560 0  
  1626771193 456636560 0  
  1626771194 456636560 0  
  1626771195 456636560 0  
  1626771196 456636560 0  
  1626771197 456636560 0  
  1626771198 456636560 0  
  1626771199 456636560 0  
  1626771200 456636560 0  
  1626771201 456636560 0  
  1626771202 456636560 0  
  1626771203 456636560 0  
  1626771204 456636560 0  
  1626771205 456636652 0  
  1626771206 456636652 0  
  1626771207 456636652 0  
  1626771208 456636652 0  
  1626771209 456636652 0  
  1626771210 456636652 0  
  1626771211 456636652 0  
  1626771213 456636652 0  
  1626771214 456636652 0  
  1626771215 456636652 0  
  1626771216 456636652 0  
  1626771217 456636652 0  
  1626771218 456636652 0  
  1626771219 456636652 0  
  1626771220 456636652 0  
  1626771221 456636652 0  
  1626771222 456636652 0  
  1626771223 456636652 0  
  1626771224 456636652 0  
  1626771225 456636652 0  
  1626771226 456636652 0  
  1626771227 456636652 0  
  1626771228 456636652 0  
  1626771229 456636652 0  
  1626771230 456636652 0  
  1626771231 456636652 0  
  1626771232 456636652 0  
  1626771233 456636652 0  
  1626771234 456636652 0  
  1626771235 456636652 0  
  1626771236 456636652 0  
  1626771237 456636652 0  
  1626771238 456636652 0  
  1626771239 456636652 0  
  1626771240 456636652 0  
  1626771241 456636652 0  
  1626771242 456636652 0  
  1626771243 456636652 0  
  1626771244 456636652 0  
  1626771245 456636652 0  
  1626771246 456636652 0  
  1626771247 456636652 0  
  1626771248 456636652 0  
  1626771249 456636744 0  
  1626771251 456636744 0  
  1626771252 456636744 0  
  1626771253 456636744 0  
  1626771254 456636744 0  
  1626771255 456636744 0  
  1626771256 456636744 0  
  1626771257 456636744 0  
  1626771258 456636744 0  
  1626771259 456636744 0  
  1626771260 456636744 0  
  1626771261 456636744 0  
  1626771262 456636744 0  
  1626771263 456636744 0  
  1626771264 456636744 0  
  1626771265 456636744 0  
  1626771266 456636744 0  
  1626771267 456636744 0  
  1626771268 456636744 0  
  1626771269 456636744 0  
  1626771270 456636744 0  
  1626771271 456636836 0  
  1626771272 456636836 0  
  1626771273 456636836 0  
  1626771274 456636836 0  
  1626771275 456636836 0  
  1626771276 456636836 0  
  1626771277 456636836 0  
  1626771278 456636836 0  
  1626771279 456636836 0  
  1626771280 456636836 0  
  1626771281 456636836 0  
  1626771282 456636836 0  
  1626771283 456636836 0  
  1626771284 456636836 0  
  1626771285 456636836 0  
  1626771286 456636836 0  
  1626771287 456636836 0  
  1626771288 456636836 0  
  1626771289 456636836 0  
  1626771291 456636836 0  
  1626771292 456636836 0  
  1626771293 456636836 0  
  1626771294 456636836 0  
  1626771295 456636836 0  
  1626771296 456636836 0  
  1626771297 456636836 0  
  1626771298 456636836 0  
  1626771299 456636836 0  
  1626771300 456636836 0  
  1626771301 456636836 0  
  1626771302 456636836 0  
  1626771303 456636836 0  
  1626771304 456636836 0  
  1626771305 456636836 0  
  1626771306 456636836 0  
  1626771307 456636836 0  
  1626771308 456641145 0  
  1626771309 456641469 0  
  1626771310 456641469 0  
  1626771311 456642177 0  
  1626771312 456642177 0  
  1626771313 456642177 0  
  1626771314 456642269 0  
  1626771315 456642269 0  
  1626771316 456642269 0  
  1626771317 456642269 0  
  1626771318 456642269 0  
  1626771319 456642269 0  
  1626771320 456642269 0  
  1626771321 456642269 0  
  1626771322 456642269 0  
  1626771323 456650887 0  
  1626771324 456653296 0  
  1626771325 456657584 0  
  1626771326 456658292 0  
  1626771327 456658292 0  
  1626771328 456658292 0  
  1626771329 456658292 0  
  1626771331 456658292 0  
  1626771332 456658292 0  
  1626771333 456658292 0  
  1626771334 456658292 0  
  1626771335 456658384 0  
  1626771336 456658384 0  
  1626771337 456658384 0  
  1626771338 456658384 0  
  1626771339 456658384 0  
  1626771340 456658384 0  
  1626771341 456658384 0  
  1626771342 456658384 0  
  1626771343 456658741 0  
  1626771344 456658741 0  
  1626771345 456658741 0  
  1626771346 456658741 0  
  1626771347 456658741 0  
  1626771348 456658741 0  
  1626771349 456658741 0  
  1626771350 456658741 0  
  1626771351 456658741 0  
  1626771352 456658741 0  
  1626771353 456658741 0  
  1626771354 456658741 0  
  1626771355 456658741 0  
  1626771356 456658741 0  
  1626771357 456658741 0  
  1626771358 456658741 0  
  1626771359 456658741 0  
  1626771360 456658741 0  
  1626771361 456658741 0  
  1626771362 456658741 0  
  1626771363 456658741 0  
  1626771364 456658741 0  
  1626771365 456659331 0  
  1626771366 456659331 0  
  1626771367 456659331 0  
  1626771368 456659331 0  
  1626771369 456659331 0  
  1626771371 456659331 0  
  1626771372 456659331 0  
  1626771373 456659331 0  
  1626771374 456659331 0  
  1626771375 456659331 0  
  1626771376 456659331 0  
  1626771377 456659331 0  
  1626771378 456659331 0  
  1626771379 456659423 0  
  1626771380 456659423 0  
  1626771381 456659423 0  
  1626771382 456659423 0  
  1626771383 456659423 0  
  1626771384 456659423 0  
  1626771385 456659423 0  
  1626771386 456659423 0  
  1626771387 456659423 0  
  1626771388 456659423 0  
  1626771389 456659423 0  
  1626771390 456659423 0  
  1626771391 456659423 0  
  1626771392 456659423 0  
  1626771393 456659423 0  
  1626771394 456659423 0  
  1626771395 456659423 0  
  1626771396 456659423 0  
  1626771397 456659423 0  
  1626771398 456659423 0  
  1626771399 456659423 0  
  1626771400 456659515 0  
  1626771401 456659515 0  
  1626771402 456659515 0  
  1626771403 456659515 0  
  1626771404 456659515 0  
  1626771405 456659515 0  
  1626771406 456659515 0  
  1626771407 456659515 0  
  1626771408 456659515 0  
  1626771409 456659515 0  
  1626771411 456659515 0  
  1626771412 456659515 0  
  1626771413 456659515 0  
  1626771414 456659515 0  
  1626771415 456659515 0  
  1626771416 456659515 0  
  1626771417 456659515 0  
  1626771418 456659515 0  
  1626771419 456659515 0  
  1626771420 456659515 0  
  1626771421 456659515 0  
  1626771422 456659515 0  
  1626771423 456659515 0  
  1626771424 456659515 0  
  1626771425 456659515 0  
  1626771426 456659515 0  
  1626771427 456659515 0  
  1626771428 456659515 0  
  1626771429 456659515 0  
  1626771430 456659515 0  
  1626771431 456659515 0  
  1626771432 456659515 0  
  1626771433 456659515 0  
  1626771434 456659515 0  
  1626771435 456659515 0  
  1626771436 456659515 0  
  1626771437 456659515 0  
  1626771438 456659515 0  
  1626771439 456659515 0  
  1626771440 456659515 0  
  1626771441 456659515 0  
  1626771442 456659515 0  
  1626771443 456659607 0  
  1626771444 456659607 0  
  1626771445 456659607 0  
  1626771446 456659607 0  
  1626771447 456659607 0  
  1626771448 456659607 0  
  1626771449 456659607 0  
  1626771451 456659607 0  
  1626771452 456659607 0  
  1626771453 456659607 0  
  1626771454 456659607 0  
  1626771455 456659675 0  
  1626771456 456659675 0  
  1626771457 456659675 0  
  1626771458 456659675 0  
  1626771459 456659675 0  
  1626771460 456659675 0  
  1626771461 456660831 0  
  1626771462 456660831 0  
  1626771463 456660831 0  
  1626771464 456660831 0  
  1626771465 456660923 0  
  1626771466 456660923 0  
  1626771467 456660923 0  
  1626771468 456660923 0  
  1626771469 456660923 0  
  1626771470 456660923 0  
  1626771471 456665052 0  
  1626771472 456665556 0  
  1626771473 456665556 0  
  1626771474 456666264 0  
  1626771475 456666264 0  
  1626771476 456666264 0  
  1626771477 456666264 0  
  1626771478 456666264 0  
  1626771479 456666264 0  
  1626771480 456666264 0  
  1626771481 456666264 0  
  1626771482 456666264 0  
  1626771483 456666264 0  
  1626771484 456666264 0  
  1626771485 456666264 0  
  1626771486 456666264 0  
  1626771487 456666264 0  
  1626771488 456666264 0  
  1626771489 456666264 0  
  1626771491 456666264 0  
  1626771492 456666264 0  
  1626771493 456666264 0  
  1626771494 456666264 0  
  1626771495 456666264 0  
  1626771496 456666264 0  
  1626771497 456666264 0  
  1626771498 456666264 0  
  1626771499 456666264 0  
  1626771500 456666264 0  
  1626771501 456666264 0  
  1626771502 456666264 0  
  1626771503 456666264 0  
  1626771504 456666264 0  
  1626771505 456666264 0  
  1626771506 456666264 0  
  1626771507 456666264 0  
  1626771508 456666356 0  
  1626771509 456666356 0  
  1626771510 456666356 0  
  1626771511 456666356 0  
  1626771512 456666356 0  
  1626771513 456666356 0  
  1626771514 456666356 0  
  1626771515 456666356 0  
  1626771516 456666356 0  
  1626771517 456666356 0  
  1626771518 456666356 0  
  1626771519 456666356 0  
  1626771520 456666356 0  
  1626771521 456666356 0  
  1626771522 456666356 0  
  1626771523 456666356 0  
  1626771524 456666356 0  
  1626771525 456666356 0  
  1626771526 456666356 0  
  1626771527 456666356 0  
  1626771528 456666356 0  
  1626771529 456666448 0  
  1626771531 456666448 0  
  1626771532 456666448 0  
  1626771533 456666448 0  
  1626771534 456666448 0  
  1626771535 456666448 0  
  1626771536 456666448 0  
  1626771537 456666448 0  
  1626771538 456666448 0  
  1626771539 456666448 0  
  1626771540 456666448 0  
  1626771541 456666448 0  
  1626771542 456666448 0  
  1626771543 456666448 0  
  1626771544 456666448 0  
  1626771545 456666448 0  
  1626771546 456666448 0  
  1626771547 456666448 0  
  1626771548 456666448 0  
  1626771549 456666448 0  
  1626771550 456666448 0  
  1626771551 456666448 0  
  1626771552 456666448 0  
  1626771553 456666448 0  
  1626771554 456666448 0  
  1626771555 456666448 0  
  1626771556 456666448 0  
  1626771557 456666448 0  
  1626771558 456666448 0  
  1626771559 456666448 0  
  1626771560 456666448 0  
  1626771561 456666448 0  
  1626771562 456666448 0  
  1626771563 456666448 0  
  1626771564 456666448 0  
  1626771565 456667038 0  
  1626771566 456667038 0  
  1626771567 456667038 0  
  1626771568 456667038 0  
  1626771569 456667038 0  
  1626771571 456667038 0  
  1626771572 456667038 0  
  1626771573 456667038 0  
  1626771574 456667038 0  
 