 1627014015 502798154 0  
  1627014016 502798154 0  
  1627014017 502798154 0  
  1627014018 502798154 0  
  1627014019 502798154 0  
  1627014020 502798154 0  
  1627014021 502798154 0  
  1627014022 502798154 0  
  1627014023 502798154 0  
  1627014024 502798154 0  
  1627014025 502798154 0  
  1627014026 502798154 0  
  1627014027 502798154 0  
  1627014028 502798154 0  
  1627014029 502798154 0  
  1627014030 502798154 0  
  1627014031 502798154 0  
  1627014032 502798154 0  
  1627014033 502798154 0  
  1627014034 502798154 0  
  1627014035 502798154 0  
  1627014036 502798154 0  
  1627014037 502798511 0  
  1627014038 502798511 0  
  1627014039 502798511 0  
  1627014040 502798511 0  
  1627014041 502798511 0  
  1627014042 502798655 0  
  1627014043 502803144 0  
  1627014044 502803144 0  
  1627014045 502808485 0  
  1627014046 502808485 0  
  1627014047 502809193 0  
  1627014048 502809193 0  
  1627014049 502809193 0  
  1627014051 502809193 0  
  1627014052 502815587 0  
  1627014053 502818459 0  
  1627014054 502819875 0  
  1627014055 502819875 0  
  1627014056 502819875 0  
  1627014057 502819875 0  
  1627014058 502819875 0  
  1627014059 502819875 0  
  1627014060 502819875 0  
  1627014061 502819875 0  
  1627014062 502819875 0  
  1627014063 502819875 0  
  1627014064 502819875 0  
  1627014065 502819875 0  
  1627014066 502819875 0  
  1627014067 502819875 0  
  1627014068 502819875 0  
  1627014069 502819875 0  
  1627014070 502819875 0  
  1627014071 502819875 0  
  1627014072 502819875 0  
  1627014073 502819875 0  
  1627014074 502819875 0  
  1627014075 502819875 0  
  1627014076 502819875 0  
  1627014077 502819875 0  
  1627014078 502819875 0  
  1627014079 502819875 0  
  1627014080 502819875 0  
  1627014081 502819875 0  
  1627014082 502819875 0  
  1627014083 502819875 0  
  1627014084 502819875 0  
  1627014085 502819875 0  
  1627014086 502819875 0  
  1627014087 502819875 0  
  1627014088 502819875 0  
  1627014090 502820213 0  
  1627014091 502820213 0  
  1627014092 502820213 0  
  1627014093 502820213 0  
  1627014094 502820213 0  
  1627014095 502820213 0  
  1627014096 502820213 0  
  1627014097 502820213 0  
  1627014098 502820213 0  
  1627014099 502820213 0  
  1627014100 502820213 0  
  1627014101 502820213 0  
  1627014102 502820213 0  
  1627014103 502820213 0  
  1627014104 502820213 0  
  1627014105 502820305 0  
  1627014106 502820305 0  
  1627014107 502820305 0  
  1627014108 502820305 0  
  1627014109 502820305 0  
  1627014110 502820305 0  
  1627014111 502820305 0  
  1627014112 502820305 0  
  1627014113 502820305 0  
  1627014114 502820305 0  
  1627014115 502820305 0  
  1627014116 502820305 0  
  1627014117 502820305 0  
  1627014118 502820305 0  
  1627014119 502820305 0  
  1627014120 502820305 0  
  1627014121 502820305 0  
  1627014122 502820305 0  
  1627014123 502820305 0  
  1627014124 502820397 0  
  1627014125 502820397 0  
  1627014126 502820397 0  
  1627014127 502820397 0  
  1627014128 502820397 0  
  1627014130 502820397 0  
  1627014131 502820397 0  
  1627014132 502820397 0  
  1627014133 502820397 0  
  1627014134 502820397 0  
  1627014135 502820397 0  
  1627014136 502820397 0  
  1627014137 502820397 0  
  1627014138 502820397 0  
  1627014139 502820397 0  
  1627014140 502820397 0  
  1627014141 502820397 0  
  1627014142 502820397 0  
  1627014143 502820397 0  
  1627014144 502820397 0  
  1627014145 502820397 0  
  1627014146 502820397 0  
  1627014147 502820397 0  
  1627014148 502820397 0  
  1627014149 502820397 0  
  1627014150 502820397 0  
  1627014151 502820397 0  
  1627014152 502820397 0  
  1627014153 502820397 0  
  1627014154 502820397 0  
  1627014155 502820397 0  
  1627014156 502820397 0  
  1627014157 502820397 0  
  1627014158 502820397 0  
  1627014159 502820397 0  
  1627014160 502820397 0  
  1627014161 502820397 0  
  1627014162 502820397 0  
  1627014163 502820397 0  
  1627014164 502820397 0  
  1627014165 502820397 0  
  1627014166 502820397 0  
  1627014167 502820397 0  
  1627014169 502820397 0  
  1627014170 502820397 0  
  1627014171 502820993 0  
  1627014172 502820993 0  
  1627014173 502820993 0  
  1627014174 502820993 0  
  1627014175 502820993 0  
  1627014176 502820993 0  
  1627014177 502820993 0  
  1627014178 502820993 0  
  1627014179 502820993 0  
  1627014180 502820993 0  
  1627014181 502820993 0  
  1627014182 502820993 0  
  1627014183 502820993 0  
  1627014184 502820993 0  
  1627014185 502820993 0  
  1627014186 502820993 0  
  1627014187 502820993 0  
  1627014188 502820993 0  
  1627014189 502820993 0  
  1627014190 502820993 0  
  1627014191 502820993 0  
  1627014192 502820993 0  
  1627014193 502820993 0  
  1627014194 502820993 0  
  1627014195 502820993 0  
  1627014196 502820993 0  
  1627014197 502820993 0  
  1627014198 502820993 0  
  1627014199 502820993 0  
  1627014200 502820993 0  
  1627014201 502820993 0  
  1627014202 502820993 0  
  1627014203 502820993 0  
  1627014204 502820993 0  
  1627014205 502820993 0  
  1627014207 502820993 0  
  1627014208 502820993 0  
  1627014209 502820993 0  
  1627014210 502820993 0  
  1627014211 502820993 0  
  1627014212 502820993 0  
  1627014213 502820993 0  
  1627014214 502820993 0  
  1627014215 502820993 0  
  1627014216 502820993 0  
  1627014217 502820993 0  
  1627014218 502820993 0  
  1627014219 502825302 0  
  1627014220 502825626 0  
  1627014221 502825626 0  
  1627014222 502826334 0  
  1627014223 502826334 0  
  1627014224 502826334 0  
  1627014225 502826334 0  
  1627014226 502826334 0  
  1627014227 502826334 0  
  1627014228 502826334 0  
  1627014229 502826334 0  
  1627014230 502826334 0  
  1627014231 502826334 0  
  1627014232 502826334 0  
  1627014233 502826334 0  
  1627014234 502826334 0  
  1627014235 502826334 0  
  1627014236 502826334 0  
  1627014237 502826334 0  
  1627014238 502826334 0  
  1627014239 502826672 0  
  1627014240 502826672 0  
  1627014241 502826672 0  
  1627014242 502826672 0  
  1627014243 502826672 0  
  1627014244 502826672 0  
  1627014246 502826672 0  
  1627014247 502826672 0  
  1627014248 502826672 0  
  1627014249 502826672 0  
  1627014250 502826672 0  
  1627014251 502826672 0  
  1627014252 502826672 0  
  1627014253 502826764 0  
  1627014254 502826764 0  
  1627014255 502826764 0  
  1627014256 502826764 0  
  1627014257 502826764 0  
  1627014258 502826764 0  
  1627014259 502826764 0  
  1627014260 502826764 0  
  1627014261 502826764 0  
  1627014262 502826764 0  
  1627014263 502826764 0  
  1627014264 502826764 0  
  1627014265 502826764 0  
  1627014266 502826764 0  
  1627014267 502826764 0  
  1627014268 502826764 0  
  1627014269 502826764 0  
  1627014270 502826764 0  
  1627014271 502826764 0  
  1627014272 502826764 0  
  1627014273 502826764 0  
  1627014274 502826764 0  
  1627014275 502826764 0  
  1627014276 502826764 0  
  1627014277 502826764 0  
  1627014278 502826764 0  
  1627014279 502826764 0  
  1627014280 502826764 0  
  1627014281 502826764 0  
  1627014282 502826764 0  
  1627014283 502826764 0  
  1627014285 502826764 0  
  1627014286 502826764 0  
  1627014287 502826764 0  
  1627014288 502826764 0  
  1627014289 502826764 0  
  1627014290 502826764 0  
  1627014291 502826764 0  
  1627014292 502826764 0  
  1627014293 502826764 0  
  1627014294 502826764 0  
  1627014295 502826764 0  
  1627014296 502826764 0  
  1627014297 502826764 0  
  1627014298 502826764 0  
  1627014299 502826764 0  
  1627014300 502826764 0  
  1627014301 502826764 0  
  1627014302 502826764 0  
  1627014303 502826764 0  
  1627014304 502826764 0  
  1627014305 502826764 0  
  1627014306 502826764 0  
  1627014307 502826764 0  
  1627014308 502826764 0  
  1627014309 502826764 0  
  1627014310 502826764 0  
  1627014311 502826764 0  
  1627014312 502826764 0  
  1627014313 502826764 0  
  1627014314 502826764 0  
  1627014315 502826764 0  
  1627014316 502826764 0  
  1627014317 502826764 0  
  1627014318 502826764 0  
  1627014319 502826764 0  
  1627014320 502826764 0  
  1627014321 502826764 0  
  1627014322 502826764 0  
  1627014324 502826764 0  
  1627014325 502826764 0  
  1627014326 502826764 0  
  1627014327 502826764 0  
  1627014328 502826764 0  
  1627014329 502826764 0  
  1627014330 502826764 0  
  1627014331 502826764 0  
  1627014332 502826764 0  
  1627014333 502826764 0  
  1627014334 502826764 0  
  1627014335 502826764 0  
  1627014336 502826764 0  
  1627014337 502827121 0  
 