 1626788438 463379680 0  
  1626788439 463379680 0  
  1626788440 463379680 0  
  1626788441 463379680 0  
  1626788442 463379680 0  
  1626788443 463379680 0  
  1626788444 463379680 0  
  1626788445 463379680 0  
  1626788446 463379680 0  
  1626788447 463379680 0  
  1626788448 463379680 0  
  1626788449 463379680 0  
  1626788450 463379680 0  
  1626788452 463379680 0  
  1626788453 463379680 0  
  1626788454 463379680 0  
  1626788455 463379680 0  
  1626788456 463379680 0  
  1626788457 463379680 0  
  1626788458 463379680 0  
  1626788459 463379680 0  
  1626788460 463379680 0  
  1626788461 463379680 0  
  1626788462 463379680 0  
  1626788463 463379680 0  
  1626788464 463379680 0  
  1626788465 463379680 0  
  1626788466 463379680 0  
  1626788467 463379680 0  
  1626788468 463379680 0  
  1626788469 463379680 0  
  1626788470 463379680 0  
  1626788471 463379680 0  
  1626788472 463379680 0  
  1626788473 463379680 0  
  1626788474 463379680 0  
  1626788475 463379680 0  
  1626788476 463379680 0  
  1626788477 463379680 0  
  1626788478 463379680 0  
  1626788479 463379680 0  
  1626788480 463379680 0  
  1626788481 463379680 0  
  1626788482 463379680 0  
  1626788483 463379680 0  
  1626788484 463379680 0  
  1626788485 463379680 0  
  1626788486 463379680 0  
  1626788487 463379680 0  
  1626788488 463379680 0  
  1626788489 463379680 0  
  1626788490 463379680 0  
  1626788492 463379680 0  
  1626788493 463379680 0  
  1626788494 463379680 0  
  1626788495 463379680 0  
  1626788496 463379680 0  
  1626788497 463379680 0  
  1626788498 463379680 0  
  1626788499 463379680 0  
  1626788500 463379680 0  
  1626788501 463379680 0  
  1626788502 463379680 0  
  1626788503 463379680 0  
  1626788504 463379680 0  
  1626788505 463379680 0  
  1626788506 463379680 0  
  1626788507 463379680 0  
  1626788508 463379680 0  
  1626788509 463379680 0  
  1626788510 463379680 0  
  1626788511 463379680 0  
  1626788512 463379680 0  
  1626788513 463379680 0  
  1626788514 463379680 0  
  1626788515 463379680 0  
  1626788516 463379680 0  
  1626788517 463379680 0  
  1626788518 463379680 0  
  1626788519 463379680 0  
  1626788520 463379680 0  
  1626788521 463379680 0  
  1626788522 463379680 0  
  1626788523 463379680 0  
  1626788524 463379680 0  
  1626788525 463379680 0  
  1626788526 463379680 0  
  1626788527 463379680 0  
  1626788528 463379680 0  
  1626788529 463379680 0  
  1626788530 463379680 0  
  1626788532 463379680 0  
  1626788533 463379680 0  
  1626788534 463379680 0  
  1626788535 463379680 0  
  1626788536 463379680 0  
  1626788537 463379680 0  
  1626788538 463379680 0  
  1626788539 463379680 0  
  1626788540 463379680 0  
  1626788541 463379680 0  
  1626788542 463379680 0  
  1626788543 463379680 0  
  1626788544 463379680 0  
  1626788545 463379680 0  
  1626788546 463379680 0  
  1626788547 463379680 0  
  1626788548 463379680 0  
  1626788549 463379680 0  
  1626788550 463379680 0  
  1626788551 463379680 0  
  1626788552 463379680 0  
  1626788553 463379680 0  
  1626788554 463379680 0  
  1626788555 463379748 0  
  1626788556 463379748 0  
  1626788557 463379748 0  
  1626788558 463379748 0  
  1626788559 463379748 0  
  1626788560 463379748 0  
  1626788561 463380904 0  
  1626788562 463380904 0  
  1626788563 463380904 0  
  1626788564 463380904 0  
  1626788565 463381500 0  
  1626788566 463385809 0  
  1626788567 463386133 0  
  1626788568 463386841 0  
  1626788569 463386841 0  
  1626788570 463386841 0  
  1626788572 463386841 0  
  1626788573 463386841 0  
  1626788574 463386841 0  
  1626788575 463386841 0  
  1626788576 463386841 0  
  1626788577 463386841 0  
  1626788578 463386841 0  
  1626788579 463386841 0  
  1626788580 463386841 0  
  1626788581 463386841 0  
  1626788582 463386841 0  
  1626788583 463386841 0  
  1626788584 463386841 0  
  1626788585 463386841 0  
  1626788586 463386841 0  
  1626788587 463386841 0  
  1626788588 463386841 0  
  1626788589 463386841 0  
  1626788590 463386841 0  
  1626788591 463386933 0  
  1626788592 463386933 0  
  1626788593 463386933 0  
  1626788594 463386933 0  
  1626788595 463386933 0  
  1626788596 463386933 0  
  1626788597 463386933 0  
  1626788598 463386933 0  
  1626788599 463386933 0  
  1626788600 463386933 0  
  1626788601 463386933 0  
  1626788602 463386933 0  
  1626788603 463386933 0  
  1626788604 463386933 0  
  1626788605 463386933 0  
  1626788606 463386933 0  
  1626788607 463386933 0  
  1626788608 463386933 0  
  1626788609 463386933 0  
  1626788611 463386933 0  
  1626788612 463386933 0  
  1626788613 463386933 0  
  1626788614 463386933 0  
  1626788615 463386933 0  
  1626788616 463386933 0  
  1626788617 463386933 0  
  1626788618 463386933 0  
  1626788619 463386933 0  
  1626788620 463386933 0  
  1626788621 463386933 0  
  1626788622 463386933 0  
  1626788623 463386933 0  
  1626788624 463386933 0  
  1626788625 463386933 0  
  1626788626 463386933 0  
  1626788627 463386933 0  
  1626788628 463386933 0  
  1626788629 463386933 0  
  1626788630 463386933 0  
  1626788631 463386933 0  
  1626788632 463386933 0  
  1626788633 463386933 0  
  1626788634 463386933 0  
  1626788635 463386933 0  
  1626788636 463386933 0  
  1626788637 463386933 0  
  1626788638 463386933 0  
  1626788639 463386933 0  
  1626788640 463386933 0  
  1626788641 463386933 0  
  1626788642 463386933 0  
  1626788643 463386933 0  
  1626788644 463386933 0  
  1626788645 463386933 0  
  1626788646 463386933 0  
  1626788647 463386933 0  
  1626788648 463386933 0  
  1626788649 463386933 0  
  1626788651 463386933 0  
  1626788652 463386933 0  
  1626788653 463386933 0  
  1626788654 463386933 0  
  1626788655 463386933 0  
  1626788656 463386933 0  
  1626788657 463386933 0  
  1626788658 463386933 0  
  1626788659 463386933 0  
  1626788660 463386933 0  
  1626788661 463386933 0  
  1626788662 463386933 0  
  1626788663 463386933 0  
  1626788664 463386933 0  
  1626788665 463388528 0  
  1626788666 463388528 0  
  1626788667 463388528 0  
  1626788668 463388528 0  
  1626788669 463388528 0  
  1626788670 463388528 0  
  1626788671 463388528 0  
  1626788672 463388528 0  
  1626788673 463388528 0  
  1626788674 463388528 0  
  1626788675 463388528 0  
  1626788676 463388528 0  
  1626788677 463388528 0  
  1626788678 463388528 0  
  1626788679 463388528 0  
  1626788680 463388528 0  
  1626788681 463388528 0  
  1626788682 463388528 0  
  1626788683 463388528 0  
  1626788684 463388528 0  
  1626788685 463388528 0  
  1626788686 463388528 0  
  1626788687 463388528 0  
  1626788688 463388620 0  
  1626788689 463388620 0  
  1626788691 463388620 0  
  1626788692 463388620 0  
  1626788693 463388620 0  
  1626788694 463388620 0  
  1626788695 463388620 0  
  1626788696 463388620 0  
  1626788697 463388620 0  
  1626788698 463388620 0  
  1626788699 463388620 0  
  1626788700 463388620 0  
  1626788701 463388620 0  
  1626788702 463388620 0  
  1626788703 463388620 0  
  1626788704 463393253 0  
  1626788705 463393253 0  
  1626788706 463393893 0  
  1626788707 463393893 0  
  1626788708 463393893 0  
  1626788709 463393893 0  
  1626788710 463393893 0  
  1626788711 463393893 0  
  1626788712 463393893 0  
  1626788713 463393893 0  
  1626788714 463393893 0  
  1626788715 463393893 0  
  1626788716 463393893 0  
  1626788717 463393893 0  
  1626788718 463398202 0  
  1626788719 463398526 0  
  1626788720 463403867 0  
  1626788721 463409208 0  
  1626788722 463409848 0  
  1626788723 463409916 0  
  1626788724 463409916 0  
  1626788725 463409916 0  
  1626788726 463409916 0  
  1626788727 463409916 0  
  1626788728 463409916 0  
  1626788730 463409916 0  
  1626788731 463409916 0  
  1626788732 463409916 0  
  1626788733 463409916 0  
  1626788734 463409916 0  
  1626788735 463409916 0  
  1626788736 463409916 0  
  1626788737 463410273 0  
  1626788738 463410273 0  
  1626788739 463410273 0  
  1626788740 463410273 0  
  1626788741 463410273 0  
  1626788742 463410273 0  
  1626788743 463410273 0  
  1626788744 463410273 0  
  1626788745 463410273 0  
  1626788746 463410273 0  
  1626788747 463410273 0  
  1626788748 463410273 0  
  1626788749 463410273 0  
  1626788750 463410273 0  
  1626788751 463410273 0  
  1626788752 463410273 0  
  1626788753 463410273 0  
  1626788754 463410273 0  
  1626788755 463410273 0  
  1626788756 463410273 0  
  1626788757 463410273 0  
  1626788758 463410273 0  
  1626788759 463410273 0  
  1626788760 463410273 0  
  1626788761 463410273 0  
  1626788762 463410273 0  
  1626788763 463410273 0  
  1626788764 463410273 0  
  1626788765 463410273 0  
  1626788766 463410273 0  
  1626788767 463410273 0  
  1626788768 463410273 0  
  1626788769 463410273 0  
  1626788771 463410273 0  
  1626788772 463410273 0  
  1626788773 463410273 0  
  1626788774 463410273 0  
  1626788775 463410273 0  
  1626788776 463410273 0  
  1626788777 463410273 0  
  1626788778 463410273 0  
  1626788779 463410273 0  
  1626788780 463410273 0  
  1626788781 463410273 0  
  1626788782 463410273 0  
  1626788783 463410273 0  
  1626788784 463410273 0  
  1626788785 463410273 0  
  1626788786 463410273 0  
  1626788787 463410273 0  
  1626788788 463410273 0  
  1626788789 463410273 0  
  1626788790 463410273 0  
  1626788791 463410273 0  
  1626788792 463410273 0  
  1626788793 463410273 0  
  1626788794 463410273 0  
  1626788795 463410273 0  
  1626788796 463410273 0  
  1626788797 463410273 0  
  1626788798 463410273 0  
  1626788799 463410273 0  
  1626788800 463410273 0  
  1626788801 463410273 0  
  1626788802 463410273 0  
  1626788803 463410273 0  
  1626788804 463410273 0  
  1626788805 463410273 0  
  1626788806 463410273 0  
  1626788807 463410273 0  
  1626788808 463410273 0  
  1626788810 463410273 0  
  1626788811 463410273 0  
  1626788812 463410273 0  
  1626788813 463410273 0  
  1626788814 463410273 0  
  1626788815 463410273 0  
  1626788816 463410273 0  
  1626788817 463410273 0  
  1626788818 463410273 0  
  1626788819 463410273 0  
  1626788820 463410273 0  
  1626788821 463410273 0  
  1626788822 463410273 0  
  1626788823 463410273 0  
  1626788824 463410273 0  
  1626788825 463410273 0  
  1626788826 463410273 0  
  1626788827 463410273 0  
  1626788828 463410273 0  
  1626788829 463410273 0  
  1626788830 463410273 0  
  1626788831 463410273 0  
  1626788832 463410273 0  
  1626788833 463410273 0  
  1626788834 463410273 0  
  1626788835 463410273 0  
  1626788836 463410273 0  
  1626788837 463410273 0  
  1626788838 463410273 0  
  1626788839 463410273 0  
  1626788840 463410273 0  
  1626788841 463410273 0  
  1626788842 463410273 0  
  1626788843 463410273 0  
  1626788844 463410273 0  
  1626788845 463410273 0  
  1626788846 463410273 0  
  1626788847 463410273 0  
  1626788848 463410273 0  
  1626788850 463410273 0  
  1626788851 463410365 0  
  1626788852 463410365 0  
  1626788853 463410365 0  
  1626788854 463410365 0  
  1626788855 463410365 0  
  1626788856 463410365 0  
  1626788857 463410365 0  
  1626788858 463410365 0  
  1626788859 463410365 0  
  1626788860 463410365 0  
  1626788861 463410365 0  
  1626788862 463410365 0  
  1626788863 463410365 0  
  1626788864 463410365 0  
  1626788865 463410365 0  
  1626788866 463413224 0  
  1626788867 463415656 0  
  1626788868 463415656 0  
  1626788869 463416364 0  
  1626788870 463416364 0  
  1626788871 463416364 0  
  1626788872 463416364 0  
  1626788873 463416364 0  
  1626788874 463416364 0  
  1626788875 463416364 0  
  1626788876 463416364 0  
  1626788877 463416364 0  
  1626788878 463416364 0  
  1626788879 463416364 0  
  1626788880 463416364 0  
  1626788881 463416364 0  
  1626788882 463416364 0  
  1626788883 463416364 0  
  1626788884 463416364 0  
  1626788885 463416364 0  
  1626788886 463416364 0  
  1626788887 463416364 0  
  1626788888 463416364 0  
  1626788890 463416364 0  
  1626788891 463416364 0  
  1626788892 463416364 0  
  1626788893 463416364 0  
  1626788894 463416364 0  
  1626788895 463416364 0  
  1626788896 463416364 0  
  1626788897 463416364 0  
  1626788898 463416364 0  
  1626788899 463416364 0  
  1626788900 463416364 0  
  1626788901 463416364 0  
  1626788902 463416364 0  
  1626788903 463416364 0  
  1626788904 463416364 0  
  1626788905 463416364 0  
  1626788906 463416364 0  
 