 1627029465 567658841 0  
  1627029466 567658841 0  
  1627029467 567658841 0  
  1627029468 567658841 0  
  1627029469 567658841 0  
  1627029470 567658841 0  
  1627029471 567658841 0  
  1627029472 567658841 0  
  1627029473 567658841 0  
  1627029474 567658841 0  
  1627029475 567658841 0  
  1627029476 567658841 0  
  1627029477 567658841 0  
  1627029478 567658841 0  
  1627029479 567658841 0  
  1627029480 567658841 0  
  1627029481 567658841 0  
  1627029482 567658841 0  
  1627029483 567658841 0  
  1627029484 567658841 0  
  1627029485 567658841 0  
  1627029487 567658841 0  
  1627029488 567658841 0  
  1627029489 567658841 0  
  1627029490 567658841 0  
  1627029491 567658841 0  
  1627029492 567658841 0  
  1627029493 567658841 0  
  1627029494 567658841 0  
  1627029495 567658841 0  
  1627029496 567658841 0  
  1627029497 567658841 0  
  1627029498 567658841 0  
  1627029499 567658841 0  
  1627029500 567658841 0  
  1627029501 567658841 0  
  1627029502 567658841 0  
  1627029503 567658841 0  
  1627029504 567658841 0  
  1627029505 567658841 0  
  1627029506 567658841 0  
  1627029507 567658841 0  
  1627029508 567658841 0  
  1627029509 567658841 0  
  1627029510 567658841 0  
  1627029511 567658841 0  
  1627029512 567658841 0  
  1627029513 567658841 0  
  1627029514 567658841 0  
  1627029515 567658841 0  
  1627029516 567658841 0  
  1627029517 567658841 0  
  1627029518 567658841 0  
  1627029519 567658841 0  
  1627029520 567658841 0  
  1627029521 567658841 0  
  1627029522 567658841 0  
  1627029523 567658841 0  
  1627029524 567658841 0  
  1627029525 567658841 0  
  1627029527 567658841 0  
  1627029528 567658841 0  
  1627029529 567658841 0  
  1627029530 567658841 0  
  1627029531 567658841 0  
  1627029532 567658841 0  
  1627029533 567658841 0  
  1627029534 567663150 0  
  1627029535 567663490 0  
  1627029536 567663490 0  
  1627029537 567664062 0  
  1627029538 567664062 0  
  1627029539 567668695 0  
  1627029540 567668695 0  
  1627029541 567669403 0  
  1627029542 567669403 0  
  1627029543 567669403 0  
  1627029544 567669403 0  
  1627029545 567669403 0  
  1627029546 567669403 0  
  1627029547 567669403 0  
  1627029548 567669403 0  
  1627029549 567669403 0  
  1627029550 567669403 0  
  1627029551 567669403 0  
  1627029552 567669403 0  
  1627029553 567669403 0  
  1627029554 567669403 0  
  1627029555 567669403 0  
  1627029556 567669403 0  
  1627029557 567669403 0  
  1627029558 567669403 0  
  1627029559 567669403 0  
  1627029560 567669403 0  
  1627029561 567669403 0  
  1627029562 567669403 0  
  1627029563 567669403 0  
  1627029564 567669403 0  
  1627029565 567669403 0  
  1627029567 567669403 0  
  1627029568 567669403 0  
  1627029569 567669403 0  
  1627029570 567669931 0  
  1627029571 567669999 0  
  1627029572 567669999 0  
  1627029573 567669999 0  
  1627029574 567670091 0  
  1627029575 567670091 0  
  1627029576 567670091 0  
  1627029577 567670091 0  
  1627029578 567670091 0  
  1627029579 567670091 0  
  1627029580 567670091 0  
  1627029581 567670091 0  
  1627029582 567670091 0  
  1627029583 567670091 0  
  1627029584 567670091 0  
  1627029585 567670091 0  
  1627029586 567670091 0  
  1627029587 567670091 0  
  1627029588 567670091 0  
  1627029589 567670091 0  
  1627029590 567670091 0  
  1627029591 567670091 0  
  1627029592 567670091 0  
  1627029593 567670091 0  
  1627029594 567670091 0  
  1627029595 567670091 0  
  1627029596 567670091 0  
  1627029597 567670091 0  
  1627029598 567670091 0  
  1627029599 567670091 0  
  1627029600 567670091 0  
  1627029601 567670091 0  
  1627029602 567670091 0  
  1627029603 567670091 0  
  1627029604 567670091 0  
  1627029605 567670091 0  
  1627029607 567670091 0  
  1627029608 567670091 0  
  1627029609 567670091 0  
  1627029610 567670091 0  
  1627029611 567670091 0  
  1627029612 567670091 0  
  1627029613 567670091 0  
  1627029614 567670091 0  
  1627029615 567670091 0  
  1627029616 567670091 0  
  1627029617 567670091 0  
  1627029618 567670091 0  
  1627029619 567670091 0  
  1627029620 567670091 0  
  1627029621 567670091 0  
  1627029622 567670091 0  
  1627029623 567670091 0  
  1627029624 567670091 0  
  1627029625 567670091 0  
  1627029626 567670091 0  
  1627029627 567670091 0  
  1627029628 567670091 0  
  1627029629 567670091 0  
  1627029630 567670091 0  
  1627029631 567670091 0  
  1627029632 567670091 0  
  1627029633 567670091 0  
  1627029634 567670091 0  
  1627029635 567670091 0  
  1627029636 567670091 0  
  1627029637 567670091 0  
  1627029638 567670091 0  
  1627029639 567670091 0  
  1627029640 567670448 0  
  1627029641 567670448 0  
  1627029642 567670448 0  
  1627029643 567670448 0  
  1627029644 567672649 0  
  1627029645 567675081 0  
  1627029647 567675081 0  
  1627029648 567680422 0  
  1627029649 567680422 0  
  1627029650 567681130 0  
  1627029651 567681130 0  
  1627029652 567681130 0  
  1627029653 567681130 0  
  1627029654 567685695 0  
  1627029655 567688660 0  
  1627029656 567691104 0  
  1627029657 567691812 0  
  1627029658 567691812 0  
  1627029659 567691812 0  
  1627029660 567691812 0  
  1627029661 567691812 0  
  1627029662 567691812 0  
  1627029663 567691812 0  
  1627029664 567691812 0  
  1627029665 567691812 0  
  1627029666 567691812 0  
  1627029667 567691812 0  
  1627029668 567691904 0  
  1627029669 567691904 0  
  1627029670 567691904 0  
  1627029671 567691904 0  
  1627029672 567691904 0  
  1627029673 567691904 0  
  1627029674 567692242 0  
  1627029675 567692242 0  
  1627029676 567692242 0  
  1627029677 567692242 0  
  1627029678 567692242 0  
  1627029679 567692242 0  
  1627029680 567692242 0  
  1627029681 567692242 0  
  1627029682 567692242 0  
  1627029683 567692242 0  
  1627029684 567692242 0  
  1627029686 567692242 0  
  1627029687 567692242 0  
  1627029688 567692242 0  
  1627029689 567692242 0  
  1627029690 567692580 0  
  1627029691 567692580 0  
  1627029692 567692580 0  
  1627029693 567692580 0  
  1627029694 567692580 0  
  1627029695 567692580 0  
  1627029696 567692580 0  
  1627029697 567692580 0  
  1627029698 567692580 0  
  1627029699 567692580 0  
  1627029700 567692580 0  
  1627029701 567692580 0  
  1627029702 567692580 0  
  1627029703 567692580 0  
  1627029704 567692580 0  
  1627029705 567692580 0  
  1627029706 567692580 0  
  1627029707 567692580 0  
  1627029708 567692580 0  
  1627029709 567692580 0  
  1627029710 567692580 0  
  1627029711 567692580 0  
  1627029712 567692580 0  
  1627029713 567692580 0  
  1627029714 567692580 0  
  1627029715 567692580 0  
  1627029716 567692580 0  
  1627029717 567692580 0  
  1627029718 567692580 0  
  1627029719 567692580 0  
  1627029720 567692580 0  
  1627029721 567692580 0  
  1627029722 567692580 0  
  1627029723 567692580 0  
  1627029725 567692580 0  
  1627029726 567692580 0  
  1627029727 567692580 0  
  1627029728 567692580 0  
  1627029729 567692580 0  
  1627029730 567692580 0  
  1627029731 567692580 0  
  1627029732 567692580 0  
  1627029733 567692580 0  
  1627029734 567692580 0  
  1627029735 567692580 0  
  1627029736 567692580 0  
  1627029737 567692580 0  
  1627029738 567692580 0  
  1627029739 567692580 0  
  1627029740 567692580 0  
  1627029741 567692580 0  
  1627029742 567692580 0  
  1627029743 567692580 0  
  1627029744 567692580 0  
  1627029745 567692580 0  
  1627029746 567692580 0  
  1627029747 567692580 0  
  1627029748 567692580 0  
  1627029749 567692580 0  
  1627029750 567692580 0  
  1627029751 567692580 0  
  1627029752 567692580 0  
  1627029753 567692580 0  
  1627029754 567692580 0  
  1627029755 567692648 0  
  1627029756 567692648 0  
  1627029757 567692648 0  
  1627029758 567692648 0  
  1627029759 567692648 0  
  1627029760 567692648 0  
  1627029761 567693804 0  
  1627029762 567693804 0  
  1627029763 567693804 0  
  1627029765 567693804 0  
  1627029766 567693804 0  
  1627029767 567693804 0  
  1627029768 567693804 0  
  1627029769 567693804 0  
  1627029770 567693804 0  
  1627029771 567694400 0  
  1627029772 567694400 0  
  1627029773 567694400 0  
  1627029774 567694400 0  
  1627029775 567694400 0  
  1627029776 567694400 0  
  1627029777 567694400 0  
  1627029778 567694400 0  
  1627029779 567694400 0  
  1627029780 567694400 0  
  1627029781 567694400 0  
  1627029782 567694400 0  
  1627029783 567694400 0  
  1627029784 567694400 0  
  1627029785 567694400 0  
  1627029786 567694400 0  
  1627029787 567694400 0  
  1627029788 567694400 0  
  1627029789 567694400 0  
  1627029790 567694400 0  
  1627029791 567694400 0  
  1627029792 567694400 0  
  1627029793 567694400 0  
  1627029794 567694400 0  
  1627029795 567694400 0  
  1627029796 567694400 0  
  1627029797 567694400 0  
  1627029798 567694400 0  
  1627029799 567694400 0  
  1627029800 567694400 0  
  1627029801 567694400 0  
  1627029802 567694400 0  
  1627029803 567694400 0  
  1627029805 567694400 0  
  1627029806 567694400 0  
  1627029807 567694400 0  
  1627029808 567694400 0  
  1627029809 567694400 0  
  1627029810 567694400 0  
  1627029811 567694400 0  
  1627029812 567694400 0  
  1627029813 567694400 0  
  1627029814 567694400 0  
  1627029815 567694400 0  
  1627029816 567694400 0  
  1627029817 567694400 0  
  1627029818 567694400 0  
  1627029819 567694400 0  
  1627029820 567694400 0  
  1627029821 567694400 0  
  1627029822 567694400 0  
  1627029823 567694400 0  
  1627029824 567694400 0  
  1627029825 567694400 0  
  1627029826 567694400 0  
  1627029827 567694400 0  
  1627029828 567694400 0  
  1627029829 567694400 0  
  1627029830 567694400 0  
  1627029831 567694400 0  
  1627029832 567694400 0  
  1627029833 567694544 0  
  1627029834 567699387 0  
  1627029835 567699387 0  
  1627029836 567699959 0  
  1627029837 567699959 0  
  1627029838 567704268 0  
  1627029839 567704592 0  
  1627029840 567705300 0  
  1627029841 567705300 0  
  1627029842 567705300 0  
  1627029843 567705300 0  
  1627029845 567705300 0  
  1627029846 567705300 0  
  1627029847 567705300 0  
  1627029848 567705300 0  
  1627029849 567705300 0  
  1627029850 567705300 0  
  1627029851 567705300 0  
 