 1626772613 461563907 0  
  1626772614 461563907 0  
  1626772616 461563907 0  
  1626772617 461563907 0  
  1626772618 461563907 0  
  1626772619 461563907 0  
  1626772620 461563907 0  
  1626772621 461563907 0  
  1626772622 461563907 0  
  1626772623 461563907 0  
  1626772624 461563907 0  
  1626772625 461563907 0  
  1626772626 461563907 0  
  1626772627 461563907 0  
  1626772628 461563907 0  
  1626772629 461563907 0  
  1626772630 461563907 0  
  1626772631 461563907 0  
  1626772632 461563907 0  
  1626772633 461563907 0  
  1626772634 461563907 0  
  1626772635 461563907 0  
  1626772636 461563907 0  
  1626772637 461563907 0  
  1626772638 461563907 0  
  1626772639 461563907 0  
  1626772640 461563907 0  
  1626772641 461563907 0  
  1626772642 461563907 0  
  1626772643 461563907 0  
  1626772644 461563907 0  
  1626772645 461563907 0  
  1626772646 461563907 0  
  1626772647 461563907 0  
  1626772648 461563907 0  
  1626772649 461563907 0  
  1626772650 461563907 0  
  1626772651 461563907 0  
  1626772652 461563907 0  
  1626772653 461563907 0  
  1626772655 461563907 0  
  1626772656 461563907 0  
  1626772657 461563907 0  
  1626772658 461563907 0  
  1626772659 461563907 0  
  1626772660 461563907 0  
  1626772661 461563907 0  
  1626772662 461563907 0  
  1626772663 461563907 0  
  1626772664 461563907 0  
  1626772665 461564641 0  
  1626772666 461565502 0  
  1626772667 461565502 0  
  1626772668 461569811 0  
  1626772669 461570135 0  
  1626772670 461570135 0  
  1626772671 461570843 0  
  1626772672 461570843 0  
  1626772673 461570935 0  
  1626772674 461570935 0  
  1626772675 461570935 0  
  1626772676 461570935 0  
  1626772677 461570935 0  
  1626772678 461570935 0  
  1626772679 461570935 0  
  1626772680 461570935 0  
  1626772681 461570935 0  
  1626772682 461570935 0  
  1626772683 461570935 0  
  1626772684 461570935 0  
  1626772685 461570935 0  
  1626772686 461570935 0  
  1626772687 461570935 0  
  1626772688 461570935 0  
  1626772689 461570935 0  
  1626772690 461570935 0  
  1626772691 461570935 0  
  1626772692 461570935 0  
  1626772693 461570935 0  
  1626772695 461570935 0  
  1626772696 461570935 0  
  1626772697 461570935 0  
  1626772698 461570935 0  
  1626772699 461570935 0  
  1626772700 461570935 0  
  1626772701 461570935 0  
  1626772702 461570935 0  
  1626772703 461570935 0  
  1626772704 461570935 0  
  1626772705 461570935 0  
  1626772706 461570935 0  
  1626772707 461570935 0  
  1626772708 461570935 0  
  1626772709 461570935 0  
  1626772710 461570935 0  
  1626772711 461570935 0  
  1626772712 461570935 0  
  1626772713 461570935 0  
  1626772714 461570935 0  
  1626772715 461570935 0  
  1626772716 461570935 0  
  1626772717 461570935 0  
  1626772718 461570935 0  
  1626772719 461570935 0  
  1626772720 461570935 0  
  1626772721 461571027 0  
  1626772722 461571027 0  
  1626772723 461571027 0  
  1626772724 461571027 0  
  1626772725 461571027 0  
  1626772726 461571027 0  
  1626772727 461571027 0  
  1626772728 461571027 0  
  1626772729 461571027 0  
  1626772730 461571027 0  
  1626772731 461571027 0  
  1626772732 461571027 0  
  1626772733 461571027 0  
  1626772735 461571027 0  
  1626772736 461571027 0  
  1626772737 461571027 0  
  1626772738 461571119 0  
  1626772739 461571119 0  
  1626772740 461571119 0  
  1626772741 461571119 0  
  1626772742 461571119 0  
  1626772743 461571119 0  
  1626772744 461571119 0  
  1626772745 461571119 0  
  1626772746 461571119 0  
  1626772747 461571119 0  
  1626772748 461571119 0  
  1626772749 461571119 0  
  1626772750 461571119 0  
  1626772751 461571119 0  
  1626772752 461571119 0  
  1626772753 461571119 0  
  1626772754 461571119 0  
  1626772755 461571119 0  
  1626772756 461571119 0  
  1626772757 461571119 0  
  1626772758 461571119 0  
  1626772759 461571119 0  
  1626772760 461571119 0  
  1626772761 461571119 0  
  1626772762 461571119 0  
  1626772763 461571119 0  
  1626772764 461571119 0  
  1626772765 461571119 0  
  1626772766 461571119 0  
  1626772767 461571119 0  
  1626772768 461571119 0  
  1626772769 461571119 0  
  1626772770 461571119 0  
  1626772771 461571119 0  
  1626772772 461571119 0  
  1626772773 461571119 0  
  1626772775 461571119 0  
  1626772776 461571119 0  
  1626772777 461571119 0  
  1626772778 461571119 0  
  1626772779 461571119 0  
  1626772780 461571119 0  
  1626772781 461571119 0  
  1626772782 461571119 0  
  1626772783 461571119 0  
  1626772784 461571119 0  
  1626772785 461571119 0  
  1626772786 461571119 0  
  1626772787 461571119 0  
  1626772788 461571119 0  
  1626772789 461571119 0  
  1626772790 461571119 0  
  1626772791 461571119 0  
  1626772792 461571119 0  
  1626772793 461571119 0  
  1626772794 461571119 0  
  1626772795 461571119 0  
  1626772796 461571119 0  
  1626772797 461571119 0  
  1626772798 461571119 0  
  1626772799 461571119 0  
  1626772800 461571119 0  
  1626772801 461571119 0  
  1626772802 461571211 0  
  1626772803 461571211 0  
  1626772804 461575520 0  
  1626772805 461575844 0  
  1626772806 461575844 0  
  1626772807 461576552 0  
  1626772808 461576552 0  
  1626772809 461576552 0  
  1626772810 461576552 0  
  1626772811 461576552 0  
  1626772812 461576552 0  
  1626772813 461576552 0  
  1626772815 461576552 0  
  1626772816 461576552 0  
  1626772817 461576552 0  
  1626772818 461581185 0  
  1626772819 461581329 0  
  1626772820 461586390 0  
  1626772821 461591731 0  
  1626772822 461592371 0  
  1626772823 461592439 0  
  1626772824 461592439 0  
  1626772825 461592439 0  
  1626772826 461592439 0  
  1626772827 461592439 0  
  1626772828 461592439 0  
  1626772829 461592439 0  
  1626772830 461592439 0  
  1626772831 461592439 0  
  1626772832 461592439 0  
  1626772833 461592439 0  
  1626772834 461592439 0  
  1626772835 461592439 0  
  1626772836 461592439 0  
  1626772837 461592796 0  
  1626772838 461592796 0  
  1626772839 461592796 0  
  1626772840 461592796 0  
  1626772841 461592796 0  
  1626772842 461592796 0  
  1626772843 461592796 0  
  1626772844 461592796 0  
  1626772845 461592796 0  
  1626772846 461592796 0  
  1626772847 461592796 0  
  1626772848 461592796 0  
  1626772849 461592888 0  
  1626772850 461592888 0  
  1626772851 461592888 0  
  1626772852 461592888 0  
  1626772854 461592888 0  
  1626772855 461592888 0  
  1626772856 461592888 0  
  1626772857 461592888 0  
  1626772858 461592888 0  
  1626772859 461592888 0  
  1626772860 461592888 0  
  1626772861 461592888 0  
  1626772862 461592888 0  
  1626772863 461592888 0  
  1626772864 461592888 0  
  1626772865 461592888 0  
  1626772866 461593478 0  
  1626772867 461593570 0  
  1626772868 461593570 0  
  1626772869 461593570 0  
  1626772870 461593570 0  
  1626772871 461593570 0  
  1626772872 461593570 0  
  1626772873 461593570 0  
  1626772874 461593570 0  
  1626772875 461593570 0  
  1626772876 461593570 0  
  1626772877 461593570 0  
  1626772878 461593570 0  
  1626772879 461593570 0  
  1626772880 461593570 0  
  1626772881 461593570 0  
  1626772882 461593570 0  
  1626772883 461593570 0  
  1626772884 461593570 0  
  1626772885 461593570 0  
  1626772886 461593570 0  
  1626772887 461593570 0  
  1626772888 461593570 0  
  1626772889 461593570 0  
  1626772890 461593570 0  
  1626772891 461593570 0  
  1626772892 461593570 0  
  1626772894 461593570 0  
  1626772895 461593570 0  
  1626772896 461593570 0  
  1626772897 461593570 0  
  1626772898 461593570 0  
  1626772899 461593570 0  
  1626772900 461593570 0  
  1626772901 461593570 0  
  1626772902 461593570 0  
  1626772903 461593570 0  
  1626772904 461593570 0  
  1626772905 461593570 0  
  1626772906 461593570 0  
  1626772907 461593570 0  
  1626772908 461593570 0  
  1626772909 461593570 0  
  1626772910 461593570 0  
  1626772911 461593570 0  
  1626772912 461593570 0  
  1626772913 461593570 0  
  1626772914 461593570 0  
  1626772915 461593570 0  
  1626772916 461593570 0  
  1626772917 461593570 0  
  1626772918 461593570 0  
  1626772919 461593570 0  
  1626772920 461593570 0  
  1626772921 461593570 0  
  1626772922 461593570 0  
  1626772923 461593570 0  
  1626772924 461593570 0  
  1626772925 461593570 0  
  1626772926 461593570 0  
  1626772927 461593570 0  
  1626772928 461593570 0  
  1626772929 461593570 0  
  1626772930 461593570 0  
  1626772931 461593570 0  
  1626772933 461593662 0  
  1626772934 461593662 0  
  1626772935 461593662 0  
  1626772936 461593662 0  
  1626772937 461593662 0  
  1626772938 461593662 0  
  1626772939 461593662 0  
  1626772940 461593662 0  
  1626772941 461593662 0  
  1626772942 461593662 0  
  1626772943 461593662 0  
  1626772944 461593662 0  
  1626772945 461593662 0  
  1626772946 461593662 0  
  1626772947 461593662 0  
  1626772948 461593662 0  
  1626772949 461593662 0  
  1626772950 461593662 0  
  1626772951 461593662 0  
  1626772952 461593662 0  
  1626772953 461593662 0  
  1626772954 461593662 0  
  1626772955 461593662 0  
  1626772956 461593662 0  
  1626772957 461593662 0  
  1626772958 461593662 0  
  1626772959 461593662 0  
  1626772960 461593662 0  
  1626772961 461593662 0  
  1626772962 461593662 0  
  1626772963 461593662 0  
  1626772964 461593662 0  
  1626772965 461593662 0  
  1626772966 461593806 0  
  1626772967 461598295 0  
  1626772968 461598295 0  
  1626772969 461598935 0  
  1626772970 461598935 0  
  1626772971 461598935 0  
  1626772973 461598935 0  
  1626772974 461598935 0  
  1626772975 461598935 0  
  1626772976 461598935 0  
  1626772977 461598935 0  
  1626772978 461598935 0  
  1626772979 461598935 0  
  1626772980 461599027 0  
  1626772981 461599027 0  
  1626772982 461599027 0  
  1626772983 461599027 0  
  1626772984 461599027 0  
  1626772985 461599027 0  
  1626772986 461599027 0  
  1626772987 461599027 0  
  1626772988 461599027 0  
  1626772989 461599027 0  
  1626772990 461599027 0  
  1626772991 461599027 0  
  1626772992 461599027 0  
  1626772993 461599027 0  
  1626772994 461599027 0  
  1626772995 461599027 0  
  1626772996 461599027 0  
  1626772997 461599119 0  
 