 1626783885 460017725 0  
  1626783886 460017725 0  
  1626783887 460017725 0  
  1626783888 460017725 0  
  1626783889 460017725 0  
  1626783890 460017725 0  
  1626783891 460017725 0  
  1626783892 460017725 0  
  1626783893 460017725 0  
  1626783894 460017817 0  
  1626783895 460017817 0  
  1626783896 460017817 0  
  1626783897 460017817 0  
  1626783898 460018155 0  
  1626783899 460018247 0  
  1626783900 460018247 0  
  1626783901 460018247 0  
  1626783902 460018247 0  
  1626783903 460018247 0  
  1626783904 460018247 0  
  1626783905 460018247 0  
  1626783906 460018247 0  
  1626783907 460018247 0  
  1626783908 460018247 0  
  1626783909 460018247 0  
  1626783910 460022812 0  
  1626783911 460022880 0  
  1626783912 460023452 0  
  1626783913 460023452 0  
  1626783914 460023452 0  
  1626783915 460023452 0  
  1626783916 460023452 0  
  1626783917 460023452 0  
  1626783918 460023452 0  
  1626783919 460023452 0  
  1626783920 460023452 0  
  1626783922 460023452 0  
  1626783923 460023452 0  
  1626783924 460032326 0  
  1626783925 460037027 0  
  1626783926 460038699 0  
  1626783927 460039499 0  
  1626783928 460039499 0  
  1626783929 460039499 0  
  1626783930 460039499 0  
  1626783931 460039499 0  
  1626783932 460039499 0  
  1626783933 460039499 0  
  1626783934 460039499 0  
  1626783935 460039499 0  
  1626783936 460039499 0  
  1626783937 460039499 0  
  1626783938 460039499 0  
  1626783939 460039499 0  
  1626783940 460039499 0  
  1626783941 460039499 0  
  1626783942 460039499 0  
  1626783943 460039499 0  
  1626783944 460039856 0  
  1626783945 460039856 0  
  1626783946 460039856 0  
  1626783947 460039856 0  
  1626783948 460039856 0  
  1626783949 460039856 0  
  1626783950 460039856 0  
  1626783951 460039856 0  
  1626783952 460039856 0  
  1626783953 460039856 0  
  1626783954 460039856 0  
  1626783955 460039856 0  
  1626783956 460039856 0  
  1626783957 460039856 0  
  1626783958 460039948 0  
  1626783959 460039948 0  
  1626783960 460039948 0  
  1626783962 460039948 0  
  1626783963 460040040 0  
  1626783964 460040040 0  
  1626783965 460040040 0  
  1626783966 460040040 0  
  1626783967 460040040 0  
  1626783968 460040040 0  
  1626783969 460040040 0  
  1626783970 460040040 0  
  1626783971 460040040 0  
  1626783972 460040040 0  
  1626783973 460040040 0  
  1626783974 460040040 0  
  1626783975 460040040 0  
  1626783976 460040040 0  
  1626783977 460040040 0  
  1626783978 460040040 0  
  1626783979 460040040 0  
  1626783980 460040040 0  
  1626783981 460040040 0  
  1626783982 460040040 0  
  1626783983 460040040 0  
  1626783984 460040040 0  
  1626783985 460040040 0  
  1626783986 460040040 0  
  1626783987 460040040 0  
  1626783988 460040040 0  
  1626783989 460040040 0  
  1626783990 460040040 0  
  1626783991 460040132 0  
  1626783992 460040132 0  
  1626783993 460040132 0  
  1626783994 460040132 0  
  1626783995 460040132 0  
  1626783996 460040132 0  
  1626783997 460040132 0  
  1626783998 460040132 0  
  1626783999 460040132 0  
  1626784000 460040132 0  
  1626784002 460040132 0  
  1626784003 460040132 0  
  1626784004 460040132 0  
  1626784005 460040132 0  
  1626784006 460040132 0  
  1626784007 460040132 0  
  1626784008 460040132 0  
  1626784009 460040132 0  
  1626784010 460040132 0  
  1626784011 460040132 0  
  1626784012 460040132 0  
  1626784013 460040132 0  
  1626784014 460040132 0  
  1626784015 460040132 0  
  1626784016 460040132 0  
  1626784017 460040132 0  
  1626784018 460040132 0  
  1626784019 460040132 0  
  1626784020 460040132 0  
  1626784021 460040132 0  
  1626784022 460040132 0  
  1626784023 460040224 0  
  1626784024 460040224 0  
  1626784025 460040224 0  
  1626784026 460040224 0  
  1626784027 460040224 0  
  1626784028 460040316 0  
  1626784029 460040316 0  
  1626784030 460040316 0  
  1626784031 460040316 0  
  1626784032 460040316 0  
  1626784033 460040316 0  
  1626784034 460040316 0  
  1626784035 460040316 0  
  1626784036 460040316 0  
  1626784037 460040316 0  
  1626784038 460040316 0  
  1626784039 460040316 0  
  1626784040 460040316 0  
  1626784042 460040316 0  
  1626784043 460040316 0  
  1626784044 460040316 0  
  1626784045 460040316 0  
  1626784046 460040316 0  
  1626784047 460040316 0  
  1626784048 460040316 0  
  1626784049 460040316 0  
  1626784050 460040316 0  
  1626784051 460040316 0  
  1626784052 460040316 0  
  1626784053 460040316 0  
  1626784054 460040316 0  
  1626784055 460040316 0  
  1626784056 460040408 0  
  1626784057 460040408 0  
  1626784058 460040408 0  
  1626784059 460040408 0  
  1626784060 460040408 0  
  1626784061 460040408 0  
  1626784062 460040408 0  
  1626784063 460040408 0  
  1626784064 460040408 0  
  1626784065 460040408 0  
  1626784066 460041004 0  
  1626784067 460041004 0  
  1626784068 460041004 0  
  1626784069 460041004 0  
  1626784070 460041004 0  
  1626784071 460045313 0  
  1626784072 460045637 0  
  1626784073 460045637 0  
  1626784074 460046345 0  
  1626784075 460046345 0  
  1626784076 460046345 0  
  1626784077 460046345 0  
  1626784078 460046345 0  
  1626784079 460046345 0  
  1626784081 460046345 0  
  1626784082 460046345 0  
  1626784083 460046345 0  
  1626784084 460046345 0  
  1626784085 460046413 0  
  1626784086 460046413 0  
  1626784087 460046413 0  
  1626784088 460046505 0  
  1626784089 460046505 0  
  1626784090 460046505 0  
  1626784091 460047661 0  
  1626784092 460047661 0  
  1626784093 460047753 0  
  1626784094 460047753 0  
  1626784095 460047753 0  
  1626784096 460047753 0  
  1626784097 460047753 0  
  1626784098 460047753 0  
  1626784099 460047753 0  
  1626784100 460047753 0  
  1626784101 460047753 0  
  1626784102 460047753 0  
  1626784103 460047753 0  
  1626784104 460047753 0  
  1626784105 460047753 0  
  1626784106 460047753 0  
  1626784107 460047753 0  
  1626784108 460047753 0  
  1626784109 460047753 0  
  1626784110 460047753 0  
  1626784111 460047753 0  
  1626784112 460047753 0  
  1626784113 460047753 0  
  1626784114 460047753 0  
  1626784115 460047753 0  
  1626784116 460047753 0  
  1626784117 460047753 0  
  1626784118 460047753 0  
  1626784119 460047753 0  
  1626784121 460047845 0  
  1626784122 460047845 0  
  1626784123 460047845 0  
  1626784124 460047845 0  
  1626784125 460047845 0  
  1626784126 460047845 0  
  1626784127 460047845 0  
  1626784128 460047845 0  
  1626784129 460047845 0  
  1626784130 460047845 0  
  1626784131 460047845 0  
  1626784132 460047845 0  
  1626784133 460047845 0  
  1626784134 460047845 0  
  1626784135 460047845 0  
  1626784136 460047845 0  
  1626784137 460047845 0  
  1626784138 460047845 0  
  1626784139 460047845 0  
  1626784140 460047845 0  
  1626784141 460047845 0  
  1626784142 460047845 0  
  1626784143 460047845 0  
  1626784144 460047845 0  
  1626784145 460047845 0  
  1626784146 460047845 0  
  1626784147 460047845 0  
  1626784148 460047845 0  
  1626784149 460047845 0  
  1626784150 460047845 0  
  1626784151 460047845 0  
  1626784152 460047845 0  
  1626784153 460047845 0  
  1626784154 460047845 0  
  1626784155 460047845 0  
  1626784156 460047845 0  
  1626784157 460047937 0  
  1626784158 460047937 0  
  1626784159 460047937 0  
  1626784161 460047937 0  
  1626784162 460047937 0  
  1626784163 460047937 0  
  1626784164 460047937 0  
  1626784165 460047937 0  
  1626784166 460047937 0  
  1626784167 460047937 0  
  1626784168 460047937 0  
  1626784169 460047937 0  
  1626784170 460047937 0  
  1626784171 460047937 0  
  1626784172 460047937 0  
  1626784173 460047937 0  
  1626784174 460047937 0  
  1626784175 460047937 0  
  1626784176 460047937 0  
  1626784177 460047937 0  
  1626784178 460047937 0  
  1626784179 460047937 0  
  1626784180 460047937 0  
  1626784181 460047937 0  
  1626784182 460047937 0  
  1626784183 460047937 0  
  1626784184 460047937 0  
  1626784185 460048029 0  
  1626784186 460048029 0  
  1626784187 460048029 0  
  1626784188 460048029 0  
  1626784189 460048029 0  
  1626784190 460048029 0  
  1626784191 460048029 0  
  1626784192 460048029 0  
  1626784193 460048029 0  
  1626784194 460048029 0  
  1626784195 460048029 0  
  1626784196 460048029 0  
  1626784197 460048029 0  
  1626784198 460048029 0  
  1626784199 460048029 0  
  1626784201 460048029 0  
  1626784202 460048029 0  
  1626784203 460048029 0  
  1626784204 460048029 0  
  1626784205 460048029 0  
  1626784206 460048029 0  
  1626784207 460048029 0  
  1626784208 460048029 0  
  1626784209 460049990 0  
  1626784210 460052662 0  
  1626784211 460052662 0  
  1626784212 460053370 0  
  1626784213 460053370 0  
  1626784214 460053370 0  
  1626784215 460053370 0  
  1626784216 460053370 0  
  1626784217 460053370 0  
  1626784218 460053370 0  
  1626784219 460053370 0  
  1626784220 460053370 0  
  1626784221 460053370 0  
  1626784222 460057771 0  
  1626784223 460062728 0  
  1626784224 460062728 0  
  1626784225 460068777 0  
  1626784226 460068777 0  
  1626784227 460069485 0  
 