 1626725268 449808787 81416  
  1626725269 449808787 81416  
  1626725270 449808787 81416  
  1626725271 449808787 81416  
  1626725272 449808787 81416  
  1626725273 449808787 81416  
  1626725274 449813096 81416  
  1626725275 449813420 81416  
  1626725276 449813420 81416  
  1626725277 449814128 81416  
  1626725278 449814128 81416  
  1626725279 449814128 81416  
  1626725280 449814128 81416  
  1626725281 449814128 81416  
  1626725282 449814128 81416  
  1626725283 449814128 81416  
  1626725284 449814128 81416  
  1626725286 449814128 81416  
  1626725287 449814128 81416  
  1626725288 449814128 81416  
  1626725289 449814128 81416  
  1626725290 449814128 81416  
  1626725291 449814128 81416  
  1626725292 449814128 81416  
  1626725293 449814128 81416  
  1626725294 449814128 81416  
  1626725295 449814128 81416  
  1626725296 449814220 81416  
  1626725297 449814220 81416  
  1626725298 449814220 81416  
  1626725299 449814220 81416  
  1626725300 449814220 81416  
  1626725301 449814220 81416  
  1626725302 449814220 81416  
  1626725303 449814220 81416  
  1626725304 449814220 81416  
  1626725305 449814220 81416  
  1626725306 449814220 81416  
  1626725307 449814220 81416  
  1626725308 449814220 81416  
  1626725309 449814220 81416  
  1626725310 449814220 81416  
  1626725311 449814220 81416  
  1626725312 449814220 81416  
  1626725313 449814220 81416  
  1626725314 449814220 81416  
  1626725315 449814220 81416  
  1626725316 449814220 81416  
  1626725317 449814220 81416  
  1626725318 449814220 81416  
  1626725319 449814220 81416  
  1626725320 449814312 81416  
  1626725321 449814312 81416  
  1626725322 449814312 81416  
  1626725323 449814312 81416  
  1626725324 449814312 81416  
  1626725325 449814312 81416  
  1626725327 449814312 81416  
  1626725328 449814312 81416  
  1626725329 449814312 81416  
  1626725330 449814312 81416  
  1626725331 449814312 81416  
  1626725332 449814312 81416  
  1626725333 449814312 81416  
  1626725334 449814312 81416  
  1626725335 449814312 81416  
  1626725336 449814312 81416  
  1626725337 449814312 81416  
  1626725338 449814312 81416  
  1626725339 449814312 81416  
  1626725340 449814312 81416  
  1626725341 449814312 81416  
  1626725342 449814312 81416  
  1626725343 449814312 81416  
  1626725344 449814312 81416  
  1626725345 449814312 81416  
  1626725346 449814312 81416  
  1626725347 449814312 81416  
  1626725348 449814312 81416  
  1626725349 449814312 81416  
  1626725350 449814312 81416  
  1626725351 449814312 81416  
  1626725352 449814312 81416  
  1626725353 449814312 81416  
  1626725354 449814312 81416  
  1626725355 449814312 81416  
  1626725356 449814312 81416  
  1626725357 449814312 81416  
  1626725358 449814312 81416  
  1626725359 449814312 81416  
  1626725360 449814312 81416  
  1626725361 449814312 81416  
  1626725362 449814312 81416  
  1626725363 449814312 81416  
  1626725364 449814312 81416  
  1626725365 449814312 81416  
  1626725367 449814312 81416  
  1626725368 449814312 81416  
  1626725369 449814312 81416  
  1626725370 449814312 81416  
  1626725371 449814312 81416  
  1626725372 449814312 81416  
  1626725373 449814312 81416  
  1626725374 449814312 81416  
  1626725375 449814312 81416  
  1626725376 449814312 81416  
  1626725377 449814312 81416  
  1626725378 449814312 81416  
  1626725379 449814312 81416  
  1626725380 449814312 81416  
  1626725381 449814312 81416  
  1626725382 449814312 81416  
  1626725383 449814312 81416  
  1626725384 449814312 81416  
  1626725385 449814312 81416  
  1626725386 449814312 81416  
  1626725387 449814312 81416  
  1626725388 449814312 81416  
  1626725389 449814312 81416  
  1626725390 449814312 81416  
  1626725391 449814312 81416  
  1626725392 449814312 81416  
  1626725393 449814312 81416  
  1626725394 449814312 81416  
  1626725395 449814312 81416  
  1626725396 449814312 81416  
  1626725397 449814312 81416  
  1626725398 449814312 81416  
  1626725399 449814312 81416  
  1626725400 449814312 81416  
  1626725401 449814312 81416  
  1626725402 449814312 81416  
  1626725403 449814312 81416  
  1626725404 449814312 81416  
  1626725405 449814312 81416  
  1626725407 449814312 81416  
  1626725408 449814312 81416  
  1626725409 449818621 81416  
  1626725410 449818945 81416  
  1626725411 449819653 81416  
  1626725412 449819653 81416  
  1626725413 449819653 81416  
  1626725414 449819653 81416  
  1626725415 449819653 81416  
  1626725416 449819653 81416  
  1626725417 449819653 81416  
  1626725418 449819653 81416  
  1626725419 449819653 81416  
  1626725420 449819653 81416  
  1626725421 449821530 81416  
  1626725422 449824286 81416  
  1626725423 449828919 81416  
  1626725424 449834464 81416  
  1626725425 449834968 81416  
  1626725426 449835676 81416  
  1626725427 449835676 81416  
  1626725428 449835676 81416  
  1626725429 449835676 81416  
  1626725430 449835676 81416  
  1626725431 449835676 81416  
  1626725432 449835676 81416  
  1626725433 449835676 81416  
  1626725434 449835676 81416  
  1626725435 449835676 81416  
  1626725436 449835676 81416  
  1626725437 449835676 81416  
  1626725438 449835676 81416  
  1626725439 449835676 81416  
  1626725440 449835676 81416  
  1626725441 449835676 81416  
  1626725442 449835676 81416  
  1626725443 449836033 81416  
  1626725444 449836033 81416  
  1626725445 449836033 81416  
  1626725447 449836033 81416  
  1626725448 449836033 81416  
  1626725449 449836033 81416  
  1626725450 449836033 81416  
  1626725451 449836125 81416  
  1626725452 449836125 81416  
  1626725453 449836125 81416  
  1626725454 449836125 81416  
  1626725455 449836125 81416  
  1626725456 449836125 81416  
  1626725457 449836125 81416  
  1626725458 449836125 81416  
  1626725459 449836125 81416  
  1626725460 449836125 81416  
  1626725461 449836125 81416  
  1626725462 449836125 81416  
  1626725463 449836125 81416  
  1626725464 449836783 81416  
  1626725465 449836783 81416  
  1626725466 449836783 81416  
  1626725467 449836783 81416  
  1626725468 449836783 81416  
  1626725469 449836783 81416  
  1626725470 449836783 81416  
  1626725471 449836783 81416  
  1626725472 449836783 81416  
  1626725473 449836783 81416  
  1626725474 449836783 81416  
  1626725475 449836783 81416  
  1626725476 449836783 81416  
  1626725477 449836783 81416  
  1626725478 449836783 81416  
  1626725479 449836783 81416  
  1626725480 449836783 81416  
  1626725481 449836783 81416  
  1626725482 449836783 81416  
  1626725483 449836783 81416  
  1626725484 449836783 81416  
  1626725485 449836783 81416  
  1626725487 449836783 81416  
  1626725488 449836783 81416  
  1626725489 449836783 81416  
  1626725490 449836783 81416  
  1626725491 449836783 81416  
  1626725492 449836783 81416  
  1626725493 449836783 81416  
  1626725494 449836783 81416  
  1626725495 449836783 81416  
  1626725496 449836783 81416  
  1626725497 449836783 81416  
  1626725498 449836783 81416  
  1626725499 449836783 81416  
  1626725500 449836783 81416  
  1626725501 449836783 81416  
  1626725502 449836783 81416  
  1626725503 449836783 81416  
  1626725504 449836783 81416  
  1626725505 449836783 81416  
  1626725506 449837134 81416  
  1626725507 449837134 81416  
  1626725508 449837134 81416  
  1626725509 449837134 81416  
  1626725510 449837134 81416  
  1626725511 449837134 81416  
  1626725512 449837134 81416  
  1626725513 449837134 81416  
  1626725514 449837134 81416  
  1626725515 449837134 81416  
  1626725516 449837134 81416  
  1626725517 449837134 81416  
  1626725518 449837134 81416  
  1626725519 449837134 81416  
  1626725520 449837134 81416  
  1626725521 449837134 81416  
  1626725522 449837134 81416  
  1626725523 449837134 81416  
  1626725524 449837134 81416  
  1626725525 449837134 81416  
  1626725527 449837134 81416  
  1626725528 449837134 81416  
  1626725529 449837134 81416  
  1626725530 449837134 81416  
  1626725531 449837134 81416  
  1626725532 449837134 81416  
  1626725533 449837134 81416  
  1626725534 449837134 81416  
  1626725535 449837134 81416  
  1626725536 449837134 81416  
  1626725537 449837134 81416  
  1626725538 449837134 81416  
  1626725539 449837134 81416  
  1626725540 449837134 81416  
  1626725541 449837134 81416  
  1626725542 449837134 81416  
  1626725543 449837134 81416  
  1626725544 449837134 81416  
  1626725545 449837134 81416  
  1626725546 449837134 81416  
  1626725547 449837134 81416  
  1626725548 449837134 81416  
  1626725549 449837134 81416  
  1626725550 449837134 81416  
  1626725551 449837134 81416  
  1626725552 449837134 81416  
  1626725553 449837134 81416  
  1626725554 449837134 81416  
  1626725555 449837202 81416  
  1626725556 449837202 81416  
  1626725557 449837294 81416  
  1626725558 449837294 81416  
  1626725559 449837294 81416  
  1626725560 449837294 81416  
  1626725561 449838450 81416  
  1626725562 449838450 81416  
  1626725563 449838450 81416  
  1626725564 449838450 81416  
  1626725565 449838450 81416  
  1626725566 449838450 81416  
  1626725568 449838450 81416  
  1626725569 449838450 81416  
  1626725570 449838450 81416  
  1626725571 449838450 81416  
  1626725572 449838450 81416  
  1626725573 449842579 81416  
  1626725574 449843083 81416  
  1626725575 449843083 81416  
  1626725576 449843791 81416  
  1626725577 449843791 81416  
  1626725578 449843791 81416  
  1626725579 449843791 81416  
  1626725580 449843791 81416  
  1626725581 449843883 81416  
  1626725582 449843883 81416  
  1626725583 449843883 81416  
  1626725584 449843883 81416  
  1626725585 449843883 81416  
  1626725586 449843883 81416  
  1626725587 449843883 81416  
  1626725588 449843883 81416  
  1626725589 449843883 81416  
  1626725590 449843883 81416  
  1626725591 449843883 81416  
  1626725592 449843883 81416  
  1626725593 449843883 81416  
  1626725594 449843883 81416  
  1626725595 449843883 81416  
  1626725596 449843883 81416  
  1626725597 449843883 81416  
  1626725598 449843883 81416  
  1626725599 449843883 81416  
  1626725600 449843883 81416  
  1626725601 449843883 81416  
  1626725602 449843883 81416  
  1626725603 449843883 81416  
  1626725604 449843883 81416  
  1626725605 449843883 81416  
  1626725606 449843883 81416  
  1626725608 449843883 81416  
  1626725609 449843883 81416  
  1626725610 449843883 81416  
  1626725611 449843883 81416  
  1626725612 449843883 81416  
  1626725613 449843883 81416  
  1626725614 449843883 81416  
  1626725615 449843883 81416  
  1626725616 449843883 81416  
  1626725617 449843883 81416  
  1626725618 449843883 81416  
  1626725619 449843883 81416  
  1626725620 449843883 81416  
  1626725621 449843883 81416  
  1626725622 449843883 81416  
  1626725623 449843883 81416  
  1626725624 449843883 81416  
  1626725625 449843883 81416  
  1626725626 449843883 81416  
  1626725627 449843883 81416  
  1626725628 449843883 81416  
  1626725629 449843883 81416  
  1626725630 449843883 81416  
  1626725631 449843883 81416  
  1626725632 449843883 81416  
  1626725633 449843883 81416  
  1626725634 449843883 81416  
  1626725635 449843883 81416  
  1626725636 449843883 81416  
  1626725637 449843883 81416  
  1626725638 449843883 81416  
  1626725639 449843883 81416  
  1626725640 449843883 81416  
  1626725641 449843883 81416  
  1626725642 449843883 81416  
  1626725643 449843883 81416  
  1626725644 449843883 81416  
  1626725645 449843883 81416  
  1626725646 449843883 81416  
  1626725648 449843883 81416  
  1626725649 449843883 81416  
  1626725650 449843883 81416  
  1626725651 449843883 81416  
  1626725652 449843883 81416  
  1626725653 449843883 81416  
  1626725654 449843883 81416  
  1626725655 449843883 81416  
  1626725656 449843883 81416  
  1626725657 449843883 81416  
  1626725658 449843883 81416  
  1626725659 449843883 81416  
  1626725660 449843883 81416  
  1626725661 449843883 81416  
  1626725662 449843883 81416  
  1626725663 449843883 81416  
  1626725664 449844541 81416  
  1626725665 449844541 81416  
  1626725666 449844541 81416  
  1626725667 449844541 81416  
  1626725668 449844541 81416  
  1626725669 449844541 81416  
  1626725670 449844541 81416  
  1626725671 449844541 81416  
  1626725672 449844541 81416  
  1626725673 449844541 81416  
  1626725674 449844541 81416  
  1626725675 449844541 81416  
  1626725676 449844541 81416  
  1626725677 449844541 81416  
  1626725678 449844541 81416  
  1626725679 449844541 81416  
  1626725680 449844541 81416  
  1626725681 449844541 81416  
  1626725682 449844541 81416  
  1626725683 449844541 81416  
  1626725684 449844541 81416  
  1626725685 449844541 81416  
  1626725686 449844541 81416  
  1626725688 449844541 81416  
  1626725689 449844541 81416  
  1626725690 449844541 81416  
  1626725691 449844541 81416  
  1626725692 449844541 81416  
  1626725693 449844541 81416  
  1626725694 449844541 81416  
  1626725695 449844541 81416  
  1626725696 449844541 81416  
  1626725697 449844541 81416  
  1626725698 449844541 81416  
  1626725699 449844541 81416  
  1626725700 449844541 81416  
  1626725701 449844541 81416  
  1626725702 449844541 81416  
  1626725703 449844541 81416  
  1626725704 449844541 81416  
  1626725705 449844541 81416  
  1626725706 449844541 81416  
  1626725707 449844541 81416  
  1626725708 449846502 81416  
  1626725709 449849174 81416  
  1626725710 449849174 81416  
  1626725711 449849974 81416  
  1626725712 449849974 81416  
  1626725713 449849974 81416  
  1626725714 449849974 81416  
  1626725715 449849974 81416  
  1626725716 449849974 81416  
  1626725717 449849974 81416  
  1626725718 449849974 81416  
  1626725719 449849974 81416  
  1626725720 449849974 81416  
  1626725721 449854283 81416  
  1626725722 449859240 81416  
  1626725723 449859240 81416  
  1626725724 449865289 81416  
  1626725725 449865997 81416  
  1626725726 449865997 81416  
  1626725728 449865997 81416  
  1626725729 449865997 81416  
  1626725730 449865997 81416  
  1626725731 449865997 81416  
  1626725732 449865997 81416  
  1626725733 449865997 81416  
  1626725734 449865997 81416  
  1626725735 449865997 81416  
  1626725736 449865997 81416  
 