 1626884874 484019335 0  
  1626884876 484019335 0  
  1626884877 484020043 0  
  1626884878 484020043 0  
  1626884879 484020043 0  
  1626884880 484020043 0  
  1626884881 484020043 0  
  1626884882 484020043 0  
  1626884883 484020043 0  
  1626884884 484020043 0  
  1626884885 484020043 0  
  1626884886 484020043 0  
  1626884887 484020043 0  
  1626884888 484020043 0  
  1626884889 484020043 0  
  1626884890 484020043 0  
  1626884891 484020043 0  
  1626884892 484020043 0  
  1626884893 484020043 0  
  1626884894 484020043 0  
  1626884895 484020043 0  
  1626884896 484020043 0  
  1626884897 484020043 0  
  1626884898 484020043 0  
  1626884899 484020043 0  
  1626884900 484020043 0  
  1626884901 484020043 0  
  1626884902 484020043 0  
  1626884903 484020043 0  
  1626884904 484020043 0  
  1626884905 484020043 0  
  1626884906 484020043 0  
  1626884907 484020043 0  
  1626884908 484020043 0  
  1626884909 484020043 0  
  1626884910 484020043 0  
  1626884911 484020043 0  
  1626884912 484020043 0  
  1626884913 484020043 0  
  1626884915 484020043 0  
  1626884916 484020043 0  
  1626884917 484020043 0  
  1626884918 484020043 0  
  1626884919 484020043 0  
  1626884920 484020043 0  
  1626884921 484020043 0  
  1626884922 484020043 0  
  1626884923 484020043 0  
  1626884924 484020043 0  
  1626884925 484020043 0  
  1626884926 484020043 0  
  1626884927 484020043 0  
  1626884928 484020043 0  
  1626884929 484020043 0  
  1626884930 484020043 0  
  1626884931 484020043 0  
  1626884932 484020043 0  
  1626884933 484020043 0  
  1626884934 484020043 0  
  1626884935 484020043 0  
  1626884936 484020043 0  
  1626884937 484020043 0  
  1626884938 484020043 0  
  1626884939 484020043 0  
  1626884940 484020043 0  
  1626884941 484020043 0  
  1626884942 484020043 0  
  1626884943 484020043 0  
  1626884944 484020043 0  
  1626884945 484020043 0  
  1626884946 484020043 0  
  1626884947 484020043 0  
  1626884948 484020043 0  
  1626884949 484020043 0  
  1626884950 484020043 0  
  1626884951 484020043 0  
  1626884952 484020043 0  
  1626884953 484020043 0  
  1626884954 484020043 0  
  1626884956 484020043 0  
  1626884957 484020043 0  
  1626884958 484020043 0  
  1626884959 484020043 0  
  1626884960 484020043 0  
  1626884961 484020043 0  
  1626884962 484020043 0  
  1626884963 484020043 0  
  1626884964 484020043 0  
  1626884965 484020043 0  
  1626884966 484020043 0  
  1626884967 484020043 0  
  1626884968 484020043 0  
  1626884969 484020043 0  
  1626884970 484020043 0  
  1626884971 484020043 0  
  1626884972 484020043 0  
  1626884973 484020043 0  
  1626884974 484020043 0  
  1626884975 484020043 0  
  1626884976 484020043 0  
  1626884977 484020043 0  
  1626884978 484020043 0  
  1626884979 484020043 0  
  1626884980 484020043 0  
  1626884981 484020043 0  
  1626884982 484020043 0  
  1626884983 484020043 0  
  1626884984 484020043 0  
  1626884985 484020043 0  
  1626884986 484020043 0  
  1626884987 484020043 0  
  1626884988 484020043 0  
  1626884989 484020043 0  
  1626884990 484020043 0  
  1626884991 484020043 0  
  1626884992 484020043 0  
  1626884993 484020043 0  
  1626884994 484020043 0  
  1626884996 484020043 0  
  1626884997 484020043 0  
  1626884998 484020043 0  
  1626884999 484020043 0  
  1626885000 484020043 0  
  1626885001 484020043 0  
  1626885002 484020043 0  
  1626885003 484020043 0  
  1626885004 484020043 0  
  1626885005 484020043 0  
  1626885006 484020043 0  
  1626885007 484020043 0  
  1626885008 484020043 0  
  1626885009 484020043 0  
  1626885010 484020043 0  
  1626885011 484020043 0  
  1626885012 484020043 0  
  1626885013 484020043 0  
  1626885014 484020043 0  
  1626885015 484020043 0  
  1626885016 484020043 0  
  1626885017 484020043 0  
  1626885018 484020043 0  
  1626885019 484020043 0  
  1626885020 484020043 0  
  1626885021 484020043 0  
  1626885022 484020043 0  
  1626885023 484020043 0  
  1626885024 484020043 0  
  1626885025 484020043 0  
  1626885026 484020043 0  
  1626885027 484020043 0  
  1626885028 484020043 0  
  1626885029 484020043 0  
  1626885030 484020043 0  
  1626885031 484020043 0  
  1626885032 484020043 0  
  1626885033 484020043 0  
  1626885034 484020043 0  
  1626885036 484020043 0  
  1626885037 484020400 0  
  1626885038 484020400 0  
  1626885039 484020400 0  
  1626885040 484020400 0  
  1626885041 484020400 0  
  1626885042 484020400 0  
  1626885043 484024709 0  
  1626885044 484025033 0  
  1626885045 484025033 0  
  1626885046 484025741 0  
  1626885047 484030374 0  
  1626885048 484030374 0  
  1626885049 484030946 0  
  1626885050 484030946 0  
  1626885051 484030946 0  
  1626885052 484040212 0  
  1626885053 484040212 0  
  1626885054 484041628 0  
  1626885055 484041628 0  
  1626885056 484041628 0  
  1626885057 484041628 0  
  1626885058 484041628 0  
  1626885059 484041628 0  
  1626885060 484041628 0  
  1626885061 484041628 0  
  1626885062 484041628 0  
  1626885063 484041628 0  
  1626885064 484044525 0  
  1626885065 484046345 0  
  1626885066 484046345 0  
  1626885067 484046849 0  
  1626885068 484047445 0  
  1626885069 484047445 0  
  1626885070 484047445 0  
  1626885071 484047445 0  
  1626885072 484047445 0  
  1626885073 484047445 0  
  1626885074 484047445 0  
  1626885076 484047445 0  
  1626885077 484047445 0  
  1626885078 484047445 0  
  1626885079 484047445 0  
  1626885080 484047445 0  
  1626885081 484047445 0  
  1626885082 484047537 0  
  1626885083 484047537 0  
  1626885084 484047537 0  
  1626885085 484047537 0  
  1626885086 484047537 0  
  1626885087 484047537 0  
  1626885088 484047537 0  
  1626885089 484047537 0  
  1626885090 484047537 0  
  1626885091 484047537 0  
  1626885092 484047537 0  
  1626885093 484047537 0  
  1626885094 484047537 0  
  1626885095 484047537 0  
  1626885096 484047537 0  
  1626885097 484047537 0  
  1626885098 484047537 0  
  1626885099 484047537 0  
  1626885100 484047537 0  
  1626885101 484047537 0  
  1626885102 484047537 0  
  1626885103 484047537 0  
  1626885104 484047537 0  
  1626885105 484047537 0  
  1626885106 484047537 0  
  1626885107 484047537 0  
  1626885108 484047537 0  
  1626885109 484047537 0  
  1626885110 484047537 0  
  1626885111 484047537 0  
  1626885112 484047537 0  
  1626885113 484047537 0  
  1626885114 484047537 0  
  1626885116 484047537 0  
  1626885117 484047537 0  
  1626885118 484047537 0  
  1626885119 484047537 0  
  1626885120 484047537 0  
  1626885121 484047537 0  
  1626885122 484047537 0  
  1626885123 484047537 0  
  1626885124 484047537 0  
  1626885125 484047537 0  
  1626885126 484047537 0  
  1626885127 484047537 0  
  1626885128 484047537 0  
  1626885129 484047537 0  
  1626885130 484047537 0  
  1626885131 484047537 0  
  1626885132 484047537 0  
  1626885133 484047537 0  
  1626885134 484047537 0  
  1626885135 484047537 0  
  1626885136 484047537 0  
  1626885137 484047537 0  
  1626885138 484047537 0  
  1626885139 484047537 0  
  1626885140 484047537 0  
  1626885141 484047537 0  
  1626885142 484047537 0  
  1626885143 484047537 0  
  1626885144 484047537 0  
  1626885145 484047537 0  
  1626885146 484047537 0  
  1626885147 484047537 0  
  1626885148 484047537 0  
  1626885149 484047537 0  
  1626885150 484047537 0  
  1626885151 484047537 0  
  1626885152 484047537 0  
  1626885153 484047537 0  
  1626885155 484047537 0  
  1626885156 484047537 0  
  1626885157 484047537 0  
  1626885158 484047537 0  
  1626885159 484047537 0  
  1626885160 484047537 0  
  1626885161 484047537 0  
  1626885162 484047537 0  
  1626885163 484047537 0  
  1626885164 484047537 0  
  1626885165 484047537 0  
  1626885166 484047537 0  
  1626885167 484047537 0  
  1626885168 484047537 0  
  1626885169 484047537 0  
  1626885170 484047537 0  
  1626885171 484047537 0  
  1626885172 484047537 0  
  1626885173 484051846 0  
  1626885174 484052170 0  
  1626885175 484052170 0  
  1626885176 484052742 0  
  1626885177 484052742 0  
  1626885178 484052742 0  
  1626885179 484052742 0  
  1626885180 484052742 0  
  1626885181 484052742 0  
  1626885182 484052742 0  
  1626885183 484052742 0  
  1626885184 484052742 0  
  1626885185 484052742 0  
  1626885186 484052742 0  
  1626885187 484052742 0  
  1626885188 484052742 0  
  1626885189 484052742 0  
  1626885190 484052742 0  
  1626885191 484052742 0  
  1626885192 484052742 0  
  1626885193 484052742 0  
  1626885195 484052742 0  
  1626885196 484052742 0  
  1626885197 484052742 0  
  1626885198 484052742 0  
  1626885199 484052742 0  
  1626885200 484052742 0  
  1626885201 484052742 0  
  1626885202 484052742 0  
  1626885203 484052742 0  
  1626885204 484052742 0  
  1626885205 484052742 0  
  1626885206 484052742 0  
  1626885207 484052742 0  
  1626885208 484052742 0  
  1626885209 484052742 0  
  1626885210 484052742 0  
  1626885211 484052742 0  
  1626885212 484052742 0  
  1626885213 484052742 0  
  1626885214 484052742 0  
  1626885215 484052742 0  
  1626885216 484052742 0  
  1626885217 484052742 0  
 