 1627428363 558390694 0  
  1627428364 558390694 0  
  1627428365 558390694 0  
  1627428366 558390694 0  
  1627428367 558390694 0  
  1627428368 558390694 0  
  1627428369 558390694 0  
  1627428370 558390694 0  
  1627428371 558390694 0  
  1627428372 558390694 0  
  1627428373 558390694 0  
  1627428374 558390694 0  
  1627428375 558390694 0  
  1627428376 558390694 0  
  1627428377 558390694 0  
  1627428378 558390694 0  
  1627428379 558390786 0  
  1627428380 558390786 0  
  1627428381 558390786 0  
  1627428382 558390786 0  
  1627428383 558390786 0  
  1627428384 558390786 0  
  1627428385 558390786 0  
  1627428386 558390786 0  
  1627428387 558390786 0  
  1627428388 558390786 0  
  1627428389 558390786 0  
  1627428390 558390786 0  
  1627428391 558390786 0  
  1627428392 558390786 0  
  1627428393 558390786 0  
  1627428394 558390786 0  
  1627428395 558390786 0  
  1627428396 558390786 0  
  1627428397 558390786 0  
  1627428398 558390786 0  
  1627428400 558390786 0  
  1627428401 558390786 0  
  1627428402 558390786 0  
  1627428403 558390786 0  
  1627428404 558390786 0  
  1627428405 558390786 0  
  1627428406 558390786 0  
  1627428407 558390786 0  
  1627428408 558390786 0  
  1627428409 558390786 0  
  1627428410 558390786 0  
  1627428411 558390786 0  
  1627428412 558390786 0  
  1627428413 558390786 0  
  1627428414 558390786 0  
  1627428415 558390786 0  
  1627428416 558390786 0  
  1627428417 558390786 0  
  1627428418 558390786 0  
  1627428419 558390786 0  
  1627428420 558390786 0  
  1627428421 558390786 0  
  1627428422 558390786 0  
  1627428423 558390786 0  
  1627428424 558390786 0  
  1627428425 558390786 0  
  1627428426 558390786 0  
  1627428427 558390786 0  
  1627428428 558390786 0  
  1627428429 558390786 0  
  1627428430 558390786 0  
  1627428431 558395095 0  
  1627428432 558395419 0  
  1627428433 558395419 0  
  1627428434 558396059 0  
  1627428435 558396059 0  
  1627428436 558396059 0  
  1627428437 558396059 0  
  1627428438 558396059 0  
  1627428440 558396059 0  
  1627428441 558396059 0  
  1627428442 558396059 0  
  1627428443 558396059 0  
  1627428444 558396059 0  
  1627428445 558396059 0  
  1627428446 558396059 0  
  1627428447 558396059 0  
  1627428448 558396059 0  
  1627428449 558396059 0  
  1627428450 558396059 0  
  1627428451 558396059 0  
  1627428452 558396059 0  
  1627428453 558396059 0  
  1627428454 558396059 0  
  1627428455 558396127 0  
  1627428456 558396127 0  
  1627428457 558396127 0  
  1627428458 558396127 0  
  1627428459 558400436 0  
  1627428460 558400760 0  
  1627428461 558402624 0  
  1627428462 558402624 0  
  1627428463 558402624 0  
  1627428464 558402624 0  
  1627428465 558402624 0  
  1627428466 558402624 0  
  1627428467 558402624 0  
  1627428468 558402624 0  
  1627428469 558402624 0  
  1627428470 558402624 0  
  1627428471 558402624 0  
  1627428472 558402624 0  
  1627428473 558402624 0  
  1627428474 558402624 0  
  1627428475 558402624 0  
  1627428476 558402624 0  
  1627428477 558402624 0  
  1627428479 558402624 0  
  1627428480 558403220 0  
  1627428481 558403220 0  
  1627428482 558403220 0  
  1627428483 558403220 0  
  1627428484 558403220 0  
  1627428485 558403220 0  
  1627428486 558403220 0  
  1627428487 558403220 0  
  1627428488 558403220 0  
  1627428489 558403220 0  
  1627428490 558403220 0  
  1627428491 558403220 0  
  1627428492 558403220 0  
  1627428493 558403220 0  
  1627428494 558403220 0  
  1627428495 558403220 0  
  1627428496 558403220 0  
  1627428497 558403220 0  
  1627428498 558403220 0  
  1627428499 558403220 0  
  1627428500 558403220 0  
  1627428501 558403220 0  
  1627428502 558411838 0  
  1627428503 558412486 0  
  1627428504 558413834 0  
  1627428505 558413834 0  
  1627428506 558413834 0  
  1627428507 558413834 0  
  1627428508 558413834 0  
  1627428509 558413834 0  
  1627428510 558413834 0  
  1627428511 558413834 0  
  1627428512 558413834 0  
  1627428513 558413834 0  
  1627428514 558413834 0  
  1627428515 558413834 0  
  1627428516 558413834 0  
  1627428517 558413834 0  
  1627428519 558413834 0  
  1627428520 558413834 0  
  1627428521 558413834 0  
  1627428522 558413834 0  
  1627428523 558413834 0  
  1627428524 558413834 0  
  1627428525 558413834 0  
  1627428526 558413834 0  
  1627428527 558413834 0  
  1627428528 558413834 0  
  1627428529 558413834 0  
  1627428530 558413834 0  
  1627428531 558413834 0  
  1627428532 558413834 0  
  1627428533 558413834 0  
  1627428534 558413834 0  
  1627428535 558413834 0  
  1627428536 558413834 0  
  1627428537 558413834 0  
  1627428538 558413834 0  
  1627428539 558413834 0  
  1627428540 558413834 0  
  1627428541 558418467 0  
  1627428542 558418467 0  
  1627428543 558419107 0  
  1627428544 558419107 0  
  1627428545 558419107 0  
  1627428546 558419107 0  
  1627428547 558419107 0  
  1627428548 558419107 0  
  1627428549 558419107 0  
  1627428550 558419107 0  
  1627428551 558419107 0  
  1627428552 558419107 0  
  1627428553 558419107 0  
  1627428554 558419107 0  
  1627428555 558419107 0  
  1627428556 558419107 0  
  1627428558 558419107 0  
  1627428559 558419107 0  
  1627428560 558419107 0  
  1627428561 558419107 0  
  1627428562 558419107 0  
  1627428563 558419107 0  
  1627428564 558419107 0  
  1627428565 558419107 0  
  1627428566 558419107 0  
  1627428567 558419107 0  
  1627428568 558419107 0  
  1627428569 558419107 0  
  1627428570 558419107 0  
  1627428571 558419107 0  
  1627428572 558419107 0  
  1627428573 558419107 0  
  1627428574 558419107 0  
  1627428575 558419107 0  
  1627428576 558419107 0  
  1627428577 558419107 0  
  1627428578 558419107 0  
  1627428579 558419107 0  
  1627428580 558419107 0  
  1627428581 558419107 0  
  1627428582 558419107 0  
  1627428583 558419107 0  
  1627428584 558419107 0  
  1627428585 558419107 0  
  1627428586 558419107 0  
  1627428587 558419107 0  
  1627428588 558419107 0  
  1627428589 558419107 0  
  1627428590 558419107 0  
  1627428591 558419107 0  
  1627428592 558419107 0  
  1627428593 558419107 0  
  1627428594 558419107 0  
  1627428595 558419107 0  
  1627428596 558419107 0  
  1627428598 558419107 0  
  1627428599 558419107 0  
  1627428600 558419107 0  
  1627428601 558419107 0  
  1627428602 558419107 0  
  1627428603 558419107 0  
  1627428604 558419107 0  
  1627428605 558419107 0  
  1627428606 558419107 0  
  1627428607 558419107 0  
  1627428608 558419107 0  
  1627428609 558419107 0  
  1627428610 558419107 0  
  1627428611 558419107 0  
  1627428612 558419107 0  
  1627428613 558419107 0  
  1627428614 558419107 0  
  1627428615 558419107 0  
  1627428616 558419107 0  
  1627428617 558419107 0  
  1627428618 558419107 0  
  1627428619 558419107 0  
  1627428620 558419107 0  
  1627428621 558419107 0  
  1627428622 558419107 0  
  1627428623 558419107 0  
  1627428624 558419107 0  
  1627428625 558419107 0  
  1627428626 558419107 0  
  1627428627 558419107 0  
  1627428628 558419107 0  
  1627428629 558419107 0  
  1627428630 558419107 0  
  1627428631 558419107 0  
  1627428632 558419107 0  
  1627428633 558419107 0  
  1627428634 558419107 0  
  1627428635 558419107 0  
  1627428637 558419107 0  
  1627428638 558419199 0  
  1627428639 558419199 0  
  1627428640 558419199 0  
  1627428641 558419199 0  
  1627428642 558419199 0  
  1627428643 558419556 0  
  1627428644 558419556 0  
  1627428645 558419556 0  
  1627428646 558419556 0  
  1627428647 558419556 0  
  1627428648 558419556 0  
  1627428649 558419556 0  
  1627428650 558419556 0  
  1627428651 558419556 0  
  1627428652 558419556 0  
  1627428653 558419556 0  
  1627428654 558419556 0  
  1627428655 558419556 0  
  1627428656 558419616 0  
  1627428657 558419616 0  
  1627428658 558419616 0  
  1627428659 558419616 0  
  1627428660 558419616 0  
  1627428661 558419616 0  
  1627428662 558419616 0  
  1627428663 558419616 0  
  1627428664 558419616 0  
  1627428665 558419616 0  
  1627428666 558419616 0  
  1627428667 558419616 0  
  1627428668 558419616 0  
  1627428669 558419616 0  
  1627428670 558419616 0  
  1627428671 558419616 0  
  1627428672 558419616 0  
  1627428673 558419616 0  
  1627428674 558419616 0  
  1627428675 558419616 0  
  1627428677 558419616 0  
  1627428678 558419616 0  
  1627428679 558419616 0  
  1627428680 558420212 0  
  1627428681 558420212 0  
  1627428682 558420212 0  
  1627428683 558420212 0  
  1627428684 558420212 0  
  1627428685 558420212 0  
  1627428686 558420212 0  
  1627428687 558420212 0  
  1627428688 558420212 0  
  1627428689 558420212 0  
  1627428690 558420212 0  
  1627428691 558420212 0  
  1627428692 558420212 0  
  1627428693 558420212 0  
  1627428694 558420212 0  
  1627428695 558420212 0  
  1627428696 558420212 0  
  1627428697 558420212 0  
  1627428698 558420212 0  
  1627428699 558420212 0  
  1627428700 558420212 0  
  1627428701 558420212 0  
  1627428702 558420212 0  
  1627428703 558420212 0  
  1627428704 558420212 0  
  1627428705 558420212 0  
  1627428706 558420212 0  
  1627428707 558420212 0  
  1627428708 558420212 0  
  1627428709 558420212 0  
  1627428710 558420212 0  
  1627428711 558420212 0  
  1627428712 558420212 0  
  1627428713 558420212 0  
  1627428714 558420212 0  
  1627428716 558420212 0  
  1627428717 558420212 0  
  1627428718 558420212 0  
  1627428719 558420212 0  
  1627428720 558420212 0  
  1627428721 558420212 0  
  1627428722 558420212 0  
  1627428723 558420212 0  
  1627428724 558420212 0  
  1627428725 558420212 0  
  1627428726 558420212 0  
  1627428727 558420212 0  
  1627428728 558420212 0  
  1627428729 558420212 0  
  1627428730 558420212 0  
  1627428731 558424845 0  
  1627428732 558424937 0  
  1627428733 558425645 0  
  1627428734 558425645 0  
  1627428735 558425645 0  
  1627428736 558425645 0  
  1627428737 558425645 0  
  1627428738 558425645 0  
  1627428739 558425645 0  
  1627428740 558425645 0  
  1627428741 558425645 0  
  1627428742 558425645 0  
  1627428743 558425645 0  
  1627428744 558425645 0  
  1627428745 558425789 0  
  1627428746 558430362 0  
  1627428747 558430362 0  
  1627428748 558430866 0  
  1627428749 558430866 0  
  1627428750 558430866 0  
  1627428751 558430866 0  
  1627428752 558430866 0  
  1627428753 558430866 0  
  1627428755 558430866 0  
  1627428756 558430866 0  
  1627428757 558435499 0  
  1627428758 558435499 0  
  1627428759 558436207 0  
  1627428760 558436207 0  
  1627428761 558436207 0  
  1627428762 558436207 0  
  1627428763 558436207 0  
  1627428764 558436207 0  
  1627428765 558436207 0  
  1627428766 558436207 0  
  1627428767 558436207 0  
  1627428768 558436207 0  
  1627428769 558436207 0  
  1627428770 558436207 0  
  1627428771 558436207 0  
  1627428772 558436207 0  
  1627428773 558436207 0  
  1627428774 558436207 0  
  1627428775 558436207 0  
  1627428776 558436207 0  
  1627428777 558436207 0  
  1627428778 558436207 0  
  1627428779 558436207 0  
  1627428780 558437802 0  
  1627428781 558437862 0  
  1627428782 558437862 0  
  1627428783 558437862 0  
  1627428784 558437862 0  
  1627428785 558437862 0  
  1627428786 558437862 0  
  1627428787 558437862 0  
  1627428788 558437862 0  
  1627428789 558437862 0  
  1627428790 558437862 0  
  1627428791 558437862 0  
  1627428792 558437862 0  
  1627428794 558437862 0  
  1627428795 558437862 0  
  1627428796 558437862 0  
  1627428797 558437862 0  
  1627428798 558437862 0  
  1627428799 558437862 0  
  1627428800 558437862 0  
  1627428801 558437862 0  
  1627428802 558446480 0  
  1627428803 558447128 0  
  1627428804 558448544 0  
  1627428805 558448544 0  
  1627428806 558448544 0  
  1627428807 558448544 0  
  1627428808 558448544 0  
  1627428809 558448544 0  
  1627428810 558448544 0  
  1627428811 558448544 0  
  1627428812 558448544 0  
  1627428813 558448544 0  
  1627428814 558448544 0  
  1627428815 558448544 0  
  1627428816 558448544 0  
  1627428817 558448544 0  
  1627428818 558448544 0  
  1627428819 558448544 0  
  1627428820 558448544 0  
  1627428821 558448544 0  
  1627428822 558448544 0  
  1627428823 558448544 0  
  1627428824 558448544 0  
  1627428825 558448544 0  
  1627428826 558448544 0  
  1627428827 558448544 0  
  1627428828 558448544 0  
  1627428829 558448544 0  
  1627428830 558448544 0  
  1627428831 558448544 0  
  1627428833 558448544 0  
  1627428834 558448544 0  
  1627428835 558448544 0  
  1627428836 558448544 0  
  1627428837 558448544 0  
  1627428838 558448544 0  
  1627428839 558448544 0  
  1627428840 558448544 0  
  1627428841 558452853 0  
  1627428842 558453177 0  
  1627428843 558453885 0  
  1627428844 558453885 0  
  1627428845 558453885 0  
  1627428846 558453885 0  
  1627428847 558453885 0  
  1627428848 558453885 0  
  1627428849 558453885 0  
  1627428850 558453885 0  
  1627428851 558453885 0  
  1627428852 558453885 0  
  1627428853 558453885 0  
  1627428854 558453885 0  
  1627428855 558453885 0  
  1627428856 558453885 0  
  1627428857 558453885 0  
  1627428858 558453885 0  
  1627428859 558453885 0  
  1627428860 558453885 0  
  1627428861 558453885 0  
  1627428862 558453885 0  
  1627428863 558453885 0  
  1627428864 558453885 0  
  1627428865 558453885 0  
  1627428866 558453885 0  
  1627428867 558453885 0  
  1627428868 558453885 0  
  1627428869 558453885 0  
  1627428870 558453885 0  
  1627428872 558453885 0  
  1627428873 558453885 0  
  1627428874 558453885 0  
  1627428875 558453885 0  
  1627428876 558453885 0  
  1627428877 558453885 0  
  1627428878 558453885 0  
  1627428879 558453885 0  
  1627428880 558453885 0  
  1627428881 558453885 0  
  1627428882 558453885 0  
  1627428883 558453885 0  
  1627428884 558453885 0  
  1627428885 558453885 0  
  1627428886 558453885 0  
  1627428887 558453885 0  
  1627428888 558453885 0  
  1627428889 558453885 0  
  1627428890 558453885 0  
  1627428891 558453885 0  
  1627428892 558453885 0  
  1627428893 558453885 0  
  1627428894 558453885 0  
  1627428895 558453977 0  
  1627428896 558453977 0  
  1627428897 558453977 0  
  1627428898 558453977 0  
  1627428899 558453977 0  
  1627428900 558453977 0  
  1627428901 558453977 0  
  1627428902 558453977 0  
  1627428903 558453977 0  
  1627428904 558453977 0  
  1627428905 558453977 0  
  1627428906 558453977 0  
  1627428907 558453977 0  
  1627428908 558453977 0  
  1627428909 558453977 0  
  1627428911 558453977 0  
  1627428912 558453977 0  
  1627428913 558453977 0  
  1627428914 558453977 0  
  1627428915 558453977 0  
  1627428916 558453977 0  
  1627428917 558453977 0  
  1627428918 558453977 0  
  1627428919 558453977 0  
  1627428920 558453977 0  
  1627428921 558453977 0  
  1627428922 558453977 0  
  1627428923 558453977 0  
  1627428924 558453977 0  
  1627428925 558453977 0  
  1627428926 558453977 0  
  1627428927 558453977 0  
  1627428928 558453977 0  
  1627428929 558453977 0  
  1627428930 558453977 0  
  1627428931 558453977 0  
  1627428932 558453977 0  
  1627428933 558453977 0  
  1627428934 558453977 0  
  1627428935 558453977 0  
  1627428936 558453977 0  
  1627428937 558453977 0  
  1627428938 558453977 0  
  1627428939 558453977 0  
  1627428940 558453977 0  
  1627428941 558453977 0  
  1627428942 558453977 0  
  1627428943 558454334 0  
  1627428944 558454334 0  
  1627428945 558454334 0  
  1627428946 558454334 0  
  1627428947 558454334 0  
  1627428949 558454334 0  
  1627428950 558454334 0  
  1627428951 558454334 0  
  1627428952 558454334 0  
  1627428953 558454334 0  
  1627428954 558454334 0  
  1627428955 558454334 0  
  1627428956 558454334 0  
  1627428957 558454334 0  
  1627428958 558454334 0  
  1627428959 558454334 0  
  1627428960 558454334 0  
  1627428961 558454334 0  
  1627428962 558454334 0  
  1627428963 558454334 0  
  1627428964 558454334 0  
  1627428965 558454334 0  
  1627428966 558454334 0  
  1627428967 558454334 0  
  1627428968 558454334 0  
  1627428969 558454334 0  
  1627428970 558454334 0  
  1627428971 558454334 0  
  1627428972 558454334 0  
  1627428973 558454334 0  
  1627428974 558454334 0  
  1627428975 558454334 0  
  1627428976 558454334 0  
  1627428977 558454334 0  
  1627428978 558454334 0  
  1627428979 558454924 0  
  1627428980 558454924 0  
  1627428981 558454924 0  
  1627428982 558454924 0  
  1627428983 558454924 0  
  1627428984 558454924 0  
  1627428985 558454924 0  
  1627428986 558454924 0  
  1627428988 558454924 0  
  1627428989 558454924 0  
  1627428990 558454924 0  
  1627428991 558454924 0  
  1627428992 558454924 0  
  1627428993 558454924 0  
  1627428994 558454924 0  
  1627428995 558454924 0  
  1627428996 558454924 0  
  1627428997 558454924 0  
  1627428998 558454924 0  
  1627428999 558454924 0  
  1627429000 558454924 0  
  1627429001 558454924 0  
  1627429002 558454924 0  
  1627429003 558454924 0  
  1627429004 558454924 0  
  1627429005 558454924 0  
  1627429006 558454924 0  
  1627429007 558454924 0  
  1627429008 558454924 0  
  1627429009 558454924 0  
  1627429010 558454924 0  
  1627429011 558454924 0  
  1627429012 558454924 0  
  1627429013 558454924 0  
  1627429014 558454924 0  
  1627429015 558454924 0  
  1627429016 558454924 0  
  1627429017 558454924 0  
  1627429018 558454924 0  
  1627429019 558454924 0  
  1627429020 558454924 0  
  1627429021 558454924 0  
  1627429022 558454924 0  
  1627429023 558454924 0  
  1627429024 558454924 0  
  1627429025 558454924 0  
  1627429027 558454924 0  
  1627429028 558454924 0  
  1627429029 558454924 0  
  1627429030 558454924 0  
  1627429031 558459233 0  
  1627429032 558459557 0  
  1627429033 558460265 0  
  1627429034 558460265 0  
  1627429035 558460265 0  
  1627429036 558460265 0  
  1627429037 558460265 0  
  1627429038 558460265 0  
  1627429039 558460265 0  
  1627429040 558460265 0  
  1627429041 558460265 0  
  1627429042 558460265 0  
  1627429043 558460265 0  
  1627429044 558460265 0  
  1627429045 558460265 0  
  1627429046 558460265 0  
  1627429047 558460265 0  
  1627429048 558460265 0  
  1627429049 558460265 0  
  1627429050 558460265 0  
  1627429051 558460265 0  
  1627429052 558460265 0  
  1627429053 558460265 0  
  1627429054 558460265 0  
  1627429055 558460265 0  
  1627429056 558460265 0  
  1627429057 558460265 0  
  1627429058 558460265 0  
  1627429059 558464898 0  
  1627429060 558464898 0  
  1627429061 558465606 0  
  1627429062 558465606 0  
  1627429064 558465606 0  
  1627429065 558465606 0  
  1627429066 558465606 0  
  1627429067 558465606 0  
  1627429068 558465606 0  
  1627429069 558465606 0  
  1627429070 558465606 0  
  1627429071 558465606 0  
  1627429072 558465606 0  
  1627429073 558465606 0  
  1627429074 558465606 0  
  1627429075 558465606 0  
  1627429076 558465606 0  
  1627429077 558465606 0  
  1627429078 558465606 0  
  1627429079 558465606 0  
  1627429080 558465606 0  
  1627429081 558465606 0  
  1627429082 558465606 0  
  1627429083 558465606 0  
  1627429084 558465606 0  
  1627429085 558465606 0  
  1627429086 558465606 0  
  1627429087 558465606 0  
  1627429088 558465606 0  
  1627429089 558465606 0  
  1627429090 558465606 0  
  1627429091 558465606 0  
  1627429092 558465606 0  
  1627429093 558465606 0  
  1627429094 558465606 0  
  1627429095 558465606 0  
  1627429096 558465606 0  
  1627429097 558465606 0  
  1627429098 558465606 0  
  1627429099 558465606 0  
  1627429101 558465606 0  
  1627429102 558465894 0  
  1627429103 558474872 0  
  1627429104 558474872 0  
  1627429105 558476288 0  
  1627429106 558476288 0  
  1627429107 558476288 0  
  1627429108 558476288 0  
  1627429109 558476288 0  
  1627429110 558476288 0  
  1627429111 558476288 0  
  1627429112 558476288 0  
  1627429113 558476288 0  
  1627429114 558476288 0  
  1627429115 558476288 0  
  1627429116 558476288 0  
  1627429117 558476288 0  
  1627429118 558476288 0  
  1627429119 558476288 0  
  1627429120 558476288 0  
  1627429121 558476288 0  
  1627429122 558476288 0  
  1627429123 558476288 0  
  1627429124 558476288 0  
  1627429125 558476288 0  
  1627429126 558476288 0  
  1627429127 558476288 0  
  1627429128 558476288 0  
  1627429129 558476288 0  
  1627429130 558476288 0  
  1627429131 558476288 0  
  1627429132 558476288 0  
  1627429133 558476288 0  
  1627429134 558476288 0  
  1627429135 558476288 0  
  1627429136 558476288 0  
  1627429138 558476288 0  
  1627429139 558476288 0  
  1627429140 558476288 0  
  1627429141 558480597 0  
  1627429142 558480921 0  
  1627429143 558480921 0  
  1627429144 558481629 0  
  1627429145 558481629 0  
  1627429146 558481629 0  
  1627429147 558481629 0  
  1627429148 558481629 0  
  1627429149 558481629 0  
  1627429150 558481629 0  
  1627429151 558481629 0  
  1627429152 558481629 0  
  1627429153 558481629 0  
  1627429154 558481721 0  
  1627429155 558481721 0  
  1627429156 558481721 0  
  1627429157 558481721 0  
  1627429158 558481721 0  
  1627429159 558481721 0  
  1627429160 558481721 0  
  1627429161 558481721 0  
  1627429162 558481721 0  
  1627429163 558481721 0  
  1627429164 558481721 0  
  1627429165 558481721 0  
  1627429166 558481721 0  
  1627429167 558481721 0  
  1627429168 558481721 0  
  1627429169 558481721 0  
  1627429170 558481721 0  
  1627429171 558481721 0  
  1627429172 558481721 0  
  1627429173 558481721 0  
  1627429175 558481721 0  
  1627429176 558481721 0  
  1627429177 558481721 0  
  1627429178 558481721 0  
  1627429179 558481721 0  
  1627429180 558482311 0  
  1627429181 558482311 0  
  1627429182 558482311 0  
  1627429183 558482311 0  
  1627429184 558482311 0  
  1627429185 558482311 0  
  1627429186 558482311 0  
  1627429187 558482311 0  
  1627429188 558482311 0  
  1627429189 558482311 0  
  1627429190 558482311 0  
  1627429191 558482311 0  
  1627429192 558482311 0  
  1627429193 558482311 0  
  1627429194 558482311 0  
  1627429195 558482311 0  
  1627429196 558482311 0  
  1627429197 558482311 0  
  1627429198 558482311 0  
  1627429199 558482311 0  
  1627429200 558482311 0  
  1627429201 558482311 0  
  1627429202 558482311 0  
  1627429203 558482311 0  
  1627429204 558482311 0  
  1627429205 558482311 0  
  1627429206 558482311 0  
  1627429207 558482311 0  
  1627429208 558482311 0  
  1627429209 558482311 0  
  1627429210 558482311 0  
  1627429211 558482311 0  
  1627429213 558482311 0  
  1627429214 558482311 0  
  1627429215 558482311 0  
  1627429216 558482311 0  
  1627429217 558482311 0  
  1627429218 558482311 0  
  1627429219 558482311 0  
  1627429220 558482311 0  
  1627429221 558482311 0  
  1627429222 558482311 0  
  1627429223 558482311 0  
  1627429224 558482311 0  
  1627429225 558482311 0  
  1627429226 558482311 0  
  1627429227 558482311 0  
  1627429228 558482311 0  
  1627429229 558482311 0  
  1627429230 558482311 0  
  1627429231 558482311 0  
  1627429232 558482311 0  
  1627429233 558482311 0  
  1627429234 558482311 0  
  1627429235 558482311 0  
  1627429236 558482311 0  
  1627429237 558482311 0  
  1627429238 558482311 0  
  1627429239 558482311 0  
  1627429240 558482311 0  
  1627429241 558482311 0  
  1627429242 558482311 0  
  1627429243 558482668 0  
  1627429244 558482668 0  
  1627429245 558482668 0  
  1627429246 558482668 0  
  1627429247 558482668 0  
  1627429248 558482668 0  
  1627429250 558482760 0  
  1627429251 558482760 0  
  1627429252 558482760 0  
  1627429253 558482760 0  
  1627429254 558482760 0  
  1627429255 558482760 0  
  1627429256 558482760 0  
  1627429257 558482760 0  
  1627429258 558482760 0  
  1627429259 558482760 0  
  1627429260 558482760 0  
  1627429261 558482760 0  
  1627429262 558482760 0  
  1627429263 558482760 0  
  1627429264 558482760 0  
  1627429265 558482760 0  
  1627429266 558482760 0  
  1627429267 558482760 0  
  1627429268 558482760 0  
  1627429269 558482760 0  
  1627429270 558482760 0  
  1627429271 558482760 0  
  1627429272 558482760 0  
  1627429273 558482760 0  
  1627429274 558482760 0  
  1627429275 558482760 0  
  1627429276 558482760 0  
  1627429277 558482760 0  
  1627429278 558482760 0  
  1627429279 558482760 0  
  1627429280 558482760 0  
  1627429281 558482760 0  
  1627429282 558482760 0  
  1627429283 558482760 0  
  1627429284 558482760 0  
  1627429285 558482760 0  
  1627429287 558482760 0  
  1627429288 558482760 0  
  1627429289 558482760 0  
  1627429290 558482760 0  
  1627429291 558482760 0  
  1627429292 558482760 0  
  1627429293 558482760 0  
  1627429294 558482760 0  
  1627429295 558482760 0  
  1627429296 558482760 0  
  1627429297 558482760 0  
  1627429298 558482760 0  
  1627429299 558482760 0  
  1627429300 558482760 0  
  1627429301 558482760 0  
  1627429302 558482760 0  
  1627429303 558482760 0  
  1627429304 558482760 0  
  1627429305 558482760 0  
  1627429306 558482760 0  
  1627429307 558482760 0  
  1627429308 558482760 0  
  1627429309 558482760 0  
  1627429310 558482760 0  
  1627429311 558482760 0  
  1627429312 558482760 0  
  1627429313 558482760 0  
  1627429314 558482760 0  
  1627429315 558482760 0  
  1627429316 558482760 0  
  1627429317 558482760 0  
  1627429318 558482760 0  
  1627429319 558482760 0  
  1627429320 558482760 0  
  1627429321 558482760 0  
  1627429322 558482760 0  
  1627429324 558482760 0  
  1627429325 558482760 0  
  1627429326 558482760 0  
  1627429327 558482760 0  
  1627429328 558482760 0  
  1627429329 558482760 0  
 