 1626877970 477039842 0  
  1626877971 477039842 0  
  1626877972 477041803 0  
  1626877973 477044475 0  
  1626877974 477044475 0  
  1626877975 477045183 0  
  1626877976 477045183 0  
  1626877977 477045183 0  
  1626877978 477045183 0  
  1626877979 477045183 0  
  1626877980 477045183 0  
  1626877981 477045183 0  
  1626877982 477045183 0  
  1626877983 477045183 0  
  1626877984 477045183 0  
  1626877985 477045183 0  
  1626877986 477045183 0  
  1626877987 477045183 0  
  1626877988 477045183 0  
  1626877989 477045183 0  
  1626877990 477045183 0  
  1626877991 477045183 0  
  1626877992 477045183 0  
  1626877993 477045183 0  
  1626877994 477045183 0  
  1626877995 477045183 0  
  1626877996 477045183 0  
  1626877997 477045183 0  
  1626877998 477045183 0  
  1626877999 477045183 0  
  1626878000 477045183 0  
  1626878001 477045183 0  
  1626878003 477045183 0  
  1626878004 477045183 0  
  1626878005 477045183 0  
  1626878006 477045183 0  
  1626878007 477045183 0  
  1626878008 477045183 0  
  1626878009 477045183 0  
  1626878010 477045183 0  
  1626878011 477045183 0  
  1626878012 477045183 0  
  1626878013 477045183 0  
  1626878014 477045183 0  
  1626878015 477045183 0  
  1626878016 477045183 0  
  1626878017 477045183 0  
  1626878018 477045183 0  
  1626878019 477045183 0  
  1626878020 477045183 0  
  1626878021 477045183 0  
  1626878022 477045183 0  
  1626878023 477045183 0  
  1626878024 477045183 0  
  1626878025 477045183 0  
  1626878026 477045183 0  
  1626878027 477045183 0  
  1626878028 477045183 0  
  1626878029 477045183 0  
  1626878030 477045183 0  
  1626878031 477045183 0  
  1626878032 477045183 0  
  1626878033 477045183 0  
  1626878034 477045183 0  
  1626878035 477045183 0  
  1626878036 477045183 0  
  1626878037 477045183 0  
  1626878038 477045183 0  
  1626878039 477045183 0  
  1626878040 477045183 0  
  1626878041 477045183 0  
  1626878043 477045183 0  
  1626878044 477045183 0  
  1626878045 477045183 0  
  1626878046 477045183 0  
  1626878047 477045183 0  
  1626878048 477045183 0  
  1626878049 477045183 0  
  1626878050 477045183 0  
  1626878051 477045183 0  
  1626878052 477045183 0  
  1626878053 477045183 0  
  1626878054 477045183 0  
  1626878055 477045183 0  
  1626878056 477045183 0  
  1626878057 477045183 0  
  1626878058 477045183 0  
  1626878059 477045183 0  
  1626878060 477045183 0  
  1626878061 477045183 0  
  1626878062 477045183 0  
  1626878063 477045183 0  
  1626878064 477045183 0  
  1626878065 477045183 0  
  1626878066 477045183 0  
  1626878067 477045183 0  
  1626878068 477045183 0  
  1626878069 477045183 0  
  1626878070 477045183 0  
  1626878071 477045183 0  
  1626878072 477045183 0  
  1626878073 477045183 0  
  1626878074 477045183 0  
  1626878075 477045183 0  
  1626878076 477045183 0  
  1626878077 477045183 0  
  1626878078 477045183 0  
  1626878079 477045183 0  
  1626878080 477045183 0  
  1626878081 477045183 0  
  1626878083 477045183 0  
  1626878084 477045183 0  
  1626878085 477045183 0  
  1626878086 477045183 0  
  1626878087 477045183 0  
  1626878088 477045183 0  
  1626878089 477045183 0  
  1626878090 477045183 0  
  1626878091 477045183 0  
  1626878092 477045183 0  
  1626878093 477045183 0  
  1626878094 477045183 0  
  1626878095 477045183 0  
  1626878096 477045183 0  
  1626878097 477045183 0  
  1626878098 477045183 0  
  1626878099 477045183 0  
  1626878100 477045183 0  
  1626878101 477045183 0  
  1626878102 477045183 0  
  1626878103 477045183 0  
  1626878104 477045183 0  
  1626878105 477045183 0  
  1626878106 477045183 0  
  1626878107 477045183 0  
  1626878108 477045183 0  
  1626878109 477045183 0  
  1626878110 477045183 0  
  1626878111 477045183 0  
  1626878112 477045183 0  
  1626878113 477045183 0  
  1626878114 477045183 0  
  1626878115 477045183 0  
  1626878116 477045183 0  
  1626878117 477045183 0  
  1626878118 477045183 0  
  1626878119 477045183 0  
  1626878120 477045183 0  
  1626878121 477045183 0  
  1626878123 477045183 0  
  1626878124 477045183 0  
  1626878125 477045183 0  
  1626878126 477045183 0  
  1626878127 477045183 0  
  1626878128 477045183 0  
  1626878129 477045183 0  
  1626878130 477045183 0  
  1626878131 477045183 0  
  1626878132 477045183 0  
  1626878133 477045183 0  
  1626878134 477045183 0  
  1626878135 477045183 0  
  1626878136 477045183 0  
  1626878137 477045183 0  
  1626878138 477045183 0  
  1626878139 477045183 0  
  1626878140 477045183 0  
  1626878141 477045183 0  
  1626878142 477045183 0  
  1626878143 477045540 0  
  1626878144 477045540 0  
  1626878145 477049849 0  
  1626878146 477050173 0  
  1626878147 477050813 0  
  1626878148 477050813 0  
  1626878149 477055446 0  
  1626878150 477055446 0  
  1626878151 477056154 0  
  1626878152 477056154 0  
  1626878153 477056154 0  
  1626878154 477060283 0  
  1626878155 477065420 0  
  1626878156 477066128 0  
  1626878157 477066836 0  
  1626878158 477066836 0  
  1626878159 477066836 0  
  1626878160 477066836 0  
  1626878161 477066836 0  
  1626878163 477066836 0  
  1626878164 477066836 0  
  1626878165 477066836 0  
  1626878166 477066836 0  
  1626878167 477066836 0  
  1626878168 477067426 0  
  1626878169 477067426 0  
  1626878170 477067426 0  
  1626878171 477067426 0  
  1626878172 477067426 0  
  1626878173 477067426 0  
  1626878174 477067426 0  
  1626878175 477067426 0  
  1626878176 477067426 0  
  1626878177 477067426 0  
  1626878178 477067426 0  
  1626878179 477067426 0  
  1626878180 477067426 0  
  1626878181 477067426 0  
  1626878182 477067426 0  
  1626878183 477067426 0  
  1626878184 477067426 0  
  1626878185 477067426 0  
  1626878186 477067426 0  
  1626878187 477067426 0  
  1626878188 477067426 0  
  1626878189 477067426 0  
  1626878190 477067426 0  
  1626878191 477067426 0  
  1626878192 477067426 0  
  1626878193 477067426 0  
  1626878194 477067426 0  
  1626878195 477067426 0  
  1626878196 477067426 0  
  1626878197 477067426 0  
  1626878198 477067426 0  
  1626878199 477067426 0  
  1626878200 477067426 0  
  1626878201 477067426 0  
  1626878203 477067426 0  
  1626878204 477067426 0  
  1626878205 477067426 0  
  1626878206 477067426 0  
  1626878207 477067426 0  
  1626878208 477067426 0  
  1626878209 477067426 0  
  1626878210 477067426 0  
  1626878211 477067426 0  
  1626878212 477067426 0  
  1626878213 477067426 0  
  1626878214 477067426 0  
  1626878215 477067426 0  
  1626878216 477067426 0  
  1626878217 477067426 0  
  1626878218 477067426 0  
  1626878219 477067426 0  
  1626878220 477067426 0  
  1626878221 477067426 0  
  1626878222 477067426 0  
  1626878223 477067426 0  
  1626878224 477067426 0  
  1626878225 477067426 0  
  1626878226 477067426 0  
  1626878227 477067426 0  
  1626878228 477067426 0  
  1626878229 477067426 0  
  1626878230 477067426 0  
  1626878231 477067426 0  
  1626878232 477067426 0  
  1626878233 477067426 0  
  1626878234 477067426 0  
  1626878235 477067426 0  
  1626878236 477067426 0  
  1626878237 477067426 0  
  1626878238 477067426 0  
  1626878239 477067426 0  
  1626878240 477067426 0  
  1626878241 477067426 0  
  1626878243 477067426 0  
  1626878244 477067426 0  
  1626878245 477067426 0  
  1626878246 477067426 0  
  1626878247 477067426 0  
  1626878248 477067426 0  
  1626878249 477067426 0  
  1626878250 477067426 0  
  1626878251 477067426 0  
  1626878252 477067426 0  
  1626878253 477067426 0  
  1626878254 477067426 0  
  1626878255 477067426 0  
  1626878256 477067426 0  
  1626878257 477067426 0  
  1626878258 477067426 0  
  1626878259 477067426 0  
  1626878260 477067426 0  
  1626878261 477067426 0  
  1626878262 477067426 0  
  1626878263 477067426 0  
  1626878264 477067426 0  
  1626878265 477067426 0  
  1626878266 477067426 0  
  1626878267 477067426 0  
  1626878268 477067426 0  
  1626878269 477067426 0  
  1626878270 477067426 0  
  1626878271 477069303 0  
  1626878272 477072059 0  
  1626878273 477072059 0  
  1626878274 477072767 0  
  1626878275 477072767 0  
  1626878276 477072767 0  
  1626878277 477072767 0  
  1626878278 477072767 0  
  1626878279 477072767 0  
  1626878280 477072767 0  
  1626878281 477072767 0  
  1626878283 477072767 0  
  1626878284 477072767 0  
  1626878285 477072767 0  
  1626878286 477072767 0  
  1626878287 477072767 0  
  1626878288 477072767 0  
  1626878289 477072767 0  
  1626878290 477072767 0  
  1626878291 477072767 0  
  1626878292 477072767 0  
  1626878293 477072767 0  
  1626878294 477072767 0  
  1626878295 477072767 0  
  1626878296 477072767 0  
  1626878297 477072767 0  
  1626878298 477072767 0  
  1626878299 477072767 0  
  1626878300 477072767 0  
  1626878301 477072767 0  
  1626878302 477072767 0  
  1626878303 477072767 0  
  1626878304 477072767 0  
  1626878305 477072767 0  
  1626878306 477072767 0  
  1626878307 477072767 0  
  1626878308 477072767 0  
  1626878309 477072767 0  
  1626878310 477072767 0  
  1626878311 477072767 0  
  1626878312 477072839 0  
  1626878313 477072839 0  
  1626878314 477072839 0  
  1626878315 477072839 0  
  1626878316 477072839 0  
  1626878317 477072839 0  
  1626878318 477072839 0  
  1626878319 477072839 0  
  1626878320 477072839 0  
  1626878322 477072839 0  
  1626878323 477072839 0  
  1626878324 477072839 0  
  1626878325 477072839 0  
  1626878326 477072839 0  
  1626878327 477072839 0  
  1626878328 477072839 0  
  1626878329 477072839 0  
  1626878330 477072839 0  
  1626878331 477072839 0  
  1626878332 477072839 0  
  1626878333 477072839 0  
  1626878334 477072839 0  
  1626878335 477072839 0  
  1626878336 477072839 0  
  1626878337 477072839 0  
  1626878338 477072839 0  
  1626878339 477072839 0  
  1626878340 477072839 0  
  1626878341 477072839 0  
  1626878342 477072839 0  
  1626878343 477072839 0  
  1626878344 477072839 0  
  1626878345 477072839 0  
  1626878346 477072839 0  
  1626878347 477072839 0  
  1626878348 477072839 0  
  1626878349 477072839 0  
  1626878350 477072839 0  
  1626878351 477072839 0  
  1626878352 477072839 0  
  1626878353 477072839 0  
  1626878354 477072839 0  
  1626878355 477072839 0  
  1626878356 477072839 0  
  1626878357 477072839 0  
  1626878358 477072839 0  
  1626878359 477072839 0  
  1626878361 477072839 0  
  1626878362 477072839 0  
  1626878363 477072839 0  
  1626878364 477072839 0  
  1626878365 477072839 0  
  1626878366 477072839 0  
  1626878367 477072839 0  
  1626878368 477073497 0  
  1626878369 477073497 0  
  1626878370 477073497 0  
  1626878371 477073497 0  
  1626878372 477073497 0  
  1626878373 477073497 0  
  1626878374 477073497 0  
  1626878375 477073497 0  
  1626878376 477073497 0  
  1626878377 477073497 0  
  1626878378 477073497 0  
  1626878379 477073497 0  
  1626878380 477073497 0  
  1626878381 477073497 0  
  1626878382 477073497 0  
  1626878383 477073497 0  
  1626878384 477073497 0  
  1626878385 477073497 0  
  1626878386 477073497 0  
  1626878387 477073497 0  
  1626878388 477073497 0  
  1626878389 477073497 0  
  1626878390 477073497 0  
  1626878391 477073497 0  
  1626878392 477073497 0  
  1626878393 477073497 0  
  1626878394 477073497 0  
  1626878395 477073497 0  
  1626878396 477073497 0  
 