 1626887785 479728610 0  
  1626887786 479728610 0  
  1626887787 479728610 0  
  1626887788 479728610 0  
  1626887789 479728610 0  
  1626887790 479728610 0  
  1626887791 479728610 0  
  1626887792 479728610 0  
  1626887793 479728610 0  
  1626887795 479728610 0  
  1626887796 479728610 0  
  1626887797 479728610 0  
  1626887798 479728610 0  
  1626887799 479728610 0  
  1626887800 479728610 0  
  1626887801 479728610 0  
  1626887802 479728610 0  
  1626887803 479728610 0  
  1626887804 479728610 0  
  1626887805 479728610 0  
  1626887806 479728610 0  
  1626887807 479728610 0  
  1626887808 479728610 0  
  1626887809 479728610 0  
  1626887810 479728610 0  
  1626887811 479728610 0  
  1626887812 479728610 0  
  1626887813 479728948 0  
  1626887814 479728948 0  
  1626887815 479728948 0  
  1626887816 479728948 0  
  1626887817 479728948 0  
  1626887818 479728948 0  
  1626887819 479728948 0  
  1626887820 479728948 0  
  1626887821 479728948 0  
  1626887822 479728948 0  
  1626887823 479728948 0  
  1626887824 479728948 0  
  1626887825 479728948 0  
  1626887826 479728948 0  
  1626887827 479728948 0  
  1626887828 479728948 0  
  1626887829 479728948 0  
  1626887830 479728948 0  
  1626887831 479728948 0  
  1626887832 479728948 0  
  1626887833 479728948 0  
  1626887835 479728948 0  
  1626887836 479728948 0  
  1626887837 479728948 0  
  1626887838 479728948 0  
  1626887839 479728948 0  
  1626887840 479728948 0  
  1626887841 479728948 0  
  1626887842 479728948 0  
  1626887843 479728948 0  
  1626887844 479728948 0  
  1626887845 479728948 0  
  1626887846 479728948 0  
  1626887847 479728948 0  
  1626887848 479728948 0  
  1626887849 479728948 0  
  1626887850 479728948 0  
  1626887851 479728948 0  
  1626887852 479728948 0  
  1626887853 479728948 0  
  1626887854 479728948 0  
  1626887855 479728948 0  
  1626887856 479728948 0  
  1626887857 479728948 0  
  1626887858 479728948 0  
  1626887859 479728948 0  
  1626887860 479728948 0  
  1626887861 479728948 0  
  1626887862 479728948 0  
  1626887863 479728948 0  
  1626887864 479728948 0  
  1626887865 479728948 0  
  1626887866 479728948 0  
  1626887867 479728948 0  
  1626887868 479728948 0  
  1626887869 479728948 0  
  1626887870 479728948 0  
  1626887871 479728948 0  
  1626887872 479728948 0  
  1626887874 479728948 0  
  1626887875 479728948 0  
  1626887876 479733257 0  
  1626887877 479733581 0  
  1626887878 479733581 0  
  1626887879 479734289 0  
  1626887880 479734289 0  
  1626887881 479734289 0  
  1626887882 479734289 0  
  1626887883 479734289 0  
  1626887884 479734289 0  
  1626887885 479734289 0  
  1626887886 479734289 0  
  1626887887 479734289 0  
  1626887888 479734289 0  
  1626887889 479734289 0  
  1626887890 479734289 0  
  1626887891 479734289 0  
  1626887892 479734289 0  
  1626887893 479734289 0  
  1626887894 479734289 0  
  1626887895 479734289 0  
  1626887896 479734289 0  
  1626887897 479734289 0  
  1626887898 479734289 0  
  1626887899 479734289 0  
  1626887900 479734289 0  
  1626887901 479734289 0  
  1626887902 479734289 0  
  1626887903 479734289 0  
  1626887904 479734289 0  
  1626887905 479734289 0  
  1626887906 479734289 0  
  1626887907 479734289 0  
  1626887908 479734289 0  
  1626887909 479734381 0  
  1626887910 479734381 0  
  1626887911 479734381 0  
  1626887913 479734381 0  
  1626887914 479734381 0  
  1626887915 479734381 0  
  1626887916 479734381 0  
  1626887917 479734381 0  
  1626887918 479734381 0  
  1626887919 479734381 0  
  1626887920 479734381 0  
  1626887921 479734381 0  
  1626887922 479734381 0  
  1626887923 479734381 0  
  1626887924 479734381 0  
  1626887925 479734381 0  
  1626887926 479734381 0  
  1626887927 479734381 0  
  1626887928 479734381 0  
  1626887929 479734381 0  
  1626887930 479734381 0  
  1626887931 479734381 0  
  1626887932 479734381 0  
  1626887933 479734381 0  
  1626887934 479734381 0  
  1626887935 479734381 0  
  1626887936 479734381 0  
  1626887937 479734381 0  
  1626887938 479734381 0  
  1626887939 479734381 0  
  1626887940 479734381 0  
  1626887941 479734381 0  
  1626887942 479734381 0  
  1626887943 479734381 0  
  1626887944 479734381 0  
  1626887945 479734381 0  
  1626887946 479734381 0  
  1626887947 479734381 0  
  1626887948 479734381 0  
  1626887949 479734381 0  
  1626887950 479734381 0  
  1626887952 479734381 0  
  1626887953 479734381 0  
  1626887954 479734381 0  
  1626887955 479734381 0  
  1626887956 479734381 0  
  1626887957 479734381 0  
  1626887958 479734381 0  
  1626887959 479734381 0  
  1626887960 479734381 0  
  1626887961 479734381 0  
  1626887962 479734381 0  
  1626887963 479734719 0  
  1626887964 479734719 0  
  1626887965 479734719 0  
  1626887966 479734719 0  
  1626887967 479734719 0  
  1626887968 479734719 0  
  1626887969 479735315 0  
  1626887970 479735315 0  
  1626887971 479735315 0  
  1626887972 479735315 0  
  1626887973 479735315 0  
  1626887974 479735315 0  
  1626887975 479735315 0  
  1626887976 479735315 0  
  1626887977 479735315 0  
  1626887978 479735315 0  
  1626887979 479735315 0  
  1626887980 479735315 0  
  1626887981 479735315 0  
  1626887982 479735315 0  
  1626887983 479735315 0  
  1626887984 479735315 0  
  1626887985 479735315 0  
  1626887986 479735315 0  
  1626887987 479735315 0  
  1626887988 479735315 0  
  1626887989 479735315 0  
  1626887991 479735315 0  
  1626887992 479735315 0  
  1626887993 479735315 0  
  1626887994 479735315 0  
  1626887995 479735315 0  
  1626887996 479735315 0  
  1626887997 479735315 0  
  1626887998 479735315 0  
  1626887999 479735315 0  
  1626888000 479735315 0  
  1626888001 479735315 0  
  1626888002 479735315 0  
  1626888003 479735315 0  
  1626888004 479735315 0  
  1626888005 479735315 0  
  1626888006 479735315 0  
  1626888007 479735315 0  
  1626888008 479735315 0  
  1626888009 479735315 0  
  1626888010 479735315 0  
  1626888011 479735315 0  
  1626888012 479735315 0  
  1626888013 479735315 0  
  1626888014 479735315 0  
  1626888015 479735315 0  
  1626888016 479735315 0  
  1626888017 479735315 0  
  1626888018 479735315 0  
  1626888019 479735315 0  
  1626888020 479735315 0  
  1626888021 479735315 0  
  1626888022 479735315 0  
  1626888023 479735315 0  
  1626888024 479735315 0  
  1626888025 479735315 0  
  1626888026 479735315 0  
  1626888027 479735315 0  
  1626888029 479735315 0  
  1626888030 479735315 0  
  1626888031 479735315 0  
  1626888032 479735315 0  
  1626888033 479735315 0  
  1626888034 479735315 0  
  1626888035 479735315 0  
  1626888036 479735315 0  
  1626888037 479735315 0  
  1626888038 479735407 0  
  1626888039 479735407 0  
  1626888040 479735764 0  
  1626888041 479735764 0  
  1626888042 479735764 0  
  1626888043 479735764 0  
  1626888044 479735764 0  
  1626888045 479735764 0  
  1626888046 479740329 0  
  1626888047 479740397 0  
  1626888048 479745414 0  
  1626888049 479745738 0  
  1626888050 479746446 0  
  1626888051 479746446 0  
  1626888052 479746446 0  
  1626888053 479751079 0  
  1626888054 479755712 0  
  1626888055 479756420 0  
  1626888056 479757128 0  
  1626888057 479757128 0  
  1626888058 479757128 0  
  1626888059 479757128 0  
  1626888060 479757128 0  
  1626888061 479757128 0  
  1626888062 479757128 0  
  1626888063 479757128 0  
  1626888064 479757128 0  
  1626888065 479757128 0  
  1626888066 479757128 0  
  1626888068 479757128 0  
  1626888069 479757128 0  
  1626888070 479757128 0  
  1626888071 479757128 0  
  1626888072 479757128 0  
  1626888073 479757128 0  
  1626888074 479757128 0  
  1626888075 479757128 0  
  1626888076 479757128 0  
  1626888077 479757128 0  
  1626888078 479757128 0  
  1626888079 479757128 0  
  1626888080 479757128 0  
  1626888081 479757128 0  
  1626888082 479757128 0  
  1626888083 479757128 0  
  1626888084 479757128 0  
  1626888085 479757128 0  
  1626888086 479757128 0  
  1626888087 479757128 0  
  1626888088 479757128 0  
  1626888089 479757128 0  
  1626888090 479757128 0  
  1626888091 479757128 0  
  1626888092 479757128 0  
  1626888093 479757128 0  
  1626888094 479757128 0  
  1626888095 479757128 0  
  1626888096 479757128 0  
  1626888097 479757128 0  
  1626888098 479757128 0  
  1626888099 479757128 0  
  1626888100 479757466 0  
  1626888101 479757466 0  
  1626888102 479757558 0  
  1626888103 479757558 0  
  1626888104 479757558 0  
  1626888105 479757558 0  
  1626888107 479757558 0  
  1626888108 479757558 0  
 