 1627025145 505974759 0  
  1627025146 505976520 0  
  1627025147 505980100 0  
  1627025148 505980808 0  
  1627025149 505980808 0  
  1627025150 505980808 0  
  1627025151 505980808 0  
  1627025152 505985441 0  
  1627025153 505990074 0  
  1627025154 505990782 0  
  1627025155 505991490 0  
  1627025156 505991490 0  
  1627025157 505991490 0  
  1627025158 505991490 0  
  1627025159 505991490 0  
  1627025160 505991490 0  
  1627025161 505991490 0  
  1627025162 505991490 0  
  1627025163 505991490 0  
  1627025164 505991490 0  
  1627025165 505991490 0  
  1627025166 505991490 0  
  1627025167 505991490 0  
  1627025168 505991490 0  
  1627025169 505991490 0  
  1627025170 505991490 0  
  1627025171 505991490 0  
  1627025172 505991490 0  
  1627025173 505991490 0  
  1627025174 505991490 0  
  1627025175 505991490 0  
  1627025177 505991490 0  
  1627025178 505991490 0  
  1627025179 505991490 0  
  1627025180 505991490 0  
  1627025181 505991490 0  
  1627025182 505991490 0  
  1627025183 505991490 0  
  1627025184 505991490 0  
  1627025185 505991490 0  
  1627025186 505991490 0  
  1627025187 505991490 0  
  1627025188 505991490 0  
  1627025189 505991490 0  
  1627025190 505991490 0  
  1627025191 505991828 0  
  1627025192 505991828 0  
  1627025193 505991828 0  
  1627025194 505991828 0  
  1627025195 505991828 0  
  1627025196 505991828 0  
  1627025197 505991828 0  
  1627025198 505991828 0  
  1627025199 505991828 0  
  1627025200 505991828 0  
  1627025201 505991828 0  
  1627025202 505991828 0  
  1627025203 505991828 0  
  1627025204 505991828 0  
  1627025205 505991828 0  
  1627025206 505991828 0  
  1627025207 505991828 0  
  1627025208 505991828 0  
  1627025209 505991828 0  
  1627025210 505991828 0  
  1627025211 505991828 0  
  1627025212 505991828 0  
  1627025213 505991828 0  
  1627025214 505991828 0  
  1627025215 505991828 0  
  1627025217 505991828 0  
  1627025218 505991828 0  
  1627025219 505991828 0  
  1627025220 505991828 0  
  1627025221 505991828 0  
  1627025222 505991828 0  
  1627025223 505991828 0  
  1627025224 505991828 0  
  1627025225 505991828 0  
  1627025226 505991828 0  
  1627025227 505991828 0  
  1627025228 505991828 0  
  1627025229 505991828 0  
  1627025230 505991828 0  
  1627025231 505991828 0  
  1627025232 505991828 0  
  1627025233 505991828 0  
  1627025234 505991828 0  
  1627025235 505991828 0  
  1627025236 505991828 0  
  1627025237 505991828 0  
  1627025238 505991828 0  
  1627025239 505991828 0  
  1627025240 505991828 0  
  1627025241 505991828 0  
  1627025242 505991828 0  
  1627025243 505991828 0  
  1627025244 505991828 0  
  1627025245 505991828 0  
  1627025246 505991828 0  
  1627025247 505991828 0  
  1627025248 505991828 0  
  1627025249 505991828 0  
  1627025250 505991828 0  
  1627025251 505991828 0  
  1627025252 505991828 0  
  1627025253 505991828 0  
  1627025254 505991828 0  
  1627025255 505991896 0  
  1627025257 505991896 0  
  1627025258 505991896 0  
  1627025259 505991896 0  
  1627025260 505991896 0  
  1627025261 505993052 0  
  1627025262 505993052 0  
  1627025263 505993052 0  
  1627025264 505993052 0  
  1627025265 505993052 0  
  1627025266 505993052 0  
  1627025267 505993052 0  
  1627025268 505993052 0  
  1627025269 505993052 0  
  1627025270 505993052 0  
  1627025271 505993648 0  
  1627025272 505993648 0  
  1627025273 505993648 0  
  1627025274 505993648 0  
  1627025275 505993648 0  
  1627025276 505993648 0  
  1627025277 505993648 0  
  1627025278 505993648 0  
  1627025279 505993648 0  
  1627025280 505993648 0  
  1627025281 505993648 0  
  1627025282 505993648 0  
  1627025283 505993648 0  
  1627025284 505993648 0  
  1627025285 505993648 0  
  1627025286 505993648 0  
  1627025287 505993648 0  
  1627025288 505993648 0  
  1627025289 505993648 0  
  1627025290 505993648 0  
  1627025291 505993648 0  
  1627025292 505993648 0  
  1627025293 505993648 0  
  1627025294 505993648 0  
  1627025296 505993648 0  
  1627025297 505993648 0  
  1627025298 505993648 0  
  1627025299 505993648 0  
  1627025300 505993648 0  
  1627025301 505993648 0  
  1627025302 505993648 0  
  1627025303 505993648 0  
  1627025304 505993648 0  
  1627025305 505993648 0  
  1627025306 505993648 0  
  1627025307 505993648 0  
  1627025308 505993648 0  
  1627025309 505993648 0  
  1627025310 505993648 0  
  1627025311 505993648 0  
  1627025312 505993648 0  
  1627025313 505993648 0  
  1627025314 505993740 0  
  1627025315 505993740 0  
  1627025316 505993740 0  
  1627025317 505993740 0  
  1627025318 505993740 0  
  1627025319 505998049 0  
  1627025320 505998373 0  
  1627025321 505999081 0  
  1627025322 505999081 0  
  1627025323 505999081 0  
  1627025324 505999081 0  
  1627025325 505999081 0  
  1627025326 505999081 0  
  1627025327 505999081 0  
  1627025328 505999081 0  
  1627025329 505999081 0  
  1627025330 505999081 0  
  1627025331 505999081 0  
  1627025332 505999081 0  
  1627025333 505999081 0  
  1627025334 505999081 0  
  1627025336 505999081 0  
  1627025337 505999081 0  
  1627025338 505999081 0  
  1627025339 505999081 0  
  1627025340 505999081 0  
  1627025341 505999081 0  
  1627025342 505999081 0  
  1627025343 505999081 0  
  1627025344 505999081 0  
  1627025345 505999081 0  
  1627025346 505999081 0  
  1627025347 505999081 0  
  1627025348 505999173 0  
  1627025349 505999173 0  
  1627025350 505999173 0  
  1627025351 505999173 0  
  1627025352 505999173 0  
  1627025353 505999173 0  
  1627025354 505999173 0  
  1627025355 505999173 0  
  1627025356 505999173 0  
  1627025357 505999173 0  
  1627025358 505999173 0  
  1627025359 505999173 0  
  1627025360 505999173 0  
  1627025361 505999173 0  
  1627025362 505999173 0  
  1627025363 505999173 0  
  1627025364 505999173 0  
  1627025365 505999173 0  
  1627025366 505999173 0  
  1627025367 505999173 0  
  1627025368 505999173 0  
  1627025369 505999173 0  
  1627025370 505999173 0  
  1627025371 505999173 0  
  1627025372 505999173 0  
  1627025373 505999173 0  
  1627025375 505999173 0  
  1627025376 505999173 0  
  1627025377 505999173 0  
  1627025378 505999173 0  
  1627025379 505999173 0  
  1627025380 505999173 0  
  1627025381 505999173 0  
  1627025382 505999173 0  
  1627025383 505999173 0  
  1627025384 505999173 0  
  1627025385 505999173 0  
  1627025386 505999173 0  
  1627025387 505999173 0  
  1627025388 505999173 0  
  1627025389 505999173 0  
  1627025390 505999173 0  
  1627025391 505999173 0  
  1627025392 505999173 0  
  1627025393 505999173 0  
  1627025394 505999173 0  
  1627025395 505999173 0  
  1627025396 505999173 0  
  1627025397 505999173 0  
  1627025398 505999173 0  
  1627025399 505999173 0  
  1627025400 505999173 0  
  1627025401 505999173 0  
  1627025402 505999173 0  
  1627025403 505999173 0  
  1627025404 505999173 0  
  1627025405 505999173 0  
  1627025406 505999173 0  
  1627025407 505999173 0  
  1627025408 505999173 0  
  1627025409 505999173 0  
  1627025410 505999173 0  
  1627025411 505999173 0  
  1627025412 505999173 0  
  1627025413 505999173 0  
  1627025415 505999173 0  
  1627025416 505999173 0  
  1627025417 505999173 0  
  1627025418 505999173 0  
  1627025419 505999173 0  
  1627025420 505999173 0  
  1627025421 505999173 0  
  1627025422 505999173 0  
  1627025423 505999173 0  
  1627025424 505999173 0  
  1627025425 505999173 0  
  1627025426 505999173 0  
  1627025427 505999173 0  
  1627025428 505999173 0  
  1627025429 505999173 0  
  1627025430 505999173 0  
  1627025431 505999173 0  
  1627025432 505999173 0  
  1627025433 505999173 0  
  1627025434 505999173 0  
  1627025435 505999173 0  
  1627025436 505999173 0  
  1627025437 505999530 0  
  1627025438 505999530 0  
  1627025439 505999530 0  
  1627025440 505999530 0  
  1627025441 505999530 0  
  1627025442 505999530 0  
  1627025443 506003839 0  
  1627025444 506004163 0  
  1627025445 506005015 0  
  1627025446 506009504 0  
  1627025447 506010212 0  
  1627025448 506010212 0  
  1627025449 506010212 0  
  1627025450 506010212 0  
  1627025451 506010212 0  
  1627025452 506017742 0  
  1627025453 506020186 0  
  1627025455 506020894 0  
  1627025456 506020894 0  
  1627025457 506020894 0  
  1627025458 506020894 0  
  1627025459 506020894 0  
  1627025460 506020894 0  
  1627025461 506020894 0  
  1627025462 506020894 0  
  1627025463 506020894 0  
  1627025464 506020894 0  
  1627025465 506025611 0  
  1627025466 506025611 0  
  1627025467 506026115 0  
 