 1627438143 569136156 0  
  1627438144 569136156 0  
  1627438145 569136156 0  
  1627438146 569136156 0  
  1627438147 569136156 0  
  1627438148 569136156 0  
  1627438149 569136156 0  
  1627438150 569136156 0  
  1627438151 569136156 0  
  1627438152 569136156 0  
  1627438153 569136156 0  
  1627438154 569136156 0  
  1627438155 569136156 0  
  1627438156 569136156 0  
  1627438157 569136156 0  
  1627438158 569136156 0  
  1627438159 569136156 0  
  1627438160 569136156 0  
  1627438161 569136156 0  
  1627438162 569136156 0  
  1627438163 569136156 0  
  1627438164 569136156 0  
  1627438166 569136156 0  
  1627438167 569136156 0  
  1627438168 569136156 0  
  1627438169 569136156 0  
  1627438170 569136156 0  
  1627438171 569136156 0  
  1627438172 569136156 0  
  1627438173 569136156 0  
  1627438174 569136156 0  
  1627438175 569136156 0  
  1627438176 569136156 0  
  1627438177 569136156 0  
  1627438178 569136156 0  
  1627438179 569136156 0  
  1627438180 569136156 0  
  1627438181 569136156 0  
  1627438182 569136156 0  
  1627438183 569136156 0  
  1627438184 569136156 0  
  1627438185 569136156 0  
  1627438186 569136156 0  
  1627438187 569136156 0  
  1627438188 569136156 0  
  1627438189 569136156 0  
  1627438190 569136156 0  
  1627438191 569136156 0  
  1627438192 569136156 0  
  1627438193 569136156 0  
  1627438194 569136156 0  
  1627438195 569136156 0  
  1627438196 569136156 0  
  1627438197 569136156 0  
  1627438198 569136156 0  
  1627438199 569136156 0  
  1627438200 569136156 0  
  1627438201 569136156 0  
  1627438202 569136156 0  
  1627438203 569136156 0  
  1627438205 569136156 0  
  1627438206 569136156 0  
  1627438207 569136156 0  
  1627438208 569136156 0  
  1627438209 569136156 0  
  1627438210 569136156 0  
  1627438211 569136156 0  
  1627438212 569136156 0  
  1627438213 569136156 0  
  1627438214 569136156 0  
  1627438215 569136156 0  
  1627438216 569136156 0  
  1627438217 569136156 0  
  1627438218 569136156 0  
  1627438219 569136156 0  
  1627438220 569136156 0  
  1627438221 569136156 0  
  1627438222 569136156 0  
  1627438223 569136156 0  
  1627438224 569136156 0  
  1627438225 569136156 0  
  1627438226 569136156 0  
  1627438227 569136156 0  
  1627438228 569136156 0  
  1627438229 569136156 0  
  1627438230 569136156 0  
  1627438231 569136248 0  
  1627438232 569136248 0  
  1627438233 569136248 0  
  1627438234 569136248 0  
  1627438235 569136248 0  
  1627438236 569136248 0  
  1627438237 569136248 0  
  1627438238 569136248 0  
  1627438239 569136248 0  
  1627438240 569136605 0  
  1627438241 569136605 0  
  1627438242 569136605 0  
  1627438244 569136605 0  
  1627438245 569136605 0  
  1627438246 569136605 0  
  1627438247 569136605 0  
  1627438248 569136605 0  
  1627438249 569136605 0  
  1627438250 569136605 0  
  1627438251 569136605 0  
  1627438252 569136605 0  
  1627438253 569136605 0  
  1627438254 569136605 0  
  1627438255 569136605 0  
  1627438256 569136605 0  
  1627438257 569136605 0  
  1627438258 569136605 0  
  1627438259 569136697 0  
  1627438260 569136697 0  
  1627438261 569136697 0  
  1627438262 569136697 0  
  1627438263 569136697 0  
  1627438264 569136697 0  
  1627438265 569136697 0  
  1627438266 569136697 0  
  1627438267 569136697 0  
  1627438268 569136697 0  
  1627438269 569136697 0  
  1627438270 569136697 0  
  1627438271 569136697 0  
  1627438272 569136697 0  
  1627438273 569136697 0  
  1627438274 569136697 0  
  1627438275 569136697 0  
  1627438276 569136697 0  
  1627438277 569136697 0  
  1627438278 569136697 0  
  1627438279 569137293 0  
  1627438280 569137293 0  
  1627438281 569137293 0  
  1627438283 569137293 0  
  1627438284 569137293 0  
  1627438285 569137293 0  
  1627438286 569137293 0  
  1627438287 569137293 0  
  1627438288 569137293 0  
  1627438289 569137293 0  
  1627438290 569137293 0  
  1627438291 569137293 0  
  1627438292 569137293 0  
  1627438293 569137293 0  
  1627438294 569137293 0  
  1627438295 569137293 0  
  1627438296 569137293 0  
  1627438297 569137293 0  
  1627438298 569137293 0  
  1627438299 569137293 0  
  1627438300 569137293 0  
  1627438301 569137293 0  
  1627438302 569137293 0  
  1627438303 569137293 0  
  1627438304 569137293 0  
  1627438305 569137293 0  
  1627438306 569137293 0  
  1627438307 569137293 0  
  1627438308 569137293 0  
  1627438309 569137293 0  
  1627438310 569137293 0  
  1627438311 569137293 0  
  1627438312 569137293 0  
  1627438313 569137293 0  
  1627438314 569137293 0  
  1627438315 569137293 0  
  1627438316 569137293 0  
  1627438317 569137293 0  
  1627438318 569137293 0  
  1627438319 569137293 0  
  1627438320 569137293 0  
  1627438321 569137293 0  
  1627438323 569137293 0  
  1627438324 569137293 0  
  1627438325 569137293 0  
  1627438326 569141602 0  
  1627438327 569141926 0  
  1627438328 569142634 0  
  1627438329 569142634 0  
  1627438330 569142634 0  
  1627438331 569142634 0  
  1627438332 569142634 0  
  1627438333 569142634 0  
  1627438334 569142634 0  
  1627438335 569142634 0  
  1627438336 569142634 0  
  1627438337 569142634 0  
  1627438338 569142634 0  
  1627438339 569142634 0  
  1627438340 569142634 0  
  1627438341 569142634 0  
  1627438342 569142634 0  
  1627438343 569142634 0  
  1627438344 569142634 0  
  1627438345 569142634 0  
  1627438346 569142634 0  
  1627438347 569142634 0  
  1627438348 569142634 0  
  1627438349 569142634 0  
  1627438350 569142634 0  
  1627438351 569142634 0  
  1627438352 569142634 0  
  1627438353 569142634 0  
  1627438354 569146943 0  
  1627438355 569147335 0  
  1627438356 569148043 0  
  1627438357 569148043 0  
  1627438358 569148043 0  
  1627438359 569148043 0  
  1627438360 569148135 0  
  1627438362 569149291 0  
  1627438363 569149291 0  
  1627438364 569149291 0  
  1627438365 569149291 0  
  1627438366 569149291 0  
  1627438367 569149291 0  
  1627438368 569149291 0  
  1627438369 569149291 0  
  1627438370 569149291 0  
  1627438371 569149291 0  
  1627438372 569149291 0  
  1627438373 569149291 0  
  1627438374 569149291 0  
  1627438375 569149291 0  
  1627438376 569149291 0  
  1627438377 569149291 0  
  1627438378 569149291 0  
  1627438379 569149291 0  
  1627438380 569149291 0  
  1627438381 569149291 0  
  1627438382 569149291 0  
  1627438383 569149291 0  
  1627438384 569149291 0  
  1627438385 569149291 0  
  1627438386 569149291 0  
  1627438387 569149291 0  
  1627438388 569149291 0  
  1627438389 569149291 0  
  1627438390 569149291 0  
  1627438391 569149291 0  
  1627438392 569149291 0  
  1627438393 569149291 0  
  1627438394 569149291 0  
  1627438395 569149291 0  
  1627438396 569153600 0  
  1627438397 569158557 0  
  1627438398 569158557 0  
  1627438399 569159905 0  
  1627438400 569159905 0  
  1627438402 569159905 0  
  1627438403 569159905 0  
  1627438404 569159905 0  
  1627438405 569159905 0  
  1627438406 569159905 0  
  1627438407 569159905 0  
  1627438408 569159905 0  
  1627438409 569159905 0  
  1627438410 569159905 0  
  1627438411 569159905 0  
  1627438412 569159905 0  
  1627438413 569159905 0  
  1627438414 569159905 0  
  1627438415 569159905 0  
  1627438416 569159905 0  
  1627438417 569159905 0  
  1627438418 569159905 0  
  1627438419 569159905 0  
  1627438420 569159905 0  
  1627438421 569159905 0  
  1627438422 569159905 0  
  1627438423 569159905 0  
  1627438424 569159905 0  
  1627438425 569159905 0  
  1627438426 569159905 0  
  1627438427 569159905 0  
  1627438428 569159905 0  
  1627438429 569159905 0  
  1627438430 569159905 0  
  1627438431 569159905 0  
  1627438432 569159905 0  
  1627438433 569159905 0  
  1627438434 569159905 0  
  1627438435 569164214 0  
  1627438436 569164538 0  
  1627438437 569164538 0  
  1627438438 569165246 0  
  1627438439 569165246 0  
  1627438441 569165246 0  
  1627438442 569165246 0  
  1627438443 569165246 0  
  1627438444 569165246 0  
  1627438445 569165246 0  
  1627438446 569165246 0  
  1627438447 569165246 0  
  1627438448 569165246 0  
  1627438449 569165246 0  
  1627438450 569165246 0  
  1627438451 569165246 0  
  1627438452 569165246 0  
  1627438453 569165246 0  
  1627438454 569165246 0  
  1627438455 569165246 0  
  1627438456 569165246 0  
  1627438457 569165246 0  
  1627438458 569165246 0  
  1627438459 569165246 0  
  1627438460 569165246 0  
  1627438461 569165246 0  
  1627438462 569165246 0  
  1627438463 569165246 0  
  1627438464 569165246 0  
  1627438465 569165246 0  
  1627438466 569165246 0  
  1627438467 569165246 0  
  1627438468 569165246 0  
  1627438469 569165246 0  
  1627438470 569165246 0  
  1627438471 569165246 0  
  1627438472 569165246 0  
  1627438473 569165246 0  
  1627438474 569165246 0  
  1627438475 569165246 0  
  1627438476 569165246 0  
  1627438477 569165246 0  
  1627438478 569165246 0  
  1627438480 569165842 0  
  1627438481 569165842 0  
  1627438482 569165842 0  
  1627438483 569165842 0  
  1627438484 569165842 0  
  1627438485 569165842 0  
  1627438486 569165842 0  
  1627438487 569165842 0  
  1627438488 569165842 0  
  1627438489 569165842 0  
  1627438490 569165934 0  
  1627438491 569165934 0  
  1627438492 569165934 0  
  1627438493 569165934 0  
  1627438494 569165934 0  
  1627438495 569165934 0  
  1627438496 569165934 0  
  1627438497 569165934 0  
  1627438498 569165934 0  
  1627438499 569165934 0  
  1627438500 569165934 0  
  1627438501 569165934 0  
  1627438502 569165934 0  
  1627438503 569165934 0  
  1627438504 569165934 0  
  1627438505 569165934 0  
  1627438506 569165934 0  
  1627438507 569165934 0  
  1627438508 569165934 0  
  1627438509 569165934 0  
  1627438510 569165934 0  
  1627438511 569165934 0  
  1627438512 569165934 0  
  1627438513 569165934 0  
  1627438514 569165934 0  
  1627438515 569166026 0  
  1627438516 569166026 0  
  1627438517 569166026 0  
  1627438519 569166026 0  
  1627438520 569166026 0  
  1627438521 569166026 0  
  1627438522 569166026 0  
  1627438523 569166026 0  
  1627438524 569166026 0  
  1627438525 569166026 0  
  1627438526 569166026 0  
  1627438527 569166026 0  
  1627438528 569166026 0  
  1627438529 569166026 0  
  1627438530 569166026 0  
  1627438531 569166026 0  
  1627438532 569166026 0  
  1627438533 569166026 0  
  1627438534 569166026 0  
  1627438535 569166026 0  
  1627438536 569166026 0  
  1627438537 569166026 0  
  1627438538 569166026 0  
  1627438539 569166026 0  
  1627438540 569166383 0  
  1627438541 569166383 0  
  1627438542 569166383 0  
  1627438543 569166383 0  
  1627438544 569166383 0  
  1627438545 569166383 0  
  1627438546 569166383 0  
  1627438547 569166383 0  
  1627438548 569166383 0  
  1627438549 569166383 0  
  1627438550 569166383 0  
  1627438551 569166383 0  
  1627438552 569166383 0  
  1627438553 569166383 0  
  1627438554 569166383 0  
  1627438555 569166383 0  
  1627438557 569166383 0  
  1627438558 569166383 0  
  1627438559 569166383 0  
  1627438560 569166383 0  
  1627438561 569166383 0  
  1627438562 569166383 0  
  1627438563 569166383 0  
  1627438564 569166383 0  
  1627438565 569166383 0  
  1627438566 569166383 0  
  1627438567 569166383 0  
  1627438568 569166383 0  
  1627438569 569166383 0  
  1627438570 569166383 0  
  1627438571 569166383 0  
  1627438572 569166383 0  
  1627438573 569166383 0  
  1627438574 569166383 0  
  1627438575 569166383 0  
  1627438576 569166383 0  
  1627438577 569166383 0  
  1627438578 569166383 0  
  1627438579 569166383 0  
  1627438580 569166383 0  
  1627438581 569166383 0  
  1627438582 569166383 0  
  1627438583 569166383 0  
  1627438584 569166383 0  
  1627438585 569166383 0  
  1627438586 569166383 0  
  1627438587 569166383 0  
  1627438588 569166383 0  
  1627438589 569166383 0  
  1627438590 569166383 0  
  1627438591 569166383 0  
  1627438592 569166383 0  
  1627438593 569166383 0  
  1627438594 569166383 0  
  1627438596 569166383 0  
  1627438597 569166383 0  
  1627438598 569166383 0  
  1627438599 569166383 0  
  1627438600 569166383 0  
  1627438601 569166383 0  
  1627438602 569166383 0  
  1627438603 569166383 0  
  1627438604 569166383 0  
  1627438605 569166383 0  
  1627438606 569166383 0  
  1627438607 569166383 0  
  1627438608 569166383 0  
  1627438609 569166383 0  
  1627438610 569166383 0  
 