 1626877126 479065433 0  
  1626877127 479065433 0  
  1626877128 479065433 0  
  1626877129 479065433 0  
  1626877130 479065433 0  
  1626877131 479065433 0  
  1626877132 479065433 0  
  1626877133 479065433 0  
  1626877134 479065433 0  
  1626877135 479065433 0  
  1626877136 479065433 0  
  1626877137 479065433 0  
  1626877138 479065433 0  
  1626877139 479065433 0  
  1626877140 479065433 0  
  1626877141 479065433 0  
  1626877142 479065433 0  
  1626877143 479065433 0  
  1626877144 479065433 0  
  1626877145 479065433 0  
  1626877146 479065433 0  
  1626877147 479065433 0  
  1626877148 479065433 0  
  1626877149 479065433 0  
  1626877150 479065433 0  
  1626877152 479065433 0  
  1626877153 479065433 0  
  1626877154 479065433 0  
  1626877155 479065433 0  
  1626877156 479065433 0  
  1626877157 479065433 0  
  1626877158 479065433 0  
  1626877159 479065433 0  
  1626877160 479065433 0  
  1626877161 479065433 0  
  1626877162 479065433 0  
  1626877163 479065433 0  
  1626877164 479065433 0  
  1626877165 479065433 0  
  1626877166 479065433 0  
  1626877167 479065433 0  
  1626877168 479065433 0  
  1626877169 479065433 0  
  1626877170 479065433 0  
  1626877171 479065433 0  
  1626877172 479065433 0  
  1626877173 479065433 0  
  1626877174 479065433 0  
  1626877175 479065433 0  
  1626877176 479065433 0  
  1626877177 479065433 0  
  1626877178 479065433 0  
  1626877179 479065433 0  
  1626877180 479065433 0  
  1626877181 479065433 0  
  1626877182 479065433 0  
  1626877183 479065433 0  
  1626877184 479065433 0  
  1626877185 479065433 0  
  1626877186 479065433 0  
  1626877187 479065433 0  
  1626877188 479065433 0  
  1626877189 479065433 0  
  1626877190 479065433 0  
  1626877192 479065433 0  
  1626877193 479065433 0  
  1626877194 479065433 0  
  1626877195 479065433 0  
  1626877196 479065433 0  
  1626877197 479065433 0  
  1626877198 479065433 0  
  1626877199 479065433 0  
  1626877200 479065433 0  
  1626877201 479065433 0  
  1626877202 479065433 0  
  1626877203 479065433 0  
  1626877204 479065433 0  
  1626877205 479065433 0  
  1626877206 479065433 0  
  1626877207 479065433 0  
  1626877208 479065433 0  
  1626877209 479065433 0  
  1626877210 479065433 0  
  1626877211 479065433 0  
  1626877212 479065433 0  
  1626877213 479065433 0  
  1626877214 479065433 0  
  1626877215 479065433 0  
  1626877216 479065433 0  
  1626877217 479065433 0  
  1626877218 479065433 0  
  1626877219 479065433 0  
  1626877220 479065771 0  
  1626877221 479065771 0  
  1626877222 479065771 0  
  1626877223 479065771 0  
  1626877224 479065771 0  
  1626877225 479065771 0  
  1626877226 479065771 0  
  1626877227 479065771 0  
  1626877228 479065771 0  
  1626877229 479065771 0  
  1626877230 479065771 0  
  1626877232 479065771 0  
  1626877233 479065771 0  
  1626877234 479065771 0  
  1626877235 479065771 0  
  1626877236 479065771 0  
  1626877237 479065771 0  
  1626877238 479065771 0  
  1626877239 479065771 0  
  1626877240 479066128 0  
  1626877241 479066128 0  
  1626877242 479068089 0  
  1626877243 479070761 0  
  1626877244 479070761 0  
  1626877245 479071401 0  
  1626877246 479071401 0  
  1626877247 479076034 0  
  1626877248 479076034 0  
  1626877249 479076742 0  
  1626877250 479076742 0  
  1626877251 479076742 0  
  1626877252 479086008 0  
  1626877253 479086008 0  
  1626877254 479087424 0  
  1626877255 479087424 0  
  1626877256 479087424 0  
  1626877257 479087424 0  
  1626877258 479087424 0  
  1626877259 479087424 0  
  1626877260 479087424 0  
  1626877261 479087424 0  
  1626877262 479087424 0  
  1626877263 479087424 0  
  1626877264 479087424 0  
  1626877265 479087424 0  
  1626877266 479087424 0  
  1626877267 479088088 0  
  1626877268 479088088 0  
  1626877269 479088088 0  
  1626877271 479088088 0  
  1626877272 479088088 0  
  1626877273 479088088 0  
  1626877274 479088088 0  
  1626877275 479088088 0  
  1626877276 479088088 0  
  1626877277 479088088 0  
  1626877278 479088088 0  
  1626877279 479088088 0  
  1626877280 479088088 0  
  1626877281 479088088 0  
  1626877282 479088088 0  
  1626877283 479088088 0  
  1626877284 479088088 0  
  1626877285 479088088 0  
  1626877286 479088088 0  
  1626877287 479088088 0  
  1626877288 479088088 0  
  1626877289 479088088 0  
  1626877290 479088088 0  
  1626877291 479088088 0  
  1626877292 479088088 0  
  1626877293 479088088 0  
  1626877294 479088088 0  
  1626877295 479088088 0  
  1626877296 479088088 0  
  1626877297 479088088 0  
  1626877298 479088088 0  
  1626877299 479088088 0  
  1626877300 479088088 0  
  1626877301 479088088 0  
  1626877302 479088088 0  
  1626877303 479088426 0  
  1626877304 479088426 0  
  1626877305 479088426 0  
  1626877306 479088426 0  
  1626877307 479088426 0  
  1626877308 479088426 0  
  1626877309 479088426 0  
  1626877311 479088426 0  
  1626877312 479088426 0  
  1626877313 479088426 0  
  1626877314 479088426 0  
  1626877315 479088426 0  
  1626877316 479088426 0  
  1626877317 479088426 0  
  1626877318 479088426 0  
  1626877319 479088426 0  
  1626877320 479088426 0  
  1626877321 479088426 0  
  1626877322 479088426 0  
  1626877323 479088426 0  
  1626877324 479088426 0  
  1626877325 479088426 0  
  1626877326 479088426 0  
  1626877327 479088426 0  
  1626877328 479088426 0  
  1626877329 479088426 0  
  1626877330 479088426 0  
  1626877331 479088426 0  
  1626877332 479088426 0  
  1626877333 479088426 0  
  1626877334 479088426 0  
  1626877335 479088426 0  
  1626877336 479088426 0  
  1626877337 479088426 0  
  1626877338 479088426 0  
  1626877339 479088426 0  
  1626877340 479088426 0  
  1626877341 479088426 0  
  1626877342 479088426 0  
  1626877343 479088426 0  
  1626877344 479088426 0  
  1626877345 479088426 0  
  1626877346 479088426 0  
  1626877347 479088518 0  
  1626877348 479088518 0  
  1626877349 479088518 0  
  1626877351 479088518 0  
  1626877352 479088518 0  
  1626877353 479088518 0  
  1626877354 479088518 0  
  1626877355 479088518 0  
  1626877356 479088518 0  
  1626877357 479088518 0  
  1626877358 479088610 0  
  1626877359 479088610 0  
  1626877360 479088610 0  
  1626877361 479088610 0  
  1626877362 479088610 0  
  1626877363 479088610 0  
  1626877364 479088610 0  
  1626877365 479088610 0  
  1626877366 479088610 0  
  1626877367 479088610 0  
  1626877368 479088610 0  
  1626877369 479088754 0  
  1626877370 479093243 0  
  1626877371 479093243 0  
  1626877372 479093883 0  
  1626877373 479093883 0  
  1626877374 479093883 0  
  1626877375 479093883 0  
  1626877376 479093883 0  
  1626877377 479093883 0  
  1626877378 479093883 0  
  1626877379 479093883 0  
  1626877380 479093883 0  
  1626877381 479093883 0  
  1626877382 479093883 0  
  1626877383 479093883 0  
  1626877384 479093883 0  
  1626877385 479093883 0  
  1626877386 479093883 0  
  1626877387 479093883 0  
  1626877388 479093883 0  
  1626877390 479093883 0  
  1626877391 479093883 0  
  1626877392 479093883 0  
  1626877393 479093883 0  
  1626877394 479093883 0  
  1626877395 479093883 0  
  1626877396 479093883 0  
  1626877397 479093883 0  
  1626877398 479093883 0  
  1626877399 479093883 0  
  1626877400 479093883 0  
  1626877401 479093883 0  
  1626877402 479093883 0  
  1626877403 479093883 0  
  1626877404 479093883 0  
  1626877405 479093883 0  
  1626877406 479093883 0  
  1626877407 479093883 0  
  1626877408 479093883 0  
  1626877409 479093883 0  
  1626877410 479093883 0  
  1626877411 479093883 0  
  1626877412 479093883 0  
  1626877413 479093883 0  
  1626877414 479093883 0  
  1626877415 479093883 0  
  1626877416 479093883 0  
  1626877417 479093883 0  
  1626877418 479093883 0  
  1626877419 479093883 0  
  1626877420 479093883 0  
  1626877421 479093883 0  
  1626877422 479093883 0  
  1626877423 479093883 0  
  1626877424 479093883 0  
  1626877425 479093883 0  
  1626877426 479093883 0  
  1626877427 479093883 0  
 