 1626780566 463195352 0  
  1626780567 463195352 0  
  1626780568 463195352 0  
  1626780569 463195352 0  
  1626780570 463195352 0  
  1626780571 463195352 0  
  1626780572 463195352 0  
  1626780573 463195444 0  
  1626780574 463195444 0  
  1626780576 463195444 0  
  1626780577 463195444 0  
  1626780578 463195444 0  
  1626780579 463195444 0  
  1626780580 463195444 0  
  1626780581 463195444 0  
  1626780582 463195444 0  
  1626780583 463195444 0  
  1626780584 463195444 0  
  1626780585 463195444 0  
  1626780586 463195444 0  
  1626780587 463195444 0  
  1626780588 463195444 0  
  1626780589 463195444 0  
  1626780590 463195444 0  
  1626780591 463195444 0  
  1626780592 463195444 0  
  1626780593 463195444 0  
  1626780594 463195444 0  
  1626780595 463195444 0  
  1626780596 463195444 0  
  1626780597 463195444 0  
  1626780598 463195444 0  
  1626780599 463195444 0  
  1626780600 463195444 0  
  1626780601 463195444 0  
  1626780602 463195444 0  
  1626780603 463199753 0  
  1626780604 463200077 0  
  1626780605 463200077 0  
  1626780606 463200785 0  
  1626780607 463200785 0  
  1626780608 463200785 0  
  1626780609 463200785 0  
  1626780610 463200785 0  
  1626780611 463200785 0  
  1626780612 463200785 0  
  1626780613 463200785 0  
  1626780615 463200785 0  
  1626780616 463200785 0  
  1626780617 463200785 0  
  1626780618 463205094 0  
  1626780619 463205562 0  
  1626780620 463212636 0  
  1626780621 463216032 0  
  1626780622 463216672 0  
  1626780623 463216672 0  
  1626780624 463216672 0  
  1626780625 463216672 0  
  1626780626 463216672 0  
  1626780627 463216672 0  
  1626780628 463216672 0  
  1626780629 463216672 0  
  1626780630 463216672 0  
  1626780631 463216672 0  
  1626780632 463216672 0  
  1626780633 463216672 0  
  1626780634 463216672 0  
  1626780635 463216672 0  
  1626780636 463216672 0  
  1626780637 463217029 0  
  1626780638 463217121 0  
  1626780639 463217121 0  
  1626780640 463217121 0  
  1626780641 463217121 0  
  1626780642 463217121 0  
  1626780643 463217121 0  
  1626780644 463217121 0  
  1626780645 463217121 0  
  1626780646 463217121 0  
  1626780647 463217121 0  
  1626780648 463217121 0  
  1626780649 463217121 0  
  1626780650 463217121 0  
  1626780651 463217121 0  
  1626780652 463217121 0  
  1626780653 463217121 0  
  1626780655 463217121 0  
  1626780656 463217121 0  
  1626780657 463217121 0  
  1626780658 463217121 0  
  1626780659 463217121 0  
  1626780660 463217121 0  
  1626780661 463217121 0  
  1626780662 463217121 0  
  1626780663 463217121 0  
  1626780664 463217121 0  
  1626780665 463223025 0  
  1626780666 463223433 0  
  1626780667 463223433 0  
  1626780668 463223937 0  
  1626780669 463223937 0  
  1626780670 463223937 0  
  1626780671 463223937 0  
  1626780672 463223937 0  
  1626780673 463223937 0  
  1626780674 463223937 0  
  1626780675 463223937 0  
  1626780676 463223937 0  
  1626780677 463223937 0  
  1626780678 463223937 0  
  1626780679 463223937 0  
  1626780680 463223937 0  
  1626780681 463223937 0  
  1626780682 463223937 0  
  1626780683 463223937 0  
  1626780684 463223937 0  
  1626780685 463223937 0  
  1626780686 463223937 0  
  1626780687 463223937 0  
  1626780688 463223937 0  
  1626780689 463223937 0  
  1626780690 463223937 0  
  1626780691 463223937 0  
  1626780692 463223937 0  
  1626780693 463223937 0  
  1626780695 463223937 0  
  1626780696 463223937 0  
  1626780697 463223937 0  
  1626780698 463223937 0  
  1626780699 463223937 0  
  1626780700 463223937 0  
  1626780701 463223937 0  
  1626780702 463223937 0  
  1626780703 463224029 0  
  1626780704 463224367 0  
  1626780705 463224367 0  
  1626780706 463224367 0  
  1626780707 463224367 0  
  1626780708 463224367 0  
  1626780709 463224367 0  
  1626780710 463224367 0  
  1626780711 463224367 0  
  1626780712 463224367 0  
  1626780713 463224367 0  
  1626780714 463224367 0  
  1626780715 463224367 0  
  1626780716 463224367 0  
  1626780717 463224367 0  
  1626780718 463224367 0  
  1626780719 463224367 0  
  1626780720 463224367 0  
  1626780721 463224367 0  
  1626780722 463224367 0  
  1626780723 463224367 0  
  1626780724 463224367 0  
  1626780725 463224367 0  
  1626780726 463224367 0  
  1626780727 463224367 0  
  1626780728 463224367 0  
  1626780729 463224367 0  
  1626780730 463224367 0  
  1626780731 463224367 0  
  1626780732 463224367 0  
  1626780733 463224367 0  
  1626780735 463224367 0  
  1626780736 463224367 0  
  1626780737 463224367 0  
  1626780738 463224367 0  
  1626780739 463224367 0  
  1626780740 463224367 0  
  1626780741 463224367 0  
  1626780742 463224367 0  
  1626780743 463224367 0  
  1626780744 463224367 0  
  1626780745 463224367 0  
  1626780746 463224367 0  
  1626780747 463224367 0  
  1626780748 463224705 0  
  1626780749 463224705 0  
  1626780750 463224705 0  
  1626780751 463224705 0  
  1626780752 463224705 0  
  1626780753 463224705 0  
  1626780754 463224705 0  
  1626780755 463224705 0  
  1626780756 463224705 0  
  1626780757 463224705 0  
  1626780758 463224705 0  
  1626780759 463224705 0  
  1626780760 463224705 0  
  1626780761 463224705 0  
  1626780762 463224705 0  
  1626780763 463224705 0  
  1626780764 463224705 0  
  1626780765 463224705 0  
  1626780766 463224849 0  
  1626780767 463229430 0  
  1626780768 463229430 0  
  1626780769 463230070 0  
  1626780770 463230070 0  
  1626780771 463230070 0  
  1626780772 463230070 0  
  1626780774 463230070 0  
  1626780775 463230070 0  
  1626780776 463230070 0  
  1626780777 463230070 0  
  1626780778 463230070 0  
  1626780779 463230070 0  
  1626780780 463230070 0  
  1626780781 463230070 0  
  1626780782 463230070 0  
  1626780783 463230070 0  
  1626780784 463230070 0  
  1626780785 463230070 0  
  1626780786 463230070 0  
  1626780787 463230070 0  
  1626780788 463230070 0  
  1626780789 463230070 0  
  1626780790 463230070 0  
  1626780791 463230070 0  
  1626780792 463230070 0  
  1626780793 463230070 0  
  1626780794 463230070 0  
  1626780795 463230162 0  
  1626780796 463230162 0  
  1626780797 463230162 0  
  1626780798 463230162 0  
  1626780799 463230162 0  
  1626780800 463230162 0  
  1626780801 463230162 0  
  1626780802 463230162 0  
  1626780803 463230162 0  
  1626780804 463230162 0  
  1626780805 463230162 0  
  1626780806 463230162 0  
  1626780807 463230162 0  
  1626780808 463230162 0  
  1626780809 463230162 0  
  1626780810 463230162 0  
  1626780811 463230162 0  
  1626780812 463230162 0  
  1626780814 463230162 0  
  1626780815 463230162 0  
  1626780816 463230162 0  
  1626780817 463230162 0  
  1626780818 463230162 0  
  1626780819 463230162 0  
  1626780820 463230162 0  
  1626780821 463230162 0  
  1626780822 463230162 0  
  1626780823 463230162 0  
  1626780824 463230162 0  
  1626780825 463230162 0  
  1626780826 463230162 0  
  1626780827 463230162 0  
  1626780828 463230162 0  
  1626780829 463230162 0  
  1626780830 463230162 0  
  1626780831 463230162 0  
  1626780832 463230254 0  
  1626780833 463230254 0  
  1626780834 463230254 0  
  1626780835 463230254 0  
  1626780836 463230254 0  
  1626780837 463230254 0  
  1626780838 463230254 0  
  1626780839 463230254 0  
  1626780840 463230254 0  
  1626780841 463230254 0  
  1626780842 463230254 0  
  1626780843 463230254 0  
  1626780844 463230254 0  
  1626780845 463230254 0  
  1626780846 463230254 0  
  1626780847 463230254 0  
  1626780848 463230254 0  
  1626780849 463230254 0  
  1626780850 463230254 0  
  1626780851 463230254 0  
  1626780852 463230254 0  
  1626780854 463230254 0  
  1626780855 463230254 0  
  1626780856 463230254 0  
  1626780857 463230254 0  
  1626780858 463230254 0  
  1626780859 463230254 0  
  1626780860 463230254 0  
  1626780861 463230254 0  
  1626780862 463230254 0  
  1626780863 463230254 0  
  1626780864 463230254 0  
  1626780865 463230254 0  
  1626780866 463230912 0  
  1626780867 463230912 0  
  1626780868 463230912 0  
  1626780869 463230912 0  
  1626780870 463230912 0  
  1626780871 463230912 0  
  1626780872 463230912 0  
  1626780873 463230912 0  
  1626780874 463230912 0  
  1626780875 463230912 0  
  1626780876 463230912 0  
  1626780877 463230912 0  
  1626780878 463230912 0  
  1626780879 463230912 0  
  1626780880 463230912 0  
  1626780881 463230912 0  
  1626780882 463230912 0  
  1626780883 463230912 0  
  1626780884 463230912 0  
  1626780885 463230912 0  
  1626780886 463230912 0  
  1626780887 463230912 0  
  1626780888 463230912 0  
  1626780889 463230912 0  
  1626780890 463230912 0  
  1626780891 463230912 0  
  1626780893 463230912 0  
  1626780894 463230912 0  
  1626780895 463230912 0  
  1626780896 463230912 0  
  1626780897 463230912 0  
  1626780898 463231342 0  
  1626780899 463231342 0  
  1626780900 463231342 0  
  1626780901 463231342 0  
  1626780902 463231342 0  
  1626780903 463231342 0  
  1626780904 463235651 0  
  1626780905 463235975 0  
  1626780906 463236683 0  
  1626780907 463236683 0  
  1626780908 463236683 0  
  1626780909 463236683 0  
  1626780910 463236683 0  
  1626780911 463236683 0  
  1626780912 463236683 0  
  1626780913 463236683 0  
  1626780914 463236683 0  
  1626780915 463236683 0  
  1626780916 463236683 0  
  1626780917 463240992 0  
  1626780918 463241316 0  
  1626780919 463246521 0  
  1626780920 463251222 0  
  1626780921 463251930 0  
  1626780922 463252638 0  
  1626780923 463252638 0  
  1626780924 463252638 0  
  1626780925 463252638 0  
  1626780926 463252638 0  
  1626780927 463252638 0  
  1626780928 463252638 0  
  1626780929 463252638 0  
  1626780930 463252638 0  
  1626780932 463252638 0  
  1626780933 463252638 0  
  1626780934 463252638 0  
  1626780935 463252638 0  
  1626780936 463252638 0  
  1626780937 463252995 0  
  1626780938 463252995 0  
  1626780939 463252995 0  
  1626780940 463252995 0  
  1626780941 463252995 0  
  1626780942 463252995 0  
  1626780943 463252995 0  
  1626780944 463252995 0  
  1626780945 463252995 0  
  1626780946 463252995 0  
  1626780947 463252995 0  
  1626780948 463252995 0  
  1626780949 463252995 0  
  1626780950 463252995 0  
  1626780951 463252995 0  
 