 1626887785 478571310 0  
  1626887786 478571310 0  
  1626887788 478571310 0  
  1626887789 478571310 0  
  1626887790 478571310 0  
  1626887791 478571310 0  
  1626887792 478571310 0  
  1626887793 478571310 0  
  1626887794 478571310 0  
  1626887795 478571310 0  
  1626887796 478571310 0  
  1626887797 478571310 0  
  1626887798 478571310 0  
  1626887799 478571648 0  
  1626887800 478571648 0  
  1626887801 478571648 0  
  1626887802 478571648 0  
  1626887803 478571648 0  
  1626887804 478571648 0  
  1626887805 478571648 0  
  1626887806 478571648 0  
  1626887807 478571648 0  
  1626887808 478571648 0  
  1626887809 478571648 0  
  1626887810 478571648 0  
  1626887811 478571648 0  
  1626887812 478571648 0  
  1626887813 478571648 0  
  1626887814 478571648 0  
  1626887815 478571648 0  
  1626887816 478571648 0  
  1626887817 478571648 0  
  1626887818 478571648 0  
  1626887819 478571648 0  
  1626887820 478571648 0  
  1626887821 478571648 0  
  1626887822 478571648 0  
  1626887823 478571648 0  
  1626887824 478571648 0  
  1626887825 478571648 0  
  1626887827 478571648 0  
  1626887828 478571648 0  
  1626887829 478571648 0  
  1626887830 478571648 0  
  1626887831 478571648 0  
  1626887832 478571648 0  
  1626887833 478571648 0  
  1626887834 478571740 0  
  1626887835 478571740 0  
  1626887836 478571740 0  
  1626887837 478571740 0  
  1626887838 478571740 0  
  1626887839 478571740 0  
  1626887840 478571740 0  
  1626887841 478571740 0  
  1626887842 478571740 0  
  1626887843 478571740 0  
  1626887844 478571740 0  
  1626887845 478571740 0  
  1626887846 478571740 0  
  1626887847 478571740 0  
  1626887848 478571740 0  
  1626887849 478571740 0  
  1626887850 478571740 0  
  1626887851 478571740 0  
  1626887852 478571740 0  
  1626887853 478571740 0  
  1626887854 478571740 0  
  1626887855 478571740 0  
  1626887856 478571740 0  
  1626887857 478571740 0  
  1626887858 478571740 0  
  1626887859 478571740 0  
  1626887860 478571740 0  
  1626887861 478571740 0  
  1626887862 478571740 0  
  1626887863 478571740 0  
  1626887864 478571740 0  
  1626887866 478571740 0  
  1626887867 478571740 0  
  1626887868 478571740 0  
  1626887869 478571740 0  
  1626887870 478573617 0  
  1626887871 478576373 0  
  1626887872 478576373 0  
  1626887873 478577081 0  
  1626887874 478577081 0  
  1626887875 478577081 0  
  1626887876 478577081 0  
  1626887877 478577081 0  
  1626887878 478577081 0  
  1626887879 478577081 0  
  1626887880 478577081 0  
  1626887881 478577081 0  
  1626887882 478577081 0  
  1626887883 478577081 0  
  1626887884 478577081 0  
  1626887885 478577081 0  
  1626887886 478577081 0  
  1626887887 478577081 0  
  1626887888 478577081 0  
  1626887889 478577081 0  
  1626887890 478577081 0  
  1626887891 478577081 0  
  1626887892 478577081 0  
  1626887893 478577081 0  
  1626887894 478577081 0  
  1626887895 478577081 0  
  1626887896 478577081 0  
  1626887897 478577081 0  
  1626887898 478577081 0  
  1626887899 478577081 0  
  1626887900 478577081 0  
  1626887901 478577081 0  
  1626887902 478577081 0  
  1626887903 478577081 0  
  1626887905 478577081 0  
  1626887906 478577081 0  
  1626887907 478577081 0  
  1626887908 478577081 0  
  1626887909 478577081 0  
  1626887910 478577081 0  
  1626887911 478577081 0  
  1626887912 478577081 0  
  1626887913 478577081 0  
  1626887914 478577081 0  
  1626887915 478577081 0  
  1626887916 478577081 0  
  1626887917 478577081 0  
  1626887918 478577081 0  
  1626887919 478577081 0  
  1626887920 478577081 0  
  1626887921 478577081 0  
  1626887922 478577081 0  
  1626887923 478577081 0  
  1626887924 478577081 0  
  1626887925 478577081 0  
  1626887926 478577081 0  
  1626887927 478577081 0  
  1626887928 478577081 0  
  1626887929 478577081 0  
  1626887930 478577081 0  
  1626887931 478577081 0  
  1626887932 478577081 0  
  1626887933 478577081 0  
  1626887934 478577081 0  
  1626887935 478577081 0  
  1626887936 478577081 0  
  1626887937 478577081 0  
  1626887938 478577081 0  
  1626887939 478577081 0  
  1626887940 478577081 0  
  1626887941 478577081 0  
  1626887942 478577081 0  
  1626887944 478577081 0  
  1626887945 478577081 0  
  1626887946 478577081 0  
  1626887947 478577081 0  
  1626887948 478577081 0  
  1626887949 478577081 0  
  1626887950 478577081 0  
  1626887951 478577081 0  
  1626887952 478577081 0  
  1626887953 478577081 0  
  1626887954 478577081 0  
  1626887955 478577081 0  
  1626887956 478577081 0  
  1626887957 478577081 0  
  1626887958 478577081 0  
  1626887959 478577081 0  
  1626887960 478577081 0  
  1626887961 478577081 0  
  1626887962 478577081 0  
  1626887963 478577511 0  
  1626887964 478577511 0  
  1626887965 478577511 0  
  1626887966 478577511 0  
  1626887967 478577511 0  
  1626887968 478578107 0  
  1626887969 478578107 0  
  1626887970 478578107 0  
  1626887971 478578107 0  
  1626887972 478578107 0  
  1626887973 478578107 0  
  1626887974 478578107 0  
  1626887975 478578107 0  
  1626887976 478578107 0  
  1626887977 478578107 0  
  1626887978 478578107 0  
  1626887979 478578107 0  
  1626887980 478578107 0  
  1626887982 478578107 0  
  1626887983 478578107 0  
  1626887984 478578107 0  
  1626887985 478578107 0  
  1626887986 478578107 0  
  1626887987 478578107 0  
  1626887988 478578107 0  
  1626887989 478578107 0  
  1626887990 478578107 0  
  1626887991 478578107 0  
  1626887992 478578107 0  
  1626887993 478578107 0  
  1626887994 478578107 0  
  1626887995 478578107 0  
  1626887996 478578107 0  
  1626887997 478578107 0  
  1626887998 478578107 0  
  1626887999 478578107 0  
  1626888000 478578107 0  
  1626888001 478578107 0  
  1626888002 478578107 0  
  1626888003 478578107 0  
  1626888004 478578107 0  
  1626888005 478578107 0  
  1626888006 478578107 0  
  1626888007 478578107 0  
  1626888008 478578107 0  
  1626888009 478578199 0  
  1626888010 478578199 0  
  1626888011 478578199 0  
  1626888012 478578199 0  
  1626888013 478578199 0  
  1626888014 478578199 0  
  1626888015 478578199 0  
  1626888016 478578199 0  
  1626888017 478578199 0  
  1626888018 478578199 0  
  1626888019 478578199 0  
  1626888021 478578199 0  
  1626888022 478578199 0  
  1626888023 478578199 0  
  1626888024 478578199 0  
  1626888025 478578199 0  
  1626888026 478578199 0  
  1626888027 478578199 0  
  1626888028 478578199 0  
  1626888029 478578199 0  
  1626888030 478578199 0  
  1626888031 478578199 0  
  1626888032 478578199 0  
  1626888033 478578199 0  
  1626888034 478578556 0  
  1626888035 478578556 0  
  1626888036 478578556 0  
  1626888037 478578556 0  
  1626888038 478578556 0  
  1626888039 478578556 0  
  1626888040 478578556 0  
  1626888041 478583189 0  
  1626888042 478583189 0  
  1626888043 478583897 0  
  1626888044 478588206 0  
  1626888045 478588530 0  
  1626888046 478589102 0  
  1626888047 478589102 0  
  1626888048 478589102 0  
  1626888049 478593735 0  
  1626888050 478598368 0  
  1626888051 478599076 0  
  1626888052 478599784 0  
  1626888053 478599784 0  
  1626888054 478599784 0  
  1626888055 478599784 0  
  1626888056 478599784 0  
  1626888057 478599784 0  
  1626888058 478599784 0  
  1626888060 478599784 0  
  1626888061 478599784 0  
  1626888062 478599784 0  
  1626888063 478599784 0  
  1626888064 478599784 0  
  1626888065 478599784 0  
  1626888066 478599784 0  
  1626888067 478599784 0  
  1626888068 478599784 0  
  1626888069 478599784 0  
  1626888070 478599784 0  
  1626888071 478599784 0  
  1626888072 478599784 0  
  1626888073 478599784 0  
  1626888074 478599784 0  
  1626888075 478599784 0  
  1626888076 478599784 0  
  1626888077 478599784 0  
  1626888078 478599784 0  
  1626888079 478599784 0  
  1626888080 478599784 0  
  1626888081 478599784 0  
  1626888082 478599784 0  
  1626888083 478599784 0  
  1626888084 478599784 0  
  1626888085 478599784 0  
  1626888086 478599784 0  
  1626888087 478599784 0  
  1626888088 478599784 0  
  1626888089 478599784 0  
  1626888090 478599784 0  
  1626888091 478599876 0  
  1626888092 478599876 0  
  1626888093 478599876 0  
  1626888094 478599876 0  
  1626888095 478599876 0  
  1626888096 478599876 0  
  1626888097 478599876 0  
  1626888099 478599876 0  
  1626888100 478599876 0  
  1626888101 478599876 0  
  1626888102 478599876 0  
  1626888103 478599876 0  
  1626888104 478599876 0  
  1626888105 478599876 0  
  1626888106 478599876 0  
  1626888107 478599876 0  
  1626888108 478599876 0  
 