 1626885653 474902448 240256  
  1626885654 474902526 240256  
  1626885655 474902526 240256  
  1626885656 474902526 240256  
  1626885657 474902526 240256  
  1626885658 474902526 240256  
  1626885659 474902526 240256  
  1626885660 474902526 240256  
  1626885661 474902526 240256  
  1626885662 474902618 240256  
  1626885663 474902618 240256  
  1626885664 474902618 240256  
  1626885665 474902618 240256  
  1626885666 474902618 240256  
  1626885667 474902618 240256  
  1626885668 474902618 240256  
  1626885669 474902618 240256  
  1626885670 474902618 240256  
  1626885671 474902618 240256  
  1626885672 474902618 240256  
  1626885673 474902618 240256  
  1626885674 474902618 240256  
  1626885675 474902618 240256  
  1626885676 474902618 240256  
  1626885677 474902618 240256  
  1626885678 474902618 240256  
  1626885679 474902618 240256  
  1626885680 474902618 240256  
  1626885681 474902618 240256  
  1626885682 474902618 240256  
  1626885684 474902618 240256  
  1626885685 474902618 240256  
  1626885686 474902618 240256  
  1626885687 474902618 240256  
  1626885688 474902618 240256  
  1626885689 474902618 240256  
  1626885690 474902618 240256  
  1626885691 474902618 240256  
  1626885692 474902618 240256  
  1626885693 474902618 240256  
  1626885694 474902618 240256  
  1626885695 474902618 240256  
  1626885696 474902618 240256  
  1626885697 474902618 240256  
  1626885698 474902618 240256  
  1626885699 474902618 240256  
  1626885700 474902618 240256  
  1626885701 474902618 240256  
  1626885702 474902618 240256  
  1626885703 474902618 240256  
  1626885704 474902618 240256  
  1626885705 474902618 240256  
  1626885706 474902618 240256  
  1626885707 474902618 240256  
  1626885708 474902618 240256  
  1626885709 474902618 240256  
  1626885710 474902618 240256  
  1626885711 474902618 240256  
  1626885712 474902618 240256  
  1626885713 474902618 240256  
  1626885714 474902618 240256  
  1626885715 474902618 240256  
  1626885716 474902618 240256  
  1626885717 474902618 240256  
  1626885718 474902618 240256  
  1626885719 474902618 240256  
  1626885720 474902618 240256  
  1626885721 474902618 240256  
  1626885722 474902618 240256  
  1626885724 474902618 240256  
  1626885725 474902618 240256  
  1626885726 474902618 240256  
  1626885727 474902618 240256  
  1626885728 474902710 240256  
  1626885729 474902710 240256  
  1626885730 474902710 240256  
  1626885731 474902710 240256  
  1626885732 474902710 240256  
  1626885733 474902710 240256  
  1626885734 474902710 240256  
  1626885735 474902710 240256  
  1626885736 474902710 240256  
  1626885737 474902710 240256  
  1626885738 474902710 240256  
  1626885739 474902710 240256  
  1626885740 474902710 240256  
  1626885741 474902710 240256  
  1626885742 474902710 240256  
  1626885743 474902710 240256  
  1626885744 474902710 240256  
  1626885745 474902710 240256  
  1626885746 474902710 240256  
  1626885747 474902710 240256  
  1626885748 474902710 240256  
  1626885749 474902710 240256  
  1626885750 474902710 240256  
  1626885751 474902710 240256  
  1626885752 474902710 240256  
  1626885753 474902710 240256  
  1626885754 474902710 240256  
  1626885755 474902710 240256  
  1626885756 474902710 240256  
  1626885757 474902710 240256  
  1626885758 474902710 240256  
  1626885759 474902710 240256  
  1626885760 474902710 240256  
  1626885761 474902710 240256  
  1626885762 474902802 240256  
  1626885764 474902802 240256  
  1626885765 474902802 240256  
  1626885766 474902802 240256  
  1626885767 474902802 240256  
  1626885768 474905699 240256  
  1626885769 474908099 240256  
  1626885770 474908099 240256  
  1626885771 474908807 240256  
  1626885772 474908807 240256  
  1626885773 474908807 240256  
  1626885774 474908807 240256  
  1626885775 474909963 240256  
  1626885776 474909963 240256  
  1626885777 474909963 240256  
  1626885778 474909963 240256  
  1626885779 474909963 240256  
  1626885780 474909963 240256  
  1626885781 474909963 240256  
  1626885782 474909963 240256  
  1626885783 474909963 240256  
  1626885784 474909963 240256  
  1626885785 474909963 240256  
  1626885786 474909963 240256  
  1626885787 474909963 240256  
  1626885788 474909963 240256  
  1626885789 474909963 240256  
  1626885790 474909963 240256  
  1626885791 474910055 240256  
  1626885792 474910055 240256  
  1626885793 474910055 240256  
  1626885794 474910055 240256  
  1626885795 474910055 240256  
  1626885796 474910055 240256  
  1626885797 474910055 240256  
  1626885798 474910055 240256  
  1626885799 474910055 240256  
  1626885800 474910055 240256  
  1626885801 474910055 240256  
  1626885802 474910055 240256  
  1626885804 474910055 240256  
  1626885805 474910055 240256  
  1626885806 474910055 240256  
  1626885807 474910055 240256  
  1626885808 474910055 240256  
  1626885809 474910055 240256  
  1626885810 474910055 240256  
  1626885811 474910055 240256  
  1626885812 474910055 240256  
  1626885813 474910055 240256  
  1626885814 474910055 240256  
  1626885815 474910055 240256  
  1626885816 474910055 240256  
  1626885817 474910055 240256  
  1626885818 474910055 240256  
  1626885819 474910055 240256  
  1626885820 474910055 240256  
  1626885821 474910055 240256  
  1626885822 474910055 240256  
  1626885823 474910055 240256  
  1626885824 474910055 240256  
  1626885825 474910055 240256  
  1626885826 474910055 240256  
  1626885827 474910055 240256  
  1626885828 474910055 240256  
  1626885829 474910055 240256  
  1626885830 474910055 240256  
  1626885831 474910055 240256  
  1626885832 474910055 240256  
  1626885833 474910055 240256  
  1626885834 474910055 240256  
  1626885835 474910055 240256  
  1626885836 474910055 240256  
  1626885837 474910055 240256  
  1626885838 474910055 240256  
  1626885839 474910055 240256  
  1626885840 474910055 240256  
  1626885841 474910055 240256  
  1626885842 474910055 240256  
  1626885844 474910055 240256  
  1626885845 474910055 240256  
  1626885846 474910055 240256  
  1626885847 474910055 240256  
  1626885848 474910055 240256  
  1626885849 474910055 240256  
  1626885850 474910055 240256  
  1626885851 474910055 240256  
  1626885852 474910055 240256  
  1626885853 474910055 240256  
  1626885854 474910055 240256  
  1626885855 474910055 240256  
  1626885856 474910055 240256  
  1626885857 474910147 240256  
  1626885858 474910147 240256  
  1626885859 474910147 240256  
  1626885860 474910147 240256  
  1626885861 474910147 240256  
  1626885862 474910147 240256  
  1626885863 474910147 240256  
  1626885864 474910147 240256  
  1626885865 474910147 240256  
  1626885866 474910147 240256  
  1626885867 474910147 240256  
  1626885868 474910147 240256  
  1626885869 474910147 240256  
  1626885870 474910147 240256  
  1626885871 474910147 240256  
  1626885872 474910147 240256  
  1626885873 474910147 240256  
  1626885874 474910147 240256  
  1626885875 474910147 240256  
  1626885876 474910147 240256  
  1626885877 474910147 240256  
  1626885878 474910147 240256  
  1626885879 474910147 240256  
  1626885880 474910147 240256  
  1626885881 474910147 240256  
  1626885882 474910147 240256  
  1626885883 474910147 240256  
  1626885885 474910147 240256  
  1626885886 474910147 240256  
  1626885887 474910147 240256  
  1626885888 474910147 240256  
  1626885889 474910147 240256  
  1626885890 474910147 240256  
  1626885891 474910147 240256  
  1626885892 474910147 240256  
  1626885893 474910239 240256  
  1626885894 474910239 240256  
  1626885895 474910239 240256  
  1626885896 474910239 240256  
  1626885897 474910239 240256  
  1626885898 474910239 240256  
  1626885899 474910239 240256  
  1626885900 474910239 240256  
  1626885901 474910239 240256  
  1626885902 474910239 240256  
  1626885903 474910239 240256  
  1626885904 474910239 240256  
  1626885905 474910239 240256  
  1626885906 474910239 240256  
  1626885907 474910239 240256  
  1626885908 474910239 240256  
  1626885909 474910239 240256  
  1626885910 474910239 240256  
  1626885911 474910239 240256  
  1626885912 474910239 240256  
  1626885913 474910239 240256  
  1626885914 474910239 240256  
  1626885915 474910239 240256  
  1626885916 474910239 240256  
  1626885917 474910239 240256  
  1626885918 474910239 240256  
  1626885919 474910239 240256  
  1626885920 474910239 240256  
  1626885921 474910331 240256  
  1626885922 474910331 240256  
  1626885923 474910331 240256  
  1626885925 474910331 240256  
  1626885926 474910331 240256  
  1626885927 474910331 240256  
  1626885928 474910331 240256  
  1626885929 474910331 240256  
  1626885930 474910331 240256  
  1626885931 474910688 240256  
  1626885932 474910688 240256  
  1626885933 474910688 240256  
  1626885934 474910688 240256  
  1626885935 474910688 240256  
  1626885936 474910688 240256  
  1626885937 474910688 240256  
  1626885938 474914997 240256  
  1626885939 474915321 240256  
  1626885940 474915321 240256  
  1626885941 474915961 240256  
  1626885942 474915961 240256  
  1626885943 474920594 240256  
  1626885944 474920594 240256  
  1626885945 474921302 240256  
  1626885946 474921302 240256  
  1626885947 474928508 240256  
  1626885948 474930568 240256  
  1626885949 474931984 240256  
  1626885950 474931984 240256  
  1626885951 474931984 240256  
  1626885952 474931984 240256  
  1626885953 474931984 240256  
  1626885954 474931984 240256  
  1626885955 474931984 240256  
  1626885956 474931984 240256  
  1626885957 474931984 240256  
  1626885958 474931984 240256  
  1626885959 474931984 240256  
  1626885960 474931984 240256  
  1626885961 474931984 240256  
  1626885962 474931984 240256  
  1626885963 474931984 240256  
  1626885964 474931984 240256  
  1626885966 474931984 240256  
  1626885967 474931984 240256  
  1626885968 474931984 240256  
  1626885969 474932580 240256  
  1626885970 474932580 240256  
  1626885971 474932580 240256  
  1626885972 474932580 240256  
  1626885973 474932580 240256  
  1626885974 474932580 240256  
  1626885975 474932580 240256  
  1626885976 474932580 240256  
  1626885977 474932580 240256  
  1626885978 474932580 240256  
  1626885979 474932580 240256  
  1626885980 474932580 240256  
  1626885981 474932580 240256  
  1626885982 474932580 240256  
  1626885983 474932580 240256  
  1626885984 474932580 240256  
  1626885985 474932672 240256  
  1626885986 474932672 240256  
  1626885987 474932672 240256  
  1626885988 474932672 240256  
  1626885989 474932672 240256  
  1626885990 474932672 240256  
  1626885991 474932672 240256  
  1626885992 474932672 240256  
  1626885993 474932672 240256  
  1626885994 474932672 240256  
  1626885995 474932672 240256  
  1626885996 474932672 240256  
  1626885997 474932672 240256  
  1626885998 474932672 240256  
  1626885999 474932672 240256  
  1626886000 474932672 240256  
  1626886001 474932672 240256  
  1626886002 474932672 240256  
  1626886003 474932672 240256  
  1626886004 474932672 240256  
  1626886006 474932672 240256  
  1626886007 474932672 240256  
  1626886008 474932672 240256  
  1626886009 474932672 240256  
  1626886010 474932672 240256  
  1626886011 474932672 240256  
  1626886012 474932672 240256  
  1626886013 474932672 240256  
  1626886014 474932672 240256  
  1626886015 474932672 240256  
  1626886016 474932672 240256  
  1626886017 474932672 240256  
  1626886018 474932672 240256  
  1626886019 474932672 240256  
  1626886020 474932672 240256  
  1626886021 474932672 240256  
  1626886022 474932764 240256  
  1626886023 474932764 240256  
  1626886024 474932764 240256  
  1626886025 474932764 240256  
  1626886026 474932764 240256  
  1626886027 474932764 240256  
  1626886028 474932764 240256  
  1626886029 474932764 240256  
  1626886030 474932764 240256  
  1626886031 474932764 240256  
  1626886032 474932764 240256  
  1626886033 474932764 240256  
  1626886034 474932764 240256  
  1626886035 474932764 240256  
  1626886036 474932764 240256  
  1626886037 474932764 240256  
  1626886038 474932764 240256  
  1626886039 474932764 240256  
  1626886040 474932764 240256  
  1626886041 474932764 240256  
  1626886042 474932764 240256  
  1626886043 474932764 240256  
  1626886044 474932764 240256  
  1626886046 474932764 240256  
  1626886047 474932764 240256  
  1626886048 474932764 240256  
  1626886049 474932764 240256  
  1626886050 474932856 240256  
  1626886051 474932856 240256  
  1626886052 474932856 240256  
  1626886053 474932856 240256  
  1626886054 474932856 240256  
  1626886055 474932856 240256  
  1626886056 474932856 240256  
  1626886057 474932856 240256  
  1626886058 474932856 240256  
  1626886059 474932856 240256  
  1626886060 474932912 240256  
  1626886061 474932912 240256  
  1626886062 474932912 240256  
  1626886063 474932912 240256  
  1626886064 474932912 240256  
  1626886065 474932912 240256  
  1626886066 474932912 240256  
  1626886067 474932912 240256  
  1626886068 474937221 240256  
  1626886069 474937545 240256  
  1626886070 474938253 240256  
  1626886071 474938253 240256  
  1626886072 474938253 240256  
  1626886073 474938253 240256  
  1626886074 474938253 240256  
  1626886075 474938253 240256  
  1626886076 474938253 240256  
  1626886077 474938253 240256  
  1626886078 474938253 240256  
  1626886079 474938253 240256  
  1626886080 474938253 240256  
  1626886081 474938253 240256  
  1626886082 474938253 240256  
  1626886083 474938253 240256  
  1626886084 474938253 240256  
  1626886085 474938253 240256  
  1626886087 474938253 240256  
  1626886088 474938253 240256  
  1626886089 474938253 240256  
  1626886090 474938253 240256  
  1626886091 474938253 240256  
  1626886092 474938253 240256  
  1626886093 474938253 240256  
  1626886094 474938253 240256  
  1626886095 474938253 240256  
  1626886096 474938253 240256  
  1626886097 474938253 240256  
  1626886098 474938253 240256  
  1626886099 474938253 240256  
  1626886100 474938253 240256  
  1626886101 474938253 240256  
  1626886102 474938253 240256  
  1626886103 474938253 240256  
  1626886104 474938253 240256  
  1626886105 474938253 240256  
  1626886106 474938253 240256  
  1626886107 474938253 240256  
  1626886108 474938253 240256  
  1626886109 474938253 240256  
  1626886110 474938253 240256  
  1626886111 474938253 240256  
  1626886112 474938253 240256  
  1626886113 474938253 240256  
  1626886114 474938253 240256  
  1626886115 474938345 240256  
  1626886116 474938345 240256  
  1626886117 474938345 240256  
  1626886118 474938345 240256  
  1626886119 474938345 240256  
  1626886120 474938345 240256  
 