 1626397232 412952220 0  
  1626397233 412952220 0  
  1626397234 412952220 0  
  1626397235 412952220 0  
  1626397236 412952220 0  
  1626397237 412952577 0  
  1626397238 412952577 0  
  1626397239 412952577 0  
  1626397240 412952577 0  
  1626397242 412952577 0  
  1626397243 412952577 0  
  1626397244 412952577 0  
  1626397245 412952577 0  
  1626397246 412952577 0  
  1626397247 412952577 0  
  1626397248 412952577 0  
  1626397249 412952577 0  
  1626397250 412952577 0  
  1626397251 412952577 0  
  1626397252 412952577 0  
  1626397253 412952577 0  
  1626397254 412952577 0  
  1626397255 412952577 0  
  1626397256 412952577 0  
  1626397257 412952577 0  
  1626397258 412952577 0  
  1626397259 412952577 0  
  1626397260 412952577 0  
  1626397261 412952577 0  
  1626397262 412952577 0  
  1626397263 412952577 0  
  1626397264 412957022 0  
  1626397265 412957430 0  
  1626397266 412957430 0  
  1626397267 412957934 0  
  1626397268 412957934 0  
  1626397269 412957934 0  
  1626397270 412957934 0  
  1626397271 412957934 0  
  1626397272 412957934 0  
  1626397273 412957934 0  
  1626397274 412957934 0  
  1626397275 412957934 0  
  1626397276 412957934 0  
  1626397277 412957934 0  
  1626397278 412957934 0  
  1626397279 412957934 0  
  1626397281 412957934 0  
  1626397282 412957934 0  
  1626397283 412957934 0  
  1626397284 412957934 0  
  1626397285 412957934 0  
  1626397286 412957934 0  
  1626397287 412957934 0  
  1626397288 412957934 0  
  1626397289 412957934 0  
  1626397290 412957934 0  
  1626397291 412957934 0  
  1626397292 412957934 0  
  1626397293 412957934 0  
  1626397294 412957934 0  
  1626397295 412957934 0  
  1626397296 412957934 0  
  1626397297 412957934 0  
  1626397298 412957934 0  
  1626397299 412957934 0  
  1626397300 412957934 0  
  1626397301 412957934 0  
  1626397302 412957934 0  
  1626397303 412957934 0  
  1626397304 412957934 0  
  1626397305 412957934 0  
  1626397306 412957934 0  
  1626397307 412957934 0  
  1626397308 412957934 0  
  1626397309 412957934 0  
  1626397310 412957934 0  
  1626397311 412957934 0  
  1626397312 412957934 0  
  1626397313 412957934 0  
  1626397314 412957934 0  
  1626397315 412957934 0  
  1626397316 412957934 0  
  1626397317 412957934 0  
  1626397318 412957934 0  
  1626397319 412957934 0  
  1626397321 412957934 0  
  1626397322 412957934 0  
  1626397323 412957934 0  
  1626397324 412957934 0  
  1626397325 412957934 0  
  1626397326 412957934 0  
  1626397327 412957934 0  
  1626397328 412957934 0  
  1626397329 412957934 0  
  1626397330 412957934 0  
  1626397331 412957934 0  
  1626397332 412957934 0  
  1626397333 412957934 0  
  1626397334 412957934 0  
  1626397335 412957934 0  
  1626397336 412957934 0  
  1626397337 412957934 0  
  1626397338 412957934 0  
  1626397339 412957934 0  
  1626397340 412957934 0  
  1626397341 412957934 0  
  1626397342 412957934 0  
  1626397343 412957934 0  
  1626397344 412957934 0  
  1626397345 412957934 0  
  1626397346 412957934 0  
  1626397347 412957934 0  
  1626397348 412957934 0  
  1626397349 412957934 0  
  1626397350 412957934 0  
  1626397351 412957934 0  
  1626397352 412957934 0  
  1626397353 412957934 0  
  1626397354 412957934 0  
  1626397355 412957934 0  
  1626397356 412957934 0  
  1626397357 412957934 0  
  1626397358 412957934 0  
  1626397360 412957934 0  
  1626397361 412958530 0  
  1626397362 412958530 0  
  1626397363 412958530 0  
  1626397364 412958530 0  
  1626397365 412958530 0  
  1626397366 412958530 0  
  1626397367 412963163 0  
  1626397368 412963163 0  
  1626397369 412963871 0  
  1626397370 412963871 0  
  1626397371 412963871 0  
  1626397372 412963871 0  
  1626397373 412963871 0  
  1626397374 412963871 0  
  1626397375 412963871 0  
  1626397376 412963871 0  
  1626397377 412963871 0  
  1626397378 412963871 0  
  1626397379 412963871 0  
  1626397380 412963871 0  
  1626397381 412963871 0  
  1626397382 412963871 0  
  1626397383 412963871 0  
  1626397384 412963871 0  
  1626397385 412963871 0  
  1626397386 412963871 0  
  1626397387 412963871 0  
  1626397388 412963871 0  
  1626397389 412963871 0  
  1626397390 412963871 0  
  1626397391 412963871 0  
  1626397392 412963871 0  
  1626397393 412963871 0  
  1626397394 412963871 0  
  1626397395 412963871 0  
  1626397396 412963871 0  
  1626397398 412963871 0  
  1626397399 412963871 0  
  1626397400 412963871 0  
  1626397401 412963871 0  
  1626397402 412963871 0  
  1626397403 412963871 0  
  1626397404 412963871 0  
  1626397405 412963871 0  
  1626397406 412963871 0  
  1626397407 412963871 0  
  1626397408 412963871 0  
  1626397409 412963871 0  
  1626397410 412963871 0  
  1626397411 412963871 0  
  1626397412 412963871 0  
  1626397413 412963871 0  
  1626397414 412963871 0  
  1626397415 412963871 0  
  1626397416 412963871 0  
  1626397417 412963871 0  
  1626397418 412963871 0  
  1626397419 412963871 0  
  1626397420 412963871 0  
  1626397421 412963871 0  
  1626397422 412963871 0  
  1626397423 412963871 0  
  1626397424 412963871 0  
  1626397425 412963871 0  
  1626397426 412963871 0  
  1626397427 412963871 0  
  1626397428 412963871 0  
  1626397429 412963871 0  
  1626397430 412963871 0  
  1626397431 412963871 0  
  1626397432 412963871 0  
  1626397433 412963871 0  
  1626397434 412963871 0  
  1626397435 412963871 0  
  1626397436 412963871 0  
  1626397438 412963871 0  
  1626397439 412963871 0  
  1626397440 412963871 0  
  1626397441 412963871 0  
  1626397442 412963871 0  
  1626397443 412963871 0  
  1626397444 412963871 0  
  1626397445 412963871 0  
  1626397446 412963871 0  
  1626397447 412963871 0  
  1626397448 412963871 0  
  1626397449 412963871 0  
  1626397450 412963871 0  
  1626397451 412963871 0  
  1626397452 412963871 0  
  1626397453 412963871 0  
  1626397454 412963871 0  
  1626397455 412963871 0  
  1626397456 412963871 0  
  1626397457 412963871 0  
  1626397458 412968180 0  
  1626397459 412968504 0  
  1626397460 412969212 0  
  1626397461 412969212 0  
  1626397462 412969212 0  
  1626397463 412969212 0  
  1626397464 412969212 0  
  1626397465 412969212 0  
  1626397466 412969212 0  
  1626397467 412969212 0  
  1626397468 412973845 0  
  1626397469 412978570 0  
  1626397470 412979278 0  
  1626397471 412979986 0  
  1626397472 412979986 0  
  1626397473 412979986 0  
  1626397474 412979986 0  
  1626397476 412979986 0  
  1626397477 412979986 0  
  1626397478 412979986 0  
  1626397479 412979986 0  
  1626397480 412979986 0  
  1626397481 412979986 0  
  1626397482 412979986 0  
  1626397483 412979986 0  
  1626397484 412979986 0  
  1626397485 412979986 0  
  1626397486 412979986 0  
  1626397487 412979986 0  
  1626397488 412979986 0  
  1626397489 412979986 0  
  1626397490 412979986 0  
  1626397491 412979986 0  
  1626397492 412979986 0  
  1626397493 412979986 0  
  1626397494 412979986 0  
  1626397495 412979986 0  
  1626397496 412979986 0  
  1626397497 412979986 0  
  1626397498 412979986 0  
  1626397499 412979986 0  
  1626397500 412984295 0  
  1626397501 412984619 0  
  1626397502 412985327 0  
  1626397503 412985327 0  
  1626397504 412985327 0  
  1626397505 412985327 0  
  1626397506 412985327 0  
  1626397507 412985327 0  
  1626397508 412985327 0  
  1626397509 412985327 0  
  1626397510 412985327 0  
  1626397511 412985327 0  
  1626397512 412985327 0  
  1626397514 412985327 0  
  1626397515 412985327 0  
  1626397516 412985327 0  
  1626397517 412985327 0  
  1626397518 412985327 0  
  1626397519 412985327 0  
  1626397520 412985327 0  
  1626397521 412985327 0  
  1626397522 412985327 0  
  1626397523 412985327 0  
  1626397524 412985327 0  
  1626397525 412985327 0  
  1626397526 412985327 0  
  1626397527 412985327 0  
  1626397528 412985327 0  
  1626397529 412985327 0  
  1626397530 412985327 0  
  1626397531 412985327 0  
  1626397532 412985327 0  
  1626397533 412985409 0  
  1626397534 412985409 0  
  1626397535 412985409 0  
  1626397536 412985409 0  
  1626397537 412985766 0  
  1626397538 412985766 0  
  1626397539 412985766 0  
  1626397540 412985766 0  
  1626397541 412985766 0  
  1626397542 412985766 0  
  1626397543 412985766 0  
  1626397544 412985766 0  
  1626397545 412985766 0  
  1626397546 412985766 0  
  1626397547 412985766 0  
  1626397548 412985766 0  
  1626397549 412985766 0  
  1626397550 412985766 0  
  1626397551 412985766 0  
  1626397553 412985766 0  
  1626397554 412985766 0  
  1626397555 412985766 0  
 