 1626397232 413456193 0  
  1626397233 413456193 0  
  1626397234 413456193 0  
  1626397235 413456193 0  
  1626397236 413456193 0  
  1626397237 413456550 0  
  1626397238 413456550 0  
  1626397239 413456550 0  
  1626397240 413456550 0  
  1626397241 413456550 0  
  1626397242 413456550 0  
  1626397243 413456550 0  
  1626397245 413456550 0  
  1626397246 413456550 0  
  1626397247 413456550 0  
  1626397248 413456550 0  
  1626397249 413456550 0  
  1626397250 413456550 0  
  1626397251 413456550 0  
  1626397252 413456550 0  
  1626397253 413456550 0  
  1626397254 413456550 0  
  1626397255 413456550 0  
  1626397256 413456550 0  
  1626397257 413456550 0  
  1626397258 413456550 0  
  1626397259 413456550 0  
  1626397260 413456550 0  
  1626397261 413456550 0  
  1626397262 413456550 0  
  1626397263 413456550 0  
  1626397264 413460995 0  
  1626397265 413461403 0  
  1626397266 413461403 0  
  1626397267 413461907 0  
  1626397268 413461907 0  
  1626397269 413461907 0  
  1626397270 413461907 0  
  1626397271 413461907 0  
  1626397272 413461907 0  
  1626397273 413461907 0  
  1626397274 413461907 0  
  1626397275 413461907 0  
  1626397276 413461907 0  
  1626397277 413461907 0  
  1626397278 413461907 0  
  1626397279 413461907 0  
  1626397280 413461907 0  
  1626397281 413461907 0  
  1626397282 413461907 0  
  1626397284 413461907 0  
  1626397285 413461907 0  
  1626397286 413461907 0  
  1626397287 413461907 0  
  1626397288 413461907 0  
  1626397289 413461907 0  
  1626397290 413461907 0  
  1626397291 413461907 0  
  1626397292 413461907 0  
  1626397293 413461907 0  
  1626397294 413461907 0  
  1626397295 413461907 0  
  1626397296 413461907 0  
  1626397297 413461907 0  
  1626397298 413461907 0  
  1626397299 413461907 0  
  1626397300 413461907 0  
  1626397301 413461907 0  
  1626397302 413461907 0  
  1626397303 413461999 0  
  1626397304 413461999 0  
  1626397305 413461999 0  
  1626397306 413461999 0  
  1626397307 413461999 0  
  1626397308 413461999 0  
  1626397309 413461999 0  
  1626397310 413461999 0  
  1626397311 413461999 0  
  1626397312 413461999 0  
  1626397313 413461999 0  
  1626397314 413461999 0  
  1626397315 413461999 0  
  1626397316 413461999 0  
  1626397317 413461999 0  
  1626397318 413461999 0  
  1626397319 413461999 0  
  1626397320 413461999 0  
  1626397321 413461999 0  
  1626397323 413461999 0  
  1626397324 413461999 0  
  1626397325 413461999 0  
  1626397326 413461999 0  
  1626397327 413461999 0  
  1626397328 413461999 0  
  1626397329 413461999 0  
  1626397330 413461999 0  
  1626397331 413461999 0  
  1626397332 413461999 0  
  1626397333 413461999 0  
  1626397334 413461999 0  
  1626397335 413461999 0  
  1626397336 413461999 0  
  1626397337 413461999 0  
  1626397338 413461999 0  
  1626397339 413461999 0  
  1626397340 413461999 0  
  1626397341 413461999 0  
  1626397342 413461999 0  
  1626397343 413461999 0  
  1626397344 413461999 0  
  1626397345 413461999 0  
  1626397346 413461999 0  
  1626397347 413461999 0  
  1626397348 413461999 0  
  1626397349 413461999 0  
  1626397350 413461999 0  
  1626397351 413461999 0  
  1626397352 413461999 0  
  1626397353 413461999 0  
  1626397354 413461999 0  
  1626397355 413461999 0  
  1626397356 413461999 0  
  1626397357 413461999 0  
  1626397358 413461999 0  
  1626397359 413461999 0  
  1626397360 413462595 0  
  1626397361 413462595 0  
  1626397363 413462595 0  
  1626397364 413462595 0  
  1626397365 413462595 0  
  1626397366 413462595 0  
  1626397367 413467228 0  
  1626397368 413467228 0  
  1626397369 413467936 0  
  1626397370 413467936 0  
  1626397371 413467936 0  
  1626397372 413467936 0  
  1626397373 413467936 0  
  1626397374 413467936 0  
  1626397375 413467936 0  
  1626397376 413467936 0  
  1626397377 413467936 0  
  1626397378 413467936 0  
  1626397379 413467936 0  
  1626397380 413467936 0  
  1626397381 413467936 0  
  1626397382 413467936 0  
  1626397383 413467936 0  
  1626397384 413467936 0  
  1626397385 413467936 0  
  1626397386 413467936 0  
  1626397387 413467936 0  
  1626397388 413467936 0  
  1626397389 413467936 0  
  1626397390 413467936 0  
  1626397391 413467936 0  
  1626397392 413467936 0  
  1626397393 413467936 0  
  1626397394 413467936 0  
  1626397395 413467936 0  
  1626397396 413467936 0  
  1626397397 413467936 0  
  1626397398 413467936 0  
  1626397399 413467936 0  
  1626397400 413467936 0  
  1626397401 413467936 0  
  1626397403 413467936 0  
  1626397404 413467936 0  
  1626397405 413467936 0  
  1626397406 413467936 0  
  1626397407 413467936 0  
  1626397408 413467936 0  
  1626397409 413467936 0  
  1626397410 413467936 0  
  1626397411 413467936 0  
  1626397412 413467936 0  
  1626397413 413467936 0  
  1626397414 413467936 0  
  1626397415 413467936 0  
  1626397416 413467936 0  
  1626397417 413467936 0  
  1626397418 413467936 0  
  1626397419 413467936 0  
  1626397420 413467936 0  
  1626397421 413467936 0  
  1626397422 413467936 0  
  1626397423 413467936 0  
  1626397424 413467936 0  
  1626397425 413467936 0  
  1626397426 413467936 0  
  1626397427 413467936 0  
  1626397428 413467936 0  
  1626397429 413467936 0  
  1626397430 413467936 0  
  1626397431 413467936 0  
  1626397432 413467936 0  
  1626397433 413467936 0  
  1626397434 413467936 0  
  1626397435 413467936 0  
  1626397436 413467936 0  
  1626397437 413467936 0  
  1626397438 413467936 0  
  1626397439 413467936 0  
  1626397440 413467936 0  
  1626397442 413467936 0  
  1626397443 413467936 0  
  1626397444 413467936 0  
  1626397445 413467936 0  
  1626397446 413467936 0  
  1626397447 413467936 0  
  1626397448 413467936 0  
  1626397449 413467936 0  
  1626397450 413467936 0  
  1626397451 413467936 0  
  1626397452 413467936 0  
  1626397453 413467936 0  
  1626397454 413467936 0  
  1626397455 413467936 0  
  1626397456 413467936 0  
  1626397457 413467936 0  
  1626397458 413472245 0  
  1626397459 413472569 0  
  1626397460 413473277 0  
  1626397461 413473277 0  
  1626397462 413473277 0  
  1626397463 413473277 0  
  1626397464 413473277 0  
  1626397465 413473277 0  
  1626397466 413473277 0  
  1626397467 413473277 0  
  1626397468 413477910 0  
  1626397469 413482543 0  
  1626397470 413483251 0  
  1626397471 413483959 0  
  1626397472 413483959 0  
  1626397473 413483959 0  
  1626397474 413483959 0  
  1626397475 413483959 0  
  1626397476 413483959 0  
  1626397477 413483959 0  
  1626397478 413483959 0  
  1626397479 413483959 0  
  1626397481 413483959 0  
  1626397482 413483959 0  
  1626397483 413483959 0  
  1626397484 413483959 0  
  1626397485 413483959 0  
  1626397486 413483959 0  
  1626397487 413483959 0  
  1626397488 413483959 0  
  1626397489 413483959 0  
  1626397490 413483959 0  
  1626397491 413483959 0  
  1626397492 413483959 0  
  1626397493 413483959 0  
  1626397494 413483959 0  
  1626397495 413483959 0  
  1626397496 413483959 0  
  1626397497 413483959 0  
  1626397498 413483959 0  
  1626397499 413483959 0  
  1626397500 413488268 0  
  1626397501 413488592 0  
  1626397502 413489300 0  
  1626397503 413489300 0  
  1626397504 413489300 0  
  1626397505 413489300 0  
  1626397506 413489300 0  
  1626397507 413489300 0  
  1626397508 413489300 0  
  1626397509 413489300 0  
  1626397510 413489300 0  
  1626397511 413489300 0  
  1626397512 413489300 0  
  1626397513 413489300 0  
  1626397514 413489300 0  
  1626397515 413489300 0  
  1626397516 413489300 0  
  1626397517 413489300 0  
  1626397518 413489300 0  
  1626397520 413489300 0  
  1626397521 413489300 0  
  1626397522 413489300 0  
  1626397523 413489300 0  
  1626397524 413489300 0  
  1626397525 413489300 0  
  1626397526 413489300 0  
  1626397527 413489300 0  
  1626397528 413489300 0  
  1626397529 413489300 0  
  1626397530 413489300 0  
  1626397531 413489300 0  
  1626397532 413489300 0  
  1626397533 413489382 0  
  1626397534 413489382 0  
  1626397535 413489382 0  
  1626397536 413489382 0  
  1626397537 413489739 0  
  1626397538 413489739 0  
  1626397539 413489739 0  
  1626397540 413489739 0  
  1626397541 413489739 0  
  1626397542 413489739 0  
  1626397543 413489739 0  
  1626397544 413489739 0  
  1626397545 413489739 0  
  1626397546 413489739 0  
  1626397547 413489739 0  
  1626397548 413489739 0  
  1626397549 413489739 0  
  1626397550 413489739 0  
  1626397551 413489739 0  
  1626397552 413489739 0  
  1626397553 413489739 0  
  1626397554 413489739 0  
 