 1627021545 500621490 0  
  1627021546 500621490 0  
  1627021547 500626123 0  
  1627021548 500630432 0  
  1627021549 500631464 0  
  1627021550 500632172 0  
  1627021551 500632172 0  
  1627021552 500632172 0  
  1627021553 500634133 0  
  1627021554 500641438 0  
  1627021555 500642146 0  
  1627021556 500642854 0  
  1627021557 500642854 0  
  1627021558 500642854 0  
  1627021559 500642854 0  
  1627021560 500642854 0  
  1627021561 500642854 0  
  1627021562 500642854 0  
  1627021563 500642854 0  
  1627021564 500642854 0  
  1627021565 500642854 0  
  1627021566 500642854 0  
  1627021567 500642854 0  
  1627021568 500642854 0  
  1627021569 500642854 0  
  1627021570 500642854 0  
  1627021571 500642854 0  
  1627021572 500642854 0  
  1627021573 500642854 0  
  1627021574 500642854 0  
  1627021575 500642854 0  
  1627021576 500642854 0  
  1627021577 500642854 0  
  1627021579 500642854 0  
  1627021580 500642854 0  
  1627021581 500642854 0  
  1627021582 500642854 0  
  1627021583 500642854 0  
  1627021584 500642854 0  
  1627021585 500642854 0  
  1627021586 500642854 0  
  1627021587 500642854 0  
  1627021588 500642854 0  
  1627021589 500642854 0  
  1627021590 500642854 0  
  1627021591 500642854 0  
  1627021592 500642854 0  
  1627021593 500642854 0  
  1627021594 500642854 0  
  1627021595 500642854 0  
  1627021596 500642854 0  
  1627021597 500642854 0  
  1627021598 500642854 0  
  1627021599 500642854 0  
  1627021600 500642854 0  
  1627021601 500642854 0  
  1627021602 500642854 0  
  1627021603 500642854 0  
  1627021604 500642854 0  
  1627021605 500642854 0  
  1627021606 500642854 0  
  1627021607 500642854 0  
  1627021608 500642854 0  
  1627021609 500642854 0  
  1627021610 500642854 0  
  1627021611 500642854 0  
  1627021612 500642854 0  
  1627021613 500642854 0  
  1627021614 500642854 0  
  1627021615 500642854 0  
  1627021616 500642854 0  
  1627021617 500642854 0  
  1627021619 500642854 0  
  1627021620 500642854 0  
  1627021621 500642854 0  
  1627021622 500642854 0  
  1627021623 500642854 0  
  1627021624 500642854 0  
  1627021625 500642854 0  
  1627021626 500642854 0  
  1627021627 500642854 0  
  1627021628 500642854 0  
  1627021629 500642854 0  
  1627021630 500642854 0  
  1627021631 500642854 0  
  1627021632 500642854 0  
  1627021633 500642854 0  
  1627021634 500642854 0  
  1627021635 500642854 0  
  1627021636 500642854 0  
  1627021637 500642854 0  
  1627021638 500642854 0  
  1627021639 500642854 0  
  1627021640 500642854 0  
  1627021641 500642854 0  
  1627021642 500642854 0  
  1627021643 500642854 0  
  1627021644 500642854 0  
  1627021645 500642854 0  
  1627021646 500642854 0  
  1627021647 500642854 0  
  1627021648 500642854 0  
  1627021649 500642854 0  
  1627021650 500642854 0  
  1627021651 500642854 0  
  1627021652 500642854 0  
  1627021653 500642854 0  
  1627021654 500642854 0  
  1627021655 500642922 0  
  1627021656 500642922 0  
  1627021657 500642922 0  
  1627021659 500642922 0  
  1627021660 500642922 0  
  1627021661 500644078 0  
  1627021662 500644078 0  
  1627021663 500644078 0  
  1627021664 500644078 0  
  1627021665 500644078 0  
  1627021666 500644078 0  
  1627021667 500644078 0  
  1627021668 500644078 0  
  1627021669 500644078 0  
  1627021670 500644078 0  
  1627021671 500644674 0  
  1627021672 500644674 0  
  1627021673 500644674 0  
  1627021674 500644674 0  
  1627021675 500644674 0  
  1627021676 500644674 0  
  1627021677 500644674 0  
  1627021678 500644674 0  
  1627021679 500644674 0  
  1627021680 500644674 0  
  1627021681 500644674 0  
  1627021682 500644674 0  
  1627021683 500644674 0  
  1627021684 500644674 0  
  1627021685 500644674 0  
  1627021686 500644674 0  
  1627021687 500644674 0  
  1627021688 500644674 0  
  1627021689 500644674 0  
  1627021690 500644674 0  
  1627021691 500644674 0  
  1627021692 500644674 0  
  1627021693 500644674 0  
  1627021694 500644674 0  
  1627021695 500644674 0  
  1627021696 500644674 0  
  1627021697 500644674 0  
  1627021699 500644674 0  
  1627021700 500644674 0  
  1627021701 500644674 0  
  1627021702 500644674 0  
  1627021703 500644674 0  
  1627021704 500644674 0  
  1627021705 500644674 0  
  1627021706 500644674 0  
  1627021707 500644674 0  
  1627021708 500644674 0  
  1627021709 500644674 0  
  1627021710 500644674 0  
  1627021711 500644674 0  
  1627021712 500644674 0  
  1627021713 500644674 0  
  1627021714 500644674 0  
  1627021715 500644674 0  
  1627021716 500644674 0  
  1627021717 500644674 0  
  1627021718 500644674 0  
  1627021719 500644674 0  
  1627021720 500644674 0  
  1627021721 500648983 0  
  1627021722 500649399 0  
  1627021723 500649971 0  
  1627021724 500649971 0  
  1627021725 500649971 0  
  1627021726 500649971 0  
  1627021727 500649971 0  
  1627021728 500649971 0  
  1627021729 500649971 0  
  1627021730 500649971 0  
  1627021731 500649971 0  
  1627021732 500649971 0  
  1627021733 500649971 0  
  1627021734 500649971 0  
  1627021735 500649971 0  
  1627021736 500649971 0  
  1627021737 500649971 0  
  1627021739 500649971 0  
  1627021740 500649971 0  
  1627021741 500649971 0  
  1627021742 500649971 0  
  1627021743 500649971 0  
  1627021744 500649971 0  
  1627021745 500649971 0  
  1627021746 500649971 0  
  1627021747 500649971 0  
  1627021748 500649971 0  
  1627021749 500649971 0  
  1627021750 500649971 0  
  1627021751 500649971 0  
  1627021752 500649971 0  
  1627021753 500649971 0  
  1627021754 500649971 0  
  1627021755 500649971 0  
  1627021756 500649971 0  
  1627021757 500649971 0  
  1627021758 500649971 0  
  1627021759 500649971 0  
  1627021760 500649971 0  
  1627021761 500649971 0  
  1627021762 500649971 0  
  1627021763 500649971 0  
  1627021764 500649971 0  
  1627021765 500649971 0  
  1627021766 500649971 0  
  1627021767 500649971 0  
  1627021768 500649971 0  
  1627021769 500649971 0  
  1627021770 500649971 0  
  1627021771 500649971 0  
  1627021772 500649971 0  
  1627021773 500649971 0  
  1627021774 500649971 0  
  1627021775 500649971 0  
  1627021777 500649971 0  
  1627021778 500649971 0  
  1627021779 500649971 0  
  1627021780 500649971 0  
  1627021781 500649971 0  
  1627021782 500649971 0  
  1627021783 500649971 0  
  1627021784 500649971 0  
  1627021785 500649971 0  
  1627021786 500649971 0  
  1627021787 500649971 0  
  1627021788 500649971 0  
  1627021789 500649971 0  
  1627021790 500649971 0  
  1627021791 500649971 0  
  1627021792 500649971 0  
  1627021793 500649971 0  
  1627021794 500649971 0  
  1627021795 500649971 0  
  1627021796 500649971 0  
  1627021797 500649971 0  
  1627021798 500649971 0  
  1627021799 500649971 0  
  1627021800 500649971 0  
  1627021801 500649971 0  
  1627021802 500649971 0  
  1627021803 500649971 0  
  1627021804 500649971 0  
  1627021805 500649971 0  
  1627021806 500649971 0  
  1627021807 500649971 0  
  1627021808 500649971 0  
  1627021809 500649971 0  
  1627021810 500649971 0  
  1627021811 500649971 0  
  1627021812 500649971 0  
  1627021813 500649971 0  
  1627021814 500649971 0  
  1627021815 500649971 0  
  1627021817 500649971 0  
  1627021818 500649971 0  
  1627021819 500649971 0  
  1627021820 500649971 0  
  1627021821 500649971 0  
  1627021822 500649971 0  
  1627021823 500649971 0  
  1627021824 500649971 0  
  1627021825 500649971 0  
  1627021826 500649971 0  
  1627021827 500649971 0  
  1627021828 500649971 0  
  1627021829 500649971 0  
  1627021830 500649971 0  
  1627021831 500649971 0  
  1627021832 500649971 0  
  1627021833 500649971 0  
  1627021834 500649971 0  
  1627021835 500649971 0  
  1627021836 500649971 0  
  1627021837 500649971 0  
  1627021838 500649971 0  
  1627021839 500649971 0  
  1627021840 500650328 0  
  1627021841 500650328 0  
  1627021842 500650328 0  
  1627021843 500650328 0  
  1627021844 500650328 0  
  1627021845 500654637 0  
  1627021846 500654961 0  
  1627021847 500660166 0  
  1627021848 500660166 0  
  1627021849 500660874 0  
  1627021850 500660874 0  
  1627021851 500660874 0  
  1627021852 500660874 0  
  1627021853 500665507 0  
  1627021854 500670140 0  
  1627021855 500671352 0  
  1627021857 500671352 0  
  1627021858 500671352 0  
  1627021859 500671352 0  
  1627021860 500671352 0  
  1627021861 500671352 0  
  1627021862 500671352 0  
  1627021863 500671352 0  
  1627021864 500671352 0  
  1627021865 500676069 0  
  1627021866 500676069 0  
  1627021867 500676573 0  
 