 1626880642 474171334 0  
  1626880643 474171334 0  
  1626880644 474171334 0  
  1626880645 474171334 0  
  1626880646 474171334 0  
  1626880647 474171334 0  
  1626880648 474171334 0  
  1626880649 474171334 0  
  1626880650 474171334 0  
  1626880651 474171334 0  
  1626880652 474171334 0  
  1626880653 474171334 0  
  1626880654 474171334 0  
  1626880655 474171334 0  
  1626880656 474171334 0  
  1626880657 474171334 0  
  1626880658 474171334 0  
  1626880659 474171334 0  
  1626880660 474171334 0  
  1626880661 474171334 0  
  1626880662 474171334 0  
  1626880663 474171426 0  
  1626880665 474171426 0  
  1626880666 474171426 0  
  1626880667 474171426 0  
  1626880668 474171426 0  
  1626880669 474171426 0  
  1626880670 474171426 0  
  1626880671 474171426 0  
  1626880672 474171426 0  
  1626880673 474171426 0  
  1626880674 474171662 0  
  1626880675 474176151 0  
  1626880676 474176151 0  
  1626880677 474176791 0  
  1626880678 474176791 0  
  1626880679 474176791 0  
  1626880680 474176791 0  
  1626880681 474176791 0  
  1626880682 474176791 0  
  1626880683 474176791 0  
  1626880684 474176791 0  
  1626880685 474176791 0  
  1626880686 474176791 0  
  1626880687 474176791 0  
  1626880688 474176791 0  
  1626880689 474176791 0  
  1626880690 474176791 0  
  1626880691 474176791 0  
  1626880692 474176791 0  
  1626880693 474176791 0  
  1626880694 474176791 0  
  1626880695 474176791 0  
  1626880696 474176791 0  
  1626880697 474176791 0  
  1626880698 474176791 0  
  1626880699 474176791 0  
  1626880700 474176791 0  
  1626880701 474176791 0  
  1626880702 474176791 0  
  1626880704 474176791 0  
  1626880705 474176791 0  
  1626880706 474176883 0  
  1626880707 474176883 0  
  1626880708 474176883 0  
  1626880709 474176883 0  
  1626880710 474176883 0  
  1626880711 474176883 0  
  1626880712 474176883 0  
  1626880713 474176883 0  
  1626880714 474176883 0  
  1626880715 474176883 0  
  1626880716 474176883 0  
  1626880717 474176883 0  
  1626880718 474176883 0  
  1626880719 474176883 0  
  1626880720 474176883 0  
  1626880721 474176883 0  
  1626880722 474176883 0  
  1626880723 474176883 0  
  1626880724 474176883 0  
  1626880725 474176883 0  
  1626880726 474176883 0  
  1626880727 474176883 0  
  1626880728 474176883 0  
  1626880729 474176883 0  
  1626880730 474176883 0  
  1626880731 474176883 0  
  1626880732 474176883 0  
  1626880733 474176883 0  
  1626880734 474176883 0  
  1626880735 474176883 0  
  1626880736 474176883 0  
  1626880737 474176883 0  
  1626880738 474176975 0  
  1626880739 474176975 0  
  1626880740 474176975 0  
  1626880741 474176975 0  
  1626880742 474176975 0  
  1626880744 474176975 0  
  1626880745 474176975 0  
  1626880746 474176975 0  
  1626880747 474176975 0  
  1626880748 474176975 0  
  1626880749 474176975 0  
  1626880750 474176975 0  
  1626880751 474176975 0  
  1626880752 474176975 0  
  1626880753 474176975 0  
  1626880754 474176975 0  
  1626880755 474176975 0  
  1626880756 474176975 0  
  1626880757 474176975 0  
  1626880758 474176975 0  
  1626880759 474176975 0  
  1626880760 474176975 0  
  1626880761 474176975 0  
  1626880762 474176975 0  
  1626880763 474176975 0  
  1626880764 474176975 0  
  1626880765 474176975 0  
  1626880766 474176975 0  
  1626880767 474177565 0  
  1626880768 474177565 0  
  1626880769 474177565 0  
  1626880770 474177565 0  
  1626880771 474177657 0  
  1626880772 474177657 0  
  1626880773 474177657 0  
  1626880774 474177657 0  
  1626880775 474177657 0  
  1626880776 474177657 0  
  1626880777 474177657 0  
  1626880778 474177657 0  
  1626880779 474177657 0  
  1626880780 474177657 0  
  1626880781 474177657 0  
  1626880783 474177657 0  
  1626880784 474177657 0  
  1626880785 474177657 0  
  1626880786 474177657 0  
  1626880787 474177657 0  
  1626880788 474177657 0  
  1626880789 474177657 0  
  1626880790 474177657 0  
  1626880791 474177657 0  
  1626880792 474177657 0  
  1626880793 474177749 0  
  1626880794 474177749 0  
  1626880795 474177749 0  
  1626880796 474177749 0  
  1626880797 474177749 0  
  1626880798 474177749 0  
  1626880799 474177749 0  
  1626880800 474177749 0  
  1626880801 474177749 0  
  1626880802 474177749 0  
  1626880803 474177841 0  
  1626880804 474177841 0  
  1626880805 474177841 0  
  1626880806 474177841 0  
  1626880807 474177841 0  
  1626880808 474177841 0  
  1626880809 474177841 0  
  1626880810 474177841 0  
  1626880811 474177841 0  
  1626880812 474177841 0  
  1626880813 474177841 0  
  1626880814 474177841 0  
  1626880815 474177841 0  
  1626880816 474177841 0  
  1626880817 474177841 0  
  1626880818 474177841 0  
  1626880819 474177841 0  
  1626880820 474177841 0  
  1626880822 474177841 0  
  1626880823 474177841 0  
  1626880824 474177841 0  
  1626880825 474177841 0  
  1626880826 474177841 0  
  1626880827 474177841 0  
  1626880828 474177841 0  
  1626880829 474177841 0  
  1626880830 474177841 0  
  1626880831 474177841 0  
  1626880832 474177841 0  
  1626880833 474177841 0  
  1626880834 474177841 0  
  1626880835 474177841 0  
  1626880836 474177933 0  
  1626880837 474177933 0  
  1626880838 474177933 0  
  1626880839 474177933 0  
  1626880840 474177933 0  
  1626880841 474177933 0  
  1626880842 474177933 0  
  1626880843 474177933 0  
  1626880844 474177933 0  
  1626880845 474177933 0  
  1626880846 474178692 0  
  1626880847 474183325 0  
  1626880848 474183325 0  
  1626880849 474184033 0  
  1626880850 474188342 0  
  1626880851 474188666 0  
  1626880852 474189374 0  
  1626880853 474189374 0  
  1626880854 474189374 0  
  1626880855 474194007 0  
  1626880856 474198640 0  
  1626880857 474200056 0  
  1626880858 474200056 0  
  1626880859 474200056 0  
  1626880861 474200056 0  
  1626880862 474200056 0  
  1626880863 474200056 0  
  1626880864 474200056 0  
  1626880865 474200056 0  
  1626880866 474200056 0  
  1626880867 474200056 0  
  1626880868 474201651 0  
  1626880869 474201743 0  
  1626880870 474201743 0  
  1626880871 474201743 0  
  1626880872 474201743 0  
  1626880873 474201743 0  
  1626880874 474201743 0  
  1626880875 474201743 0  
  1626880876 474201743 0  
  1626880877 474201743 0  
  1626880878 474201743 0  
  1626880879 474201743 0  
  1626880880 474201743 0  
  1626880881 474201743 0  
  1626880882 474201743 0  
  1626880883 474201743 0  
  1626880884 474201743 0  
  1626880885 474201743 0  
  1626880886 474201743 0  
  1626880887 474201743 0  
  1626880888 474201743 0  
  1626880889 474201743 0  
  1626880890 474201743 0  
  1626880891 474201743 0  
  1626880892 474201743 0  
  1626880893 474201743 0  
  1626880894 474201743 0  
  1626880895 474201743 0  
  1626880896 474201743 0  
  1626880897 474201743 0  
  1626880898 474201743 0  
  1626880900 474201743 0  
  1626880901 474201835 0  
  1626880902 474201835 0  
  1626880903 474201835 0  
  1626880904 474201835 0  
  1626880905 474201835 0  
  1626880906 474201835 0  
  1626880907 474201835 0  
  1626880908 474201835 0  
  1626880909 474201835 0  
  1626880910 474201835 0  
  1626880911 474201835 0  
  1626880912 474201835 0  
  1626880913 474201835 0  
  1626880914 474201835 0  
  1626880915 474201835 0  
  1626880916 474201835 0  
  1626880917 474201835 0  
  1626880918 474201835 0  
  1626880919 474201835 0  
  1626880920 474201835 0  
  1626880921 474201835 0  
  1626880922 474201927 0  
  1626880923 474201927 0  
  1626880924 474201927 0  
  1626880925 474201927 0  
  1626880926 474201927 0  
  1626880927 474201927 0  
  1626880928 474201927 0  
  1626880929 474201927 0  
  1626880930 474201927 0  
  1626880931 474201927 0  
  1626880932 474202019 0  
  1626880933 474202019 0  
  1626880934 474202019 0  
  1626880935 474202019 0  
  1626880936 474202019 0  
  1626880938 474202019 0  
  1626880939 474202019 0  
  1626880940 474202019 0  
  1626880941 474202019 0  
  1626880942 474202019 0  
  1626880943 474202019 0  
  1626880944 474202019 0  
  1626880945 474202019 0  
  1626880946 474202019 0  
  1626880947 474202019 0  
  1626880948 474202019 0  
  1626880949 474202019 0  
  1626880950 474202019 0  
  1626880951 474202019 0  
  1626880952 474202019 0  
  1626880953 474202019 0  
  1626880954 474202019 0  
  1626880955 474202019 0  
  1626880956 474202019 0  
  1626880957 474202019 0  
  1626880958 474202019 0  
  1626880959 474202019 0  
  1626880960 474202019 0  
  1626880961 474202019 0  
  1626880962 474202019 0  
  1626880963 474202019 0  
  1626880964 474202019 0  
 