 1627026765 503260340 0  
  1627026766 503260340 0  
  1627026767 503260340 0  
  1627026768 503260340 0  
  1627026769 503260340 0  
  1627026770 503261935 0  
  1627026771 503261935 0  
  1627026772 503261935 0  
  1627026773 503261935 0  
  1627026774 503261935 0  
  1627026775 503261935 0  
  1627026776 503261935 0  
  1627026777 503261935 0  
  1627026778 503261935 0  
  1627026779 503261935 0  
  1627026780 503261935 0  
  1627026781 503261935 0  
  1627026782 503261935 0  
  1627026783 503261935 0  
  1627026784 503261935 0  
  1627026785 503261935 0  
  1627026786 503261935 0  
  1627026787 503261935 0  
  1627026788 503261935 0  
  1627026789 503261935 0  
  1627026790 503261935 0  
  1627026791 503261935 0  
  1627026792 503261935 0  
  1627026793 503261935 0  
  1627026795 503261935 0  
  1627026796 503261935 0  
  1627026797 503261935 0  
  1627026798 503261935 0  
  1627026799 503261935 0  
  1627026800 503261935 0  
  1627026801 503261935 0  
  1627026802 503261935 0  
  1627026803 503261935 0  
  1627026804 503261935 0  
  1627026805 503261935 0  
  1627026806 503261935 0  
  1627026807 503261935 0  
  1627026808 503261935 0  
  1627026809 503261935 0  
  1627026810 503261935 0  
  1627026811 503261935 0  
  1627026812 503261935 0  
  1627026813 503261935 0  
  1627026814 503261935 0  
  1627026815 503261935 0  
  1627026816 503261935 0  
  1627026817 503261935 0  
  1627026818 503261935 0  
  1627026819 503261935 0  
  1627026820 503261935 0  
  1627026821 503261935 0  
  1627026822 503261935 0  
  1627026823 503261935 0  
  1627026824 503261935 0  
  1627026825 503261935 0  
  1627026826 503261935 0  
  1627026827 503261935 0  
  1627026828 503261935 0  
  1627026829 503261935 0  
  1627026830 503261935 0  
  1627026831 503261935 0  
  1627026832 503261935 0  
  1627026834 503261935 0  
  1627026835 503261935 0  
  1627026836 503261935 0  
  1627026837 503261935 0  
  1627026838 503261935 0  
  1627026839 503261935 0  
  1627026840 503266500 0  
  1627026841 503266568 0  
  1627026842 503267276 0  
  1627026843 503267276 0  
  1627026844 503267276 0  
  1627026845 503267276 0  
  1627026846 503267276 0  
  1627026847 503267276 0  
  1627026848 503267276 0  
  1627026849 503267276 0  
  1627026850 503267276 0  
  1627026851 503267276 0  
  1627026852 503267276 0  
  1627026853 503267276 0  
  1627026854 503267276 0  
  1627026855 503267276 0  
  1627026856 503267276 0  
  1627026857 503267276 0  
  1627026858 503267276 0  
  1627026859 503267276 0  
  1627026860 503267276 0  
  1627026861 503267276 0  
  1627026862 503267276 0  
  1627026863 503267276 0  
  1627026864 503267276 0  
  1627026865 503267276 0  
  1627026866 503267276 0  
  1627026867 503267276 0  
  1627026868 503267276 0  
  1627026869 503267276 0  
  1627026870 503267276 0  
  1627026871 503267276 0  
  1627026872 503267276 0  
  1627026874 503267276 0  
  1627026875 503267276 0  
  1627026876 503267276 0  
  1627026877 503267276 0  
  1627026878 503267276 0  
  1627026879 503267332 0  
  1627026880 503267332 0  
  1627026881 503267332 0  
  1627026882 503267332 0  
  1627026883 503267332 0  
  1627026884 503267332 0  
  1627026885 503267332 0  
  1627026886 503267332 0  
  1627026887 503267332 0  
  1627026888 503267332 0  
  1627026889 503267332 0  
  1627026890 503267332 0  
  1627026891 503267332 0  
  1627026892 503267332 0  
  1627026893 503267332 0  
  1627026894 503267332 0  
  1627026895 503267332 0  
  1627026896 503267332 0  
  1627026897 503267332 0  
  1627026898 503267332 0  
  1627026899 503267332 0  
  1627026900 503267332 0  
  1627026901 503267332 0  
  1627026902 503267332 0  
  1627026903 503267332 0  
  1627026904 503267332 0  
  1627026905 503267332 0  
  1627026906 503267332 0  
  1627026907 503267332 0  
  1627026908 503267332 0  
  1627026909 503267332 0  
  1627026910 503267332 0  
  1627026911 503267332 0  
  1627026912 503267332 0  
  1627026914 503267332 0  
  1627026915 503267332 0  
  1627026916 503267332 0  
  1627026917 503267332 0  
  1627026918 503267332 0  
  1627026919 503267332 0  
  1627026920 503267332 0  
  1627026921 503267332 0  
  1627026922 503267332 0  
  1627026923 503267332 0  
  1627026924 503267332 0  
  1627026925 503267332 0  
  1627026926 503267332 0  
  1627026927 503267332 0  
  1627026928 503267332 0  
  1627026929 503267332 0  
  1627026930 503267332 0  
  1627026931 503267332 0  
  1627026932 503267332 0  
  1627026933 503267332 0  
  1627026934 503267400 0  
  1627026935 503267400 0  
  1627026936 503267400 0  
  1627026937 503267400 0  
  1627026938 503267400 0  
  1627026939 503267400 0  
  1627026940 503268981 0  
  1627026941 503268981 0  
  1627026942 503268981 0  
  1627026943 503268981 0  
  1627026944 503268981 0  
  1627026945 503273290 0  
  1627026946 503273614 0  
  1627026947 503278955 0  
  1627026948 503278955 0  
  1627026949 503279663 0  
  1627026950 503279663 0  
  1627026951 503279663 0  
  1627026952 503281540 0  
  1627026954 503284296 0  
  1627026955 503285004 0  
  1627026956 503289637 0  
  1627026957 503289637 0  
  1627026958 503290345 0  
  1627026959 503290345 0  
  1627026960 503290345 0  
  1627026961 503290345 0  
  1627026962 503290345 0  
  1627026963 503290345 0  
  1627026964 503290345 0  
  1627026965 503290345 0  
  1627026966 503290345 0  
  1627026967 503290345 0  
  1627026968 503290345 0  
  1627026969 503290345 0  
  1627026970 503290345 0  
  1627026971 503290941 0  
  1627026972 503290941 0  
  1627026973 503290941 0  
  1627026974 503290941 0  
  1627026975 503290941 0  
  1627026976 503290941 0  
  1627026977 503290941 0  
  1627026978 503290941 0  
  1627026979 503290941 0  
  1627026980 503290941 0  
  1627026981 503290941 0  
  1627026982 503291033 0  
  1627026983 503291033 0  
  1627026984 503291033 0  
  1627026985 503291033 0  
  1627026986 503291033 0  
  1627026987 503291033 0  
  1627026988 503291033 0  
  1627026989 503291033 0  
  1627026990 503291033 0  
  1627026991 503291033 0  
  1627026993 503291033 0  
  1627026994 503291033 0  
  1627026995 503291033 0  
  1627026996 503291033 0  
  1627026997 503291033 0  
  1627026998 503291033 0  
  1627026999 503291033 0  
  1627027000 503291033 0  
  1627027001 503291033 0  
  1627027002 503291033 0  
  1627027003 503291033 0  
  1627027004 503291033 0  
  1627027005 503291033 0  
  1627027006 503291033 0  
  1627027007 503291033 0  
  1627027008 503291033 0  
  1627027009 503291033 0  
  1627027010 503291033 0  
  1627027011 503291033 0  
  1627027012 503291033 0  
  1627027013 503291033 0  
  1627027014 503291033 0  
  1627027015 503291033 0  
  1627027016 503291033 0  
  1627027017 503291125 0  
  1627027018 503291125 0  
  1627027019 503291125 0  
  1627027020 503291125 0  
  1627027021 503291125 0  
  1627027022 503291125 0  
  1627027023 503291125 0  
  1627027024 503291125 0  
  1627027025 503291125 0  
  1627027026 503291125 0  
  1627027027 503291125 0  
  1627027028 503291125 0  
  1627027029 503291125 0  
  1627027030 503291125 0  
  1627027032 503291125 0  
  1627027033 503291125 0  
  1627027034 503291125 0  
  1627027035 503291125 0  
  1627027036 503291125 0  
  1627027037 503291125 0  
  1627027038 503291125 0  
  1627027039 503291125 0  
  1627027040 503291125 0  
  1627027041 503291125 0  
  1627027042 503291125 0  
  1627027043 503291125 0  
  1627027044 503291125 0  
  1627027045 503291125 0  
  1627027046 503291125 0  
  1627027047 503291125 0  
  1627027048 503291125 0  
  1627027049 503291125 0  
  1627027050 503291125 0  
  1627027051 503291125 0  
  1627027052 503291125 0  
  1627027053 503291125 0  
  1627027054 503291125 0  
  1627027055 503291125 0  
  1627027056 503291125 0  
  1627027057 503291125 0  
  1627027058 503291125 0  
  1627027059 503291125 0  
  1627027060 503291125 0  
  1627027061 503291125 0  
  1627027062 503291125 0  
  1627027063 503291125 0  
  1627027064 503291125 0  
  1627027065 503291125 0  
  1627027066 503291125 0  
  1627027067 503291125 0  
  1627027068 503291125 0  
  1627027069 503291125 0  
  1627027071 503291125 0  
  1627027072 503291125 0  
  1627027073 503291125 0  
  1627027074 503291125 0  
  1627027075 503291125 0  
  1627027076 503291125 0  
  1627027077 503291125 0  
  1627027078 503291125 0  
  1627027079 503291125 0  
  1627027080 503291125 0  
  1627027081 503291125 0  
  1627027082 503291125 0  
  1627027083 503291125 0  
  1627027084 503291125 0  
  1627027085 503291125 0  
  1627027086 503291125 0  
  1627027087 503291125 0  
  1627027088 503291125 0  
  1627027089 503291125 0  
  1627027090 503291125 0  
  1627027091 503291125 0  
  1627027092 503291125 0  
  1627027093 503291125 0  
  1627027094 503291125 0  
  1627027095 503291125 0  
  1627027096 503291125 0  
  1627027097 503291125 0  
  1627027098 503291125 0  
  1627027099 503291125 0  
  1627027100 503291125 0  
  1627027101 503291125 0  
  1627027102 503291125 0  
  1627027103 503291125 0  
  1627027104 503291125 0  
  1627027105 503291125 0  
  1627027106 503291125 0  
  1627027107 503291125 0  
  1627027108 503291125 0  
  1627027110 503291125 0  
  1627027111 503291125 0  
  1627027112 503291125 0  
  1627027113 503291125 0  
  1627027114 503291125 0  
  1627027115 503291125 0  
  1627027116 503291125 0  
  1627027117 503291125 0  
  1627027118 503291125 0  
  1627027119 503291125 0  
  1627027120 503291125 0  
  1627027121 503291125 0  
  1627027122 503291125 0  
  1627027123 503291125 0  
  1627027124 503291125 0  
  1627027125 503291125 0  
  1627027126 503291125 0  
  1627027127 503291125 0  
  1627027128 503291125 0  
  1627027129 503291125 0  
  1627027130 503291125 0  
  1627027131 503291125 0  
  1627027132 503291125 0  
  1627027133 503291125 0  
  1627027134 503291125 0  
  1627027135 503291125 0  
  1627027136 503291125 0  
  1627027137 503291125 0  
  1627027138 503295434 0  
  1627027139 503295758 0  
  1627027140 503296466 0  
  1627027141 503296466 0  
  1627027142 503296466 0  
  1627027143 503296466 0  
  1627027144 503296466 0  
  1627027145 503296466 0  
  1627027146 503296466 0  
  1627027148 503296466 0  
  1627027149 503296466 0  
  1627027150 503296466 0  
  1627027151 503296466 0  
  1627027152 503296466 0  
  1627027153 503296466 0  
  1627027154 503296466 0  
  1627027155 503296466 0  
  1627027156 503296466 0  
  1627027157 503296466 0  
  1627027158 503296466 0  
  1627027159 503296466 0  
  1627027160 503296466 0  
  1627027161 503296466 0  
  1627027162 503296466 0  
  1627027163 503296466 0  
  1627027164 503296466 0  
  1627027165 503296466 0  
  1627027166 503296466 0  
  1627027167 503296466 0  
  1627027168 503296466 0  
  1627027169 503296466 0  
  1627027170 503296466 0  
  1627027171 503297062 0  
  1627027172 503297062 0  
  1627027173 503297062 0  
  1627027174 503297062 0  
  1627027175 503297062 0  
  1627027176 503297062 0  
  1627027177 503297062 0  
  1627027178 503297062 0  
  1627027179 503297062 0  
  1627027180 503297062 0  
  1627027181 503297062 0  
  1627027182 503297062 0  
  1627027183 503297062 0  
  1627027184 503297062 0  
  1627027186 503297062 0  
  1627027187 503297062 0  
  1627027188 503297062 0  
  1627027189 503297062 0  
  1627027190 503297062 0  
  1627027191 503297062 0  
  1627027192 503297062 0  
  1627027193 503297062 0  
  1627027194 503297062 0  
  1627027195 503297062 0  
  1627027196 503297062 0  
  1627027197 503297062 0  
  1627027198 503297062 0  
  1627027199 503297062 0  
  1627027200 503297062 0  
  1627027201 503297062 0  
  1627027202 503297062 0  
  1627027203 503297062 0  
  1627027204 503297062 0  
  1627027205 503297062 0  
  1627027206 503297062 0  
  1627027207 503297062 0  
  1627027208 503297062 0  
  1627027209 503297062 0  
  1627027210 503297062 0  
  1627027211 503297062 0  
  1627027212 503297062 0  
  1627027213 503297062 0  
  1627027214 503297062 0  
  1627027215 503297062 0  
  1627027216 503297062 0  
  1627027217 503297062 0  
  1627027218 503297062 0  
  1627027219 503297062 0  
  1627027220 503297062 0  
  1627027221 503297062 0  
  1627027222 503297062 0  
  1627027223 503297062 0  
  1627027224 503297062 0  
  1627027226 503297062 0  
  1627027227 503297062 0  
  1627027228 503297062 0  
  1627027229 503297062 0  
  1627027230 503297062 0  
  1627027231 503297062 0  
  1627027232 503297062 0  
  1627027233 503297062 0  
  1627027234 503297062 0  
  1627027235 503297062 0  
  1627027236 503297062 0  
  1627027237 503297062 0  
  1627027238 503297062 0  
  1627027239 503297062 0  
  1627027240 503297419 0  
  1627027241 503297419 0  
  1627027242 503297419 0  
  1627027243 503297419 0  
  1627027244 503297419 0  
  1627027245 503301728 0  
  1627027246 503302052 0  
  1627027247 503307069 0  
  1627027248 503307393 0  
  1627027249 503308101 0  
  1627027250 503308101 0  
  1627027251 503308101 0  
  1627027252 503308101 0  
  1627027253 503312734 0  
  1627027254 503312734 0  
  1627027255 503318075 0  
  1627027256 503318075 0  
  1627027257 503318783 0  
  1627027258 503318783 0  
  1627027259 503318783 0  
  1627027260 503318783 0  
  1627027261 503318783 0  
  1627027262 503318783 0  
  1627027263 503318783 0  
  1627027265 503321680 0  
  1627027266 503323636 0  
  1627027267 503324004 0  
  1627027268 503324072 0  
  1627027269 503324072 0  
  1627027270 503324072 0  
  1627027271 503324072 0  
  1627027272 503324072 0  
  1627027273 503324072 0  
  1627027274 503324072 0  
  1627027275 503324072 0  
  1627027276 503324072 0  
  1627027277 503324072 0  
  1627027278 503324072 0  
  1627027279 503324072 0  
  1627027280 503324072 0  
  1627027281 503324072 0  
  1627027282 503324072 0  
  1627027283 503324072 0  
  1627027284 503324072 0  
  1627027285 503324072 0  
  1627027286 503324072 0  
  1627027287 503324072 0  
  1627027288 503324072 0  
  1627027289 503324072 0  
  1627027290 503324072 0  
  1627027291 503324072 0  
  1627027292 503324072 0  
  1627027293 503324072 0  
  1627027294 503324072 0  
  1627027295 503324072 0  
  1627027296 503324072 0  
  1627027297 503324072 0  
  1627027298 503324072 0  
  1627027299 503324072 0  
  1627027300 503324072 0  
  1627027301 503324072 0  
  1627027302 503324072 0  
  1627027304 503324072 0  
  1627027305 503324072 0  
  1627027306 503324072 0  
  1627027307 503324072 0  
  1627027308 503324072 0  
  1627027309 503324072 0  
  1627027310 503324072 0  
  1627027311 503324072 0  
  1627027312 503324072 0  
  1627027313 503324072 0  
  1627027314 503324072 0  
  1627027315 503324072 0  
  1627027316 503324072 0  
  1627027317 503324072 0  
  1627027318 503324072 0  
  1627027319 503324072 0  
  1627027320 503324072 0  
  1627027321 503324072 0  
  1627027322 503324072 0  
  1627027323 503324072 0  
  1627027324 503324072 0  
  1627027325 503324072 0  
  1627027326 503324072 0  
  1627027327 503324072 0  
  1627027328 503324072 0  
  1627027329 503324072 0  
  1627027330 503324072 0  
  1627027331 503324072 0  
  1627027332 503324072 0  
  1627027333 503324072 0  
  1627027334 503324072 0  
  1627027335 503324072 0  
  1627027336 503324072 0  
  1627027337 503324072 0  
  1627027338 503324072 0  
  1627027339 503324072 0  
  1627027340 503324072 0  
  1627027341 503324072 0  
  1627027343 503324072 0  
  1627027344 503324072 0  
  1627027345 503324072 0  
  1627027346 503324072 0  
  1627027347 503324072 0  
  1627027348 503324072 0  
  1627027349 503324072 0  
  1627027350 503324072 0  
  1627027351 503324072 0  
  1627027352 503324072 0  
  1627027353 503324072 0  
  1627027354 503324072 0  
  1627027355 503324072 0  
  1627027356 503324072 0  
  1627027357 503324072 0  
  1627027358 503324072 0  
  1627027359 503324072 0  
  1627027360 503324072 0  
  1627027361 503324072 0  
  1627027362 503324072 0  
  1627027363 503324072 0  
  1627027364 503324072 0  
  1627027365 503324072 0  
  1627027366 503324072 0  
  1627027367 503324072 0  
  1627027368 503324072 0  
  1627027369 503324072 0  
  1627027370 503324668 0  
  1627027371 503324668 0  
  1627027372 503324668 0  
  1627027373 503324668 0  
  1627027374 503324668 0  
  1627027375 503324668 0  
  1627027376 503324668 0  
  1627027377 503324668 0  
  1627027378 503324668 0  
  1627027379 503324668 0  
  1627027380 503324668 0  
  1627027382 503324668 0  
  1627027383 503324668 0  
  1627027384 503324668 0  
  1627027385 503324668 0  
  1627027386 503324668 0  
  1627027387 503324668 0  
  1627027388 503324668 0  
  1627027389 503324668 0  
  1627027390 503324668 0  
  1627027391 503324668 0  
  1627027392 503324668 0  
  1627027393 503324668 0  
  1627027394 503324668 0  
  1627027395 503324668 0  
  1627027396 503324668 0  
  1627027397 503324668 0  
  1627027398 503324668 0  
  1627027399 503324668 0  
 