 1626783553 521403502 5442765  
  1626783554 521403502 5442765  
  1626783555 521403502 5442765  
  1626783556 521403502 5442765  
  1626783557 521403502 5442765  
  1626783558 521403502 5442765  
  1626783559 521403502 5442765  
  1626783560 521403502 5442765  
  1626783561 521403502 5442765  
  1626783562 521403502 5442765  
  1626783563 521403502 5442765  
  1626783564 521403502 5442765  
  1626783565 521403502 5442765  
  1626783566 521403502 5442765  
  1626783567 521403502 5442765  
  1626783568 521403502 5442765  
  1626783569 521403502 5442765  
  1626783570 521403502 5442765  
  1626783571 521403502 5442765  
  1626783572 521403502 5442765  
  1626783573 521403502 5442765  
  1626783574 521403502 5442765  
  1626783575 521403502 5442765  
  1626783576 521403502 5442765  
  1626783577 521403502 5442765  
  1626783578 521403502 5442765  
  1626783579 521403502 5442765  
  1626783580 521403502 5442765  
  1626783581 521403502 5442765  
  1626783582 521403502 5442765  
  1626783583 521403502 5442765  
  1626783584 521403502 5442765  
  1626783585 521403502 5442765  
  1626783586 521403502 5442765  
  1626783587 521403502 5442765  
  1626783589 521403502 5442765  
  1626783590 521403502 5442765  
  1626783591 521403502 5442765  
  1626783592 521403502 5442765  
  1626783593 521403502 5442765  
  1626783594 521403502 5442765  
  1626783595 521403502 5442765  
  1626783596 521403502 5442765  
  1626783597 521403502 5442765  
  1626783598 521403502 5442765  
  1626783599 521403502 5442765  
  1626783600 521403502 5442765  
  1626783601 521403502 5442765  
  1626783602 521407811 5442765  
  1626783603 521408135 5442765  
  1626783604 521408135 5442765  
  1626783605 521408843 5442765  
  1626783606 521408843 5442765  
  1626783607 521408843 5442765  
  1626783608 521408843 5442765  
  1626783609 521408843 5442765  
  1626783610 521408843 5442765  
  1626783611 521408843 5442765  
  1626783612 521408843 5442765  
  1626783613 521408843 5442765  
  1626783614 521408843 5442765  
  1626783615 521413476 5442765  
  1626783616 521413476 5442765  
  1626783617 521418817 5442765  
  1626783618 521418817 5442765  
  1626783619 521424090 5442765  
  1626783620 521424798 5442765  
  1626783621 521424798 5442765  
  1626783622 521424798 5442765  
  1626783623 521424798 5442765  
  1626783624 521424798 5442765  
  1626783625 521424798 5442765  
  1626783626 521424798 5442765  
  1626783628 521424798 5442765  
  1626783629 521424798 5442765  
  1626783630 521424798 5442765  
  1626783631 521424798 5442765  
  1626783632 521424798 5442765  
  1626783633 521424798 5442765  
  1626783634 521425155 5442765  
  1626783635 521425155 5442765  
  1626783636 521425155 5442765  
  1626783637 521425155 5442765  
  1626783638 521425155 5442765  
  1626783639 521425155 5442765  
  1626783640 521425155 5442765  
  1626783641 521425155 5442765  
  1626783642 521425155 5442765  
  1626783643 521425155 5442765  
  1626783644 521425155 5442765  
  1626783645 521425155 5442765  
  1626783646 521425155 5442765  
  1626783647 521425155 5442765  
  1626783648 521425155 5442765  
  1626783649 521425155 5442765  
  1626783650 521425155 5442765  
  1626783651 521425155 5442765  
  1626783652 521425155 5442765  
  1626783653 521425155 5442765  
  1626783654 521425155 5442765  
  1626783655 521425155 5442765  
  1626783656 521425155 5442765  
  1626783657 521425155 5442765  
  1626783658 521425155 5442765  
  1626783659 521425155 5442765  
  1626783660 521425155 5442765  
  1626783661 521425155 5442765  
  1626783662 521425155 5442765  
  1626783663 521425155 5442765  
  1626783664 521425155 5442765  
  1626783665 521425751 5442765  
  1626783666 521425751 5442765  
  1626783668 521425751 5442765  
  1626783669 521425751 5442765  
  1626783670 521425751 5442765  
  1626783671 521425751 5442765  
  1626783672 521425751 5442765  
  1626783673 521425751 5442765  
  1626783674 521425751 5442765  
  1626783675 521425843 5442765  
  1626783676 521425935 5442765  
  1626783677 521425935 5442765  
  1626783678 521425935 5442765  
  1626783679 521425935 5442765  
  1626783680 521425935 5442765  
  1626783681 521425935 5442765  
  1626783682 521425935 5442765  
  1626783683 521425935 5442765  
  1626783684 521425935 5442765  
  1626783685 521425935 5442765  
  1626783686 521425935 5442765  
  1626783687 521425935 5442765  
  1626783688 521425935 5442765  
  1626783689 521425935 5442765  
  1626783690 521425935 5442765  
  1626783691 521425935 5442765  
  1626783692 521425935 5442765  
  1626783693 521425935 5442765  
  1626783694 521425935 5442765  
  1626783695 521425935 5442765  
  1626783696 521425935 5442765  
  1626783697 521425935 5442765  
  1626783698 521425935 5442765  
  1626783699 521425935 5442765  
  1626783700 521425935 5442765  
  1626783701 521425935 5442765  
  1626783702 521425935 5442765  
  1626783703 521425935 5442765  
  1626783704 521425935 5442765  
  1626783705 521425935 5442765  
  1626783707 521425935 5442765  
  1626783708 521425935 5442765  
  1626783709 521425935 5442765  
  1626783710 521425935 5442765  
  1626783711 521425935 5442765  
  1626783712 521425935 5442765  
  1626783713 521425935 5442765  
  1626783714 521425935 5442765  
  1626783715 521425935 5442765  
  1626783716 521425935 5442765  
  1626783717 521425935 5442765  
  1626783718 521425935 5442765  
  1626783719 521425935 5442765  
  1626783720 521425935 5442765  
  1626783721 521425935 5442765  
  1626783722 521425935 5442765  
  1626783723 521425935 5442765  
  1626783724 521425935 5442765  
  1626783725 521425935 5442765  
  1626783726 521425935 5442765  
  1626783727 521425935 5442765  
  1626783728 521425935 5442765  
  1626783729 521425935 5442765  
  1626783730 521425935 5442765  
  1626783731 521425935 5442765  
  1626783732 521425935 5442765  
  1626783733 521425935 5442765  
  1626783734 521425935 5442765  
  1626783735 521425935 5442765  
  1626783736 521425935 5442765  
  1626783737 521425935 5442765  
  1626783738 521425935 5442765  
  1626783739 521425935 5442765  
  1626783740 521426027 5442765  
  1626783741 521426027 5442765  
  1626783742 521426027 5442765  
  1626783743 521426027 5442765  
  1626783744 521426027 5442765  
  1626783746 521426027 5442765  
  1626783747 521426027 5442765  
  1626783748 521426027 5442765  
  1626783749 521426027 5442765  
  1626783750 521426027 5442765  
  1626783751 521426027 5442765  
  1626783752 521426027 5442765  
  1626783753 521426027 5442765  
  1626783754 521426027 5442765  
  1626783755 521426027 5442765  
  1626783756 521426027 5442765  
  1626783757 521426027 5442765  
  1626783758 521426027 5442765  
  1626783759 521426027 5442765  
  1626783760 521426027 5442765  
  1626783761 521426027 5442765  
  1626783762 521426027 5442765  
  1626783763 521426027 5442765  
  1626783764 521430336 5442765  
  1626783765 521430660 5442765  
  1626783766 521431368 5442765  
  1626783767 521431368 5442765  
  1626783768 521431368 5442765  
  1626783769 521431368 5442765  
  1626783770 521431368 5442765  
  1626783771 521431368 5442765  
  1626783772 521431368 5442765  
  1626783773 521431368 5442765  
  1626783774 521431368 5442765  
  1626783775 521431368 5442765  
  1626783776 521431368 5442765  
  1626783777 521431368 5442765  
  1626783778 521431368 5442765  
  1626783779 521431368 5442765  
  1626783780 521431368 5442765  
  1626783781 521431368 5442765  
  1626783782 521431368 5442765  
  1626783783 521431368 5442765  
  1626783785 521431368 5442765  
  1626783786 521431368 5442765  
  1626783787 521431368 5442765  
  1626783788 521431368 5442765  
  1626783789 521431368 5442765  
  1626783790 521431368 5442765  
  1626783791 521431368 5442765  
  1626783792 521431368 5442765  
  1626783793 521431368 5442765  
  1626783794 521431368 5442765  
  1626783795 521431368 5442765  
  1626783796 521431368 5442765  
  1626783797 521431368 5442765  
  1626783798 521431368 5442765  
  1626783799 521431368 5442765  
  1626783800 521431368 5442765  
  1626783801 521431368 5442765  
  1626783802 521431368 5442765  
  1626783803 521431368 5442765  
  1626783804 521431552 5442765  
  1626783805 521431552 5442765  
  1626783806 521431552 5442765  
  1626783807 521431552 5442765  
  1626783808 521431552 5442765  
  1626783809 521431552 5442765  
  1626783810 521431552 5442765  
  1626783811 521431552 5442765  
  1626783812 521431552 5442765  
  1626783813 521431552 5442765  
  1626783814 521431552 5442765  
  1626783815 521431552 5442765  
  1626783816 521431552 5442765  
  1626783817 521431552 5442765  
  1626783818 521431552 5442765  
  1626783819 521431552 5442765  
  1626783820 521431552 5442765  
  1626783821 521431552 5442765  
  1626783822 521431552 5442765  
  1626783824 521431552 5442765  
  1626783825 521431552 5442765  
  1626783826 521431552 5442765  
  1626783827 521431552 5442765  
  1626783828 521431552 5442765  
  1626783829 521431552 5442765  
  1626783830 521431552 5442765  
  1626783831 521431552 5442765  
  1626783832 521431552 5442765  
  1626783833 521431552 5442765  
  1626783834 521431552 5442765  
  1626783835 521431552 5442765  
  1626783836 521431552 5442765  
  1626783837 521431552 5442765  
  1626783838 521431552 5442765  
  1626783839 521431552 5442765  
  1626783840 521431552 5442765  
  1626783841 521431552 5442765  
  1626783842 521431552 5442765  
  1626783843 521431552 5442765  
  1626783844 521431552 5442765  
  1626783845 521431552 5442765  
  1626783846 521431552 5442765  
  1626783847 521431552 5442765  
  1626783848 521431552 5442765  
  1626783849 521431552 5442765  
  1626783850 521431552 5442765  
  1626783851 521431552 5442765  
  1626783852 521431552 5442765  
  1626783853 521431552 5442765  
  1626783854 521431552 5442765  
  1626783855 521431552 5442765  
  1626783856 521431552 5442765  
  1626783857 521431552 5442765  
  1626783858 521431552 5442765  
  1626783859 521431552 5442765  
  1626783860 521431552 5442765  
  1626783861 521431552 5442765  
  1626783863 521431552 5442765  
  1626783864 521431552 5442765  
  1626783865 521431552 5442765  
  1626783866 521432148 5442765  
  1626783867 521432148 5442765  
  1626783868 521432148 5442765  
  1626783869 521432332 5442765  
  1626783870 521432332 5442765  
  1626783871 521432332 5442765  
  1626783872 521432332 5442765  
  1626783873 521432332 5442765  
  1626783874 521432332 5442765  
  1626783875 521432332 5442765  
 