 1627029105 514858965 39409  
  1627029106 514858965 39409  
  1627029107 514858965 39409  
  1627029108 514858965 39409  
  1627029109 514858965 39409  
  1627029110 514858965 39409  
  1627029111 514858965 39409  
  1627029112 514858965 39409  
  1627029113 514858965 39409  
  1627029114 514858965 39409  
  1627029115 514858965 39409  
  1627029116 514858965 39409  
  1627029117 514858965 39409  
  1627029118 514858965 39409  
  1627029120 514858965 39409  
  1627029121 514858965 39409  
  1627029122 514858965 39409  
  1627029123 514858965 39409  
  1627029124 514858965 39409  
  1627029125 514858965 39409  
  1627029126 514858965 39409  
  1627029127 514858965 39409  
  1627029128 514858965 39409  
  1627029129 514858965 39409  
  1627029130 514858965 39409  
  1627029131 514858965 39409  
  1627029132 514858965 39409  
  1627029133 514858965 39409  
  1627029134 514858965 39409  
  1627029135 514858965 39409  
  1627029136 514858965 39409  
  1627029137 514858965 39409  
  1627029138 514858965 39409  
  1627029139 514858965 39409  
  1627029140 514859057 39409  
  1627029141 514859057 39409  
  1627029142 514859057 39409  
  1627029143 514859057 39409  
  1627029144 514859057 39409  
  1627029145 514859057 39409  
  1627029146 514859057 39409  
  1627029147 514859057 39409  
  1627029148 514859057 39409  
  1627029149 514859057 39409  
  1627029150 514859057 39409  
  1627029151 514859057 39409  
  1627029152 514859057 39409  
  1627029153 514859057 39409  
  1627029154 514859057 39409  
  1627029155 514859057 39409  
  1627029156 514859057 39409  
  1627029157 514859057 39409  
  1627029158 514859057 39409  
  1627029160 514859057 39409  
  1627029161 514859057 39409  
  1627029162 514859395 39409  
  1627029163 514859395 39409  
  1627029164 514859395 39409  
  1627029165 514859395 39409  
  1627029166 514859395 39409  
  1627029167 514859395 39409  
  1627029168 514859395 39409  
  1627029169 514859395 39409  
  1627029170 514859395 39409  
  1627029171 514859395 39409  
  1627029172 514859395 39409  
  1627029173 514859395 39409  
  1627029174 514859395 39409  
  1627029175 514859395 39409  
  1627029176 514859395 39409  
  1627029177 514859395 39409  
  1627029178 514859395 39409  
  1627029179 514859395 39409  
  1627029180 514859395 39409  
  1627029181 514859395 39409  
  1627029182 514859395 39409  
  1627029183 514859395 39409  
  1627029184 514859395 39409  
  1627029185 514859395 39409  
  1627029186 514859395 39409  
  1627029187 514859395 39409  
  1627029188 514859395 39409  
  1627029189 514859395 39409  
  1627029190 514859395 39409  
  1627029191 514859395 39409  
  1627029192 514859395 39409  
  1627029193 514859395 39409  
  1627029194 514859395 39409  
  1627029195 514859395 39409  
  1627029196 514859395 39409  
  1627029197 514859395 39409  
  1627029198 514859395 39409  
  1627029200 514859395 39409  
  1627029201 514859395 39409  
  1627029202 514859395 39409  
  1627029203 514859395 39409  
  1627029204 514859395 39409  
  1627029205 514859395 39409  
  1627029206 514859395 39409  
  1627029207 514859395 39409  
  1627029208 514859395 39409  
  1627029209 514859395 39409  
  1627029210 514859395 39409  
  1627029211 514859395 39409  
  1627029212 514859395 39409  
  1627029213 514859395 39409  
  1627029214 514859395 39409  
  1627029215 514859395 39409  
  1627029216 514859395 39409  
  1627029217 514859395 39409  
  1627029218 514859395 39409  
  1627029219 514859395 39409  
  1627029220 514859395 39409  
  1627029221 514859395 39409  
  1627029222 514859395 39409  
  1627029223 514859395 39409  
  1627029224 514859395 39409  
  1627029225 514859395 39409  
  1627029226 514859395 39409  
  1627029227 514859395 39409  
  1627029228 514859395 39409  
  1627029229 514859395 39409  
  1627029230 514859395 39409  
  1627029231 514859395 39409  
  1627029232 514859395 39409  
  1627029233 514859395 39409  
  1627029234 514859395 39409  
  1627029235 514859395 39409  
  1627029236 514863704 39409  
  1627029237 514864028 39409  
  1627029238 514864028 39409  
  1627029240 514864736 39409  
  1627029241 514864736 39409  
  1627029242 514864736 39409  
  1627029243 514865074 39409  
  1627029244 514865074 39409  
  1627029245 514865074 39409  
  1627029246 514865074 39409  
  1627029247 514865074 39409  
  1627029248 514865074 39409  
  1627029249 514865074 39409  
  1627029250 514865074 39409  
  1627029251 514865074 39409  
  1627029252 514865074 39409  
  1627029253 514865074 39409  
  1627029254 514865074 39409  
  1627029255 514865074 39409  
  1627029256 514865074 39409  
  1627029257 514865074 39409  
  1627029258 514865074 39409  
  1627029259 514865074 39409  
  1627029260 514865074 39409  
  1627029261 514865074 39409  
  1627029262 514865074 39409  
  1627029263 514865074 39409  
  1627029264 514865074 39409  
  1627029265 514865074 39409  
  1627029266 514865074 39409  
  1627029267 514865074 39409  
  1627029268 514865074 39409  
  1627029269 514865074 39409  
  1627029270 514865670 39409  
  1627029271 514865670 39409  
  1627029272 514865670 39409  
  1627029273 514865670 39409  
  1627029274 514865670 39409  
  1627029275 514865670 39409  
  1627029276 514865670 39409  
  1627029277 514865670 39409  
  1627029278 514865670 39409  
  1627029280 514865670 39409  
  1627029281 514865670 39409  
  1627029282 514865670 39409  
  1627029283 514865670 39409  
  1627029284 514865670 39409  
  1627029285 514865670 39409  
  1627029286 514865670 39409  
  1627029287 514865670 39409  
  1627029288 514865670 39409  
  1627029289 514865670 39409  
  1627029290 514865670 39409  
  1627029291 514865670 39409  
  1627029292 514865670 39409  
  1627029293 514865670 39409  
  1627029294 514865670 39409  
  1627029295 514865670 39409  
  1627029296 514865670 39409  
  1627029297 514865670 39409  
  1627029298 514865670 39409  
  1627029299 514865670 39409  
  1627029300 514865670 39409  
  1627029301 514865670 39409  
  1627029302 514865670 39409  
  1627029303 514865670 39409  
  1627029304 514865670 39409  
  1627029305 514865670 39409  
  1627029306 514865670 39409  
  1627029307 514865670 39409  
  1627029308 514865670 39409  
  1627029309 514865670 39409  
  1627029310 514865670 39409  
  1627029311 514865670 39409  
  1627029312 514865670 39409  
  1627029313 514865670 39409  
  1627029314 514865670 39409  
  1627029315 514865670 39409  
  1627029316 514865670 39409  
  1627029317 514865670 39409  
  1627029318 514865670 39409  
  1627029320 514865670 39409  
  1627029321 514865670 39409  
  1627029322 514865670 39409  
  1627029323 514865670 39409  
  1627029324 514865670 39409  
  1627029325 514865670 39409  
  1627029326 514865670 39409  
  1627029327 514865670 39409  
  1627029328 514865670 39409  
  1627029329 514865670 39409  
  1627029330 514865670 39409  
  1627029331 514865670 39409  
  1627029332 514865670 39409  
  1627029333 514865670 39409  
  1627029334 514865670 39409  
  1627029335 514865670 39409  
  1627029336 514865670 39409  
  1627029337 514866027 39409  
  1627029338 514866027 39409  
  1627029339 514866027 39409  
  1627029340 514866027 39409  
  1627029341 514866027 39409  
  1627029342 514867904 39409  
  1627029343 514870660 39409  
  1627029344 514870660 39409  
  1627029345 514875677 39409  
  1627029346 514876001 39409  
  1627029347 514876709 39409  
  1627029348 514876709 39409  
  1627029349 514876709 39409  
  1627029350 514876709 39409  
  1627029351 514881342 39409  
  1627029352 514881342 39409  
  1627029353 514886683 39409  
  1627029354 514886683 39409  
  1627029355 514887391 39409  
  1627029356 514887391 39409  
  1627029357 514887391 39409  
  1627029359 514887391 39409  
  1627029360 514887391 39409  
  1627029361 514887391 39409  
  1627029362 514887391 39409  
  1627029363 514887391 39409  
  1627029364 514887391 39409  
  1627029365 514887391 39409  
  1627029366 514887391 39409  
  1627029367 514887391 39409  
  1627029368 514887391 39409  
  1627029369 514887391 39409  
  1627029370 514887391 39409  
  1627029371 514887391 39409  
  1627029372 514887391 39409  
  1627029373 514887391 39409  
  1627029374 514887391 39409  
  1627029375 514887391 39409  
  1627029376 514887391 39409  
  1627029377 514887391 39409  
  1627029378 514887391 39409  
  1627029379 514887391 39409  
  1627029380 514887391 39409  
  1627029381 514887391 39409  
  1627029382 514887391 39409  
  1627029383 514887391 39409  
  1627029384 514887391 39409  
  1627029385 514887391 39409  
  1627029386 514887391 39409  
  1627029387 514887391 39409  
  1627029388 514887391 39409  
  1627029389 514887391 39409  
  1627029390 514887391 39409  
  1627029391 514887391 39409  
  1627029392 514887729 39409  
  1627029393 514887729 39409  
  1627029394 514887729 39409  
  1627029395 514887729 39409  
  1627029396 514887729 39409  
  1627029398 514887729 39409  
  1627029399 514887729 39409  
  1627029400 514887729 39409  
  1627029401 514887821 39409  
  1627029402 514887821 39409  
  1627029403 514887821 39409  
  1627029404 514887821 39409  
  1627029405 514887821 39409  
  1627029406 514887821 39409  
  1627029407 514887821 39409  
  1627029408 514887821 39409  
  1627029409 514887821 39409  
  1627029410 514887821 39409  
  1627029411 514887821 39409  
  1627029412 514887821 39409  
  1627029413 514887821 39409  
  1627029414 514887821 39409  
  1627029415 514887821 39409  
  1627029416 514887821 39409  
  1627029417 514887821 39409  
  1627029418 514887821 39409  
  1627029419 514887821 39409  
  1627029420 514887821 39409  
  1627029421 514887821 39409  
  1627029422 514887821 39409  
  1627029423 514887821 39409  
  1627029424 514887821 39409  
  1627029425 514887821 39409  
  1627029426 514887821 39409  
  1627029427 514887821 39409  
  1627029428 514887821 39409  
  1627029429 514887821 39409  
  1627029430 514887821 39409  
  1627029431 514887821 39409  
  1627029432 514887821 39409  
  1627029433 514887821 39409  
  1627029434 514887821 39409  
  1627029435 514887821 39409  
  1627029436 514887821 39409  
  1627029438 514887821 39409  
  1627029439 514887821 39409  
  1627029440 514887821 39409  
  1627029441 514887821 39409  
  1627029442 514887821 39409  
  1627029443 514887821 39409  
  1627029444 514887821 39409  
  1627029445 514887821 39409  
  1627029446 514887821 39409  
  1627029447 514887821 39409  
  1627029448 514887821 39409  
  1627029449 514887821 39409  
 