 1626773489 499363056 3483051  
  1626773490 499363056 3483051  
  1626773491 499363056 3483051  
  1626773492 499363056 3483051  
  1626773494 499363056 3483051  
  1626773495 499363056 3483051  
  1626773496 499363056 3483051  
  1626773497 499363056 3483051  
  1626773498 499363056 3483051  
  1626773499 499363056 3483051  
  1626773500 499363056 3483051  
  1626773501 499363056 3483051  
  1626773502 499363056 3483051  
  1626773503 499363056 3483051  
  1626773504 499363056 3483051  
  1626773505 499363056 3483051  
  1626773506 499363056 3483051  
  1626773507 499363056 3483051  
  1626773508 499363056 3483051  
  1626773509 499363056 3483051  
  1626773510 499363056 3483051  
  1626773511 499363056 3483051  
  1626773512 499363056 3483051  
  1626773513 499363056 3483051  
  1626773514 499363056 3483051  
  1626773515 499363056 3483051  
  1626773516 499363056 3483051  
  1626773517 499363056 3483051  
  1626773518 499363056 3483051  
  1626773519 499363056 3483051  
  1626773520 499363056 3483051  
  1626773521 499363056 3483051  
  1626773522 499363056 3483051  
  1626773523 499363056 3483051  
  1626773524 499363056 3483051  
  1626773525 499363056 3483051  
  1626773526 499363056 3483051  
  1626773527 499363056 3483051  
  1626773528 499363056 3483051  
  1626773529 499363056 3483051  
  1626773530 499363056 3483051  
  1626773531 499363056 3483051  
  1626773533 499363056 3483051  
  1626773534 499363056 3483051  
  1626773535 499363056 3483051  
  1626773536 499363056 3483051  
  1626773537 499363148 3483051  
  1626773538 499363148 3483051  
  1626773539 499363148 3483051  
  1626773540 499363148 3483051  
  1626773541 499363148 3483051  
  1626773542 499363148 3483051  
  1626773543 499363148 3483051  
  1626773544 499363148 3483051  
  1626773545 499363148 3483051  
  1626773546 499363148 3483051  
  1626773547 499363148 3483051  
  1626773548 499363148 3483051  
  1626773549 499363148 3483051  
  1626773550 499363148 3483051  
  1626773551 499363148 3483051  
  1626773552 499363148 3483051  
  1626773553 499363148 3483051  
  1626773554 499363148 3483051  
  1626773555 499363148 3483051  
  1626773556 499363148 3483051  
  1626773557 499363148 3483051  
  1626773558 499363148 3483051  
  1626773559 499363148 3483051  
  1626773560 499363148 3483051  
  1626773561 499363148 3483051  
  1626773562 499363148 3483051  
  1626773563 499363148 3483051  
  1626773564 499363148 3483051  
  1626773565 499367781 3483051  
  1626773566 499367781 3483051  
  1626773567 499368489 3483051  
  1626773568 499368489 3483051  
  1626773569 499368489 3483051  
  1626773570 499368489 3483051  
  1626773572 499368489 3483051  
  1626773573 499368489 3483051  
  1626773574 499368489 3483051  
  1626773575 499368489 3483051  
  1626773576 499368489 3483051  
  1626773577 499368489 3483051  
  1626773578 499368489 3483051  
  1626773579 499368489 3483051  
  1626773580 499368489 3483051  
  1626773581 499368489 3483051  
  1626773582 499368489 3483051  
  1626773583 499368489 3483051  
  1626773584 499368489 3483051  
  1626773585 499368489 3483051  
  1626773586 499368489 3483051  
  1626773587 499368489 3483051  
  1626773588 499368489 3483051  
  1626773589 499368489 3483051  
  1626773590 499368489 3483051  
  1626773591 499368489 3483051  
  1626773592 499368489 3483051  
  1626773593 499368489 3483051  
  1626773594 499368489 3483051  
  1626773595 499368489 3483051  
  1626773596 499368489 3483051  
  1626773597 499368489 3483051  
  1626773598 499368489 3483051  
  1626773599 499368489 3483051  
  1626773600 499368489 3483051  
  1626773601 499368673 3483051  
  1626773602 499368673 3483051  
  1626773603 499368673 3483051  
  1626773604 499368673 3483051  
  1626773605 499368673 3483051  
  1626773606 499368673 3483051  
  1626773607 499368673 3483051  
  1626773608 499368673 3483051  
  1626773609 499368673 3483051  
  1626773610 499368673 3483051  
  1626773612 499368673 3483051  
  1626773613 499368673 3483051  
  1626773614 499368673 3483051  
  1626773615 499368673 3483051  
  1626773616 499368673 3483051  
  1626773617 499368673 3483051  
  1626773618 499368673 3483051  
  1626773619 499368673 3483051  
  1626773620 499368673 3483051  
  1626773621 499368673 3483051  
  1626773622 499368673 3483051  
  1626773623 499368673 3483051  
  1626773624 499368673 3483051  
  1626773625 499368673 3483051  
  1626773626 499368673 3483051  
  1626773627 499368673 3483051  
  1626773628 499368673 3483051  
  1626773629 499368673 3483051  
  1626773630 499368673 3483051  
  1626773631 499368673 3483051  
  1626773632 499368673 3483051  
  1626773633 499368673 3483051  
  1626773634 499368673 3483051  
  1626773635 499368673 3483051  
  1626773636 499368673 3483051  
  1626773637 499368673 3483051  
  1626773638 499368673 3483051  
  1626773639 499368673 3483051  
  1626773640 499368673 3483051  
  1626773641 499368673 3483051  
  1626773642 499368673 3483051  
  1626773643 499368673 3483051  
  1626773644 499368673 3483051  
  1626773645 499368673 3483051  
  1626773646 499368673 3483051  
  1626773647 499368673 3483051  
  1626773648 499368673 3483051  
  1626773650 499368673 3483051  
  1626773651 499368673 3483051  
  1626773652 499368673 3483051  
  1626773653 499368673 3483051  
  1626773654 499368673 3483051  
  1626773655 499368673 3483051  
  1626773656 499368673 3483051  
  1626773657 499368673 3483051  
  1626773658 499368673 3483051  
  1626773659 499368673 3483051  
  1626773660 499368673 3483051  
  1626773661 499368673 3483051  
  1626773662 499368673 3483051  
  1626773663 499368673 3483051  
  1626773664 499368673 3483051  
  1626773665 499369269 3483051  
  1626773666 499369361 3483051  
  1626773667 499369361 3483051  
  1626773668 499369361 3483051  
  1626773669 499369361 3483051  
  1626773670 499369361 3483051  
  1626773671 499369361 3483051  
  1626773672 499369361 3483051  
  1626773673 499369361 3483051  
  1626773674 499369361 3483051  
  1626773675 499369361 3483051  
  1626773676 499369361 3483051  
  1626773677 499369361 3483051  
  1626773678 499369361 3483051  
  1626773679 499369361 3483051  
  1626773680 499369361 3483051  
  1626773681 499369361 3483051  
  1626773682 499369361 3483051  
  1626773683 499369361 3483051  
  1626773684 499369361 3483051  
  1626773685 499369361 3483051  
  1626773686 499369361 3483051  
  1626773687 499369361 3483051  
  1626773689 499369361 3483051  
  1626773690 499369361 3483051  
  1626773691 499369361 3483051  
  1626773692 499369361 3483051  
  1626773693 499369361 3483051  
  1626773694 499369361 3483051  
  1626773695 499369361 3483051  
  1626773696 499369361 3483051  
  1626773697 499369361 3483051  
  1626773698 499369361 3483051  
  1626773699 499369361 3483051  
  1626773700 499369361 3483051  
  1626773701 499371238 3483051  
  1626773702 499373994 3483051  
  1626773703 499373994 3483051  
  1626773704 499374702 3483051  
  1626773705 499374702 3483051  
  1626773706 499374702 3483051  
  1626773707 499374702 3483051  
  1626773708 499374702 3483051  
  1626773709 499374702 3483051  
  1626773710 499374702 3483051  
  1626773711 499374702 3483051  
  1626773712 499374702 3483051  
  1626773713 499374702 3483051  
  1626773714 499374702 3483051  
  1626773715 499379011 3483051  
  1626773716 499379335 3483051  
  1626773717 499383968 3483051  
  1626773718 499386553 3483051  
  1626773719 499390017 3483051  
  1626773720 499390725 3483051  
  1626773721 499390725 3483051  
  1626773722 499390725 3483051  
  1626773723 499390725 3483051  
  1626773724 499390725 3483051  
  1626773725 499390725 3483051  
  1626773726 499390725 3483051  
  1626773728 499390725 3483051  
  1626773729 499390725 3483051  
  1626773730 499390909 3483051  
  1626773731 499390909 3483051  
  1626773732 499390909 3483051  
  1626773733 499390909 3483051  
  1626773734 499391266 3483051  
  1626773735 499391266 3483051  
  1626773736 499391266 3483051  
  1626773737 499391266 3483051  
  1626773738 499391266 3483051  
  1626773739 499391266 3483051  
  1626773740 499391266 3483051  
  1626773741 499391266 3483051  
  1626773742 499391266 3483051  
  1626773743 499391266 3483051  
  1626773744 499391266 3483051  
  1626773745 499391266 3483051  
  1626773746 499391266 3483051  
  1626773747 499391266 3483051  
  1626773748 499391266 3483051  
  1626773749 499391266 3483051  
  1626773750 499391266 3483051  
  1626773751 499391266 3483051  
  1626773752 499391266 3483051  
  1626773753 499391266 3483051  
  1626773754 499391266 3483051  
  1626773755 499391266 3483051  
  1626773756 499391266 3483051  
  1626773757 499391266 3483051  
  1626773758 499391266 3483051  
  1626773759 499391266 3483051  
  1626773760 499391266 3483051  
  1626773761 499391266 3483051  
  1626773762 499391266 3483051  
  1626773763 499391266 3483051  
  1626773764 499391266 3483051  
  1626773765 499391266 3483051  
  1626773767 499391266 3483051  
  1626773768 499391266 3483051  
  1626773769 499391266 3483051  
  1626773770 499391266 3483051  
  1626773771 499391266 3483051  
  1626773772 499391266 3483051  
  1626773773 499391266 3483051  
  1626773774 499391266 3483051  
  1626773775 499391266 3483051  
  1626773776 499391266 3483051  
  1626773777 499391266 3483051  
  1626773778 499391266 3483051  
  1626773779 499391266 3483051  
  1626773780 499391266 3483051  
  1626773781 499391266 3483051  
  1626773782 499391266 3483051  
  1626773783 499391266 3483051  
  1626773784 499391266 3483051  
  1626773785 499391266 3483051  
  1626773786 499391266 3483051  
  1626773787 499391266 3483051  
  1626773788 499391266 3483051  
  1626773789 499391266 3483051  
  1626773790 499391266 3483051  
  1626773791 499391266 3483051  
  1626773792 499391266 3483051  
  1626773793 499391266 3483051  
  1626773794 499391266 3483051  
  1626773795 499391266 3483051  
  1626773796 499391266 3483051  
  1626773797 499391266 3483051  
  1626773798 499391266 3483051  
  1626773799 499391266 3483051  
  1626773800 499391266 3483051  
  1626773801 499391266 3483051  
  1626773802 499391266 3483051  
  1626773803 499391266 3483051  
  1626773805 499391266 3483051  
  1626773806 499391266 3483051  
  1626773807 499391266 3483051  
  1626773808 499391266 3483051  
  1626773809 499391266 3483051  
  1626773810 499391266 3483051  
  1626773811 499391266 3483051  
  1626773812 499391266 3483051  
  1626773813 499391266 3483051  
  1626773814 499391266 3483051  
  1626773815 499391266 3483051  
  1626773816 499391266 3483051  
  1626773817 499391266 3483051  
  1626773818 499391266 3483051  
  1626773819 499391266 3483051  
  1626773820 499391266 3483051  
  1626773821 499391266 3483051  
  1626773822 499391266 3483051  
  1626773823 499391266 3483051  
  1626773824 499391266 3483051  
  1626773825 499391266 3483051  
  1626773826 499391266 3483051  
  1626773827 499391266 3483051  
  1626773828 499391266 3483051  
  1626773829 499391266 3483051  
  1626773830 499391266 3483051  
  1626773831 499391266 3483051  
  1626773832 499391266 3483051  
  1626773833 499391266 3483051  
  1626773834 499391266 3483051  
  1626773835 499391266 3483051  
  1626773836 499391266 3483051  
  1626773837 499391266 3483051  
  1626773838 499391266 3483051  
  1626773839 499391266 3483051  
  1626773840 499391266 3483051  
  1626773841 499391266 3483051  
  1626773842 499391266 3483051  
  1626773844 499391266 3483051  
  1626773845 499391266 3483051  
  1626773846 499391266 3483051  
  1626773847 499391266 3483051  
  1626773848 499391266 3483051  
  1626773849 499391266 3483051  
  1626773850 499391266 3483051  
  1626773851 499391266 3483051  
  1626773852 499391266 3483051  
  1626773853 499391266 3483051  
  1626773854 499391266 3483051  
  1626773855 499391266 3483051  
  1626773856 499391266 3483051  
  1626773857 499391266 3483051  
  1626773858 499391266 3483051  
  1626773859 499391266 3483051  
  1626773860 499391450 3483051  
  1626773861 499391450 3483051  
  1626773862 499391450 3483051  
  1626773863 499391450 3483051  
  1626773864 499395759 3483051  
  1626773865 499426874 3483051  
  1626773866 499426874 3483051  
  1626773867 499427582 3483051  
  1626773868 499427582 3483051  
  1626773869 499427582 3483051  
  1626773870 499427582 3483051  
  1626773871 499427582 3483051  
  1626773872 499427582 3483051  
  1626773873 499427582 3483051  
  1626773874 499427582 3483051  
  1626773875 499427582 3483051  
  1626773876 499427582 3483051  
  1626773877 499427582 3483051  
  1626773878 499427582 3483051  
  1626773879 499427582 3483051  
  1626773880 499427582 3483051  
  1626773881 499427582 3483051  
  1626773882 499427582 3483051  
  1626773884 499427582 3483051  
  1626773885 499427582 3483051  
  1626773886 499427582 3483051  
  1626773887 499427582 3483051  
  1626773888 499427582 3483051  
  1626773889 499427582 3483051  
  1626773890 499427582 3483051  
  1626773891 499427582 3483051  
  1626773892 499427582 3483051  
  1626773893 499427582 3483051  
  1626773894 499427582 3483051  
  1626773895 499427582 3483051  
  1626773896 499427582 3483051  
  1626773897 499427582 3483051  
  1626773898 499427582 3483051  
  1626773899 499427582 3483051  
  1626773900 499427582 3483051  
  1626773901 499427582 3483051  
  1626773902 499427582 3483051  
  1626773903 499427582 3483051  
  1626773904 499427582 3483051  
  1626773905 499427582 3483051  
  1626773906 499427582 3483051  
  1626773907 499427582 3483051  
  1626773908 499427582 3483051  
  1626773909 499427582 3483051  
  1626773910 499427582 3483051  
  1626773911 499427582 3483051  
  1626773912 499427582 3483051  
  1626773913 499427582 3483051  
  1626773914 499427582 3483051  
  1626773915 499427582 3483051  
  1626773916 499427582 3483051  
  1626773917 499427582 3483051  
  1626773918 499427582 3483051  
  1626773919 499427582 3483051  
  1626773920 499427582 3483051  
  1626773921 499427582 3483051  
  1626773922 499427582 3483051  
  1626773924 499427582 3483051  
  1626773925 499427582 3483051  
  1626773926 499427582 3483051  
  1626773927 499427582 3483051  
  1626773928 499427582 3483051  
  1626773929 499427582 3483051  
  1626773930 499427582 3483051  
  1626773931 499427582 3483051  
  1626773932 499427582 3483051  
  1626773933 499427582 3483051  
  1626773934 499427582 3483051  
  1626773935 499427582 3483051  
  1626773936 499427582 3483051  
  1626773937 499427582 3483051  
  1626773938 499427582 3483051  
  1626773939 499427582 3483051  
  1626773940 499427582 3483051  
  1626773941 499427582 3483051  
  1626773942 499427582 3483051  
  1626773943 499427582 3483051  
  1626773944 499427582 3483051  
  1626773945 499427582 3483051  
  1626773946 499427582 3483051  
  1626773947 499427582 3483051  
  1626773948 499427582 3483051  
  1626773949 499427582 3483051  
  1626773950 499427582 3483051  
  1626773951 499427582 3483051  
  1626773952 499427582 3483051  
  1626773953 499427582 3483051  
  1626773954 499427582 3483051  
  1626773955 499427582 3483051  
  1626773956 499427582 3483051  
  1626773957 499427582 3483051  
  1626773958 499427582 3483051  
  1626773959 499427582 3483051  
  1626773960 499427582 3483051  
  1626773961 499427582 3483051  
  1626773963 499427582 3483051  
  1626773964 499427582 3483051  
  1626773965 499427582 3483051  
  1626773966 499427582 3483051  
  1626773967 499427582 3483051  
  1626773968 499427582 3483051  
  1626773969 499427582 3483051  
  1626773970 499427582 3483051  
  1626773971 499427582 3483051  
  1626773972 499427582 3483051  
  1626773973 499427582 3483051  
  1626773974 499427582 3483051  
  1626773975 499427582 3483051  
  1626773976 499427582 3483051  
  1626773977 499427582 3483051  
  1626773978 499427582 3483051  
  1626773979 499427582 3483051  
  1626773980 499427582 3483051  
  1626773981 499427582 3483051  
  1626773982 499427582 3483051  
  1626773983 499427582 3483051  
  1626773984 499427582 3483051  
  1626773985 499427582 3483051  
  1626773986 499427582 3483051  
  1626773987 499427582 3483051  
  1626773988 499427582 3483051  
  1626773989 499427674 3483051  
  1626773990 499427766 3483051  
  1626773991 499427766 3483051  
  1626773992 499427766 3483051  
  1626773993 499427766 3483051  
  1626773994 499427766 3483051  
  1626773995 499427766 3483051  
  1626773996 499427766 3483051  
  1626773997 499427766 3483051  
  1626773998 499427766 3483051  
  1626773999 499427766 3483051  
  1626774000 499427766 3483051  
  1626774002 499432075 3483051  
  1626774003 499432399 3483051  
  1626774004 499433107 3483051  
  1626774005 499433107 3483051  
  1626774006 499433107 3483051  
  1626774007 499433107 3483051  
  1626774008 499433107 3483051  
  1626774009 499433107 3483051  
  1626774010 499433107 3483051  
  1626774011 499433107 3483051  
  1626774012 499433107 3483051  
  1626774013 499433107 3483051  
  1626774014 499433107 3483051  
  1626774015 499433107 3483051  
  1626774016 499437416 3483051  
  1626774017 499437740 3483051  
  1626774018 499443081 3483051  
  1626774019 499447714 3483051  
  1626774020 499448422 3483051  
  1626774021 499449130 3483051  
  1626774022 499449130 3483051  
  1626774023 499449130 3483051  
  1626774024 499449130 3483051  
  1626774025 499449130 3483051  
  1626774026 499449130 3483051  
  1626774027 499449130 3483051  
  1626774028 499449130 3483051  
  1626774029 499449130 3483051  
  1626774030 499449130 3483051  
  1626774031 499449130 3483051  
  1626774032 499449130 3483051  
  1626774033 499449130 3483051  
  1626774034 499449487 3483051  
  1626774035 499449487 3483051  
  1626774036 499449487 3483051  
  1626774037 499449487 3483051  
  1626774038 499449487 3483051  
  1626774039 499449487 3483051  
  1626774040 499449487 3483051  
  1626774042 499449487 3483051  
  1626774043 499449487 3483051  
  1626774044 499449487 3483051  
  1626774045 499449487 3483051  
  1626774046 499449487 3483051  
  1626774047 499449487 3483051  
  1626774048 499449487 3483051  
  1626774049 499449487 3483051  
  1626774050 499449487 3483051  
  1626774051 499449487 3483051  
  1626774052 499449487 3483051  
  1626774053 499449487 3483051  
  1626774054 499449487 3483051  
  1626774055 499449487 3483051  
  1626774056 499449487 3483051  
  1626774057 499449487 3483051  
  1626774058 499449487 3483051  
  1626774059 499449487 3483051  
  1626774060 499449487 3483051  
  1626774061 499449487 3483051  
  1626774062 499449487 3483051  
  1626774063 499449487 3483051  
  1626774064 499449487 3483051  
  1626774065 499449487 3483051  
  1626774066 499480278 3483051  
  1626774067 499480278 3483051  
  1626774068 499480278 3483051  
  1626774069 499480278 3483051  
  1626774070 499480278 3483051  
  1626774071 499480278 3483051  
  1626774072 499480278 3483051  
  1626774073 499480278 3483051  
  1626774074 499480278 3483051  
  1626774075 499480278 3483051  
  1626774076 499480278 3483051  
  1626774077 499480278 3483051  
  1626774078 499480278 3483051  
  1626774079 499480278 3483051  
  1626774081 499480278 3483051  
  1626774082 499480278 3483051  
  1626774083 499480278 3483051  
  1626774084 499480278 3483051  
  1626774085 499480278 3483051  
  1626774086 499480278 3483051  
  1626774087 499480278 3483051  
  1626774088 499480278 3483051  
  1626774089 499480278 3483051  
  1626774090 499480278 3483051  
  1626774091 499480278 3483051  
  1626774092 499480278 3483051  
  1626774093 499480278 3483051  
  1626774094 499480278 3483051  
  1626774095 499480278 3483051  
  1626774096 499480278 3483051  
  1626774097 499480278 3483051  
  1626774098 499480278 3483051  
  1626774099 499480278 3483051  
  1626774100 499480278 3483051  
  1626774101 499480278 3483051  
  1626774102 499480278 3483051  
  1626774103 499480278 3483051  
  1626774104 499480278 3483051  
  1626774105 499480278 3483051  
  1626774106 499480278 3483051  
  1626774107 499480278 3483051  
  1626774108 499480278 3483051  
  1626774109 499480278 3483051  
  1626774110 499480278 3483051  
  1626774111 499480278 3483051  
  1626774112 499480278 3483051  
  1626774113 499480278 3483051  
  1626774114 499480278 3483051  
  1626774115 499480278 3483051  
  1626774116 499480278 3483051  
  1626774117 499480370 3483051  
  1626774118 499480370 3483051  
  1626774119 499480370 3483051  
  1626774121 499480462 3483051  
  1626774122 499480462 3483051  
  1626774123 499480462 3483051  
  1626774124 499480462 3483051  
 