 1626888833 485085376 0  
  1626888835 485085376 0  
  1626888836 485085376 0  
  1626888837 485085376 0  
  1626888838 485085376 0  
  1626888839 485085376 0  
  1626888840 485085376 0  
  1626888841 485085376 0  
  1626888842 485085376 0  
  1626888843 485085376 0  
  1626888844 485085376 0  
  1626888845 485085376 0  
  1626888846 485085376 0  
  1626888847 485085376 0  
  1626888848 485085376 0  
  1626888849 485085376 0  
  1626888850 485085376 0  
  1626888851 485085376 0  
  1626888852 485085376 0  
  1626888853 485085376 0  
  1626888854 485085376 0  
  1626888855 485085376 0  
  1626888856 485085468 0  
  1626888857 485085468 0  
  1626888858 485085468 0  
  1626888859 485085468 0  
  1626888860 485085468 0  
  1626888861 485085468 0  
  1626888862 485085468 0  
  1626888863 485085806 0  
  1626888864 485085806 0  
  1626888865 485085806 0  
  1626888866 485085806 0  
  1626888867 485085806 0  
  1626888868 485085806 0  
  1626888869 485085806 0  
  1626888871 485085806 0  
  1626888872 485085806 0  
  1626888873 485085806 0  
  1626888874 485085806 0  
  1626888875 485085806 0  
  1626888876 485085806 0  
  1626888877 485085806 0  
  1626888878 485085806 0  
  1626888879 485085806 0  
  1626888880 485085806 0  
  1626888881 485085806 0  
  1626888882 485085806 0  
  1626888883 485085806 0  
  1626888884 485085806 0  
  1626888885 485085806 0  
  1626888886 485085806 0  
  1626888887 485085806 0  
  1626888888 485085806 0  
  1626888889 485085806 0  
  1626888890 485085806 0  
  1626888891 485085806 0  
  1626888892 485085806 0  
  1626888893 485085806 0  
  1626888894 485085806 0  
  1626888895 485085806 0  
  1626888896 485085806 0  
  1626888897 485085806 0  
  1626888898 485085806 0  
  1626888899 485085806 0  
  1626888900 485085806 0  
  1626888901 485085806 0  
  1626888902 485085806 0  
  1626888903 485085806 0  
  1626888904 485085806 0  
  1626888905 485085806 0  
  1626888906 485085806 0  
  1626888907 485085806 0  
  1626888908 485085806 0  
  1626888909 485085806 0  
  1626888911 485085806 0  
  1626888912 485085806 0  
  1626888913 485085806 0  
  1626888914 485085806 0  
  1626888915 485085806 0  
  1626888916 485085806 0  
  1626888917 485085806 0  
  1626888918 485085806 0  
  1626888919 485085806 0  
  1626888920 485085806 0  
  1626888921 485085806 0  
  1626888922 485085806 0  
  1626888923 485085806 0  
  1626888924 485085806 0  
  1626888925 485085806 0  
  1626888926 485085806 0  
  1626888927 485085806 0  
  1626888928 485085806 0  
  1626888929 485085806 0  
  1626888930 485085806 0  
  1626888931 485085806 0  
  1626888932 485085806 0  
  1626888933 485085806 0  
  1626888934 485085806 0  
  1626888935 485085806 0  
  1626888936 485085806 0  
  1626888937 485086163 0  
  1626888938 485086163 0  
  1626888939 485086163 0  
  1626888940 485086163 0  
  1626888941 485086163 0  
  1626888942 485086163 0  
  1626888943 485090472 0  
  1626888944 485090796 0  
  1626888945 485090796 0  
  1626888946 485096137 0  
  1626888947 485096137 0  
  1626888948 485096801 0  
  1626888949 485096801 0  
  1626888951 485096801 0  
  1626888952 485103311 0  
  1626888953 485106067 0  
  1626888954 485107415 0  
  1626888955 485107415 0  
  1626888956 485107415 0  
  1626888957 485107415 0  
  1626888958 485107415 0  
  1626888959 485107415 0  
  1626888960 485107415 0  
  1626888961 485107415 0  
  1626888962 485107415 0  
  1626888963 485107415 0  
  1626888964 485107415 0  
  1626888965 485107415 0  
  1626888966 485107415 0  
  1626888967 485107415 0  
  1626888968 485107491 0  
  1626888969 485108011 0  
  1626888970 485108011 0  
  1626888971 485108011 0  
  1626888972 485108011 0  
  1626888973 485108011 0  
  1626888974 485108011 0  
  1626888975 485108011 0  
  1626888976 485108011 0  
  1626888977 485108011 0  
  1626888978 485108011 0  
  1626888979 485108011 0  
  1626888980 485108011 0  
  1626888981 485108011 0  
  1626888982 485108011 0  
  1626888983 485108011 0  
  1626888984 485108011 0  
  1626888985 485108011 0  
  1626888986 485108103 0  
  1626888987 485108103 0  
  1626888988 485108103 0  
  1626888989 485108103 0  
  1626888990 485108103 0  
  1626888992 485108103 0  
  1626888993 485108103 0  
  1626888994 485108103 0  
  1626888995 485108103 0  
  1626888996 485108103 0  
  1626888997 485108103 0  
  1626888998 485108103 0  
  1626888999 485108103 0  
  1626889000 485108103 0  
  1626889001 485108103 0  
  1626889002 485108103 0  
  1626889003 485108103 0  
  1626889004 485108103 0  
  1626889005 485108103 0  
  1626889006 485108103 0  
  1626889007 485108103 0  
  1626889008 485108103 0  
  1626889009 485108103 0  
  1626889010 485108103 0  
  1626889011 485108103 0  
  1626889012 485108103 0  
  1626889013 485108441 0  
  1626889014 485108441 0  
  1626889015 485108441 0  
  1626889016 485108441 0  
  1626889017 485108441 0  
  1626889018 485108441 0  
  1626889019 485108441 0  
  1626889020 485108441 0  
  1626889021 485108441 0  
  1626889022 485108441 0  
  1626889023 485108441 0  
  1626889024 485108441 0  
  1626889025 485108441 0  
  1626889026 485108441 0  
  1626889027 485108441 0  
  1626889028 485108441 0  
  1626889029 485108441 0  
  1626889030 485108441 0  
  1626889032 485108441 0  
  1626889033 485108441 0  
  1626889034 485108441 0  
  1626889035 485108441 0  
  1626889036 485108441 0  
  1626889037 485108441 0  
  1626889038 485108441 0  
  1626889039 485108441 0  
  1626889040 485108441 0  
  1626889041 485108441 0  
  1626889042 485108441 0  
  1626889043 485108441 0  
  1626889044 485108441 0  
  1626889045 485108441 0  
  1626889046 485108441 0  
  1626889047 485108441 0  
  1626889048 485108441 0  
  1626889049 485108441 0  
  1626889050 485108441 0  
  1626889051 485108441 0  
  1626889052 485108441 0  
  1626889053 485108441 0  
  1626889054 485108441 0  
  1626889055 485108441 0  
  1626889056 485108441 0  
  1626889057 485108441 0  
  1626889058 485108441 0  
  1626889059 485108441 0  
  1626889060 485108441 0  
  1626889061 485108441 0  
  1626889062 485108441 0  
  1626889063 485108441 0  
  1626889064 485108441 0  
  1626889065 485108441 0  
  1626889066 485108441 0  
  1626889067 485108441 0  
  1626889068 485108441 0  
  1626889069 485108441 0  
  1626889070 485108441 0  
  1626889072 485108441 0  
  1626889073 485112750 0  
  1626889074 485113074 0  
  1626889075 485113714 0  
  1626889076 485113782 0  
  1626889077 485113782 0  
  1626889078 485113782 0  
  1626889079 485113782 0  
  1626889080 485113782 0  
  1626889081 485113782 0  
  1626889082 485113782 0  
  1626889083 485113782 0  
  1626889084 485113782 0  
  1626889085 485113782 0  
  1626889086 485113782 0  
  1626889087 485113782 0  
  1626889088 485113782 0  
  1626889089 485113782 0  
  1626889090 485113782 0  
  1626889091 485113782 0  
  1626889092 485113782 0  
  1626889093 485113782 0  
  1626889094 485113782 0  
  1626889095 485113782 0  
  1626889096 485113782 0  
  1626889097 485113782 0  
  1626889098 485113782 0  
  1626889099 485113782 0  
  1626889100 485113782 0  
  1626889101 485113782 0  
  1626889102 485113782 0  
  1626889103 485113782 0  
  1626889104 485113782 0  
  1626889105 485113782 0  
  1626889106 485113782 0  
  1626889107 485113782 0  
  1626889108 485113782 0  
  1626889109 485113782 0  
  1626889110 485113782 0  
  1626889112 485113782 0  
  1626889113 485113782 0  
  1626889114 485113782 0  
  1626889115 485113874 0  
  1626889116 485113874 0  
  1626889117 485113874 0  
  1626889118 485113874 0  
  1626889119 485113874 0  
  1626889120 485113874 0  
  1626889121 485113874 0  
  1626889122 485113874 0  
  1626889123 485113874 0  
  1626889124 485113874 0  
  1626889125 485113874 0  
  1626889126 485113874 0  
  1626889127 485113874 0  
  1626889128 485113874 0  
  1626889129 485113874 0  
  1626889130 485113874 0  
  1626889131 485113874 0  
  1626889132 485113874 0  
  1626889133 485113874 0  
  1626889134 485113874 0  
  1626889135 485113874 0  
  1626889136 485113874 0  
  1626889137 485113874 0  
  1626889138 485113874 0  
  1626889139 485113874 0  
  1626889140 485113874 0  
  1626889141 485113874 0  
  1626889142 485113874 0  
  1626889143 485113874 0  
  1626889144 485113874 0  
  1626889145 485113874 0  
  1626889146 485113874 0  
  1626889147 485113874 0  
  1626889148 485113874 0  
  1626889149 485113874 0  
  1626889150 485113874 0  
  1626889152 485113874 0  
  1626889153 485113874 0  
  1626889154 485113874 0  
  1626889155 485113874 0  
  1626889156 485113874 0  
  1626889157 485113874 0  
  1626889158 485113874 0  
  1626889159 485113874 0  
  1626889160 485113874 0  
  1626889161 485113874 0  
  1626889162 485113874 0  
  1626889163 485113874 0  
  1626889164 485113874 0  
  1626889165 485113874 0  
  1626889166 485113874 0  
  1626889167 485113874 0  
  1626889168 485113874 0  
  1626889169 485114470 0  
  1626889170 485114470 0  
  1626889171 485114470 0  
  1626889172 485114470 0  
  1626889173 485114470 0  
  1626889174 485114470 0  
  1626889175 485114470 0  
  1626889176 485114470 0  
  1626889177 485114470 0  
  1626889178 485114470 0  
  1626889179 485114470 0  
  1626889180 485114470 0  
  1626889181 485114470 0  
  1626889182 485114470 0  
  1626889183 485114470 0  
  1626889184 485114470 0  
  1626889185 485114470 0  
  1626889186 485114470 0  
  1626889187 485114470 0  
  1626889188 485114470 0  
  1626889189 485114470 0  
  1626889190 485114470 0  
  1626889192 485114470 0  
  1626889193 485114470 0  
  1626889194 485114470 0  
  1626889195 485114470 0  
  1626889196 485114470 0  
  1626889197 485114470 0  
  1626889198 485114470 0  
  1626889199 485114470 0  
  1626889200 485114470 0  
  1626889201 485114470 0  
  1626889202 485114470 0  
  1626889203 485114470 0  
  1626889204 485114470 0  
  1626889205 485114470 0  
  1626889206 485114470 0  
  1626889207 485114470 0  
  1626889208 485114470 0  
  1626889209 485114470 0  
  1626889210 485114470 0  
  1626889211 485114470 0  
  1626889212 485114470 0  
  1626889213 485114470 0  
  1626889214 485114470 0  
  1626889215 485114470 0  
  1626889216 485114470 0  
  1626889217 485114470 0  
  1626889218 485114470 0  
 