 1626398282 408544791 0  
  1626398283 408544791 0  
  1626398284 408544791 0  
  1626398286 408544791 0  
  1626398287 408544791 0  
  1626398288 408544791 0  
  1626398289 408544791 0  
  1626398290 408544791 0  
  1626398291 408544791 0  
  1626398292 408544791 0  
  1626398293 408544791 0  
  1626398294 408544791 0  
  1626398295 408544791 0  
  1626398296 408544791 0  
  1626398297 408544791 0  
  1626398298 408544791 0  
  1626398299 408544791 0  
  1626398300 408544791 0  
  1626398301 408544791 0  
  1626398302 408544791 0  
  1626398303 408544791 0  
  1626398304 408544791 0  
  1626398305 408544791 0  
  1626398306 408544791 0  
  1626398307 408544791 0  
  1626398308 408544791 0  
  1626398309 408544791 0  
  1626398310 408544791 0  
  1626398311 408544791 0  
  1626398312 408544791 0  
  1626398313 408544791 0  
  1626398314 408544791 0  
  1626398315 408544791 0  
  1626398316 408544791 0  
  1626398317 408544791 0  
  1626398318 408544791 0  
  1626398319 408544791 0  
  1626398320 408544791 0  
  1626398321 408544791 0  
  1626398322 408544791 0  
  1626398323 408544791 0  
  1626398324 408544791 0  
  1626398326 408544791 0  
  1626398327 408544791 0  
  1626398328 408544791 0  
  1626398329 408544791 0  
  1626398330 408544791 0  
  1626398331 408544791 0  
  1626398332 408544791 0  
  1626398333 408544791 0  
  1626398334 408544791 0  
  1626398335 408544791 0  
  1626398336 408544791 0  
  1626398337 408544791 0  
  1626398338 408544791 0  
  1626398339 408544791 0  
  1626398340 408544791 0  
  1626398341 408544791 0  
  1626398342 408544791 0  
  1626398343 408544791 0  
  1626398344 408544791 0  
  1626398345 408544791 0  
  1626398346 408544791 0  
  1626398347 408544791 0  
  1626398348 408544791 0  
  1626398349 408544791 0  
  1626398350 408544791 0  
  1626398351 408544791 0  
  1626398352 408544791 0  
  1626398353 408544791 0  
  1626398354 408544791 0  
  1626398355 408544791 0  
  1626398356 408544791 0  
  1626398357 408544791 0  
  1626398358 408544791 0  
  1626398359 408544791 0  
  1626398360 408544791 0  
  1626398361 408544791 0  
  1626398362 408544791 0  
  1626398363 408544791 0  
  1626398364 408544791 0  
  1626398366 408549100 0  
  1626398367 408549424 0  
  1626398368 408550132 0  
  1626398369 408550132 0  
  1626398370 408550132 0  
  1626398371 408550132 0  
  1626398372 408550132 0  
  1626398373 408550132 0  
  1626398374 408550132 0  
  1626398375 408554765 0  
  1626398376 408559398 0  
  1626398377 408560038 0  
  1626398378 408560746 0  
  1626398379 408560746 0  
  1626398380 408560746 0  
  1626398381 408560746 0  
  1626398382 408560746 0  
  1626398383 408560746 0  
  1626398384 408560746 0  
  1626398385 408560746 0  
  1626398386 408560746 0  
  1626398387 408560746 0  
  1626398388 408560746 0  
  1626398389 408560746 0  
  1626398390 408560746 0  
  1626398391 408560746 0  
  1626398392 408560746 0  
  1626398393 408560746 0  
  1626398394 408560746 0  
  1626398395 408560746 0  
  1626398396 408560746 0  
  1626398397 408561084 0  
  1626398398 408561084 0  
  1626398399 408561084 0  
  1626398400 408561084 0  
  1626398401 408561084 0  
  1626398402 408561084 0  
  1626398403 408561084 0  
  1626398404 408561084 0  
  1626398406 408561084 0  
  1626398407 408565393 0  
  1626398408 408565717 0  
  1626398409 408565717 0  
  1626398410 408566357 0  
  1626398411 408566357 0  
  1626398412 408566449 0  
  1626398413 408566449 0  
  1626398414 408566449 0  
  1626398415 408566449 0  
  1626398416 408566449 0  
  1626398417 408566449 0  
  1626398418 408566449 0  
  1626398419 408566449 0  
  1626398420 408566449 0  
  1626398421 408566449 0  
  1626398422 408566449 0  
  1626398423 408566449 0  
  1626398424 408566449 0  
  1626398425 408566449 0  
  1626398426 408566449 0  
  1626398427 408566449 0  
  1626398428 408566449 0  
  1626398429 408566449 0  
  1626398430 408566449 0  
  1626398431 408566449 0  
  1626398432 408566449 0  
  1626398433 408566449 0  
  1626398434 408566449 0  
  1626398435 408566449 0  
  1626398436 408566449 0  
  1626398437 408566449 0  
  1626398438 408566449 0  
  1626398439 408566449 0  
  1626398440 408566449 0  
  1626398441 408566449 0  
  1626398442 408566449 0  
  1626398443 408566449 0  
  1626398444 408566449 0  
  1626398446 408566806 0  
  1626398447 408566806 0  
  1626398448 408566806 0  
  1626398449 408566806 0  
  1626398450 408566806 0  
  1626398451 408566806 0  
  1626398452 408566806 0  
  1626398453 408566806 0  
  1626398454 408566806 0  
  1626398455 408566806 0  
  1626398456 408566806 0  
  1626398457 408566806 0  
  1626398458 408566806 0  
  1626398459 408566806 0  
  1626398460 408567396 0  
  1626398461 408567396 0  
  1626398462 408567396 0  
  1626398463 408567396 0  
  1626398464 408567396 0  
  1626398465 408567396 0  
  1626398466 408567396 0  
  1626398467 408567396 0  
  1626398468 408567396 0  
  1626398469 408567396 0  
  1626398470 408567396 0  
  1626398471 408567396 0  
  1626398472 408567396 0  
  1626398473 408567396 0  
  1626398474 408567396 0  
  1626398475 408567396 0  
  1626398476 408567396 0  
  1626398477 408567396 0  
  1626398478 408567396 0  
  1626398479 408567396 0  
  1626398480 408567396 0  
  1626398481 408567396 0  
  1626398482 408567396 0  
  1626398483 408567396 0  
  1626398484 408567396 0  
  1626398486 408567396 0  
  1626398487 408567396 0  
  1626398488 408567396 0  
  1626398489 408567396 0  
  1626398490 408567396 0  
  1626398491 408567396 0  
  1626398492 408567396 0  
  1626398493 408567396 0  
  1626398494 408567396 0  
  1626398495 408567396 0  
  1626398496 408567396 0  
  1626398497 408567396 0  
  1626398498 408567396 0  
  1626398499 408567396 0  
  1626398500 408567396 0  
  1626398501 408567396 0  
  1626398502 408567396 0  
  1626398503 408567396 0  
  1626398504 408567396 0  
  1626398505 408567396 0  
  1626398506 408567396 0  
  1626398507 408567396 0  
  1626398508 408567396 0  
  1626398509 408567396 0  
  1626398510 408567396 0  
  1626398511 408567396 0  
  1626398512 408567396 0  
  1626398513 408567396 0  
  1626398514 408567396 0  
  1626398515 408567396 0  
  1626398516 408567396 0  
  1626398517 408567396 0  
  1626398518 408567396 0  
  1626398519 408567396 0  
  1626398520 408567396 0  
  1626398521 408567396 0  
  1626398522 408567396 0  
  1626398524 408567396 0  
  1626398525 408567396 0  
  1626398526 408567396 0  
  1626398527 408567396 0  
  1626398528 408567396 0  
  1626398529 408567396 0  
  1626398530 408567396 0  
  1626398531 408567396 0  
  1626398532 408567396 0  
  1626398533 408567396 0  
  1626398534 408567396 0  
  1626398535 408567396 0  
  1626398536 408567396 0  
  1626398537 408567396 0  
  1626398538 408567396 0  
  1626398539 408567396 0  
  1626398540 408567396 0  
  1626398541 408567396 0  
  1626398542 408567488 0  
  1626398543 408567488 0  
  1626398544 408567488 0  
  1626398545 408567488 0  
  1626398546 408567488 0  
  1626398547 408567488 0  
  1626398548 408567488 0  
  1626398549 408567488 0  
  1626398550 408567488 0  
  1626398551 408567488 0  
  1626398552 408567488 0  
  1626398553 408567488 0  
  1626398554 408567488 0  
  1626398555 408567488 0  
  1626398556 408567488 0  
  1626398557 408567488 0  
  1626398558 408567488 0  
  1626398559 408567488 0  
  1626398560 408567488 0  
  1626398561 408567488 0  
  1626398563 408567488 0  
  1626398564 408567488 0  
  1626398565 408567488 0  
  1626398566 408567488 0  
  1626398567 408567488 0  
  1626398568 408567488 0  
  1626398569 408567488 0  
  1626398570 408567488 0  
  1626398571 408567488 0  
  1626398572 408567488 0  
  1626398573 408567488 0  
  1626398574 408567488 0  
  1626398575 408572121 0  
  1626398576 408572121 0  
  1626398577 408572761 0  
  1626398578 408572761 0  
  1626398579 408572761 0  
  1626398580 408572761 0  
  1626398581 408572761 0  
  1626398582 408572761 0  
  1626398583 408572761 0  
  1626398584 408572761 0  
  1626398585 408572761 0  
  1626398586 408572761 0  
  1626398587 408572761 0  
  1626398588 408572761 0  
  1626398589 408572761 0  
  1626398590 408572761 0  
  1626398591 408572761 0  
  1626398592 408572761 0  
  1626398593 408572761 0  
  1626398594 408572761 0  
  1626398595 408572761 0  
  1626398596 408572761 0  
  1626398597 408572761 0  
  1626398598 408572761 0  
  1626398599 408572761 0  
  1626398600 408572761 0  
  1626398602 408572761 0  
  1626398603 408572761 0  
  1626398604 408572761 0  
  1626398605 408572761 0  
  1626398606 408572761 0  
  1626398607 408572761 0  
  1626398608 408572761 0  
  1626398609 408572761 0  
  1626398610 408572761 0  
  1626398611 408572761 0  
  1626398612 408572761 0  
  1626398613 408572761 0  
  1626398614 408572761 0  
  1626398615 408572761 0  
  1626398616 408572761 0  
  1626398617 408572761 0  
  1626398618 408572761 0  
  1626398619 408572761 0  
  1626398620 408572761 0  
  1626398621 408572761 0  
  1626398622 408572761 0  
  1626398623 408572761 0  
  1626398624 408572761 0  
  1626398625 408572761 0  
  1626398626 408572761 0  
  1626398627 408572761 0  
  1626398628 408572761 0  
  1626398629 408572761 0  
  1626398630 408572761 0  
  1626398631 408572761 0  
  1626398632 408572761 0  
  1626398633 408572761 0  
  1626398634 408572761 0  
  1626398635 408572761 0  
  1626398636 408572761 0  
  1626398637 408572761 0  
  1626398638 408572761 0  
  1626398639 408572761 0  
  1626398640 408572761 0  
  1626398642 408572761 0  
  1626398643 408572761 0  
  1626398644 408572761 0  
  1626398645 408572761 0  
  1626398646 408572761 0  
  1626398647 408572761 0  
  1626398648 408572761 0  
  1626398649 408572761 0  
  1626398650 408572761 0  
  1626398651 408572761 0  
  1626398652 408572761 0  
  1626398653 408572761 0  
  1626398654 408572761 0  
  1626398655 408572761 0  
  1626398656 408572761 0  
  1626398657 408572761 0  
  1626398658 408572761 0  
  1626398659 408572761 0  
  1626398660 408572761 0  
  1626398661 408573351 0  
  1626398662 408573351 0  
  1626398663 408573351 0  
  1626398664 408573351 0  
  1626398665 408577660 0  
  1626398666 408577984 0  
  1626398667 408578692 0  
  1626398668 408578692 0  
  1626398669 408578692 0  
  1626398670 408578692 0  
  1626398671 408578692 0  
  1626398672 408578692 0  
  1626398673 408578692 0  
  1626398674 408578692 0  
  1626398675 408587454 0  
  1626398676 408587958 0  
  1626398677 408589238 0  
  1626398678 408589238 0  
  1626398679 408589238 0  
  1626398681 408589238 0  
  1626398682 408589238 0  
  1626398683 408589238 0  
  1626398684 408589238 0  
  1626398685 408589238 0  
  1626398686 408589238 0  
  1626398687 408589238 0  
  1626398688 408589238 0  
  1626398689 408589238 0  
  1626398690 408589238 0  
  1626398691 408589238 0  
  1626398692 408589238 0  
  1626398693 408589238 0  
  1626398694 408589238 0  
  1626398695 408589238 0  
  1626398696 408589238 0  
  1626398697 408589238 0  
  1626398698 408589238 0  
  1626398699 408589238 0  
  1626398700 408589238 0  
  1626398701 408589238 0  
  1626398702 408589238 0  
  1626398703 408589238 0  
  1626398704 408589238 0  
  1626398705 408589238 0  
  1626398706 408589238 0  
  1626398707 408593547 0  
  1626398708 408593871 0  
  1626398709 408594511 0  
  1626398710 408594511 0  
  1626398711 408594511 0  
  1626398712 408594511 0  
  1626398713 408594511 0  
  1626398714 408594511 0  
  1626398715 408594511 0  
  1626398716 408594511 0  
  1626398717 408594511 0  
  1626398718 408594511 0  
  1626398720 408594511 0  
  1626398721 408594511 0  
  1626398722 408594511 0  
  1626398723 408594511 0  
  1626398724 408594511 0  
  1626398725 408594511 0  
  1626398726 408594511 0  
  1626398727 408594511 0  
  1626398728 408594511 0  
  1626398729 408594511 0  
  1626398730 408594511 0  
  1626398731 408594511 0  
  1626398732 408594511 0  
  1626398733 408594511 0  
  1626398734 408594511 0  
  1626398735 408594511 0  
  1626398736 408594511 0  
  1626398737 408594511 0  
  1626398738 408594511 0  
  1626398739 408594511 0  
  1626398740 408594511 0  
  1626398741 408594511 0  
  1626398742 408594511 0  
  1626398743 408594511 0  
  1626398744 408594511 0  
  1626398745 408594511 0  
  1626398746 408594868 0  
  1626398747 408594868 0  
  1626398748 408594868 0  
  1626398749 408594868 0  
  1626398750 408594868 0  
  1626398751 408594868 0  
  1626398752 408594868 0  
  1626398753 408594868 0  
  1626398754 408594868 0  
  1626398755 408594868 0  
  1626398756 408594868 0  
  1626398757 408594868 0  
  1626398759 408594868 0  
  1626398760 408594868 0  
  1626398761 408594868 0  
  1626398762 408594868 0  
  1626398763 408594868 0  
  1626398764 408594868 0  
  1626398765 408594868 0  
  1626398766 408594868 0  
  1626398767 408594868 0  
  1626398768 408594868 0  
  1626398769 408594868 0  
  1626398770 408594868 0  
  1626398771 408594868 0  
  1626398772 408594868 0  
  1626398773 408594868 0  
  1626398774 408594868 0  
  1626398775 408594868 0  
  1626398776 408594868 0  
  1626398777 408594868 0  
  1626398778 408594868 0  
  1626398779 408594868 0  
  1626398780 408594868 0  
  1626398781 408594868 0  
  1626398782 408594868 0  
  1626398783 408594868 0  
  1626398784 408594868 0  
  1626398785 408594868 0  
  1626398786 408594868 0  
  1626398787 408594868 0  
  1626398788 408594868 0  
  1626398789 408594868 0  
  1626398790 408594868 0  
  1626398791 408594868 0  
  1626398792 408594868 0  
  1626398793 408594868 0  
  1626398794 408594868 0  
  1626398795 408594868 0  
  1626398796 408594868 0  
  1626398798 408594868 0  
  1626398799 408594868 0  
  1626398800 408594868 0  
  1626398801 408594868 0  
  1626398802 408594868 0  
  1626398803 408594868 0  
  1626398804 408594960 0  
  1626398805 408594960 0  
  1626398806 408594960 0  
  1626398807 408594960 0  
  1626398808 408594960 0  
  1626398809 408594960 0  
  1626398810 408594960 0  
  1626398811 408594960 0  
  1626398812 408594960 0  
  1626398813 408594960 0  
  1626398814 408594960 0  
  1626398815 408594960 0  
  1626398816 408594960 0  
  1626398817 408594960 0  
  1626398818 408594960 0  
  1626398819 408594960 0  
  1626398820 408594960 0  
  1626398821 408594960 0  
  1626398822 408594960 0  
  1626398823 408594960 0  
  1626398824 408594960 0  
  1626398825 408594960 0  
  1626398826 408594960 0  
  1626398827 408594960 0  
  1626398828 408594960 0  
  1626398829 408594960 0  
  1626398830 408594960 0  
  1626398831 408594960 0  
  1626398832 408594960 0  
  1626398833 408594960 0  
  1626398834 408594960 0  
  1626398835 408594960 0  
  1626398837 408594960 0  
  1626398838 408594960 0  
  1626398839 408594960 0  
  1626398840 408594960 0  
  1626398841 408594960 0  
  1626398842 408594960 0  
  1626398843 408594960 0  
  1626398844 408594960 0  
  1626398845 408594960 0  
  1626398846 408594960 0  
  1626398847 408594960 0  
  1626398848 408594960 0  
  1626398849 408594960 0  
  1626398850 408594960 0  
  1626398851 408594960 0  
  1626398852 408594960 0  
  1626398853 408594960 0  
  1626398854 408594960 0  
  1626398855 408595108 0  
  1626398856 408595108 0  
  1626398857 408595108 0  
  1626398858 408595108 0  
  1626398859 408595108 0  
  1626398860 408596703 0  
  1626398861 408597859 0  
  1626398862 408597859 0  
  1626398863 408597859 0  
  1626398864 408597859 0  
  1626398865 408597859 0  
  1626398866 408597859 0  
  1626398867 408597859 0  
  1626398868 408597859 0  
  1626398869 408597859 0  
  1626398870 408597859 0  
  1626398871 408597859 0  
  1626398872 408597859 0  
  1626398873 408597859 0  
  1626398874 408602168 0  
  1626398875 408602492 0  
  1626398877 408602492 0  
  1626398878 408603064 0  
  1626398879 408603064 0  
  1626398880 408603064 0  
  1626398881 408603064 0  
  1626398882 408603064 0  
  1626398883 408603064 0  
  1626398884 408603064 0  
  1626398885 408603064 0  
  1626398886 408603064 0  
  1626398887 408603064 0  
  1626398888 408603064 0  
  1626398889 408603064 0  
  1626398890 408603064 0  
  1626398891 408603064 0  
  1626398892 408603064 0  
  1626398893 408603064 0  
  1626398894 408603064 0  
  1626398895 408603064 0  
  1626398896 408603064 0  
  1626398897 408603064 0  
  1626398898 408603064 0  
  1626398899 408603064 0  
  1626398900 408603064 0  
  1626398901 408603064 0  
  1626398902 408603064 0  
  1626398903 408603064 0  
  1626398904 408603064 0  
  1626398905 408603064 0  
  1626398906 408603064 0  
  1626398907 408603064 0  
  1626398908 408603064 0  
  1626398909 408603064 0  
  1626398910 408603064 0  
  1626398911 408603064 0  
  1626398912 408603064 0  
  1626398913 408603064 0  
  1626398914 408603064 0  
  1626398916 408603064 0  
  1626398917 408603064 0  
  1626398918 408603064 0  
  1626398919 408603064 0  
  1626398920 408603064 0  
  1626398921 408603064 0  
  1626398922 408603064 0  
  1626398923 408603064 0  
  1626398924 408603064 0  
  1626398925 408603064 0  
  1626398926 408603064 0  
  1626398927 408603064 0  
  1626398928 408603064 0  
  1626398929 408603064 0  
  1626398930 408603064 0  
  1626398931 408603064 0  
  1626398932 408603064 0  
  1626398933 408603064 0  
  1626398934 408603064 0  
  1626398935 408603064 0  
  1626398936 408603064 0  
  1626398937 408603064 0  
  1626398938 408603064 0  
  1626398939 408603064 0  
  1626398940 408603064 0  
  1626398941 408603064 0  
  1626398942 408603064 0  
  1626398943 408603064 0  
  1626398944 408603064 0  
  1626398945 408603064 0  
  1626398946 408603064 0  
  1626398947 408603064 0  
  1626398948 408603064 0  
  1626398949 408603064 0  
  1626398950 408603064 0  
  1626398951 408603064 0  
  1626398952 408603064 0  
  1626398953 408603064 0  
  1626398955 408603064 0  
  1626398956 408603064 0  
  1626398957 408603064 0  
  1626398958 408603064 0  
  1626398959 408603064 0  
  1626398960 408603064 0  
  1626398961 408603064 0  
  1626398962 408603064 0  
  1626398963 408603064 0  
  1626398964 408603064 0  
  1626398965 408603064 0  
  1626398966 408607373 0  
  1626398967 408607697 0  
  1626398968 408607697 0  
  1626398969 408608405 0  
  1626398970 408608405 0  
  1626398971 408608497 0  
  1626398972 408608497 0  
  1626398973 408608497 0  
  1626398974 408613062 0  
  1626398975 408613130 0  
  1626398976 408618471 0  
  1626398977 408619043 0  
  1626398978 408619111 0  
  1626398979 408619111 0  
  1626398980 408619111 0  
  1626398981 408619111 0  
  1626398982 408619111 0  
  1626398983 408619111 0  
  1626398984 408619111 0  
  1626398985 408619111 0  
  1626398986 408619111 0  
  1626398987 408619111 0  
  1626398988 408619111 0  
  1626398989 408619111 0  
  1626398990 408619111 0  
  1626398991 408619111 0  
  1626398992 408619111 0  
  1626398994 408619111 0  
  1626398995 408619111 0  
  1626398996 408619111 0  
  1626398997 408619111 0  
  1626398998 408619111 0  
  1626398999 408619111 0  
  1626399000 408619111 0  
  1626399001 408619111 0  
  1626399002 408619111 0  
  1626399003 408619111 0  
  1626399004 408619111 0  
  1626399005 408619111 0  
  1626399006 408619111 0  
  1626399007 408619111 0  
  1626399008 408623744 0  
  1626399009 408623744 0  
  1626399010 408624384 0  
  1626399011 408624384 0  
  1626399012 408624384 0  
  1626399013 408624384 0  
  1626399014 408624384 0  
  1626399015 408624384 0  
  1626399016 408624384 0  
  1626399017 408624384 0  
  1626399018 408624384 0  
  1626399019 408624384 0  
  1626399020 408624384 0  
  1626399021 408624384 0  
  1626399022 408624384 0  
  1626399023 408624384 0  
  1626399024 408624384 0  
  1626399025 408624384 0  
  1626399026 408624384 0  
  1626399027 408624384 0  
  1626399028 408624384 0  
  1626399029 408624384 0  
  1626399030 408624384 0  
  1626399031 408624384 0  
  1626399033 408624384 0  
  1626399034 408624384 0  
  1626399035 408624384 0  
  1626399036 408624384 0  
  1626399037 408624384 0  
  1626399038 408624384 0  
  1626399039 408624384 0  
  1626399040 408624384 0  
  1626399041 408624384 0  
  1626399042 408624384 0  
  1626399043 408624384 0  
  1626399044 408624384 0  
  1626399045 408624384 0  
  1626399046 408624741 0  
  1626399047 408624741 0  
  1626399048 408624741 0  
  1626399049 408624741 0  
  1626399050 408624741 0  
  1626399051 408624741 0  
  1626399052 408624741 0  
  1626399053 408624741 0  
  1626399054 408624741 0  
  1626399055 408624741 0  
  1626399056 408624741 0  
  1626399057 408624741 0  
  1626399058 408624741 0  
  1626399059 408624741 0  
  1626399060 408624741 0  
  1626399061 408625399 0  
  1626399062 408625491 0  
  1626399063 408629620 0  
  1626399064 408630208 0  
  1626399065 408630208 0  
  1626399066 408630712 0  
  1626399067 408630712 0  
  1626399068 408630712 0  
  1626399069 408630712 0  
  1626399070 408630712 0  
  1626399071 408630712 0  
  1626399073 408630712 0  
  1626399074 408630712 0  
  1626399075 408630712 0  
  1626399076 408630712 0  
  1626399077 408630712 0  
  1626399078 408630712 0  
  1626399079 408630712 0  
  1626399080 408630712 0  
  1626399081 408630712 0  
  1626399082 408630712 0  
  1626399083 408630712 0  
  1626399084 408630712 0  
  1626399085 408630712 0  
  1626399086 408630712 0  
  1626399087 408630712 0  
  1626399088 408630712 0  
  1626399089 408630712 0  
  1626399090 408630712 0  
  1626399091 408630712 0  
  1626399092 408630712 0  
  1626399093 408630712 0  
  1626399094 408630712 0  
  1626399095 408630712 0  
  1626399096 408630712 0  
  1626399097 408630712 0  
  1626399098 408630712 0  
  1626399099 408630712 0  
  1626399100 408630712 0  
  1626399101 408630712 0  
  1626399102 408630712 0  
  1626399103 408630712 0  
  1626399104 408630712 0  
  1626399105 408630712 0  
  1626399106 408630712 0  
  1626399107 408630712 0  
  1626399108 408630712 0  
  1626399109 408630712 0  
  1626399110 408630712 0  
  1626399112 408630712 0  
  1626399113 408630712 0  
  1626399114 408630712 0  
  1626399115 408630712 0  
  1626399116 408630712 0  
  1626399117 408630712 0  
  1626399118 408630712 0  
  1626399119 408630712 0  
  1626399120 408630712 0  
  1626399121 408630712 0  
  1626399122 408630712 0  
  1626399123 408630712 0  
  1626399124 408630712 0  
  1626399125 408630712 0  
  1626399126 408630712 0  
  1626399127 408630712 0  
  1626399128 408630712 0  
  1626399129 408630712 0  
  1626399130 408630712 0  
  1626399131 408630712 0  
  1626399132 408630712 0  
  1626399133 408630712 0  
  1626399134 408630712 0  
  1626399135 408630712 0  
  1626399136 408630712 0  
  1626399137 408630712 0  
  1626399138 408630712 0  
  1626399139 408630712 0  
  1626399140 408630712 0  
  1626399141 408630712 0  
  1626399142 408630712 0  
  1626399143 408630712 0  
  1626399144 408630712 0  
  1626399145 408630712 0  
  1626399146 408630712 0  
  1626399147 408630712 0  
  1626399148 408630712 0  
  1626399149 408630712 0  
  1626399150 408630712 0  
  1626399152 408630712 0  
  1626399153 408630712 0  
  1626399154 408630712 0  
  1626399155 408630712 0  
  1626399156 408630712 0  
  1626399157 408630712 0  
  1626399158 408630712 0  
  1626399159 408630712 0  
  1626399160 408630712 0  
  1626399161 408630712 0  
  1626399162 408630712 0  
  1626399163 408630712 0  
  1626399164 408630712 0  
  1626399165 408630712 0  
  1626399166 408630712 0  
  1626399167 408630712 0  
  1626399168 408630712 0  
  1626399169 408630712 0  
  1626399170 408630712 0  
  1626399171 408630712 0  
  1626399172 408630712 0  
  1626399173 408630712 0  
  1626399174 408635021 0  
  1626399175 408635345 0  
  1626399176 408635985 0  
  1626399177 408635985 0  
  1626399178 408635985 0  
  1626399179 408635985 0  
  1626399180 408635985 0  
  1626399181 408635985 0  
  1626399182 408635985 0  
  1626399183 408635985 0  
  1626399184 408635985 0  
  1626399185 408635985 0  
  1626399186 408635985 0  
  1626399187 408635985 0  
  1626399188 408635985 0  
  1626399189 408635985 0  
  1626399190 408635985 0  
  1626399192 408635985 0  
  1626399193 408635985 0  
  1626399194 408635985 0  
  1626399195 408635985 0  
  1626399196 408635985 0  
  1626399197 408635985 0  
  1626399198 408635985 0  
  1626399199 408635985 0  
  1626399200 408635985 0  
  1626399201 408635985 0  
  1626399202 408635985 0  
  1626399203 408635985 0  
  1626399204 408635985 0  
  1626399205 408635985 0  
  1626399206 408635985 0  
  1626399207 408635985 0  
  1626399208 408635985 0  
  1626399209 408635985 0  
  1626399210 408635985 0  
  1626399211 408635985 0  
  1626399212 408635985 0  
  1626399213 408635985 0  
  1626399214 408635985 0  
  1626399215 408635985 0  
  1626399216 408635985 0  
  1626399217 408635985 0  
  1626399218 408635985 0  
  1626399219 408635985 0  
  1626399220 408635985 0  
  1626399221 408635985 0  
  1626399222 408635985 0  
  1626399223 408635985 0  
  1626399224 408635985 0  
  1626399225 408635985 0  
  1626399226 408635985 0  
  1626399227 408636077 0  
  1626399228 408636077 0  
  1626399230 408636077 0  
  1626399231 408636077 0  
  1626399232 408636077 0  
  1626399233 408636077 0  
  1626399234 408636077 0  
  1626399235 408636077 0  
  1626399236 408636077 0  
  1626399237 408636077 0  
  1626399238 408636077 0  
  1626399239 408636077 0  
  1626399240 408636077 0  
  1626399241 408636077 0  
  1626399242 408636077 0  
  1626399243 408636077 0  
  1626399244 408636077 0  
  1626399245 408636077 0  
  1626399246 408636077 0  
  1626399247 408636077 0  
  1626399248 408636077 0  
  1626399249 408636077 0  
 