 1626779876 462429260 0  
  1626779877 462429260 0  
  1626779878 462429260 0  
  1626779879 462429260 0  
  1626779880 462429260 0  
  1626779881 462429260 0  
  1626779882 462429260 0  
  1626779883 462429260 0  
  1626779884 462429260 0  
  1626779885 462429260 0  
  1626779886 462429260 0  
  1626779887 462429260 0  
  1626779888 462429260 0  
  1626779890 462429260 0  
  1626779891 462429260 0  
  1626779892 462429260 0  
  1626779893 462429260 0  
  1626779894 462429260 0  
  1626779895 462429260 0  
  1626779896 462429260 0  
  1626779897 462429260 0  
  1626779898 462429260 0  
  1626779899 462429260 0  
  1626779900 462429260 0  
  1626779901 462429260 0  
  1626779902 462429260 0  
  1626779903 462429260 0  
  1626779904 462429260 0  
  1626779905 462429260 0  
  1626779906 462429260 0  
  1626779907 462429260 0  
  1626779908 462429260 0  
  1626779909 462429260 0  
  1626779910 462429260 0  
  1626779911 462429260 0  
  1626779912 462429260 0  
  1626779913 462429260 0  
  1626779914 462429260 0  
  1626779915 462429260 0  
  1626779916 462429260 0  
  1626779917 462429260 0  
  1626779918 462429260 0  
  1626779919 462429260 0  
  1626779920 462429260 0  
  1626779921 462429260 0  
  1626779922 462429260 0  
  1626779923 462429260 0  
  1626779924 462429260 0  
  1626779925 462429260 0  
  1626779926 462429260 0  
  1626779927 462429260 0  
  1626779928 462429260 0  
  1626779930 462429260 0  
  1626779931 462429260 0  
  1626779932 462429260 0  
  1626779933 462429260 0  
  1626779934 462429260 0  
  1626779935 462429260 0  
  1626779936 462429260 0  
  1626779937 462429260 0  
  1626779938 462429260 0  
  1626779939 462429260 0  
  1626779940 462429260 0  
  1626779941 462429260 0  
  1626779942 462429260 0  
  1626779943 462429260 0  
  1626779944 462429260 0  
  1626779945 462429260 0  
  1626779946 462429260 0  
  1626779947 462429260 0  
  1626779948 462429260 0  
  1626779949 462429260 0  
  1626779950 462429260 0  
  1626779951 462429260 0  
  1626779952 462429260 0  
  1626779953 462429260 0  
  1626779954 462429260 0  
  1626779955 462429260 0  
  1626779956 462429260 0  
  1626779957 462429260 0  
  1626779958 462429260 0  
  1626779959 462429260 0  
  1626779960 462429260 0  
  1626779961 462429260 0  
  1626779962 462429260 0  
  1626779963 462429260 0  
  1626779964 462429260 0  
  1626779965 462429352 0  
  1626779966 462429352 0  
  1626779967 462429444 0  
  1626779968 462429444 0  
  1626779970 462429444 0  
  1626779971 462429444 0  
  1626779972 462429444 0  
  1626779973 462429444 0  
  1626779974 462429444 0  
  1626779975 462429444 0  
  1626779976 462429444 0  
  1626779977 462429444 0  
  1626779978 462429444 0  
  1626779979 462429444 0  
  1626779980 462429444 0  
  1626779981 462429444 0  
  1626779982 462429444 0  
  1626779983 462429444 0  
  1626779984 462429444 0  
  1626779985 462429444 0  
  1626779986 462429444 0  
  1626779987 462429444 0  
  1626779988 462429444 0  
  1626779989 462429444 0  
  1626779990 462429444 0  
  1626779991 462429444 0  
  1626779992 462429444 0  
  1626779993 462429444 0  
  1626779994 462429444 0  
  1626779995 462429444 0  
  1626779996 462429444 0  
  1626779997 462429444 0  
  1626779998 462429444 0  
  1626779999 462429444 0  
  1626780000 462429444 0  
  1626780001 462429444 0  
  1626780002 462429444 0  
  1626780003 462429444 0  
  1626780004 462429444 0  
  1626780005 462429444 0  
  1626780006 462433753 0  
  1626780007 462434077 0  
  1626780008 462434077 0  
  1626780010 462434785 0  
  1626780011 462434785 0  
  1626780012 462434785 0  
  1626780013 462434785 0  
  1626780014 462434785 0  
  1626780015 462434785 0  
  1626780016 462434785 0  
  1626780017 462434785 0  
  1626780018 462434785 0  
  1626780019 462434785 0  
  1626780020 462434785 0  
  1626780021 462439094 0  
  1626780022 462444051 0  
  1626780023 462449392 0  
  1626780024 462450100 0  
  1626780025 462450808 0  
  1626780026 462450808 0  
  1626780027 462450808 0  
  1626780028 462450808 0  
  1626780029 462450808 0  
  1626780030 462450808 0  
  1626780031 462450808 0  
  1626780032 462450808 0  
  1626780033 462450808 0  
  1626780034 462450808 0  
  1626780035 462450808 0  
  1626780036 462450808 0  
  1626780037 462450808 0  
  1626780038 462450808 0  
  1626780039 462450808 0  
  1626780040 462451165 0  
  1626780041 462451165 0  
  1626780042 462451165 0  
  1626780043 462451165 0  
  1626780044 462451165 0  
  1626780045 462451165 0  
  1626780046 462451165 0  
  1626780047 462451165 0  
  1626780048 462451165 0  
  1626780050 462451165 0  
  1626780051 462451165 0  
  1626780052 462451165 0  
  1626780053 462451165 0  
  1626780054 462451165 0  
  1626780055 462451165 0  
  1626780056 462451165 0  
  1626780057 462451165 0  
  1626780058 462451165 0  
  1626780059 462451165 0  
  1626780060 462451165 0  
  1626780061 462451165 0  
  1626780062 462451165 0  
  1626780063 462451165 0  
  1626780064 462451165 0  
  1626780065 462451761 0  
  1626780066 462451761 0  
  1626780067 462451761 0  
  1626780068 462451761 0  
  1626780069 462451761 0  
  1626780070 462451761 0  
  1626780071 462451761 0  
  1626780072 462451761 0  
  1626780073 462451761 0  
  1626780074 462451761 0  
  1626780075 462451761 0  
  1626780076 462451761 0  
  1626780077 462451761 0  
  1626780078 462451761 0  
  1626780079 462451761 0  
  1626780080 462451761 0  
  1626780081 462451761 0  
  1626780082 462451761 0  
  1626780083 462451761 0  
  1626780084 462451761 0  
  1626780085 462451761 0  
  1626780086 462451761 0  
  1626780087 462451761 0  
  1626780088 462451761 0  
  1626780090 462451761 0  
  1626780091 462451761 0  
  1626780092 462451761 0  
  1626780093 462451761 0  
  1626780094 462451761 0  
  1626780095 462451761 0  
  1626780096 462451761 0  
  1626780097 462451761 0  
  1626780098 462451761 0  
  1626780099 462451761 0  
  1626780100 462451761 0  
  1626780101 462451761 0  
  1626780102 462451761 0  
  1626780103 462451761 0  
  1626780104 462451761 0  
  1626780105 462451761 0  
  1626780106 462451761 0  
  1626780107 462451761 0  
  1626780108 462451761 0  
  1626780109 462451761 0  
  1626780110 462451761 0  
  1626780111 462451761 0  
  1626780112 462451761 0  
  1626780113 462451761 0  
  1626780114 462451761 0  
  1626780115 462451761 0  
  1626780116 462451761 0  
  1626780117 462451761 0  
  1626780118 462451761 0  
  1626780119 462451761 0  
  1626780120 462451761 0  
  1626780121 462451761 0  
  1626780122 462451761 0  
  1626780123 462451761 0  
  1626780124 462451761 0  
  1626780125 462451761 0  
  1626780126 462451761 0  
  1626780127 462451761 0  
  1626780128 462451761 0  
  1626780130 462451761 0  
  1626780131 462451761 0  
  1626780132 462451761 0  
  1626780133 462451761 0  
  1626780134 462451761 0  
  1626780135 462451761 0  
  1626780136 462451761 0  
  1626780137 462451761 0  
  1626780138 462451761 0  
  1626780139 462451761 0  
  1626780140 462451761 0  
  1626780141 462451761 0  
  1626780142 462451761 0  
  1626780143 462451761 0  
  1626780144 462451761 0  
  1626780145 462451761 0  
  1626780146 462451761 0  
  1626780147 462451761 0  
  1626780148 462451761 0  
  1626780149 462451761 0  
  1626780150 462451761 0  
  1626780151 462451761 0  
  1626780152 462451761 0  
  1626780153 462451761 0  
  1626780154 462451761 0  
  1626780155 462451761 0  
  1626780156 462451761 0  
  1626780157 462451761 0  
  1626780158 462451761 0  
  1626780159 462451761 0  
  1626780160 462451761 0  
  1626780161 462451761 0  
  1626780162 462451761 0  
  1626780163 462451761 0  
  1626780164 462451761 0  
  1626780165 462451761 0  
  1626780166 462451761 0  
  1626780167 462451761 0  
  1626780168 462451761 0  
  1626780170 462456070 0  
  1626780171 462456394 0  
  1626780172 462457102 0  
  1626780173 462457102 0  
  1626780174 462457102 0  
  1626780175 462457102 0  
  1626780176 462457102 0  
  1626780177 462457102 0  
  1626780178 462457102 0  
  1626780179 462457102 0  
  1626780180 462457102 0  
  1626780181 462457102 0  
  1626780182 462457102 0  
  1626780183 462457102 0  
  1626780184 462457102 0  
  1626780185 462457102 0  
  1626780186 462457102 0  
  1626780187 462457102 0  
  1626780188 462457102 0  
  1626780189 462457102 0  
  1626780190 462457102 0  
  1626780191 462457102 0  
  1626780192 462457102 0  
  1626780193 462457102 0  
  1626780194 462457102 0  
  1626780195 462457102 0  
  1626780196 462457102 0  
  1626780197 462457102 0  
  1626780198 462457102 0  
 