 1627436643 555676461 38476  
  1627436644 555676461 38476  
  1627436645 555676461 38476  
  1627436646 555676461 38476  
  1627436647 555676461 38476  
  1627436648 555676461 38476  
  1627436649 555676461 38476  
  1627436650 555676461 38476  
  1627436651 555676461 38476  
  1627436652 555676461 38476  
  1627436653 555676461 38476  
  1627436654 555676553 38476  
  1627436655 555676553 38476  
  1627436656 555676553 38476  
  1627436657 555676553 38476  
  1627436658 555676553 38476  
  1627436659 555676553 38476  
  1627436660 555676553 38476  
  1627436661 555676553 38476  
  1627436662 555676553 38476  
  1627436663 555676553 38476  
  1627436664 555676553 38476  
  1627436665 555676553 38476  
  1627436666 555676553 38476  
  1627436667 555676553 38476  
  1627436668 555676553 38476  
  1627436669 555676553 38476  
  1627436670 555676553 38476  
  1627436672 555676553 38476  
  1627436673 555676553 38476  
  1627436674 555676553 38476  
  1627436675 555676553 38476  
  1627436676 555676553 38476  
  1627436677 555676553 38476  
  1627436678 555676553 38476  
  1627436679 555676553 38476  
  1627436680 555678148 38476  
  1627436681 555678148 38476  
  1627436682 555678148 38476  
  1627436683 555678148 38476  
  1627436684 555678148 38476  
  1627436685 555678148 38476  
  1627436686 555678148 38476  
  1627436687 555678148 38476  
  1627436688 555678148 38476  
  1627436689 555678148 38476  
  1627436690 555678148 38476  
  1627436691 555678148 38476  
  1627436692 555678148 38476  
  1627436693 555678148 38476  
  1627436694 555678148 38476  
  1627436695 555678148 38476  
  1627436696 555678148 38476  
  1627436697 555678148 38476  
  1627436698 555678148 38476  
  1627436699 555678148 38476  
  1627436700 555678148 38476  
  1627436701 555678148 38476  
  1627436702 555678148 38476  
  1627436703 555678148 38476  
  1627436704 555678148 38476  
  1627436705 555678148 38476  
  1627436706 555678148 38476  
  1627436707 555678148 38476  
  1627436708 555678148 38476  
  1627436709 555678148 38476  
  1627436710 555678148 38476  
  1627436711 555678148 38476  
  1627436713 555678148 38476  
  1627436714 555678148 38476  
  1627436715 555678148 38476  
  1627436716 555678148 38476  
  1627436717 555678148 38476  
  1627436718 555678148 38476  
  1627436719 555678148 38476  
  1627436720 555678148 38476  
  1627436721 555678148 38476  
  1627436722 555678148 38476  
  1627436723 555678148 38476  
  1627436724 555678148 38476  
  1627436725 555678148 38476  
  1627436726 555678148 38476  
  1627436727 555678148 38476  
  1627436728 555678148 38476  
  1627436729 555678148 38476  
  1627436730 555678148 38476  
  1627436731 555678148 38476  
  1627436732 555678148 38476  
  1627436733 555678148 38476  
  1627436734 555678148 38476  
  1627436735 555678148 38476  
  1627436736 555678148 38476  
  1627436737 555769696 38476  
  1627436738 555918977 38476  
  1627436739 555918977 38476  
  1627436740 555919096 38476  
  1627436741 555919096 38476  
  1627436742 555919096 38476  
  1627436743 555919096 38476  
  1627436744 555919096 38476  
  1627436745 555919096 38476  
  1627436746 555919096 38476  
  1627436747 555919096 38476  
  1627436748 555919096 38476  
  1627436749 555919096 38476  
  1627436750 555919096 38476  
  1627436751 555919096 38476  
  1627436753 555919096 38476  
  1627436754 555919096 38476  
  1627436755 555919096 38476  
  1627436756 555919096 38476  
  1627436757 555919096 38476  
  1627436758 555919096 38476  
  1627436759 555919096 38476  
  1627436760 555919096 38476  
  1627436761 555919096 38476  
  1627436762 555919096 38476  
  1627436763 555919096 38476  
  1627436764 555919096 38476  
  1627436765 555919096 38476  
  1627436766 555919096 38476  
  1627436767 555919096 38476  
  1627436768 555919096 38476  
  1627436769 555919096 38476  
  1627436770 555919096 38476  
  1627436771 555919096 38476  
  1627436772 555919096 38476  
  1627436773 555919096 38476  
  1627436774 555919096 38476  
  1627436775 555919096 38476  
  1627436776 555919096 38476  
  1627436777 555919096 38476  
  1627436778 555919096 38476  
  1627436779 555919096 38476  
  1627436780 555919096 38476  
  1627436781 555919096 38476  
  1627436782 555919096 38476  
  1627436783 555919096 38476  
  1627436784 555919096 38476  
  1627436785 555919096 38476  
  1627436786 555919096 38476  
  1627436787 555919096 38476  
  1627436788 555919096 38476  
  1627436789 555919096 38476  
  1627436790 555919096 38476  
  1627436791 555919096 38476  
  1627436793 555919096 38476  
  1627436794 555919096 38476  
  1627436795 555919096 38476  
  1627436796 555919096 38476  
  1627436797 555919096 38476  
  1627436798 555919096 38476  
  1627436799 555919096 38476  
  1627436800 555919096 38476  
  1627436801 555919096 38476  
  1627436802 555919096 38476  
  1627436803 555919096 38476  
  1627436804 555919096 38476  
  1627436805 555919096 38476  
  1627436806 555919096 38476  
  1627436807 555919096 38476  
  1627436808 555919096 38476  
  1627436809 555919096 38476  
  1627436810 555919096 38476  
  1627436811 555919096 38476  
  1627436812 555919096 38476  
  1627436813 555919096 38476  
  1627436814 555919096 38476  
  1627436815 555919096 38476  
  1627436816 555919096 38476  
  1627436817 555919096 38476  
  1627436818 555919096 38476  
  1627436819 555919096 38476  
  1627436820 555919096 38476  
  1627436821 555919096 38476  
  1627436822 555919096 38476  
  1627436823 555919096 38476  
  1627436824 555919096 38476  
  1627436825 555923405 38476  
  1627436826 555923729 38476  
  1627436827 555923729 38476  
  1627436828 555924437 38476  
  1627436829 555924437 38476  
  1627436830 555924437 38476  
  1627436831 555924437 38476  
  1627436833 555924437 38476  
  1627436834 555924437 38476  
  1627436835 555924437 38476  
  1627436836 555924437 38476  
  1627436837 555924437 38476  
  1627436838 555924437 38476  
  1627436839 555924437 38476  
  1627436840 555924437 38476  
  1627436841 555924437 38476  
  1627436842 555924437 38476  
  1627436843 555924437 38476  
  1627436844 555924437 38476  
  1627436845 555924437 38476  
  1627436846 555924437 38476  
  1627436847 555924437 38476  
  1627436848 555924437 38476  
  1627436849 555924437 38476  
  1627436850 555924437 38476  
  1627436851 555924437 38476  
  1627436852 555924437 38476  
  1627436853 555928746 38476  
  1627436854 555929070 38476  
  1627436855 555929710 38476  
  1627436856 555929778 38476  
  1627436857 555929778 38476  
  1627436858 555929778 38476  
  1627436859 555929778 38476  
  1627436860 555929778 38476  
  1627436861 555929778 38476  
  1627436862 555929778 38476  
  1627436863 555929778 38476  
  1627436864 555929778 38476  
  1627436865 555929778 38476  
  1627436866 555929778 38476  
  1627436867 555929778 38476  
  1627436868 555929778 38476  
  1627436869 555929778 38476  
  1627436870 555929778 38476  
  1627436871 555929778 38476  
  1627436873 555929778 38476  
  1627436874 555929778 38476  
  1627436875 555929778 38476  
  1627436876 555929778 38476  
  1627436877 555929778 38476  
  1627436878 555929778 38476  
  1627436879 555930436 38476  
  1627436880 555930436 38476  
  1627436881 555930436 38476  
  1627436882 555930436 38476  
  1627436883 555930436 38476  
  1627436884 555930436 38476  
  1627436885 555930436 38476  
  1627436886 555930436 38476  
  1627436887 555930436 38476  
  1627436888 555930436 38476  
  1627436889 555930436 38476  
  1627436890 555930436 38476  
  1627436891 555930436 38476  
  1627436892 555930436 38476  
  1627436893 555930436 38476  
  1627436894 555930436 38476  
  1627436895 555930436 38476  
  1627436896 555932313 38476  
  1627436897 555939634 38476  
  1627436898 555939702 38476  
  1627436899 555941118 38476  
  1627436900 555941118 38476  
  1627436901 555941118 38476  
  1627436902 555941118 38476  
  1627436903 555941118 38476  
  1627436904 555941118 38476  
  1627436905 555941118 38476  
  1627436906 555941118 38476  
  1627436907 555941118 38476  
  1627436908 555941118 38476  
  1627436909 555941118 38476  
  1627436910 555941210 38476  
  1627436912 555941210 38476  
  1627436913 555941210 38476  
  1627436914 555941210 38476  
  1627436915 555941210 38476  
  1627436916 555941210 38476  
  1627436917 555941210 38476  
  1627436918 555941210 38476  
  1627436919 555941210 38476  
  1627436920 555941210 38476  
  1627436921 555941210 38476  
  1627436922 555941210 38476  
  1627436923 555941210 38476  
  1627436924 555941210 38476  
  1627436925 555941210 38476  
  1627436926 555941210 38476  
  1627436927 555941210 38476  
  1627436928 555941210 38476  
  1627436929 555941210 38476  
  1627436930 555941210 38476  
  1627436931 555941210 38476  
  1627436932 555941210 38476  
  1627436933 555941210 38476  
  1627436934 555941210 38476  
  1627436935 555943087 38476  
  1627436936 555945843 38476  
  1627436937 555945843 38476  
  1627436938 555946551 38476  
  1627436939 555946551 38476  
  1627436940 555946551 38476  
  1627436941 555946551 38476  
  1627436942 555946551 38476  
  1627436943 555946551 38476  
  1627436944 555946551 38476  
  1627436945 555946551 38476  
  1627436946 555946551 38476  
  1627436947 555946551 38476  
  1627436948 555946551 38476  
  1627436949 555946551 38476  
  1627436950 555946551 38476  
  1627436952 555946551 38476  
  1627436953 555946551 38476  
  1627436954 555946551 38476  
  1627436955 555946551 38476  
  1627436956 555946551 38476  
  1627436957 555946551 38476  
  1627436958 555946551 38476  
  1627436959 555946551 38476  
  1627436960 555946551 38476  
  1627436961 555946551 38476  
  1627436962 555946551 38476  
  1627436963 555946551 38476  
  1627436964 555946551 38476  
  1627436965 555946551 38476  
 