 1627017945 503283777 167998  
  1627017946 503287906 167998  
  1627017947 503288410 167998  
  1627017948 503292539 167998  
  1627017949 503293683 167998  
  1627017950 503294391 167998  
  1627017951 503294391 167998  
  1627017952 503294391 167998  
  1627017953 503296268 167998  
  1627017954 503303657 167998  
  1627017955 503304365 167998  
  1627017956 503305073 167998  
  1627017957 503305073 167998  
  1627017958 503305073 167998  
  1627017959 503305073 167998  
  1627017960 503305073 167998  
  1627017961 503305073 167998  
  1627017962 503305073 167998  
  1627017963 503305073 167998  
  1627017964 503305073 167998  
  1627017965 503305073 167998  
  1627017966 503305073 167998  
  1627017967 503305073 167998  
  1627017968 503305073 167998  
  1627017969 503305073 167998  
  1627017970 503305073 167998  
  1627017971 503305073 167998  
  1627017972 503305073 167998  
  1627017973 503305073 167998  
  1627017974 503305073 167998  
  1627017975 503305073 167998  
  1627017976 503305073 167998  
  1627017977 503305073 167998  
  1627017978 503305073 167998  
  1627017979 503305073 167998  
  1627017981 503305073 167998  
  1627017982 503305073 167998  
  1627017983 503305073 167998  
  1627017984 503305073 167998  
  1627017985 503305073 167998  
  1627017986 503305073 167998  
  1627017987 503305073 167998  
  1627017988 503305073 167998  
  1627017989 503305073 167998  
  1627017990 503305073 167998  
  1627017991 503305073 167998  
  1627017992 503305073 167998  
  1627017993 503305073 167998  
  1627017994 503305073 167998  
  1627017995 503305073 167998  
  1627017996 503305073 167998  
  1627017997 503305073 167998  
  1627017998 503305073 167998  
  1627017999 503305073 167998  
  1627018000 503305073 167998  
  1627018001 503305073 167998  
  1627018002 503305073 167998  
  1627018003 503305073 167998  
  1627018004 503305073 167998  
  1627018005 503305073 167998  
  1627018006 503305073 167998  
  1627018007 503305073 167998  
  1627018008 503305073 167998  
  1627018009 503305073 167998  
  1627018010 503305073 167998  
  1627018011 503305073 167998  
  1627018012 503305073 167998  
  1627018013 503305073 167998  
  1627018014 503305073 167998  
  1627018015 503305073 167998  
  1627018016 503305073 167998  
  1627018017 503305073 167998  
  1627018018 503305073 167998  
  1627018019 503305073 167998  
  1627018021 503305073 167998  
  1627018022 503305073 167998  
  1627018023 503305073 167998  
  1627018024 503305073 167998  
  1627018025 503305073 167998  
  1627018026 503305073 167998  
  1627018027 503305073 167998  
  1627018028 503305073 167998  
  1627018029 503305073 167998  
  1627018030 503305073 167998  
  1627018031 503305073 167998  
  1627018032 503305073 167998  
  1627018033 503305073 167998  
  1627018034 503305073 167998  
  1627018035 503305073 167998  
  1627018036 503305073 167998  
  1627018037 503305073 167998  
  1627018038 503305165 167998  
  1627018039 503305165 167998  
  1627018040 503305165 167998  
  1627018041 503305165 167998  
  1627018042 503305165 167998  
  1627018043 503305165 167998  
  1627018044 503305165 167998  
  1627018045 503305165 167998  
  1627018046 503305165 167998  
  1627018047 503305165 167998  
  1627018048 503305165 167998  
  1627018049 503305165 167998  
  1627018050 503305165 167998  
  1627018051 503305503 167998  
  1627018052 503305503 167998  
  1627018053 503305503 167998  
  1627018054 503305503 167998  
  1627018055 503305571 167998  
  1627018056 503305571 167998  
  1627018057 503305571 167998  
  1627018058 503305571 167998  
  1627018059 503305571 167998  
  1627018060 503305571 167998  
  1627018062 503306727 167998  
  1627018063 503306727 167998  
  1627018064 503306727 167998  
  1627018065 503306727 167998  
  1627018066 503306727 167998  
  1627018067 503306727 167998  
  1627018068 503306727 167998  
  1627018069 503306727 167998  
  1627018070 503307323 167998  
  1627018071 503307323 167998  
  1627018072 503307323 167998  
  1627018073 503307323 167998  
  1627018074 503307323 167998  
  1627018075 503307415 167998  
  1627018076 503307415 167998  
  1627018077 503307415 167998  
  1627018078 503307415 167998  
  1627018079 503307415 167998  
  1627018080 503307415 167998  
  1627018081 503307415 167998  
  1627018082 503307415 167998  
  1627018083 503307415 167998  
  1627018084 503307415 167998  
  1627018085 503307415 167998  
  1627018086 503307415 167998  
  1627018087 503307415 167998  
  1627018088 503307415 167998  
  1627018089 503307415 167998  
  1627018090 503307415 167998  
  1627018091 503307415 167998  
  1627018092 503307415 167998  
  1627018093 503307415 167998  
  1627018094 503307415 167998  
  1627018095 503307415 167998  
  1627018096 503307415 167998  
  1627018097 503307415 167998  
  1627018098 503307415 167998  
  1627018099 503307415 167998  
  1627018101 503307415 167998  
  1627018102 503307415 167998  
  1627018103 503307415 167998  
  1627018104 503307415 167998  
  1627018105 503307415 167998  
  1627018106 503307415 167998  
  1627018107 503307415 167998  
  1627018108 503307415 167998  
  1627018109 503307415 167998  
  1627018110 503307415 167998  
  1627018111 503307415 167998  
  1627018112 503307415 167998  
  1627018113 503307415 167998  
  1627018114 503307415 167998  
  1627018115 503307415 167998  
  1627018116 503307415 167998  
  1627018117 503307415 167998  
  1627018118 503307415 167998  
  1627018119 503307415 167998  
  1627018120 503307415 167998  
  1627018121 503307415 167998  
  1627018122 503312048 167998  
  1627018123 503312048 167998  
  1627018124 503312756 167998  
  1627018125 503312756 167998  
  1627018126 503312756 167998  
  1627018127 503312756 167998  
  1627018128 503312756 167998  
  1627018129 503312756 167998  
  1627018130 503312756 167998  
  1627018131 503312756 167998  
  1627018132 503312756 167998  
  1627018133 503312756 167998  
  1627018134 503312756 167998  
  1627018135 503312756 167998  
  1627018136 503312756 167998  
  1627018137 503312756 167998  
  1627018138 503312756 167998  
  1627018140 503313094 167998  
  1627018141 503313094 167998  
  1627018142 503313094 167998  
  1627018143 503313094 167998  
  1627018144 503313094 167998  
  1627018145 503313094 167998  
  1627018146 503313094 167998  
  1627018147 503313094 167998  
  1627018148 503313094 167998  
  1627018149 503313094 167998  
  1627018150 503313094 167998  
  1627018151 503313094 167998  
  1627018152 503313094 167998  
  1627018153 503313094 167998  
  1627018154 503313094 167998  
  1627018155 503313094 167998  
  1627018156 503313094 167998  
  1627018157 503313094 167998  
  1627018158 503313094 167998  
  1627018159 503313094 167998  
  1627018160 503313094 167998  
  1627018161 503313094 167998  
  1627018162 503313094 167998  
  1627018163 503313094 167998  
  1627018164 503313094 167998  
  1627018165 503313094 167998  
  1627018166 503313186 167998  
  1627018167 503313186 167998  
  1627018168 503313186 167998  
  1627018169 503313186 167998  
  1627018170 503313186 167998  
  1627018171 503313186 167998  
  1627018172 503313186 167998  
  1627018173 503313186 167998  
  1627018174 503313186 167998  
  1627018175 503313186 167998  
  1627018176 503313186 167998  
  1627018177 503313186 167998  
  1627018178 503313186 167998  
  1627018180 503313186 167998  
  1627018181 503313186 167998  
  1627018182 503313186 167998  
  1627018183 503313186 167998  
  1627018184 503313186 167998  
  1627018185 503313186 167998  
  1627018186 503313186 167998  
  1627018187 503313186 167998  
  1627018188 503313186 167998  
  1627018189 503313186 167998  
  1627018190 503313186 167998  
  1627018191 503313186 167998  
  1627018192 503313186 167998  
  1627018193 503313186 167998  
  1627018194 503313186 167998  
  1627018195 503313186 167998  
  1627018196 503313186 167998  
  1627018197 503313186 167998  
  1627018198 503313186 167998  
  1627018199 503313186 167998  
  1627018200 503313186 167998  
  1627018201 503313186 167998  
  1627018202 503313186 167998  
  1627018203 503313186 167998  
  1627018204 503313278 167998  
  1627018205 503313278 167998  
  1627018206 503313278 167998  
  1627018207 503313278 167998  
  1627018208 503313278 167998  
  1627018209 503313278 167998  
  1627018210 503313278 167998  
  1627018211 503313278 167998  
  1627018212 503313278 167998  
  1627018213 503313278 167998  
  1627018214 503313278 167998  
  1627018215 503313278 167998  
  1627018216 503313278 167998  
  1627018217 503313278 167998  
  1627018218 503313278 167998  
  1627018220 503313278 167998  
  1627018221 503313278 167998  
  1627018222 503313278 167998  
  1627018223 503313278 167998  
  1627018224 503313278 167998  
  1627018225 503313278 167998  
  1627018226 503313278 167998  
  1627018227 503313278 167998  
  1627018228 503313278 167998  
  1627018229 503313278 167998  
  1627018230 503313278 167998  
  1627018231 503313278 167998  
  1627018232 503313278 167998  
  1627018233 503313278 167998  
  1627018234 503313278 167998  
  1627018235 503313278 167998  
  1627018236 503313278 167998  
  1627018237 503313278 167998  
  1627018238 503313278 167998  
  1627018239 503313278 167998  
  1627018240 503313278 167998  
  1627018241 503313635 167998  
  1627018242 503313635 167998  
  1627018243 503313635 167998  
  1627018244 503313635 167998  
  1627018245 503317944 167998  
  1627018246 503318268 167998  
  1627018247 503323541 167998  
  1627018248 503323609 167998  
  1627018249 503324317 167998  
  1627018250 503324317 167998  
  1627018251 503324317 167998  
  1627018252 503324317 167998  
  1627018253 503328882 167998  
  1627018254 503333583 167998  
  1627018255 503334931 167998  
  1627018256 503334999 167998  
  1627018257 503334999 167998  
  1627018259 503334999 167998  
  1627018260 503334999 167998  
  1627018261 503334999 167998  
  1627018262 503334999 167998  
  1627018263 503334999 167998  
  1627018264 503334999 167998  
  1627018265 503339716 167998  
  1627018266 503339716 167998  
  1627018267 503340220 167998  
 