 1626715336 452770312 0  
  1626715337 452770312 0  
  1626715338 452770312 0  
  1626715339 452770312 0  
  1626715340 452770312 0  
  1626715341 452770312 0  
  1626715342 452770312 0  
  1626715343 452770312 0  
  1626715344 452770312 0  
  1626715345 452770312 0  
  1626715346 452770312 0  
  1626715347 452770312 0  
  1626715348 452770312 0  
  1626715349 452770312 0  
  1626715350 452770312 0  
  1626715351 452770312 0  
  1626715352 452770312 0  
  1626715353 452770312 0  
  1626715354 452770312 0  
  1626715355 452770312 0  
  1626715356 452770312 0  
  1626715357 452770312 0  
  1626715358 452770312 0  
  1626715359 452770312 0  
  1626715360 452770312 0  
  1626715361 452770312 0  
  1626715362 452770312 0  
  1626715363 452770312 0  
  1626715364 452770312 0  
  1626715365 452770312 0  
  1626715366 452770312 0  
  1626715367 452774621 0  
  1626715368 452774945 0  
  1626715369 452774945 0  
  1626715371 452775653 0  
  1626715372 452775653 0  
  1626715373 452775653 0  
  1626715374 452775653 0  
  1626715375 452775991 0  
  1626715376 452775991 0  
  1626715377 452775991 0  
  1626715378 452775991 0  
  1626715379 452775991 0  
  1626715380 452775991 0  
  1626715381 452775991 0  
  1626715382 452775991 0  
  1626715383 452775991 0  
  1626715384 452775991 0  
  1626715385 452775991 0  
  1626715386 452775991 0  
  1626715387 452775991 0  
  1626715388 452775991 0  
  1626715389 452775991 0  
  1626715390 452775991 0  
  1626715391 452775991 0  
  1626715392 452775991 0  
  1626715393 452775991 0  
  1626715394 452775991 0  
  1626715395 452775991 0  
  1626715396 452775991 0  
  1626715397 452775991 0  
  1626715398 452775991 0  
  1626715399 452775991 0  
  1626715400 452775991 0  
  1626715401 452775991 0  
  1626715402 452775991 0  
  1626715403 452775991 0  
  1626715404 452775991 0  
  1626715405 452775991 0  
  1626715406 452775991 0  
  1626715407 452775991 0  
  1626715408 452775991 0  
  1626715410 452775991 0  
  1626715411 452775991 0  
  1626715412 452775991 0  
  1626715413 452775991 0  
  1626715414 452775991 0  
  1626715415 452775991 0  
  1626715416 452775991 0  
  1626715417 452775991 0  
  1626715418 452775991 0  
  1626715419 452775991 0  
  1626715420 452775991 0  
  1626715421 452775991 0  
  1626715422 452775991 0  
  1626715423 452775991 0  
  1626715424 452775991 0  
  1626715425 452775991 0  
  1626715426 452775991 0  
  1626715427 452775991 0  
  1626715428 452775991 0  
  1626715429 452775991 0  
  1626715430 452775991 0  
  1626715431 452775991 0  
  1626715432 452775991 0  
  1626715433 452775991 0  
  1626715434 452775991 0  
  1626715435 452775991 0  
  1626715436 452775991 0  
  1626715437 452775991 0  
  1626715438 452775991 0  
  1626715439 452775991 0  
  1626715440 452775991 0  
  1626715441 452775991 0  
  1626715442 452775991 0  
  1626715443 452775991 0  
  1626715444 452775991 0  
  1626715445 452775991 0  
  1626715446 452775991 0  
  1626715447 452775991 0  
  1626715449 452775991 0  
  1626715450 452775991 0  
  1626715451 452775991 0  
  1626715452 452775991 0  
  1626715453 452775991 0  
  1626715454 452775991 0  
  1626715455 452775991 0  
  1626715456 452775991 0  
  1626715457 452775991 0  
  1626715458 452775991 0  
  1626715459 452775991 0  
  1626715460 452775991 0  
  1626715461 452775991 0  
  1626715462 452775991 0  
  1626715463 452776587 0  
  1626715464 452776587 0  
  1626715465 452776587 0  
  1626715466 452776587 0  
  1626715467 452776587 0  
  1626715468 452776587 0  
  1626715469 452776587 0  
  1626715470 452776587 0  
  1626715471 452776587 0  
  1626715472 452776587 0  
  1626715473 452776587 0  
  1626715474 452776587 0  
  1626715475 452776587 0  
  1626715476 452776587 0  
  1626715477 452776587 0  
  1626715478 452776587 0  
  1626715479 452776587 0  
  1626715480 452776587 0  
  1626715481 452776587 0  
  1626715482 452776587 0  
  1626715483 452776587 0  
  1626715484 452776587 0  
  1626715485 452776587 0  
  1626715486 452776587 0  
  1626715487 452776587 0  
  1626715489 452776587 0  
  1626715490 452776587 0  
  1626715491 452776587 0  
  1626715492 452776587 0  
  1626715493 452776587 0  
  1626715494 452776587 0  
  1626715495 452776587 0  
  1626715496 452776587 0  
  1626715497 452776587 0  
  1626715498 452776587 0  
  1626715499 452776925 0  
  1626715500 452776925 0  
  1626715501 452776925 0  
  1626715502 452776925 0  
  1626715503 452776925 0  
  1626715504 452781234 0  
  1626715505 452781558 0  
  1626715506 452782198 0  
  1626715507 452782198 0  
  1626715508 452782198 0  
  1626715509 452782198 0  
  1626715510 452782198 0  
  1626715511 452782198 0  
  1626715512 452782198 0  
  1626715513 452782198 0  
  1626715514 452782198 0  
  1626715515 452782198 0  
  1626715516 452782198 0  
  1626715517 452786507 0  
  1626715518 452786831 0  
  1626715519 452792172 0  
  1626715520 452797513 0  
  1626715521 452797513 0  
  1626715522 452798221 0  
  1626715523 452798221 0  
  1626715524 452798221 0  
  1626715525 452798221 0  
  1626715526 452798221 0  
  1626715528 452798221 0  
  1626715529 452798221 0  
  1626715530 452798221 0  
  1626715531 452798289 0  
  1626715532 452798289 0  
  1626715533 452798289 0  
  1626715534 452798289 0  
  1626715535 452798289 0  
  1626715536 452798289 0  
  1626715537 452799938 0  
  1626715538 452799938 0  
  1626715539 452799938 0  
  1626715540 452799938 0  
  1626715541 452799938 0  
  1626715542 452799938 0  
  1626715543 452799938 0  
  1626715544 452799938 0  
  1626715545 452799938 0  
  1626715546 452799938 0  
  1626715547 452799938 0  
  1626715548 452799938 0  
  1626715549 452799938 0  
  1626715550 452799938 0  
  1626715551 452799938 0  
  1626715552 452799938 0  
  1626715553 452799938 0  
  1626715554 452799938 0  
  1626715555 452799938 0  
  1626715556 452799938 0  
  1626715557 452799938 0  
  1626715558 452799938 0  
  1626715559 452799938 0  
  1626715560 452799938 0  
  1626715561 452799938 0  
  1626715562 452799938 0  
  1626715563 452799938 0  
  1626715564 452799938 0  
  1626715566 452799938 0  
  1626715567 452799938 0  
  1626715568 452800030 0  
  1626715569 452800030 0  
  1626715570 452800030 0  
  1626715571 452800030 0  
  1626715572 452800030 0  
  1626715573 452800030 0  
  1626715574 452800030 0  
  1626715575 452800030 0  
  1626715576 452800030 0  
  1626715577 452800030 0  
  1626715578 452800030 0  
  1626715579 452800030 0  
  1626715580 452800030 0  
  1626715581 452800030 0  
  1626715582 452800030 0  
  1626715583 452800030 0  
  1626715584 452800030 0  
  1626715585 452800030 0  
  1626715586 452800030 0  
  1626715587 452800030 0  
  1626715588 452800030 0  
  1626715589 452800030 0  
  1626715590 452800030 0  
  1626715591 452800030 0  
  1626715592 452800030 0  
  1626715593 452800030 0  
  1626715594 452800030 0  
  1626715595 452800030 0  
  1626715596 452800030 0  
  1626715597 452800030 0  
  1626715598 452800030 0  
  1626715599 452800030 0  
  1626715600 452800030 0  
  1626715601 452800030 0  
  1626715602 452800030 0  
  1626715603 452800030 0  
  1626715605 452800030 0  
  1626715606 452800030 0  
  1626715607 452800030 0  
  1626715608 452800030 0  
  1626715609 452800030 0  
  1626715610 452800030 0  
  1626715611 452800030 0  
  1626715612 452800030 0  
  1626715613 452800030 0  
  1626715614 452800030 0  
  1626715615 452800030 0  
  1626715616 452800030 0  
  1626715617 452800030 0  
  1626715618 452800030 0  
  1626715619 452800030 0  
  1626715620 452800030 0  
  1626715621 452800030 0  
  1626715622 452800030 0  
  1626715623 452800030 0  
  1626715624 452800030 0  
  1626715625 452800030 0  
  1626715626 452800030 0  
  1626715627 452800030 0  
  1626715628 452800030 0  
  1626715629 452800030 0  
  1626715630 452800030 0  
  1626715631 452800030 0  
  1626715632 452800030 0  
  1626715633 452800030 0  
  1626715634 452800030 0  
  1626715635 452800030 0  
  1626715636 452800030 0  
  1626715637 452800030 0  
  1626715638 452800030 0  
  1626715639 452800030 0  
  1626715640 452800030 0  
  1626715641 452800030 0  
  1626715642 452800030 0  
  1626715644 452800030 0  
  1626715645 452800030 0  
  1626715646 452800030 0  
  1626715647 452800030 0  
  1626715648 452800030 0  
  1626715649 452800368 0  
  1626715650 452800368 0  
  1626715651 452800368 0  
  1626715652 452800368 0  
  1626715653 452800368 0  
  1626715654 452800368 0  
  1626715655 452800368 0  
  1626715656 452800368 0  
  1626715657 452800368 0  
  1626715658 452800368 0  
 