 1626880642 475563680 0  
  1626880643 475563680 0  
  1626880644 475563680 0  
  1626880645 475563680 0  
  1626880646 475563680 0  
  1626880647 475563680 0  
  1626880648 475563680 0  
  1626880649 475563680 0  
  1626880650 475563680 0  
  1626880651 475563680 0  
  1626880652 475563680 0  
  1626880653 475563772 0  
  1626880654 475563772 0  
  1626880655 475563772 0  
  1626880656 475563772 0  
  1626880657 475563772 0  
  1626880658 475563864 0  
  1626880659 475563864 0  
  1626880660 475563864 0  
  1626880661 475563864 0  
  1626880662 475563864 0  
  1626880663 475563864 0  
  1626880664 475563864 0  
  1626880666 475563864 0  
  1626880667 475563864 0  
  1626880668 475563864 0  
  1626880669 475563864 0  
  1626880670 475563864 0  
  1626880671 475563864 0  
  1626880672 475563864 0  
  1626880673 475563864 0  
  1626880674 475566761 0  
  1626880675 475568497 0  
  1626880676 475568497 0  
  1626880677 475569205 0  
  1626880678 475569205 0  
  1626880679 475569205 0  
  1626880680 475569205 0  
  1626880681 475569205 0  
  1626880682 475569205 0  
  1626880683 475569205 0  
  1626880684 475569205 0  
  1626880685 475569205 0  
  1626880686 475569205 0  
  1626880687 475569205 0  
  1626880688 475569205 0  
  1626880689 475569205 0  
  1626880690 475569205 0  
  1626880691 475569205 0  
  1626880692 475569205 0  
  1626880693 475569205 0  
  1626880694 475569205 0  
  1626880695 475569205 0  
  1626880696 475569205 0  
  1626880697 475569205 0  
  1626880698 475569205 0  
  1626880699 475569205 0  
  1626880700 475569205 0  
  1626880701 475569205 0  
  1626880702 475569205 0  
  1626880703 475569205 0  
  1626880704 475569205 0  
  1626880706 475569205 0  
  1626880707 475569205 0  
  1626880708 475569205 0  
  1626880709 475569205 0  
  1626880710 475569205 0  
  1626880711 475569205 0  
  1626880712 475569205 0  
  1626880713 475569205 0  
  1626880714 475569205 0  
  1626880715 475569205 0  
  1626880716 475569205 0  
  1626880717 475569205 0  
  1626880718 475569297 0  
  1626880719 475569297 0  
  1626880720 475569297 0  
  1626880721 475569297 0  
  1626880722 475569297 0  
  1626880723 475569389 0  
  1626880724 475569389 0  
  1626880725 475569389 0  
  1626880726 475569389 0  
  1626880727 475569389 0  
  1626880728 475569389 0  
  1626880729 475569389 0  
  1626880730 475569389 0  
  1626880731 475569389 0  
  1626880732 475569389 0  
  1626880733 475569389 0  
  1626880734 475569389 0  
  1626880735 475569389 0  
  1626880736 475569389 0  
  1626880737 475569389 0  
  1626880738 475569389 0  
  1626880739 475569389 0  
  1626880740 475569389 0  
  1626880741 475569389 0  
  1626880742 475569389 0  
  1626880743 475569389 0  
  1626880745 475569389 0  
  1626880746 475569389 0  
  1626880747 475569389 0  
  1626880748 475569389 0  
  1626880749 475569389 0  
  1626880750 475569389 0  
  1626880751 475569389 0  
  1626880752 475569389 0  
  1626880753 475569389 0  
  1626880754 475569389 0  
  1626880755 475569389 0  
  1626880756 475569389 0  
  1626880757 475569389 0  
  1626880758 475569389 0  
  1626880759 475569389 0  
  1626880760 475569389 0  
  1626880761 475569389 0  
  1626880762 475569389 0  
  1626880763 475569389 0  
  1626880764 475569389 0  
  1626880765 475569389 0  
  1626880766 475569389 0  
  1626880767 475570047 0  
  1626880768 475570047 0  
  1626880769 475570047 0  
  1626880770 475570047 0  
  1626880771 475570047 0  
  1626880772 475570047 0  
  1626880773 475570047 0  
  1626880774 475570047 0  
  1626880775 475570047 0  
  1626880776 475570047 0  
  1626880777 475570047 0  
  1626880778 475570047 0  
  1626880779 475570047 0  
  1626880780 475570047 0  
  1626880781 475570047 0  
  1626880782 475570139 0  
  1626880783 475570139 0  
  1626880785 475570139 0  
  1626880786 475570139 0  
  1626880787 475570139 0  
  1626880788 475570139 0  
  1626880789 475570231 0  
  1626880790 475570231 0  
  1626880791 475570231 0  
  1626880792 475570231 0  
  1626880793 475570231 0  
  1626880794 475570231 0  
  1626880795 475570231 0  
  1626880796 475570231 0  
  1626880797 475570231 0  
  1626880798 475570231 0  
  1626880799 475570231 0  
  1626880800 475570231 0  
  1626880801 475570231 0  
  1626880802 475570231 0  
  1626880803 475570231 0  
  1626880804 475570231 0  
  1626880805 475570231 0  
  1626880806 475570231 0  
  1626880807 475570231 0  
  1626880808 475570231 0  
  1626880809 475570231 0  
  1626880810 475570231 0  
  1626880811 475570231 0  
  1626880812 475570231 0  
  1626880813 475570231 0  
  1626880814 475570231 0  
  1626880815 475570231 0  
  1626880816 475570231 0  
  1626880817 475570231 0  
  1626880818 475570231 0  
  1626880819 475570231 0  
  1626880820 475570231 0  
  1626880821 475570231 0  
  1626880822 475570231 0  
  1626880823 475570231 0  
  1626880825 475570231 0  
  1626880826 475570231 0  
  1626880827 475570231 0  
  1626880828 475570231 0  
  1626880829 475570231 0  
  1626880830 475570231 0  
  1626880831 475570231 0  
  1626880832 475570231 0  
  1626880833 475570231 0  
  1626880834 475570231 0  
  1626880835 475570231 0  
  1626880836 475570231 0  
  1626880837 475570231 0  
  1626880838 475570231 0  
  1626880839 475570231 0  
  1626880840 475570231 0  
  1626880841 475570231 0  
  1626880842 475570231 0  
  1626880843 475570990 0  
  1626880844 475570990 0  
  1626880845 475570990 0  
  1626880846 475570990 0  
  1626880847 475575647 0  
  1626880848 475575715 0  
  1626880849 475576423 0  
  1626880850 475580732 0  
  1626880851 475581056 0  
  1626880852 475581764 0  
  1626880853 475581856 0  
  1626880854 475581856 0  
  1626880855 475586489 0  
  1626880856 475591122 0  
  1626880857 475592538 0  
  1626880858 475592538 0  
  1626880859 475592538 0  
  1626880860 475592538 0  
  1626880861 475592538 0  
  1626880862 475592538 0  
  1626880864 475592538 0  
  1626880865 475592538 0  
  1626880866 475592538 0  
  1626880867 475592538 0  
  1626880868 475594133 0  
  1626880869 475594133 0  
  1626880870 475594133 0  
  1626880871 475594133 0  
  1626880872 475594133 0  
  1626880873 475594133 0  
  1626880874 475594133 0  
  1626880875 475594133 0  
  1626880876 475594133 0  
  1626880877 475594133 0  
  1626880878 475594133 0  
  1626880879 475594133 0  
  1626880880 475594133 0  
  1626880881 475594133 0  
  1626880882 475594133 0  
  1626880883 475594133 0  
  1626880884 475594133 0  
  1626880885 475594133 0  
  1626880886 475594133 0  
  1626880887 475594133 0  
  1626880888 475594133 0  
  1626880889 475594133 0  
  1626880890 475594133 0  
  1626880891 475594133 0  
  1626880892 475594133 0  
  1626880893 475594133 0  
  1626880894 475594133 0  
  1626880895 475594133 0  
  1626880896 475594133 0  
  1626880897 475594133 0  
  1626880898 475594133 0  
  1626880899 475594133 0  
  1626880900 475594133 0  
  1626880901 475594133 0  
  1626880903 475594133 0  
  1626880904 475594133 0  
  1626880905 475594133 0  
  1626880906 475594133 0  
  1626880907 475594133 0  
  1626880908 475594133 0  
  1626880909 475594133 0  
  1626880910 475594133 0  
  1626880911 475594133 0  
  1626880912 475594225 0  
  1626880913 475594225 0  
  1626880914 475594225 0  
  1626880915 475594225 0  
  1626880916 475594225 0  
  1626880917 475594317 0  
  1626880918 475594317 0  
  1626880919 475594317 0  
  1626880920 475594317 0  
  1626880921 475594317 0  
  1626880922 475594317 0  
  1626880923 475594317 0  
  1626880924 475594317 0  
  1626880925 475594317 0  
  1626880926 475594317 0  
  1626880927 475594317 0  
  1626880928 475594317 0  
  1626880929 475594317 0  
  1626880930 475594317 0  
  1626880931 475594317 0  
  1626880932 475594317 0  
  1626880933 475594317 0  
  1626880934 475594317 0  
  1626880935 475594317 0  
  1626880936 475594317 0  
  1626880937 475594317 0  
  1626880938 475594317 0  
  1626880939 475594317 0  
  1626880940 475594317 0  
  1626880942 475594317 0  
  1626880943 475594317 0  
  1626880944 475594317 0  
  1626880945 475594317 0  
  1626880946 475594317 0  
  1626880947 475594317 0  
  1626880948 475594317 0  
  1626880949 475594317 0  
  1626880950 475594317 0  
  1626880951 475594317 0  
  1626880952 475594317 0  
  1626880953 475594317 0  
  1626880954 475594317 0  
  1626880955 475594317 0  
  1626880956 475594317 0  
  1626880957 475594317 0  
  1626880958 475594317 0  
  1626880959 475594317 0  
  1626880960 475594317 0  
  1626880961 475594317 0  
  1626880962 475594317 0  
  1626880963 475594317 0  
  1626880964 475594317 0  
 