 1626788438 463736997 0  
  1626788439 463736997 0  
  1626788440 463737354 0  
  1626788441 463737354 0  
  1626788442 463737354 0  
  1626788443 463737354 0  
  1626788444 463737354 0  
  1626788445 463737354 0  
  1626788446 463737354 0  
  1626788447 463737354 0  
  1626788448 463737354 0  
  1626788449 463737354 0  
  1626788451 463737354 0  
  1626788452 463737354 0  
  1626788453 463737354 0  
  1626788454 463737354 0  
  1626788455 463737354 0  
  1626788456 463737354 0  
  1626788457 463737354 0  
  1626788458 463737446 0  
  1626788459 463737446 0  
  1626788460 463737446 0  
  1626788461 463737446 0  
  1626788462 463737446 0  
  1626788463 463737446 0  
  1626788464 463737446 0  
  1626788465 463737446 0  
  1626788466 463737446 0  
  1626788467 463737446 0  
  1626788468 463737446 0  
  1626788469 463737446 0  
  1626788470 463737446 0  
  1626788471 463737446 0  
  1626788472 463737446 0  
  1626788473 463737446 0  
  1626788474 463737446 0  
  1626788475 463737446 0  
  1626788476 463737446 0  
  1626788477 463737446 0  
  1626788478 463737446 0  
  1626788479 463737446 0  
  1626788480 463737446 0  
  1626788481 463737446 0  
  1626788482 463737446 0  
  1626788483 463737446 0  
  1626788484 463737446 0  
  1626788485 463737446 0  
  1626788486 463737446 0  
  1626788487 463737446 0  
  1626788488 463737446 0  
  1626788490 463737446 0  
  1626788491 463737446 0  
  1626788492 463737446 0  
  1626788493 463737446 0  
  1626788494 463737446 0  
  1626788495 463737446 0  
  1626788496 463737446 0  
  1626788497 463737446 0  
  1626788498 463737538 0  
  1626788499 463737538 0  
  1626788500 463737538 0  
  1626788501 463737538 0  
  1626788502 463737538 0  
  1626788503 463737538 0  
  1626788504 463737538 0  
  1626788505 463737538 0  
  1626788506 463737538 0  
  1626788507 463737538 0  
  1626788508 463737538 0  
  1626788509 463737538 0  
  1626788510 463737538 0  
  1626788511 463737538 0  
  1626788512 463737538 0  
  1626788513 463737538 0  
  1626788514 463737538 0  
  1626788515 463737538 0  
  1626788516 463737538 0  
  1626788517 463737538 0  
  1626788518 463737538 0  
  1626788519 463737538 0  
  1626788520 463737538 0  
  1626788521 463737538 0  
  1626788522 463737538 0  
  1626788523 463737538 0  
  1626788524 463737538 0  
  1626788525 463737538 0  
  1626788526 463737538 0  
  1626788527 463737538 0  
  1626788529 463737538 0  
  1626788530 463737538 0  
  1626788531 463737538 0  
  1626788532 463737538 0  
  1626788533 463737538 0  
  1626788534 463737538 0  
  1626788535 463737538 0  
  1626788536 463737538 0  
  1626788537 463737538 0  
  1626788538 463737538 0  
  1626788539 463737876 0  
  1626788540 463737876 0  
  1626788541 463737876 0  
  1626788542 463737876 0  
  1626788543 463737876 0  
  1626788544 463737876 0  
  1626788545 463737876 0  
  1626788546 463737876 0  
  1626788547 463737876 0  
  1626788548 463737876 0  
  1626788549 463737876 0  
  1626788550 463737876 0  
  1626788551 463737876 0  
  1626788552 463737876 0  
  1626788553 463737876 0  
  1626788554 463737876 0  
  1626788555 463737876 0  
  1626788556 463737876 0  
  1626788557 463737876 0  
  1626788558 463737876 0  
  1626788559 463737876 0  
  1626788560 463737876 0  
  1626788561 463737876 0  
  1626788562 463737876 0  
  1626788563 463737876 0  
  1626788564 463737876 0  
  1626788565 463738472 0  
  1626788566 463738472 0  
  1626788567 463738472 0  
  1626788569 463741369 0  
  1626788570 463743105 0  
  1626788571 463743105 0  
  1626788572 463743677 0  
  1626788573 463743677 0  
  1626788574 463743677 0  
  1626788575 463743677 0  
  1626788576 463743677 0  
  1626788577 463743677 0  
  1626788578 463743677 0  
  1626788579 463743677 0  
  1626788580 463743677 0  
  1626788581 463743677 0  
  1626788582 463743677 0  
  1626788583 463743677 0  
  1626788584 463743677 0  
  1626788585 463743677 0  
  1626788586 463743677 0  
  1626788587 463743677 0  
  1626788588 463743677 0  
  1626788589 463743677 0  
  1626788590 463743677 0  
  1626788591 463743677 0  
  1626788592 463743677 0  
  1626788593 463743677 0  
  1626788594 463743677 0  
  1626788595 463743677 0  
  1626788596 463743677 0  
  1626788597 463743745 0  
  1626788598 463743745 0  
  1626788599 463743745 0  
  1626788600 463743745 0  
  1626788601 463743745 0  
  1626788602 463743745 0  
  1626788603 463744901 0  
  1626788604 463744901 0  
  1626788605 463744901 0  
  1626788606 463744901 0  
  1626788607 463744901 0  
  1626788609 463744901 0  
  1626788610 463744901 0  
  1626788611 463744901 0  
  1626788612 463744901 0  
  1626788613 463744901 0  
  1626788614 463744901 0  
  1626788615 463744901 0  
  1626788616 463744901 0  
  1626788617 463744901 0  
  1626788618 463744901 0  
  1626788619 463744901 0  
  1626788620 463744901 0  
  1626788621 463744901 0  
  1626788622 463744901 0  
  1626788623 463744901 0  
  1626788624 463744901 0  
  1626788625 463744901 0  
  1626788626 463744901 0  
  1626788627 463744993 0  
  1626788628 463744993 0  
  1626788629 463744993 0  
  1626788630 463744993 0  
  1626788631 463744993 0  
  1626788632 463744993 0  
  1626788633 463744993 0  
  1626788634 463744993 0  
  1626788635 463744993 0  
  1626788636 463744993 0  
  1626788637 463744993 0  
  1626788638 463744993 0  
  1626788639 463744993 0  
  1626788640 463744993 0  
  1626788641 463744993 0  
  1626788642 463744993 0  
  1626788643 463744993 0  
  1626788644 463744993 0  
  1626788645 463744993 0  
  1626788646 463744993 0  
  1626788648 463744993 0  
  1626788649 463744993 0  
  1626788650 463744993 0  
  1626788651 463744993 0  
  1626788652 463744993 0  
  1626788653 463744993 0  
  1626788654 463744993 0  
  1626788655 463744993 0  
  1626788656 463744993 0  
  1626788657 463744993 0  
  1626788658 463744993 0  
  1626788659 463744993 0  
  1626788660 463744993 0  
  1626788661 463744993 0  
  1626788662 463744993 0  
  1626788663 463744993 0  
  1626788664 463744993 0  
  1626788665 463744993 0  
  1626788666 463744993 0  
  1626788667 463744993 0  
  1626788668 463744993 0  
  1626788669 463744993 0  
  1626788670 463744993 0  
  1626788671 463744993 0  
  1626788672 463744993 0  
  1626788673 463744993 0  
  1626788674 463744993 0  
  1626788675 463744993 0  
  1626788676 463744993 0  
  1626788677 463744993 0  
  1626788678 463744993 0  
  1626788679 463744993 0  
  1626788680 463744993 0  
  1626788681 463744993 0  
  1626788682 463744993 0  
  1626788683 463744993 0  
  1626788684 463744993 0  
  1626788685 463744993 0  
  1626788686 463744993 0  
  1626788687 463744993 0  
  1626788689 463744993 0  
  1626788690 463744993 0  
  1626788691 463744993 0  
  1626788692 463744993 0  
  1626788693 463744993 0  
  1626788694 463744993 0  
  1626788695 463744993 0  
  1626788696 463744993 0  
  1626788697 463744993 0  
  1626788698 463744993 0  
  1626788699 463744993 0  
  1626788700 463744993 0  
  1626788701 463744993 0  
  1626788702 463744993 0  
  1626788703 463744993 0  
  1626788704 463744993 0  
  1626788705 463744993 0  
  1626788706 463749302 0  
  1626788707 463749626 0  
  1626788708 463750334 0  
  1626788709 463750334 0  
  1626788710 463750334 0  
  1626788711 463750334 0  
  1626788712 463750334 0  
  1626788713 463750334 0  
  1626788714 463750334 0  
  1626788715 463750334 0  
  1626788716 463750334 0  
  1626788717 463750334 0  
  1626788718 463750334 0  
  1626788719 463750334 0  
  1626788720 463754643 0  
  1626788721 463756844 0  
  1626788722 463759744 0  
  1626788723 463765649 0  
  1626788724 463766289 0  
  1626788725 463766289 0  
  1626788726 463766289 0  
  1626788728 463766289 0  
  1626788729 463766289 0  
  1626788730 463766289 0  
  1626788731 463766289 0  
  1626788732 463766289 0  
  1626788733 463766289 0  
  1626788734 463766289 0  
  1626788735 463766289 0  
  1626788736 463766289 0  
  1626788737 463766289 0  
  1626788738 463766289 0  
  1626788739 463766289 0  
  1626788740 463766646 0  
  1626788741 463766646 0  
  1626788742 463766646 0  
  1626788743 463766646 0  
  1626788744 463766646 0  
  1626788745 463766646 0  
  1626788746 463766646 0  
  1626788747 463766646 0  
  1626788748 463766646 0  
  1626788749 463766646 0  
  1626788750 463766646 0  
  1626788751 463766646 0  
  1626788752 463766646 0  
  1626788753 463766646 0  
  1626788754 463766646 0  
  1626788755 463766646 0  
  1626788756 463766646 0  
  1626788757 463766646 0  
  1626788758 463766646 0  
  1626788759 463766646 0  
  1626788760 463766646 0  
  1626788761 463766646 0  
  1626788762 463766646 0  
  1626788763 463766646 0  
  1626788764 463766646 0  
  1626788765 463768241 0  
  1626788766 463768241 0  
  1626788768 463768241 0  
  1626788769 463768241 0  
  1626788770 463768241 0  
  1626788771 463768241 0  
  1626788772 463768241 0  
  1626788773 463768241 0  
  1626788774 463768241 0  
  1626788775 463768241 0  
  1626788776 463768241 0  
  1626788777 463768241 0  
  1626788778 463768241 0  
  1626788779 463768241 0  
  1626788780 463768241 0  
  1626788781 463768241 0  
  1626788782 463768241 0  
  1626788783 463768241 0  
  1626788784 463768241 0  
  1626788785 463768241 0  
  1626788786 463768241 0  
  1626788787 463768241 0  
  1626788788 463768241 0  
  1626788789 463768241 0  
  1626788790 463768241 0  
  1626788791 463768241 0  
  1626788792 463768241 0  
  1626788793 463768241 0  
  1626788794 463768241 0  
  1626788795 463768241 0  
  1626788796 463768241 0  
  1626788797 463768241 0  
  1626788798 463768241 0  
  1626788799 463768241 0  
  1626788800 463768241 0  
  1626788801 463768241 0  
  1626788802 463768241 0  
  1626788803 463768241 0  
  1626788804 463768241 0  
  1626788805 463768241 0  
  1626788806 463768241 0  
  1626788808 463768241 0  
  1626788809 463768241 0  
  1626788810 463768241 0  
  1626788811 463768241 0  
  1626788812 463768241 0  
  1626788813 463768241 0  
  1626788814 463768241 0  
  1626788815 463768241 0  
  1626788816 463768241 0  
  1626788817 463768241 0  
  1626788818 463768241 0  
  1626788819 463768241 0  
  1626788820 463768241 0  
  1626788821 463768241 0  
  1626788822 463768241 0  
  1626788823 463768241 0  
  1626788824 463768241 0  
  1626788825 463768241 0  
  1626788826 463768241 0  
  1626788827 463768241 0  
  1626788828 463768241 0  
  1626788829 463768241 0  
  1626788830 463768241 0  
  1626788831 463768241 0  
  1626788832 463768241 0  
  1626788833 463768241 0  
  1626788834 463768241 0  
  1626788835 463768241 0  
  1626788836 463768241 0  
  1626788837 463768241 0  
  1626788838 463768241 0  
  1626788839 463768241 0  
  1626788840 463768241 0  
  1626788841 463768241 0  
  1626788842 463768241 0  
  1626788843 463768241 0  
  1626788844 463768241 0  
  1626788845 463768241 0  
  1626788846 463768241 0  
  1626788848 463768241 0  
  1626788849 463768241 0  
  1626788850 463768241 0  
  1626788851 463768241 0  
  1626788852 463768241 0  
  1626788853 463768241 0  
  1626788854 463768241 0  
  1626788855 463768241 0  
  1626788856 463768241 0  
  1626788857 463768241 0  
  1626788858 463768241 0  
  1626788859 463768241 0  
  1626788860 463768241 0  
  1626788861 463768241 0  
  1626788862 463768241 0  
  1626788863 463768241 0  
  1626788864 463768241 0  
  1626788865 463768241 0  
  1626788866 463768241 0  
  1626788867 463768241 0  
  1626788868 463768241 0  
  1626788869 463772550 0  
  1626788870 463772874 0  
  1626788871 463773582 0  
  1626788872 463773582 0  
  1626788873 463773582 0  
  1626788874 463773582 0  
  1626788875 463773582 0  
  1626788876 463773582 0  
  1626788877 463773582 0  
  1626788878 463773582 0  
  1626788879 463773582 0  
  1626788880 463773582 0  
  1626788881 463773582 0  
  1626788882 463773582 0  
  1626788883 463773582 0  
  1626788884 463773582 0  
  1626788885 463773674 0  
  1626788886 463773674 0  
  1626788888 463773674 0  
  1626788889 463773674 0  
  1626788890 463773674 0  
  1626788891 463773674 0  
  1626788892 463773674 0  
  1626788893 463773674 0  
  1626788894 463773674 0  
  1626788895 463773674 0  
  1626788896 463773674 0  
  1626788897 463773674 0  
  1626788898 463773674 0  
  1626788899 463773674 0  
  1626788900 463773674 0  
  1626788901 463773674 0  
  1626788902 463773674 0  
  1626788903 463773674 0  
  1626788904 463773674 0  
  1626788905 463773674 0  
  1626788906 463773674 0  
 