 1627029465 502622571 0  
  1627029466 502622571 0  
  1627029467 502622571 0  
  1627029468 502622571 0  
  1627029469 502622571 0  
  1627029470 502622571 0  
  1627029471 502622571 0  
  1627029472 502622571 0  
  1627029473 502622571 0  
  1627029474 502622571 0  
  1627029475 502622571 0  
  1627029476 502622571 0  
  1627029477 502622571 0  
  1627029478 502622571 0  
  1627029479 502622571 0  
  1627029480 502622571 0  
  1627029481 502622571 0  
  1627029482 502622571 0  
  1627029483 502622571 0  
  1627029484 502622571 0  
  1627029486 502622571 0  
  1627029487 502622571 0  
  1627029488 502622571 0  
  1627029489 502622571 0  
  1627029490 502622571 0  
  1627029491 502622571 0  
  1627029492 502622571 0  
  1627029493 502622571 0  
  1627029494 502622571 0  
  1627029495 502622571 0  
  1627029496 502622571 0  
  1627029497 502622571 0  
  1627029498 502622571 0  
  1627029499 502622571 0  
  1627029500 502622571 0  
  1627029501 502622571 0  
  1627029502 502622571 0  
  1627029503 502622571 0  
  1627029504 502622571 0  
  1627029505 502622571 0  
  1627029506 502622571 0  
  1627029507 502622571 0  
  1627029508 502622571 0  
  1627029509 502622571 0  
  1627029510 502622571 0  
  1627029511 502622571 0  
  1627029512 502622571 0  
  1627029513 502622571 0  
  1627029514 502622571 0  
  1627029515 502622571 0  
  1627029516 502622571 0  
  1627029517 502622571 0  
  1627029518 502622571 0  
  1627029519 502622571 0  
  1627029520 502622571 0  
  1627029521 502622571 0  
  1627029522 502622571 0  
  1627029523 502622571 0  
  1627029524 502622571 0  
  1627029526 502622571 0  
  1627029527 502622571 0  
  1627029528 502622571 0  
  1627029529 502622571 0  
  1627029530 502622571 0  
  1627029531 502622571 0  
  1627029532 502622571 0  
  1627029533 502622571 0  
  1627029534 502622571 0  
  1627029535 502622571 0  
  1627029536 502622663 0  
  1627029537 502622663 0  
  1627029538 502622663 0  
  1627029539 502625560 0  
  1627029540 502627296 0  
  1627029541 502627296 0  
  1627029542 502628342 0  
  1627029543 502628342 0  
  1627029544 502628342 0  
  1627029545 502628342 0  
  1627029546 502628342 0  
  1627029547 502628342 0  
  1627029548 502628342 0  
  1627029549 502628342 0  
  1627029550 502628342 0  
  1627029551 502628342 0  
  1627029552 502628342 0  
  1627029553 502628342 0  
  1627029554 502628342 0  
  1627029555 502628342 0  
  1627029556 502628342 0  
  1627029557 502628342 0  
  1627029558 502628342 0  
  1627029559 502628342 0  
  1627029560 502628342 0  
  1627029561 502628342 0  
  1627029562 502628342 0  
  1627029563 502628342 0  
  1627029564 502628342 0  
  1627029565 502628342 0  
  1627029567 502628342 0  
  1627029568 502628342 0  
  1627029569 502628342 0  
  1627029570 502628938 0  
  1627029571 502628938 0  
  1627029572 502628938 0  
  1627029573 502628938 0  
  1627029574 502628938 0  
  1627029575 502628938 0  
  1627029576 502628938 0  
  1627029577 502628938 0  
  1627029578 502628938 0  
  1627029579 502628938 0  
  1627029580 502628938 0  
  1627029581 502628938 0  
  1627029582 502628938 0  
  1627029583 502628938 0  
  1627029584 502628938 0  
  1627029585 502628938 0  
  1627029586 502628938 0  
  1627029587 502628938 0  
  1627029588 502628938 0  
  1627029589 502628938 0  
  1627029590 502628938 0  
  1627029591 502628938 0  
  1627029592 502628938 0  
  1627029593 502628938 0  
  1627029594 502628938 0  
  1627029595 502628938 0  
  1627029596 502628938 0  
  1627029597 502628938 0  
  1627029598 502628938 0  
  1627029599 502628938 0  
  1627029600 502628938 0  
  1627029601 502628938 0  
  1627029602 502628938 0  
  1627029603 502628938 0  
  1627029604 502628938 0  
  1627029606 502628938 0  
  1627029607 502628938 0  
  1627029608 502628938 0  
  1627029609 502628938 0  
  1627029610 502628938 0  
  1627029611 502628938 0  
  1627029612 502628938 0  
  1627029613 502628938 0  
  1627029614 502628938 0  
  1627029615 502628938 0  
  1627029616 502628938 0  
  1627029617 502628938 0  
  1627029618 502628938 0  
  1627029619 502628938 0  
  1627029620 502628938 0  
  1627029621 502628938 0  
  1627029622 502628938 0  
  1627029623 502628938 0  
  1627029624 502628938 0  
  1627029625 502628938 0  
  1627029626 502628938 0  
  1627029627 502628938 0  
  1627029628 502628938 0  
  1627029629 502628938 0  
  1627029630 502628938 0  
  1627029631 502628938 0  
  1627029632 502628938 0  
  1627029633 502628938 0  
  1627029634 502628938 0  
  1627029635 502628938 0  
  1627029636 502628938 0  
  1627029637 502628938 0  
  1627029638 502628938 0  
  1627029639 502628938 0  
  1627029640 502628938 0  
  1627029641 502628938 0  
  1627029642 502628938 0  
  1627029643 502629295 0  
  1627029645 502631172 0  
  1627029646 502633928 0  
  1627029647 502633928 0  
  1627029648 502639133 0  
  1627029649 502639133 0  
  1627029650 502639841 0  
  1627029651 502639841 0  
  1627029652 502639841 0  
  1627029653 502639841 0  
  1627029654 502644150 0  
  1627029655 502646435 0  
  1627029656 502649815 0  
  1627029657 502650455 0  
  1627029658 502650455 0  
  1627029659 502650455 0  
  1627029660 502650455 0  
  1627029661 502650455 0  
  1627029662 502650455 0  
  1627029663 502650455 0  
  1627029664 502650455 0  
  1627029665 502650547 0  
  1627029666 502650547 0  
  1627029667 502650547 0  
  1627029668 502650547 0  
  1627029669 502650547 0  
  1627029670 502650547 0  
  1627029671 502650547 0  
  1627029672 502650547 0  
  1627029673 502650547 0  
  1627029674 502650547 0  
  1627029675 502650547 0  
  1627029676 502650547 0  
  1627029677 502650547 0  
  1627029678 502650547 0  
  1627029679 502650547 0  
  1627029680 502650547 0  
  1627029681 502650547 0  
  1627029682 502650547 0  
  1627029684 502650547 0  
  1627029685 502650547 0  
  1627029686 502650547 0  
  1627029687 502650547 0  
  1627029688 502650547 0  
  1627029689 502650547 0  
  1627029690 502650885 0  
  1627029691 502650885 0  
  1627029692 502650885 0  
  1627029693 502650885 0  
  1627029694 502650885 0  
  1627029695 502650885 0  
  1627029696 502650885 0  
  1627029697 502650885 0  
  1627029698 502650885 0  
  1627029699 502650885 0  
  1627029700 502650885 0  
  1627029701 502650885 0  
  1627029702 502650885 0  
  1627029703 502650885 0  
  1627029704 502650885 0  
  1627029705 502650885 0  
  1627029706 502650885 0  
  1627029707 502650885 0  
  1627029708 502650885 0  
  1627029709 502650885 0  
  1627029710 502650885 0  
  1627029711 502650885 0  
  1627029712 502650885 0  
  1627029713 502650885 0  
  1627029714 502650885 0  
  1627029715 502650885 0  
  1627029716 502650885 0  
  1627029717 502650885 0  
  1627029718 502650885 0  
  1627029719 502650885 0  
  1627029720 502650885 0  
  1627029721 502650885 0  
  1627029723 502650885 0  
  1627029724 502650885 0  
  1627029725 502650885 0  
  1627029726 502650885 0  
  1627029727 502650885 0  
  1627029728 502650885 0  
  1627029729 502650885 0  
  1627029730 502650885 0  
  1627029731 502650885 0  
  1627029732 502650885 0  
  1627029733 502650977 0  
  1627029734 502650977 0  
  1627029735 502650977 0  
  1627029736 502650977 0  
  1627029737 502650977 0  
  1627029738 502650977 0  
  1627029739 502650977 0  
  1627029740 502650977 0  
  1627029741 502650977 0  
  1627029742 502650977 0  
  1627029743 502650977 0  
  1627029744 502650977 0  
  1627029745 502650977 0  
  1627029746 502650977 0  
  1627029747 502650977 0  
  1627029748 502650977 0  
  1627029749 502650977 0  
  1627029750 502650977 0  
  1627029751 502650977 0  
  1627029752 502650977 0  
  1627029753 502650977 0  
  1627029754 502650977 0  
  1627029755 502651045 0  
  1627029756 502651045 0  
  1627029757 502651045 0  
  1627029758 502651045 0  
  1627029759 502651045 0  
  1627029760 502651045 0  
  1627029762 502652201 0  
  1627029763 502652201 0  
  1627029764 502652201 0  
  1627029765 502652201 0  
  1627029766 502652201 0  
  1627029767 502652201 0  
  1627029768 502652201 0  
  1627029769 502652201 0  
  1627029770 502652201 0  
  1627029771 502652797 0  
  1627029772 502652797 0  
  1627029773 502652797 0  
  1627029774 502652797 0  
  1627029775 502652797 0  
  1627029776 502652797 0  
  1627029777 502652797 0  
  1627029778 502652797 0  
  1627029779 502652797 0  
  1627029780 502652797 0  
  1627029781 502652797 0  
  1627029782 502652797 0  
  1627029783 502652797 0  
  1627029784 502652797 0  
  1627029785 502652797 0  
  1627029786 502652797 0  
  1627029787 502652797 0  
  1627029788 502652797 0  
  1627029789 502652797 0  
  1627029790 502652797 0  
  1627029791 502652797 0  
  1627029792 502652797 0  
  1627029793 502652797 0  
  1627029794 502652797 0  
  1627029795 502652889 0  
  1627029796 502652889 0  
  1627029797 502652889 0  
  1627029798 502652889 0  
  1627029799 502652889 0  
  1627029801 502652889 0  
  1627029802 502652889 0  
  1627029803 502652889 0  
  1627029804 502652889 0  
  1627029805 502652889 0  
  1627029806 502652889 0  
  1627029807 502652889 0  
  1627029808 502652889 0  
  1627029809 502652889 0  
  1627029810 502652889 0  
  1627029811 502652889 0  
  1627029812 502652889 0  
  1627029813 502652889 0  
  1627029814 502652889 0  
  1627029815 502652889 0  
  1627029816 502652889 0  
  1627029817 502652889 0  
  1627029818 502652889 0  
  1627029819 502652889 0  
  1627029820 502652889 0  
  1627029821 502652889 0  
  1627029822 502652889 0  
  1627029823 502652889 0  
  1627029824 502652889 0  
  1627029825 502652889 0  
  1627029826 502652889 0  
  1627029827 502652889 0  
  1627029828 502652889 0  
  1627029829 502652889 0  
  1627029830 502652889 0  
  1627029831 502652889 0  
  1627029832 502652889 0  
  1627029833 502653227 0  
  1627029834 502653227 0  
  1627029835 502653227 0  
  1627029836 502653227 0  
  1627029837 502653227 0  
  1627029838 502657536 0  
  1627029840 502657860 0  
  1627029841 502657860 0  
  1627029842 502658568 0  
  1627029843 502658568 0  
  1627029844 502658568 0  
  1627029845 502658568 0  
  1627029846 502658568 0  
  1627029847 502658568 0  
  1627029848 502658568 0  
  1627029849 502658568 0  
  1627029850 502658568 0  
 