 1626724873 453673221 0  
  1626724875 453673221 0  
  1626724876 453673221 0  
  1626724877 453673221 0  
  1626724878 453673221 0  
  1626724879 453673221 0  
  1626724880 453673221 0  
  1626724881 453673221 0  
  1626724882 453673221 0  
  1626724883 453673221 0  
  1626724884 453673221 0  
  1626724885 453673221 0  
  1626724886 453673221 0  
  1626724887 453673221 0  
  1626724888 453673221 0  
  1626724889 453673221 0  
  1626724890 453673221 0  
  1626724891 453673221 0  
  1626724892 453673221 0  
  1626724893 453673221 0  
  1626724894 453673221 0  
  1626724895 453673221 0  
  1626724896 453673221 0  
  1626724897 453673221 0  
  1626724898 453673221 0  
  1626724899 453673221 0  
  1626724900 453673221 0  
  1626724901 453673221 0  
  1626724902 453673221 0  
  1626724903 453673221 0  
  1626724904 453673221 0  
  1626724905 453673221 0  
  1626724906 453673221 0  
  1626724907 453673221 0  
  1626724908 453673221 0  
  1626724909 453673221 0  
  1626724910 453673221 0  
  1626724911 453673221 0  
  1626724912 453673221 0  
  1626724914 453673221 0  
  1626724915 453673221 0  
  1626724916 453673221 0  
  1626724917 453673221 0  
  1626724918 453673221 0  
  1626724919 453673221 0  
  1626724920 453673221 0  
  1626724921 453673221 0  
  1626724922 453673221 0  
  1626724923 453673221 0  
  1626724924 453673221 0  
  1626724925 453673221 0  
  1626724926 453673221 0  
  1626724927 453673221 0  
  1626724928 453673221 0  
  1626724929 453673221 0  
  1626724930 453673221 0  
  1626724931 453673221 0  
  1626724932 453673221 0  
  1626724933 453673221 0  
  1626724934 453673221 0  
  1626724935 453673221 0  
  1626724936 453673221 0  
  1626724937 453673221 0  
  1626724938 453673221 0  
  1626724939 453673221 0  
  1626724940 453673221 0  
  1626724941 453673221 0  
  1626724942 453673221 0  
  1626724943 453673313 0  
  1626724944 453673313 0  
  1626724945 453673313 0  
  1626724946 453673313 0  
  1626724947 453673313 0  
  1626724948 453673313 0  
  1626724949 453673313 0  
  1626724950 453673313 0  
  1626724951 453673313 0  
  1626724953 453673313 0  
  1626724954 453673313 0  
  1626724955 453673313 0  
  1626724956 453673313 0  
  1626724957 453673313 0  
  1626724958 453673313 0  
  1626724959 453673313 0  
  1626724960 453673313 0  
  1626724961 453673313 0  
  1626724962 453673313 0  
  1626724963 453673313 0  
  1626724964 453673313 0  
  1626724965 453673313 0  
  1626724966 453673313 0  
  1626724967 453673313 0  
  1626724968 453673313 0  
  1626724969 453673313 0  
  1626724970 453676210 0  
  1626724971 453678038 0  
  1626724972 453678038 0  
  1626724973 453678746 0  
  1626724974 453678746 0  
  1626724975 453678746 0  
  1626724976 453678746 0  
  1626724977 453678746 0  
  1626724978 453678746 0  
  1626724979 453678746 0  
  1626724980 453678746 0  
  1626724981 453678746 0  
  1626724982 453678746 0  
  1626724983 453678746 0  
  1626724984 453678746 0  
  1626724985 453678746 0  
  1626724986 453678746 0  
  1626724987 453678746 0  
  1626724988 453678746 0  
  1626724989 453678746 0  
  1626724990 453678746 0  
  1626724992 453678746 0  
  1626724993 453678746 0  
  1626724994 453678746 0  
  1626724995 453678746 0  
  1626724996 453678746 0  
  1626724997 453678746 0  
  1626724998 453678746 0  
  1626724999 453678746 0  
  1626725000 453678746 0  
  1626725001 453678746 0  
  1626725002 453678746 0  
  1626725003 453678746 0  
  1626725004 453678746 0  
  1626725005 453678746 0  
  1626725006 453678746 0  
  1626725007 453678746 0  
  1626725008 453678746 0  
  1626725009 453678746 0  
  1626725010 453678746 0  
  1626725011 453678746 0  
  1626725012 453678746 0  
  1626725013 453678746 0  
  1626725014 453678746 0  
  1626725015 453678746 0  
  1626725016 453678746 0  
  1626725017 453678746 0  
  1626725018 453678746 0  
  1626725019 453678746 0  
  1626725020 453678746 0  
  1626725021 453678746 0  
  1626725022 453678746 0  
  1626725023 453678746 0  
  1626725024 453678746 0  
  1626725025 453678746 0  
  1626725026 453678746 0  
  1626725027 453678746 0  
  1626725028 453678746 0  
  1626725029 453678746 0  
  1626725030 453678746 0  
  1626725032 453678746 0  
  1626725033 453678746 0  
  1626725034 453678746 0  
  1626725035 453678746 0  
  1626725036 453678746 0  
  1626725037 453678746 0  
  1626725038 453678746 0  
  1626725039 453678746 0  
  1626725040 453678746 0  
  1626725041 453678746 0  
  1626725042 453678746 0  
  1626725043 453678746 0  
  1626725044 453678746 0  
  1626725045 453678746 0  
  1626725046 453678746 0  
  1626725047 453678746 0  
  1626725048 453678746 0  
  1626725049 453678746 0  
  1626725050 453678746 0  
  1626725051 453678746 0  
  1626725052 453678746 0  
  1626725053 453678746 0  
  1626725054 453678746 0  
  1626725055 453678746 0  
  1626725056 453678746 0  
  1626725057 453678746 0  
  1626725058 453678746 0  
  1626725059 453678746 0  
  1626725060 453678746 0  
  1626725061 453678746 0  
  1626725062 453678746 0  
  1626725063 453679410 0  
  1626725064 453679410 0  
  1626725065 453679410 0  
  1626725066 453679410 0  
  1626725067 453679410 0  
  1626725068 453679410 0  
  1626725069 453679410 0  
  1626725070 453679410 0  
  1626725072 453679410 0  
  1626725073 453679410 0  
  1626725074 453679410 0  
  1626725075 453679410 0  
  1626725076 453679410 0  
  1626725077 453679410 0  
  1626725078 453679410 0  
  1626725079 453679410 0  
  1626725080 453679410 0  
  1626725081 453679410 0  
  1626725082 453679410 0  
  1626725083 453679410 0  
  1626725084 453679410 0  
  1626725085 453679410 0  
  1626725086 453679410 0  
  1626725087 453679410 0  
  1626725088 453679410 0  
  1626725089 453679410 0  
  1626725090 453679410 0  
  1626725091 453679410 0  
  1626725092 453679410 0  
  1626725093 453679410 0  
  1626725094 453679410 0  
  1626725095 453679410 0  
  1626725096 453679410 0  
  1626725097 453679410 0  
  1626725098 453679410 0  
  1626725099 453679410 0  
  1626725100 453679410 0  
  1626725101 453679410 0  
  1626725102 453679410 0  
  1626725103 453679410 0  
  1626725104 453679410 0  
  1626725105 453679410 0  
  1626725106 453683719 0  
  1626725107 453684043 0  
  1626725108 453684043 0  
  1626725109 453684751 0  
  1626725111 453684751 0  
  1626725112 453684751 0  
  1626725113 453684751 0  
  1626725114 453684751 0  
  1626725115 453684751 0  
  1626725116 453684751 0  
  1626725117 453684751 0  
  1626725118 453689316 0  
  1626725119 453689384 0  
  1626725120 453690092 0  
  1626725121 453694725 0  
  1626725122 453694725 0  
  1626725123 453700066 0  
  1626725124 453700066 0  
  1626725125 453700774 0  
  1626725126 453700774 0  
  1626725127 453700774 0  
  1626725128 453700774 0  
  1626725129 453700774 0  
  1626725130 453700774 0  
  1626725131 453700774 0  
  1626725132 453700774 0  
  1626725133 453700774 0  
  1626725134 453700774 0  
  1626725135 453700774 0  
  1626725136 453700774 0  
  1626725137 453700774 0  
  1626725138 453700774 0  
  1626725139 453700774 0  
  1626725140 453701131 0  
  1626725141 453701131 0  
  1626725142 453701131 0  
  1626725143 453701131 0  
  1626725144 453701131 0  
  1626725145 453701131 0  
  1626725146 453701131 0  
  1626725147 453701131 0  
  1626725148 453701131 0  
  1626725149 453701131 0  
  1626725151 453701131 0  
  1626725152 453701131 0  
  1626725153 453701131 0  
  1626725154 453701131 0  
  1626725155 453701131 0  
  1626725156 453701131 0  
  1626725157 453701131 0  
  1626725158 453701131 0  
  1626725159 453701131 0  
  1626725160 453701131 0  
  1626725161 453701131 0  
  1626725162 453701131 0  
  1626725163 453701131 0  
  1626725164 453701131 0  
  1626725165 453701131 0  
  1626725166 453701131 0  
  1626725167 453701131 0  
  1626725168 453701131 0  
  1626725169 453701131 0  
  1626725170 453701131 0  
  1626725171 453701131 0  
  1626725172 453701131 0  
  1626725173 453701131 0  
  1626725174 453701131 0  
  1626725175 453701131 0  
  1626725176 453701131 0  
  1626725177 453701131 0  
  1626725178 453701131 0  
  1626725179 453701131 0  
  1626725180 453701131 0  
  1626725181 453701131 0  
  1626725182 453701131 0  
  1626725183 453701131 0  
  1626725184 453701131 0  
  1626725185 453701131 0  
  1626725186 453701131 0  
  1626725187 453701131 0  
  1626725188 453701131 0  
  1626725190 453701131 0  
  1626725191 453701131 0  
  1626725192 453701131 0  
  1626725193 453701131 0  
  1626725194 453701131 0  
  1626725195 453701131 0  
  1626725196 453701131 0  
  1626725197 453701131 0  
  1626725198 453701131 0  
  1626725199 453701131 0  
  1626725200 453701131 0  
  1626725201 453701131 0  
  1626725202 453701131 0  
  1626725203 453701131 0  
  1626725204 453701223 0  
  1626725205 453701223 0  
  1626725206 453701223 0  
  1626725207 453701223 0  
  1626725208 453701223 0  
  1626725209 453701223 0  
  1626725210 453701223 0  
  1626725211 453701223 0  
  1626725212 453701223 0  
  1626725213 453701223 0  
  1626725214 453701223 0  
  1626725215 453701223 0  
  1626725216 453701223 0  
  1626725217 453701223 0  
  1626725218 453701223 0  
  1626725219 453701223 0  
  1626725220 453701223 0  
  1626725221 453701223 0  
  1626725222 453701223 0  
  1626725223 453701223 0  
  1626725224 453701223 0  
  1626725225 453701223 0  
  1626725226 453701223 0  
  1626725227 453701223 0  
  1626725228 453701315 0  
  1626725230 453701315 0  
  1626725231 453701315 0  
  1626725232 453701315 0  
  1626725233 453701315 0  
  1626725234 453701315 0  
  1626725235 453701315 0  
  1626725236 453701315 0  
  1626725237 453701315 0  
  1626725238 453701315 0  
  1626725239 453701315 0  
  1626725240 453701315 0  
  1626725241 453701315 0  
  1626725242 453701315 0  
  1626725243 453701315 0  
  1626725244 453701315 0  
  1626725245 453701315 0  
  1626725246 453701315 0  
  1626725247 453701315 0  
  1626725248 453701315 0  
  1626725249 453701315 0  
  1626725250 453701315 0  
  1626725251 453701315 0  
  1626725252 453701315 0  
  1626725253 453701315 0  
  1626725254 453701315 0  
  1626725255 453701315 0  
  1626725256 453701315 0  
  1626725257 453701315 0  
 