 1627028403 503883827 0  
  1627028404 503883827 0  
  1627028405 503883827 0  
  1627028406 503883827 0  
  1627028407 503883827 0  
  1627028408 503883827 0  
  1627028409 503883827 0  
  1627028410 503883827 0  
  1627028411 503883827 0  
  1627028412 503883827 0  
  1627028413 503883827 0  
  1627028414 503883827 0  
  1627028415 503883827 0  
  1627028416 503883827 0  
  1627028417 503883827 0  
  1627028418 503883827 0  
  1627028419 503883827 0  
  1627028420 503883827 0  
  1627028422 503883827 0  
  1627028423 503883827 0  
  1627028424 503883827 0  
  1627028425 503883827 0  
  1627028426 503883827 0  
  1627028427 503883827 0  
  1627028428 503883827 0  
  1627028429 503883827 0  
  1627028430 503883827 0  
  1627028431 503883827 0  
  1627028432 503883827 0  
  1627028433 503883827 0  
  1627028434 503883827 0  
  1627028435 503883827 0  
  1627028436 503883827 0  
  1627028437 503883827 0  
  1627028438 503883827 0  
  1627028439 503883827 0  
  1627028440 503884184 0  
  1627028441 503884184 0  
  1627028442 503884184 0  
  1627028443 503884184 0  
  1627028444 503884184 0  
  1627028445 503884184 0  
  1627028446 503888493 0  
  1627028447 503893126 0  
  1627028448 503893450 0  
  1627028449 503894662 0  
  1627028450 503894662 0  
  1627028451 503894662 0  
  1627028452 503894662 0  
  1627028453 503899295 0  
  1627028454 503899295 0  
  1627028455 503904636 0  
  1627028456 503904636 0  
  1627028457 503905344 0  
  1627028458 503905344 0  
  1627028459 503905344 0  
  1627028460 503905344 0  
  1627028462 503905344 0  
  1627028463 503905344 0  
  1627028464 503905436 0  
  1627028465 503905436 0  
  1627028466 503905436 0  
  1627028467 503905436 0  
  1627028468 503905436 0  
  1627028469 503905436 0  
  1627028470 503905436 0  
  1627028471 503905436 0  
  1627028472 503905436 0  
  1627028473 503905436 0  
  1627028474 503905436 0  
  1627028475 503905436 0  
  1627028476 503905436 0  
  1627028477 503905436 0  
  1627028478 503905436 0  
  1627028479 503905436 0  
  1627028480 503905436 0  
  1627028481 503905436 0  
  1627028482 503905436 0  
  1627028483 503905436 0  
  1627028484 503905436 0  
  1627028485 503905436 0  
  1627028486 503905436 0  
  1627028487 503905436 0  
  1627028488 503905436 0  
  1627028489 503905436 0  
  1627028490 503905436 0  
  1627028491 503905436 0  
  1627028492 503905774 0  
  1627028493 503905774 0  
  1627028494 503905774 0  
  1627028495 503905774 0  
  1627028496 503905774 0  
  1627028497 503905774 0  
  1627028498 503905774 0  
  1627028499 503905774 0  
  1627028500 503905774 0  
  1627028502 503905774 0  
  1627028503 503905774 0  
  1627028504 503905774 0  
  1627028505 503905774 0  
  1627028506 503905774 0  
  1627028507 503905774 0  
  1627028508 503905774 0  
  1627028509 503905774 0  
  1627028510 503905774 0  
  1627028511 503905774 0  
  1627028512 503905774 0  
  1627028513 503905774 0  
  1627028514 503905774 0  
  1627028515 503905774 0  
  1627028516 503905774 0  
  1627028517 503905774 0  
  1627028518 503905774 0  
  1627028519 503905774 0  
  1627028520 503905774 0  
  1627028521 503905774 0  
  1627028522 503905774 0  
  1627028523 503905774 0  
  1627028524 503905774 0  
  1627028525 503905774 0  
  1627028526 503905774 0  
  1627028527 503905774 0  
  1627028528 503905774 0  
  1627028529 503905774 0  
  1627028530 503905774 0  
  1627028531 503905774 0  
  1627028532 503905774 0  
  1627028533 503905774 0  
  1627028534 503905774 0  
  1627028535 503905774 0  
  1627028536 503905774 0  
  1627028537 503905774 0  
  1627028538 503905774 0  
  1627028539 503905774 0  
  1627028540 503905774 0  
  1627028542 503905774 0  
  1627028543 503905774 0  
  1627028544 503905774 0  
  1627028545 503905774 0  
  1627028546 503905774 0  
  1627028547 503905774 0  
  1627028548 503905774 0  
  1627028549 503905774 0  
  1627028550 503905774 0  
  1627028551 503905774 0  
  1627028552 503905774 0  
  1627028553 503905774 0  
  1627028554 503905774 0  
  1627028555 503905774 0  
  1627028556 503905774 0  
  1627028557 503905774 0  
  1627028558 503905774 0  
  1627028559 503905774 0  
  1627028560 503905774 0  
  1627028561 503905774 0  
  1627028562 503905774 0  
  1627028563 503905774 0  
  1627028564 503905774 0  
  1627028565 503905774 0  
  1627028566 503905774 0  
  1627028567 503905774 0  
  1627028568 503905774 0  
  1627028569 503905774 0  
  1627028570 503906370 0  
  1627028571 503906370 0  
  1627028572 503906370 0  
  1627028573 503906370 0  
  1627028574 503906370 0  
  1627028575 503906370 0  
  1627028576 503906370 0  
  1627028577 503906370 0  
  1627028578 503906370 0  
  1627028579 503906370 0  
  1627028581 503906370 0  
  1627028582 503906370 0  
  1627028583 503906370 0  
  1627028584 503906370 0  
  1627028585 503906370 0  
  1627028586 503906370 0  
  1627028587 503906370 0  
  1627028588 503906370 0  
  1627028589 503906370 0  
  1627028590 503906370 0  
  1627028591 503906370 0  
  1627028592 503906370 0  
  1627028593 503906462 0  
  1627028594 503906462 0  
  1627028595 503906462 0  
  1627028596 503906462 0  
  1627028597 503906462 0  
  1627028598 503906462 0  
  1627028599 503906462 0  
  1627028600 503906462 0  
  1627028601 503906462 0  
  1627028602 503906462 0  
  1627028603 503906462 0  
  1627028604 503906462 0  
  1627028605 503906462 0  
  1627028606 503906462 0  
  1627028607 503906462 0  
  1627028608 503906462 0  
  1627028609 503906462 0  
  1627028610 503906462 0  
  1627028611 503906462 0  
  1627028612 503906462 0  
  1627028613 503906462 0  
  1627028614 503906462 0  
  1627028615 503906462 0  
  1627028616 503906462 0  
  1627028617 503906462 0  
  1627028618 503906462 0  
  1627028619 503906462 0  
  1627028621 503906462 0  
  1627028622 503906462 0  
  1627028623 503906462 0  
  1627028624 503906462 0  
  1627028625 503906462 0  
  1627028626 503906462 0  
  1627028627 503906462 0  
  1627028628 503906462 0  
  1627028629 503906462 0  
  1627028630 503906462 0  
  1627028631 503906462 0  
  1627028632 503906462 0  
  1627028633 503906462 0  
  1627028634 503906462 0  
  1627028635 503906462 0  
  1627028636 503906462 0  
  1627028637 503906462 0  
  1627028638 503910771 0  
  1627028639 503911095 0  
  1627028640 503911735 0  
  1627028641 503911803 0  
  1627028642 503911803 0  
  1627028643 503911803 0  
  1627028644 503911803 0  
  1627028645 503911803 0  
  1627028646 503911803 0  
  1627028647 503911803 0  
  1627028648 503911803 0  
  1627028649 503911803 0  
  1627028650 503911803 0  
  1627028651 503911803 0  
  1627028652 503911803 0  
  1627028653 503911803 0  
  1627028654 503911803 0  
  1627028655 503911803 0  
  1627028656 503911803 0  
  1627028657 503911803 0  
  1627028658 503911803 0  
  1627028660 503911803 0  
  1627028661 503911803 0  
  1627028662 503911803 0  
  1627028663 503911803 0  
  1627028664 503911803 0  
  1627028665 503911803 0  
  1627028666 503911803 0  
  1627028667 503911803 0  
  1627028668 503911803 0  
  1627028669 503911803 0  
  1627028670 503911803 0  
  1627028671 503911803 0  
  1627028672 503911803 0  
  1627028673 503911803 0  
  1627028674 503911803 0  
  1627028675 503911803 0  
  1627028676 503911803 0  
  1627028677 503911803 0  
  1627028678 503911803 0  
  1627028679 503911803 0  
  1627028680 503911803 0  
  1627028681 503911803 0  
  1627028682 503911803 0  
  1627028683 503911803 0  
  1627028684 503911803 0  
  1627028685 503911803 0  
  1627028686 503911803 0  
  1627028687 503911803 0  
  1627028688 503911803 0  
  1627028689 503911803 0  
  1627028690 503911803 0  
  1627028691 503911803 0  
  1627028692 503911803 0  
  1627028693 503911803 0  
  1627028694 503911803 0  
  1627028695 503911803 0  
  1627028696 503911803 0  
  1627028697 503911803 0  
  1627028699 503911803 0  
  1627028700 503911803 0  
  1627028701 503911803 0  
  1627028702 503911803 0  
  1627028703 503911803 0  
  1627028704 503911803 0  
  1627028705 503911803 0  
  1627028706 503911803 0  
  1627028707 503911803 0  
  1627028708 503911803 0  
  1627028709 503911803 0  
  1627028710 503911803 0  
  1627028711 503911803 0  
  1627028712 503911803 0  
  1627028713 503911803 0  
  1627028714 503911803 0  
  1627028715 503911803 0  
  1627028716 503911803 0  
  1627028717 503911803 0  
  1627028718 503911803 0  
  1627028719 503911803 0  
  1627028720 503911803 0  
  1627028721 503911803 0  
  1627028722 503911895 0  
  1627028723 503911895 0  
  1627028724 503911895 0  
  1627028725 503911895 0  
 