 1627435623 569837958 0  
  1627435624 569837958 0  
  1627435625 569837958 0  
  1627435626 569837958 0  
  1627435627 569842267 0  
  1627435628 569842591 0  
  1627435629 569843231 0  
  1627435630 569843299 0  
  1627435631 569843299 0  
  1627435632 569843299 0  
  1627435633 569843299 0  
  1627435634 569843299 0  
  1627435635 569843299 0  
  1627435636 569843299 0  
  1627435637 569843299 0  
  1627435638 569843299 0  
  1627435639 569843299 0  
  1627435640 569843299 0  
  1627435641 569843299 0  
  1627435642 569843299 0  
  1627435643 569843299 0  
  1627435644 569843299 0  
  1627435645 569843299 0  
  1627435646 569843299 0  
  1627435647 569843299 0  
  1627435648 569843299 0  
  1627435650 569843299 0  
  1627435651 569843299 0  
  1627435652 569843299 0  
  1627435653 569843299 0  
  1627435654 569847932 0  
  1627435655 569848000 0  
  1627435656 569848708 0  
  1627435657 569848708 0  
  1627435658 569848708 0  
  1627435659 569848708 0  
  1627435660 569848708 0  
  1627435661 569849864 0  
  1627435662 569849864 0  
  1627435663 569849864 0  
  1627435664 569849864 0  
  1627435665 569849864 0  
  1627435666 569849864 0  
  1627435667 569849864 0  
  1627435668 569849864 0  
  1627435669 569849864 0  
  1627435670 569849864 0  
  1627435671 569849864 0  
  1627435672 569849864 0  
  1627435673 569849864 0  
  1627435674 569849864 0  
  1627435675 569849864 0  
  1627435676 569849864 0  
  1627435677 569849864 0  
  1627435678 569849864 0  
  1627435679 569849864 0  
  1627435680 569849864 0  
  1627435681 569849864 0  
  1627435682 569849864 0  
  1627435683 569849864 0  
  1627435684 569849864 0  
  1627435685 569849864 0  
  1627435686 569849864 0  
  1627435687 569849864 0  
  1627435688 569849864 0  
  1627435690 569849864 0  
  1627435691 569849864 0  
  1627435692 569849864 0  
  1627435693 569849864 0  
  1627435694 569849864 0  
  1627435695 569849864 0  
  1627435696 569849864 0  
  1627435697 569854173 0  
  1627435698 569859130 0  
  1627435699 569859838 0  
  1627435700 569860546 0  
  1627435701 569860546 0  
  1627435702 569860546 0  
  1627435703 569860546 0  
  1627435704 569860546 0  
  1627435705 569860546 0  
  1627435706 569860546 0  
  1627435707 569860546 0  
  1627435708 569860546 0  
  1627435709 569860546 0  
  1627435710 569860546 0  
  1627435711 569860546 0  
  1627435712 569860546 0  
  1627435713 569860546 0  
  1627435714 569860546 0  
  1627435715 569860546 0  
  1627435716 569860546 0  
  1627435717 569860546 0  
  1627435718 569860546 0  
  1627435719 569860546 0  
  1627435720 569860546 0  
  1627435721 569860546 0  
  1627435722 569860546 0  
  1627435723 569860546 0  
  1627435724 569860546 0  
  1627435725 569860546 0  
  1627435726 569860546 0  
  1627435727 569860546 0  
  1627435728 569860546 0  
  1627435730 569860546 0  
  1627435731 569860546 0  
  1627435732 569860546 0  
  1627435733 569860546 0  
  1627435734 569860546 0  
  1627435735 569860546 0  
  1627435736 569863443 0  
  1627435737 569865179 0  
  1627435738 569865179 0  
  1627435739 569865887 0  
  1627435740 569865887 0  
  1627435741 569865887 0  
  1627435742 569865887 0  
  1627435743 569865887 0  
  1627435744 569865887 0  
  1627435745 569865887 0  
  1627435746 569865887 0  
  1627435747 569865887 0  
  1627435748 569865887 0  
  1627435749 569865887 0  
  1627435750 569865887 0  
  1627435751 569865887 0  
  1627435752 569865887 0  
  1627435753 569865887 0  
  1627435754 569865887 0  
  1627435755 569865887 0  
  1627435756 569865887 0  
  1627435757 569865887 0  
  1627435758 569865887 0  
  1627435759 569865887 0  
  1627435760 569865887 0  
  1627435761 569865887 0  
  1627435762 569865887 0  
  1627435763 569865887 0  
  1627435764 569865887 0  
  1627435765 569865887 0  
  1627435766 569865887 0  
  1627435767 569865887 0  
  1627435769 569865887 0  
  1627435770 569865887 0  
  1627435771 569865887 0  
  1627435772 569865887 0  
  1627435773 569865887 0  
  1627435774 569865887 0  
  1627435775 569865887 0  
  1627435776 569865887 0  
  1627435777 569865887 0  
  1627435778 569865887 0  
  1627435779 569865887 0  
  1627435780 569866483 0  
  1627435781 569866483 0  
  1627435782 569866483 0  
  1627435783 569866483 0  
  1627435784 569866483 0  
  1627435785 569866483 0  
  1627435786 569866483 0  
  1627435787 569866483 0  
  1627435788 569866483 0  
  1627435789 569866483 0  
  1627435790 569866483 0  
  1627435791 569866483 0  
  1627435792 569866483 0  
  1627435793 569866483 0  
  1627435794 569866575 0  
  1627435795 569866575 0  
  1627435796 569866575 0  
  1627435797 569866575 0  
  1627435798 569866575 0  
  1627435799 569866575 0  
  1627435800 569866575 0  
  1627435801 569866575 0  
  1627435802 569866575 0  
  1627435803 569866575 0  
  1627435804 569866575 0  
  1627435805 569866575 0  
  1627435806 569866575 0  
  1627435808 569866575 0  
  1627435809 569866575 0  
  1627435810 569866575 0  
  1627435811 569866575 0  
  1627435812 569866575 0  
  1627435813 569866575 0  
  1627435814 569866575 0  
  1627435815 569866575 0  
  1627435816 569866575 0  
  1627435817 569866575 0  
  1627435818 569866575 0  
  1627435819 569866575 0  
  1627435820 569866575 0  
  1627435821 569866575 0  
  1627435822 569866575 0  
  1627435823 569866575 0  
  1627435824 569866575 0  
  1627435825 569866575 0  
  1627435826 569866575 0  
  1627435827 569866575 0  
  1627435828 569866575 0  
  1627435829 569866575 0  
  1627435830 569866575 0  
  1627435831 569866575 0  
  1627435832 569866575 0  
  1627435833 569866575 0  
  1627435834 569866575 0  
  1627435835 569866575 0  
  1627435836 569866575 0  
  1627435837 569866932 0  
  1627435838 569866932 0  
  1627435839 569866932 0  
  1627435840 569866932 0  
  1627435841 569866932 0  
  1627435842 569866932 0  
  1627435843 569866932 0  
  1627435844 569866932 0  
  1627435845 569866932 0  
  1627435847 569866932 0  
  1627435848 569866932 0  
  1627435849 569866932 0  
  1627435850 569866932 0  
  1627435851 569866932 0  
  1627435852 569866932 0  
  1627435853 569866932 0  
  1627435854 569866932 0  
  1627435855 569866932 0  
  1627435856 569866932 0  
  1627435857 569866932 0  
  1627435858 569866932 0  
  1627435859 569866932 0  
  1627435860 569866932 0  
  1627435861 569866932 0  
  1627435862 569866932 0  
  1627435863 569866932 0  
  1627435864 569866932 0  
  1627435865 569866932 0  
  1627435866 569866932 0  
  1627435867 569866932 0  
  1627435868 569866932 0  
  1627435869 569866932 0  
  1627435870 569866932 0  
  1627435871 569866932 0  
  1627435872 569866932 0  
  1627435873 569866932 0  
  1627435874 569866932 0  
  1627435875 569866932 0  
  1627435876 569866932 0  
  1627435877 569866932 0  
  1627435878 569866932 0  
  1627435879 569866932 0  
  1627435880 569866932 0  
  1627435881 569866932 0  
  1627435882 569866932 0  
  1627435883 569866932 0  
  1627435884 569866932 0  
  1627435886 569866932 0  
  1627435887 569866932 0  
  1627435888 569866932 0  
  1627435889 569866932 0  
  1627435890 569866932 0  
  1627435891 569866932 0  
  1627435892 569866932 0  
  1627435893 569866932 0  
  1627435894 569866932 0  
  1627435895 569866932 0  
  1627435896 569866932 0  
  1627435897 569866932 0  
  1627435898 569866932 0  
  1627435899 569866932 0  
  1627435900 569866932 0  
  1627435901 569866932 0  
  1627435902 569866932 0  
  1627435903 569866932 0  
  1627435904 569866932 0  
  1627435905 569866932 0  
  1627435906 569866932 0  
  1627435907 569866932 0  
  1627435908 569866932 0  
  1627435909 569866932 0  
  1627435910 569866932 0  
  1627435911 569866932 0  
  1627435912 569866932 0  
  1627435913 569866932 0  
  1627435914 569866932 0  
  1627435915 569866932 0  
  1627435916 569866932 0  
  1627435917 569866932 0  
  1627435918 569866932 0  
  1627435919 569866932 0  
  1627435920 569866932 0  
  1627435921 569866932 0  
  1627435922 569866932 0  
  1627435923 569866932 0  
  1627435925 569866932 0  
  1627435926 569869829 0  
  1627435927 569871565 0  
  1627435928 569871565 0  
  1627435929 569872273 0  
  1627435930 569872273 0  
  1627435931 569872273 0  
  1627435932 569872273 0  
  1627435933 569872273 0  
  1627435934 569872273 0  
  1627435935 569872273 0  
  1627435936 569872273 0  
  1627435937 569872273 0  
  1627435938 569872273 0  
  1627435939 569872273 0  
  1627435940 569872273 0  
  1627435941 569872273 0  
  1627435942 569872273 0  
  1627435943 569872273 0  
  1627435944 569872273 0  
  1627435945 569872273 0  
  1627435946 569876582 0  
  1627435947 569876990 0  
  1627435948 569876990 0  
  1627435949 569877494 0  
  1627435950 569877494 0  
  1627435951 569877494 0  
  1627435952 569877494 0  
  1627435953 569882127 0  
  1627435954 569882767 0  
  1627435955 569882835 0  
  1627435956 569882835 0  
  1627435957 569882835 0  
  1627435958 569882835 0  
  1627435959 569882835 0  
  1627435960 569882835 0  
  1627435961 569882835 0  
  1627435962 569882835 0  
  1627435964 569882835 0  
  1627435965 569882835 0  
  1627435966 569882835 0  
  1627435967 569882835 0  
  1627435968 569882835 0  
  1627435969 569882835 0  
  1627435970 569882835 0  
  1627435971 569882835 0  
  1627435972 569882835 0  
  1627435973 569882835 0  
  1627435974 569882835 0  
  1627435975 569882835 0  
  1627435976 569882835 0  
  1627435977 569882835 0  
  1627435978 569882835 0  
  1627435979 569883431 0  
  1627435980 569883431 0  
  1627435981 569883431 0  
  1627435982 569883431 0  
  1627435983 569883431 0  
  1627435984 569883431 0  
  1627435985 569883431 0  
  1627435986 569883431 0  
  1627435987 569883431 0  
  1627435988 569883431 0  
  1627435989 569883431 0  
  1627435990 569883431 0  
  1627435991 569883431 0  
  1627435992 569883431 0  
  1627435993 569883431 0  
  1627435994 569883431 0  
  1627435995 569883431 0  
  1627435996 569886328 0  
  1627435997 569892697 0  
  1627435998 569892697 0  
  1627435999 569894113 0  
  1627436000 569894113 0  
  1627436001 569894113 0  
  1627436003 569894113 0  
  1627436004 569894113 0  
  1627436005 569894113 0  
  1627436006 569894113 0  
  1627436007 569894113 0  
  1627436008 569894113 0  
  1627436009 569894113 0  
  1627436010 569894113 0  
  1627436011 569894113 0  
  1627436012 569894113 0  
  1627436013 569894113 0  
  1627436014 569894113 0  
  1627436015 569894113 0  
  1627436016 569894113 0  
  1627436017 569894113 0  
  1627436018 569894113 0  
  1627436019 569894113 0  
  1627436020 569894113 0  
  1627436021 569894113 0  
  1627436022 569894205 0  
  1627436023 569894205 0  
  1627436024 569894205 0  
  1627436025 569894205 0  
  1627436026 569894205 0  
  1627436027 569894205 0  
  1627436028 569894205 0  
  1627436029 569894205 0  
  1627436030 569894205 0  
  1627436031 569894205 0  
  1627436032 569894205 0  
  1627436033 569894205 0  
  1627436034 569894205 0  
  1627436035 569894349 0  
  1627436036 569898838 0  
  1627436037 569898838 0  
  1627436038 569899546 0  
  1627436039 569899546 0  
  1627436041 569899546 0  
  1627436042 569899546 0  
  1627436043 569899546 0  
  1627436044 569899546 0  
  1627436045 569899546 0  
  1627436046 569899546 0  
  1627436047 569899546 0  
  1627436048 569899546 0  
  1627436049 569899546 0  
  1627436050 569899546 0  
  1627436051 569899546 0  
  1627436052 569899546 0  
  1627436053 569899546 0  
  1627436054 569899546 0  
  1627436055 569899546 0  
  1627436056 569899546 0  
  1627436057 569899546 0  
  1627436058 569899546 0  
  1627436059 569899546 0  
  1627436060 569899546 0  
  1627436061 569899546 0  
  1627436062 569899546 0  
  1627436063 569899546 0  
  1627436064 569899546 0  
  1627436065 569899546 0  
  1627436066 569899546 0  
  1627436067 569899546 0  
  1627436068 569899546 0  
  1627436069 569899546 0  
  1627436070 569899546 0  
  1627436071 569899546 0  
  1627436072 569899546 0  
  1627436073 569899546 0  
  1627436074 569899546 0  
  1627436075 569899546 0  
  1627436076 569899546 0  
  1627436077 569899546 0  
  1627436078 569899546 0  
  1627436080 569899546 0  
  1627436081 569899546 0  
  1627436082 569899546 0  
  1627436083 569899546 0  
  1627436084 569899546 0  
  1627436085 569899546 0  
  1627436086 569899546 0  
  1627436087 569899546 0  
  1627436088 569899546 0  
  1627436089 569899546 0  
  1627436090 569899546 0  
  1627436091 569899546 0  
  1627436092 569899546 0  
  1627436093 569899546 0  
  1627436094 569899546 0  
  1627436095 569899546 0  
  1627436096 569899546 0  
  1627436097 569899546 0  
  1627436098 569899546 0  
  1627436099 569899546 0  
  1627436100 569899546 0  
  1627436101 569899546 0  
  1627436102 569899546 0  
  1627436103 569899546 0  
  1627436104 569899546 0  
  1627436105 569899546 0  
  1627436106 569899546 0  
  1627436107 569899546 0  
  1627436108 569899546 0  
  1627436109 569899546 0  
  1627436110 569899546 0  
  1627436111 569899546 0  
  1627436112 569899546 0  
  1627436113 569899546 0  
  1627436114 569899546 0  
  1627436115 569899546 0  
  1627436116 569899546 0  
  1627436117 569899546 0  
  1627436119 569899546 0  
  1627436120 569899546 0  
  1627436121 569899546 0  
  1627436122 569899546 0  
  1627436123 569899546 0  
  1627436124 569899546 0  
  1627436125 569899546 0  
  1627436126 569899546 0  
  1627436127 569899546 0  
  1627436128 569899546 0  
  1627436129 569899546 0  
  1627436130 569899546 0  
  1627436131 569899546 0  
  1627436132 569899546 0  
  1627436133 569899546 0  
  1627436134 569899546 0  
  1627436135 569899546 0  
  1627436136 569899546 0  
  1627436137 569899903 0  
  1627436138 569899903 0  
  1627436139 569899903 0  
  1627436140 569899903 0  
  1627436141 569899903 0  
  1627436142 569899903 0  
  1627436143 569899903 0  
  1627436144 569899903 0  
  1627436145 569899903 0  
  1627436146 569899903 0  
  1627436147 569899903 0  
  1627436148 569899903 0  
  1627436149 569899903 0  
  1627436150 569899903 0  
  1627436151 569899903 0  
  1627436152 569899903 0  
  1627436153 569899903 0  
  1627436154 569899903 0  
  1627436155 569899903 0  
  1627436157 569899903 0  
  1627436158 569899903 0  
  1627436159 569899903 0  
  1627436160 569899903 0  
  1627436161 569899903 0  
  1627436162 569899903 0  
  1627436163 569899903 0  
  1627436164 569899903 0  
  1627436165 569899903 0  
  1627436166 569899903 0  
  1627436167 569899903 0  
  1627436168 569899903 0  
  1627436169 569899903 0  
  1627436170 569899903 0  
  1627436171 569899903 0  
  1627436172 569899903 0  
  1627436173 569899903 0  
  1627436174 569899903 0  
  1627436175 569899903 0  
  1627436176 569899903 0  
  1627436177 569899903 0  
  1627436178 569899903 0  
  1627436179 569899903 0  
  1627436180 569900499 0  
  1627436181 569900499 0  
  1627436182 569900499 0  
  1627436183 569900499 0  
  1627436184 569900499 0  
  1627436185 569900499 0  
  1627436186 569900499 0  
  1627436187 569900499 0  
  1627436188 569900499 0  
  1627436189 569900499 0  
  1627436190 569900499 0  
  1627436191 569900499 0  
  1627436192 569900499 0  
  1627436193 569900499 0  
  1627436194 569900499 0  
  1627436196 569900499 0  
  1627436197 569900499 0  
  1627436198 569900499 0  
  1627436199 569900499 0  
  1627436200 569900499 0  
  1627436201 569900499 0  
  1627436202 569900499 0  
  1627436203 569900499 0  
  1627436204 569900499 0  
  1627436205 569900499 0  
  1627436206 569900499 0  
  1627436207 569900499 0  
  1627436208 569900499 0  
  1627436209 569900499 0  
  1627436210 569900499 0  
  1627436211 569900499 0  
  1627436212 569900499 0  
  1627436213 569900499 0  
  1627436214 569900499 0  
  1627436215 569900499 0  
  1627436216 569900499 0  
  1627436217 569900499 0  
  1627436218 569900499 0  
  1627436219 569900499 0  
  1627436220 569900499 0  
  1627436221 569900499 0  
  1627436222 569900499 0  
  1627436223 569900499 0  
  1627436224 569900499 0  
  1627436225 569902376 0  
  1627436226 569905132 0  
  1627436227 569905132 0  
  1627436228 569905840 0  
  1627436229 569905840 0  
  1627436230 569905840 0  
  1627436231 569905840 0  
  1627436232 569905840 0  
  1627436233 569905840 0  
  1627436235 569905840 0  
  1627436236 569905840 0  
  1627436237 569905840 0  
  1627436238 569905840 0  
  1627436239 569905840 0  
  1627436240 569905840 0  
  1627436241 569905840 0  
  1627436242 569905840 0  
  1627436243 569905840 0  
  1627436244 569905840 0  
  1627436245 569905840 0  
  1627436246 569905840 0  
  1627436247 569905840 0  
  1627436248 569905840 0  
  1627436249 569905840 0  
  1627436250 569905840 0  
  1627436251 569905840 0  
  1627436252 569905840 0  
  1627436253 569905840 0  
  1627436254 569910149 0  
  1627436255 569910473 0  
  1627436256 569911181 0  
  1627436257 569911181 0  
  1627436258 569911181 0  
  1627436259 569911181 0  
  1627436260 569911181 0  
  1627436261 569911181 0  
  1627436262 569911181 0  
  1627436263 569911181 0  
  1627436264 569911181 0  
  1627436265 569911181 0  
  1627436266 569911181 0  
  1627436267 569911181 0  
  1627436268 569911181 0  
  1627436269 569911181 0  
  1627436270 569911181 0  
  1627436271 569911181 0  
  1627436273 569911181 0  
  1627436274 569911181 0  
  1627436275 569911181 0  
  1627436276 569911181 0  
  1627436277 569911181 0  
  1627436278 569911181 0  
  1627436279 569911181 0  
  1627436280 569911181 0  
  1627436281 569911181 0  
  1627436282 569911181 0  
  1627436283 569911181 0  
  1627436284 569911181 0  
  1627436285 569911181 0  
  1627436286 569911181 0  
  1627436287 569911181 0  
  1627436288 569911181 0  
  1627436289 569911181 0  
  1627436290 569911181 0  
  1627436291 569911181 0  
  1627436292 569911181 0  
  1627436293 569911181 0  
  1627436294 569911181 0  
  1627436295 569911181 0  
  1627436296 569911181 0  
  1627436297 569915490 0  
  1627436298 569920447 0  
  1627436299 569921087 0  
  1627436300 569921863 0  
  1627436301 569921863 0  
  1627436302 569921863 0  
  1627436303 569921863 0  
  1627436304 569921863 0  
  1627436305 569921863 0  
  1627436306 569921863 0  
  1627436307 569921863 0  
  1627436308 569921955 0  
  1627436309 569921955 0  
  1627436310 569921955 0  
  1627436312 569921955 0  
  1627436313 569921955 0  
  1627436314 569921955 0  
  1627436315 569921955 0  
  1627436316 569921955 0  
  1627436317 569921955 0  
  1627436318 569921955 0  
  1627436319 569921955 0  
  1627436320 569921955 0  
  1627436321 569921955 0  
  1627436322 569921955 0  
  1627436323 569921955 0  
  1627436324 569921955 0  
  1627436325 569921955 0  
  1627436326 569921955 0  
  1627436327 569921955 0  
  1627436328 569921955 0  
  1627436329 569921955 0  
  1627436330 569921955 0  
  1627436331 569921955 0  
  1627436332 569921955 0  
  1627436333 569921955 0  
  1627436334 569921955 0  
  1627436335 569921955 0  
  1627436336 569926264 0  
  1627436337 569926588 0  
  1627436338 569927296 0  
  1627436339 569927296 0  
  1627436340 569927296 0  
  1627436341 569927296 0  
  1627436342 569927296 0  
  1627436343 569927296 0  
  1627436344 569927296 0  
  1627436345 569927296 0  
  1627436346 569927296 0  
  1627436347 569927296 0  
  1627436348 569927296 0  
  1627436349 569927296 0  
  1627436350 569927296 0  
  1627436352 569927296 0  
  1627436353 569927296 0  
  1627436354 569927296 0  
  1627436355 569927296 0  
  1627436356 569927296 0  
  1627436357 569927296 0  
  1627436358 569927296 0  
  1627436359 569927296 0  
  1627436360 569927296 0  
  1627436361 569927296 0  
  1627436362 569927296 0  
  1627436363 569927296 0  
  1627436364 569927296 0  
  1627436365 569927296 0  
  1627436366 569927296 0  
  1627436367 569927296 0  
  1627436368 569927296 0  
  1627436369 569927296 0  
  1627436370 569927296 0  
  1627436371 569927296 0  
  1627436372 569927296 0  
  1627436373 569927296 0  
  1627436374 569927296 0  
  1627436375 569927296 0  
  1627436376 569927296 0  
  1627436377 569927296 0  
  1627436378 569927296 0  
  1627436379 569927296 0  
  1627436380 569927892 0  
  1627436381 569927892 0  
  1627436382 569927892 0  
  1627436383 569927892 0  
  1627436384 569927892 0  
  1627436385 569927892 0  
  1627436386 569927892 0  
  1627436387 569927892 0  
  1627436388 569927892 0  
  1627436389 569927892 0  
  1627436390 569927892 0  
  1627436392 569927892 0  
  1627436393 569927892 0  
  1627436394 569927892 0  
  1627436395 569927892 0  
  1627436396 569927892 0  
  1627436397 569927892 0  
  1627436398 569927892 0  
  1627436399 569927892 0  
  1627436400 569927892 0  
  1627436401 569927892 0  
  1627436402 569927892 0  
  1627436403 569927892 0  
  1627436404 569927892 0  
  1627436405 569927892 0  
  1627436406 569927892 0  
  1627436407 569927892 0  
  1627436408 569927892 0  
  1627436409 569927892 0  
  1627436410 569927892 0  
  1627436411 569927892 0  
  1627436412 569927892 0  
  1627436413 569927892 0  
  1627436414 569927892 0  
  1627436415 569927892 0  
  1627436416 569927892 0  
  1627436417 569927892 0  
  1627436418 569927892 0  
  1627436419 569927892 0  
  1627436420 569927892 0  
  1627436421 569927892 0  
  1627436422 569927892 0  
  1627436423 569927892 0  
  1627436424 569927892 0  
  1627436425 569927892 0  
  1627436426 569927892 0  
  1627436427 569927892 0  
  1627436428 569927892 0  
  1627436429 569927892 0  
  1627436431 569927892 0  
  1627436432 569927892 0  
  1627436433 569927892 0  
  1627436434 569927892 0  
  1627436435 569927892 0  
  1627436436 569927892 0  
  1627436437 569928249 0  
  1627436438 569928249 0  
  1627436439 569928249 0  
  1627436440 569928249 0  
  1627436441 569928249 0  
  1627436442 569928249 0  
  1627436443 569928249 0  
  1627436444 569928249 0  
  1627436445 569928249 0  
  1627436446 569928249 0  
  1627436447 569928249 0  
  1627436448 569928249 0  
  1627436449 569928249 0  
  1627436450 569928249 0  
  1627436451 569928249 0  
  1627436452 569928249 0  
  1627436453 569928249 0  
  1627436454 569928249 0  
  1627436455 569928249 0  
  1627436456 569928249 0  
  1627436457 569928249 0  
  1627436458 569928249 0  
  1627436459 569928249 0  
  1627436460 569928249 0  
  1627436461 569928249 0  
  1627436462 569928249 0  
  1627436463 569928249 0  
  1627436464 569928249 0  
  1627436465 569928249 0  
  1627436466 569928249 0  
  1627436467 569928249 0  
  1627436468 569928249 0  
  1627436469 569928249 0  
  1627436471 569928249 0  
  1627436472 569928249 0  
  1627436473 569928249 0  
  1627436474 569928249 0  
  1627436475 569928249 0  
  1627436476 569928249 0  
  1627436477 569928249 0  
  1627436478 569928249 0  
  1627436479 569928249 0  
  1627436480 569928249 0  
  1627436481 569928249 0  
  1627436482 569928249 0  
  1627436483 569928249 0  
  1627436484 569928249 0  
  1627436485 569928249 0  
  1627436486 569928249 0  
  1627436487 569928249 0  
  1627436488 569928249 0  
  1627436489 569928249 0  
  1627436490 569928249 0  
  1627436491 569928249 0  
  1627436492 569928249 0  
  1627436493 569928249 0  
  1627436494 569928249 0  
  1627436495 569928249 0  
  1627436496 569928249 0  
  1627436497 569928249 0  
  1627436498 569928249 0  
  1627436499 569928249 0  
  1627436500 569928249 0  
  1627436501 569928249 0  
  1627436502 569928249 0  
  1627436503 569928249 0  
  1627436504 569928249 0  
  1627436505 569928249 0  
  1627436506 569928249 0  
  1627436507 569928249 0  
  1627436508 569928249 0  
  1627436509 569928249 0  
  1627436511 569928249 0  
  1627436512 569928249 0  
  1627436513 569928249 0  
  1627436514 569928249 0  
  1627436515 569928249 0  
  1627436516 569928249 0  
  1627436517 569928249 0  
  1627436518 569928249 0  
  1627436519 569928249 0  
  1627436520 569928249 0  
  1627436521 569928249 0  
  1627436522 569928249 0  
  1627436523 569928249 0  
  1627436524 569928249 0  
  1627436525 569928249 0  
  1627436526 569932558 0  
  1627436527 569932882 0  
  1627436528 569933590 0  
  1627436529 569933590 0  
  1627436530 569933590 0  
  1627436531 569933590 0  
  1627436532 569933590 0  
  1627436533 569933590 0  
  1627436534 569933590 0  
  1627436535 569933590 0  
  1627436536 569933590 0  
  1627436537 569933590 0  
  1627436538 569933590 0  
  1627436539 569933590 0  
  1627436540 569933590 0  
  1627436541 569933590 0  
  1627436542 569933590 0  
  1627436543 569933590 0  
  1627436544 569933590 0  
  1627436545 569933590 0  
  1627436546 569933590 0  
  1627436547 569933590 0  
  1627436548 569933590 0  
  1627436550 569933590 0  
  1627436551 569933590 0  
  1627436552 569933590 0  
  1627436553 569933590 0  
  1627436554 569935551 0  
  1627436555 569938291 0  
  1627436556 569938291 0  
  1627436557 569938999 0  
  1627436558 569938999 0  
  1627436559 569938999 0  
  1627436560 569938999 0  
  1627436561 569940155 0  
  1627436562 569940155 0  
  1627436563 569940155 0  
  1627436564 569940155 0  
  1627436565 569940155 0  
  1627436566 569940155 0  
  1627436567 569940155 0  
  1627436568 569940155 0  
  1627436569 569940155 0  
  1627436570 569940155 0  
  1627436571 569940155 0  
  1627436572 569940155 0  
  1627436573 569940155 0  
  1627436574 569940155 0  
  1627436575 569940155 0  
  1627436576 569940155 0  
  1627436577 569940155 0  
  1627436578 569940155 0  
  1627436579 569940751 0  
  1627436580 569940751 0  
  1627436581 569940751 0  
  1627436582 569940751 0  
  1627436583 569940751 0  
  1627436584 569940751 0  
  1627436585 569940751 0  
  1627436586 569940751 0  
  1627436587 569940751 0  
  1627436588 569940751 0  
  1627436590 569940751 0  
  1627436591 569940751 0  
  1627436592 569940751 0  
  1627436593 569940751 0  
  1627436594 569940751 0  
  1627436595 569940751 0  
  1627436596 569940751 0  
  1627436597 569940751 0  
  1627436598 569949369 0  
  1627436599 569950017 0  
  1627436600 569950017 0  
  1627436601 569951365 0  
  1627436602 569951365 0  
  1627436603 569951365 0  
  1627436604 569951365 0  
  1627436605 569951365 0  
  1627436606 569951365 0  
  1627436607 569951365 0  
  1627436608 569951365 0  
  1627436609 569951365 0  
  1627436610 569951365 0  
  1627436611 569951365 0  
  1627436612 569951365 0  
  1627436613 569951365 0  
  1627436614 569951365 0  
 