 1626885653 474805354 0  
  1626885654 474805432 0  
  1626885655 474805432 0  
  1626885656 474805432 0  
  1626885657 474805432 0  
  1626885658 474805432 0  
  1626885659 474805432 0  
  1626885660 474805432 0  
  1626885661 474805432 0  
  1626885662 474805432 0  
  1626885663 474805432 0  
  1626885664 474805432 0  
  1626885665 474805432 0  
  1626885666 474805432 0  
  1626885667 474805432 0  
  1626885668 474805432 0  
  1626885669 474805432 0  
  1626885670 474805432 0  
  1626885671 474805432 0  
  1626885672 474805432 0  
  1626885673 474805432 0  
  1626885674 474805432 0  
  1626885675 474805432 0  
  1626885676 474805432 0  
  1626885677 474805432 0  
  1626885678 474805432 0  
  1626885679 474805432 0  
  1626885680 474805432 0  
  1626885681 474805432 0  
  1626885682 474805432 0  
  1626885683 474805432 0  
  1626885684 474805524 0  
  1626885685 474805524 0  
  1626885686 474805524 0  
  1626885688 474805524 0  
  1626885689 474805524 0  
  1626885690 474805524 0  
  1626885691 474805524 0  
  1626885692 474805524 0  
  1626885693 474805524 0  
  1626885694 474805524 0  
  1626885695 474805524 0  
  1626885696 474805524 0  
  1626885697 474805524 0  
  1626885698 474805524 0  
  1626885699 474805524 0  
  1626885700 474805524 0  
  1626885701 474805524 0  
  1626885702 474805524 0  
  1626885703 474805524 0  
  1626885704 474805524 0  
  1626885705 474805524 0  
  1626885706 474805524 0  
  1626885707 474805524 0  
  1626885708 474805524 0  
  1626885709 474805524 0  
  1626885710 474805524 0  
  1626885711 474805524 0  
  1626885712 474805524 0  
  1626885713 474805524 0  
  1626885714 474805524 0  
  1626885715 474805524 0  
  1626885716 474805524 0  
  1626885717 474805524 0  
  1626885718 474805524 0  
  1626885719 474805524 0  
  1626885720 474805524 0  
  1626885721 474805524 0  
  1626885722 474805524 0  
  1626885723 474805524 0  
  1626885724 474805524 0  
  1626885726 474805524 0  
  1626885727 474805524 0  
  1626885728 474805524 0  
  1626885729 474805524 0  
  1626885730 474805524 0  
  1626885731 474805524 0  
  1626885732 474805524 0  
  1626885733 474805524 0  
  1626885734 474805524 0  
  1626885735 474805524 0  
  1626885736 474805524 0  
  1626885737 474805524 0  
  1626885738 474805524 0  
  1626885739 474805524 0  
  1626885740 474805524 0  
  1626885741 474805524 0  
  1626885742 474805524 0  
  1626885743 474805524 0  
  1626885744 474805524 0  
  1626885745 474805524 0  
  1626885746 474805524 0  
  1626885747 474805524 0  
  1626885748 474805524 0  
  1626885749 474805616 0  
  1626885750 474805616 0  
  1626885751 474805616 0  
  1626885752 474805616 0  
  1626885753 474805616 0  
  1626885754 474805616 0  
  1626885755 474805616 0  
  1626885756 474805616 0  
  1626885757 474805616 0  
  1626885758 474805616 0  
  1626885759 474805616 0  
  1626885760 474805616 0  
  1626885761 474805616 0  
  1626885762 474805616 0  
  1626885763 474805616 0  
  1626885765 474805616 0  
  1626885766 474805616 0  
  1626885767 474805616 0  
  1626885768 474807577 0  
  1626885769 474810845 0  
  1626885770 474810845 0  
  1626885771 474811553 0  
  1626885772 474811553 0  
  1626885773 474811553 0  
  1626885774 474811553 0  
  1626885775 474811553 0  
  1626885776 474811553 0  
  1626885777 474811553 0  
  1626885778 474811553 0  
  1626885779 474811553 0  
  1626885780 474811553 0  
  1626885781 474811553 0  
  1626885782 474811553 0  
  1626885783 474811553 0  
  1626885784 474811553 0  
  1626885785 474811553 0  
  1626885786 474811553 0  
  1626885787 474811553 0  
  1626885788 474811553 0  
  1626885789 474811553 0  
  1626885790 474811553 0  
  1626885791 474811553 0  
  1626885792 474811553 0  
  1626885793 474811553 0  
  1626885794 474811553 0  
  1626885795 474811553 0  
  1626885796 474811553 0  
  1626885797 474811553 0  
  1626885798 474811553 0  
  1626885799 474811553 0  
  1626885800 474811553 0  
  1626885801 474811553 0  
  1626885802 474811553 0  
  1626885804 474811553 0  
  1626885805 474811553 0  
  1626885806 474811553 0  
  1626885807 474811553 0  
  1626885808 474811553 0  
  1626885809 474811553 0  
  1626885810 474811553 0  
  1626885811 474811553 0  
  1626885812 474811553 0  
  1626885813 474811553 0  
  1626885814 474811645 0  
  1626885815 474811645 0  
  1626885816 474811645 0  
  1626885817 474811645 0  
  1626885818 474811645 0  
  1626885819 474811645 0  
  1626885820 474811645 0  
  1626885821 474811645 0  
  1626885822 474811645 0  
  1626885823 474811645 0  
  1626885824 474811645 0  
  1626885825 474811645 0  
  1626885826 474811645 0  
  1626885827 474811645 0  
  1626885828 474811645 0  
  1626885829 474811645 0  
  1626885830 474811645 0  
  1626885831 474811645 0  
  1626885832 474811645 0  
  1626885833 474811645 0  
  1626885834 474811645 0  
  1626885835 474811645 0  
  1626885836 474811645 0  
  1626885837 474811645 0  
  1626885838 474811645 0  
  1626885839 474811645 0  
  1626885840 474811645 0  
  1626885841 474811645 0  
  1626885842 474811737 0  
  1626885844 474811737 0  
  1626885845 474811737 0  
  1626885846 474811737 0  
  1626885847 474811737 0  
  1626885848 474811737 0  
  1626885849 474811737 0  
  1626885850 474811737 0  
  1626885851 474811737 0  
  1626885852 474811737 0  
  1626885853 474811737 0  
  1626885854 474811737 0  
  1626885855 474811737 0  
  1626885856 474811737 0  
  1626885857 474811737 0  
  1626885858 474811737 0  
  1626885859 474811737 0  
  1626885860 474811737 0  
  1626885861 474811737 0  
  1626885862 474811737 0  
  1626885863 474811737 0  
  1626885864 474811737 0  
  1626885865 474811737 0  
  1626885866 474811737 0  
  1626885867 474811737 0  
  1626885868 474811737 0  
  1626885869 474811737 0  
  1626885870 474811737 0  
  1626885871 474811737 0  
  1626885872 474811737 0  
  1626885873 474811737 0  
  1626885874 474811737 0  
  1626885875 474811737 0  
  1626885876 474811737 0  
  1626885877 474811737 0  
  1626885878 474811829 0  
  1626885879 474811829 0  
  1626885880 474811829 0  
  1626885881 474811829 0  
  1626885882 474811829 0  
  1626885884 474811829 0  
  1626885885 474811829 0  
  1626885886 474811829 0  
  1626885887 474811829 0  
  1626885888 474811829 0  
  1626885889 474811829 0  
  1626885890 474811829 0  
  1626885891 474811829 0  
  1626885892 474811829 0  
  1626885893 474811829 0  
  1626885894 474811829 0  
  1626885895 474811829 0  
  1626885896 474811829 0  
  1626885897 474811829 0  
  1626885898 474811829 0  
  1626885899 474811829 0  
  1626885900 474811829 0  
  1626885901 474811829 0  
  1626885902 474811829 0  
  1626885903 474811829 0  
  1626885904 474811829 0  
  1626885905 474811829 0  
  1626885906 474811829 0  
  1626885907 474811829 0  
  1626885908 474811829 0  
  1626885909 474811829 0  
  1626885910 474811829 0  
  1626885911 474811829 0  
  1626885912 474811829 0  
  1626885913 474811829 0  
  1626885914 474811829 0  
  1626885915 474811829 0  
  1626885916 474811829 0  
  1626885917 474811829 0  
  1626885918 474811829 0  
  1626885919 474811829 0  
  1626885920 474811829 0  
  1626885921 474811829 0  
  1626885922 474811829 0  
  1626885924 474811829 0  
  1626885925 474811829 0  
  1626885926 474811829 0  
  1626885927 474811829 0  
  1626885928 474811829 0  
  1626885929 474811829 0  
  1626885930 474811829 0  
  1626885931 474812186 0  
  1626885932 474812186 0  
  1626885933 474812186 0  
  1626885934 474812186 0  
  1626885935 474812186 0  
  1626885936 474812186 0  
  1626885937 474812186 0  
  1626885938 474816495 0  
  1626885939 474816819 0  
  1626885940 474816819 0  
  1626885941 474817527 0  
  1626885942 474817527 0  
  1626885943 474822252 0  
  1626885944 474822252 0  
  1626885945 474822960 0  
  1626885946 474822960 0  
  1626885947 474831398 0  
  1626885948 474832226 0  
  1626885949 474833642 0  
  1626885950 474833642 0  
  1626885951 474833642 0  
  1626885952 474833642 0  
  1626885953 474833642 0  
  1626885954 474833642 0  
  1626885955 474833642 0  
  1626885956 474833642 0  
  1626885957 474833642 0  
  1626885958 474833642 0  
  1626885959 474833642 0  
  1626885960 474833642 0  
  1626885961 474833642 0  
  1626885962 474833642 0  
  1626885964 474833642 0  
  1626885965 474833642 0  
  1626885966 474833642 0  
  1626885967 474833642 0  
  1626885968 474833642 0  
  1626885969 474834238 0  
  1626885970 474834238 0  
  1626885971 474834238 0  
  1626885972 474834238 0  
  1626885973 474834238 0  
  1626885974 474834238 0  
  1626885975 474834238 0  
  1626885976 474834238 0  
  1626885977 474834238 0  
  1626885978 474834238 0  
  1626885979 474834238 0  
  1626885980 474834238 0  
  1626885981 474834238 0  
  1626885982 474834238 0  
  1626885983 474834238 0  
  1626885984 474834238 0  
  1626885985 474834238 0  
  1626885986 474834238 0  
  1626885987 474834238 0  
  1626885988 474834238 0  
  1626885989 474834238 0  
  1626885990 474834238 0  
  1626885991 474834238 0  
  1626885992 474834238 0  
  1626885993 474834238 0  
  1626885994 474834238 0  
  1626885995 474834238 0  
  1626885996 474834238 0  
  1626885997 474834238 0  
  1626885998 474834238 0  
  1626885999 474834238 0  
  1626886000 474834238 0  
  1626886001 474834238 0  
  1626886002 474834238 0  
  1626886004 474834238 0  
  1626886005 474834238 0  
  1626886006 474834238 0  
  1626886007 474834238 0  
  1626886008 474834330 0  
  1626886009 474834330 0  
  1626886010 474834330 0  
  1626886011 474834330 0  
  1626886012 474834330 0  
  1626886013 474834330 0  
  1626886014 474834330 0  
  1626886015 474834330 0  
  1626886016 474834330 0  
  1626886017 474834330 0  
  1626886018 474834330 0  
  1626886019 474834330 0  
  1626886020 474834330 0  
  1626886021 474834330 0  
  1626886022 474834330 0  
  1626886023 474834330 0  
  1626886024 474834330 0  
  1626886025 474834330 0  
  1626886026 474834330 0  
  1626886027 474834330 0  
  1626886028 474834330 0  
  1626886029 474834330 0  
  1626886030 474834330 0  
  1626886031 474834330 0  
  1626886032 474834330 0  
  1626886033 474834330 0  
  1626886034 474834330 0  
  1626886035 474834330 0  
  1626886036 474834330 0  
  1626886037 474834330 0  
  1626886038 474834330 0  
  1626886039 474834330 0  
  1626886040 474834330 0  
  1626886041 474834330 0  
  1626886042 474834330 0  
  1626886044 474834330 0  
  1626886045 474834330 0  
  1626886046 474834330 0  
  1626886047 474834330 0  
  1626886048 474834330 0  
  1626886049 474834330 0  
  1626886050 474834330 0  
  1626886051 474834330 0  
  1626886052 474834330 0  
  1626886053 474834330 0  
  1626886054 474834330 0  
  1626886055 474834330 0  
  1626886056 474834330 0  
  1626886057 474834330 0  
  1626886058 474834330 0  
  1626886059 474834330 0  
  1626886060 474834330 0  
  1626886061 474834330 0  
  1626886062 474834330 0  
  1626886063 474834330 0  
  1626886064 474834330 0  
  1626886065 474834330 0  
  1626886066 474834330 0  
  1626886067 474834330 0  
  1626886068 474838895 0  
  1626886069 474838963 0  
  1626886070 474839671 0  
  1626886071 474839671 0  
  1626886072 474839671 0  
  1626886073 474839763 0  
  1626886074 474839763 0  
  1626886075 474839763 0  
  1626886076 474839763 0  
  1626886077 474839763 0  
  1626886078 474839763 0  
  1626886079 474839763 0  
  1626886080 474839763 0  
  1626886081 474839763 0  
  1626886082 474839763 0  
  1626886084 474839763 0  
  1626886085 474839763 0  
  1626886086 474839763 0  
  1626886087 474839763 0  
  1626886088 474839763 0  
  1626886089 474839763 0  
  1626886090 474839763 0  
  1626886091 474839763 0  
  1626886092 474839763 0  
  1626886093 474839763 0  
  1626886094 474839763 0  
  1626886095 474839763 0  
  1626886096 474839763 0  
  1626886097 474839763 0  
  1626886098 474839763 0  
  1626886099 474839855 0  
  1626886100 474839855 0  
  1626886101 474839855 0  
  1626886102 474839855 0  
  1626886103 474839855 0  
  1626886104 474839855 0  
  1626886105 474839855 0  
  1626886106 474839855 0  
  1626886107 474839855 0  
  1626886108 474839855 0  
  1626886109 474839855 0  
  1626886110 474839855 0  
  1626886111 474839855 0  
  1626886112 474839855 0  
  1626886113 474839855 0  
  1626886114 474839855 0  
  1626886115 474839855 0  
  1626886116 474839855 0  
  1626886117 474839855 0  
  1626886118 474839855 0  
  1626886119 474839855 0  
  1626886120 474839855 0  
 