 1626880972 476192601 0  
  1626880973 476192601 0  
  1626880974 476192601 0  
  1626880975 476196910 0  
  1626880976 476197234 0  
  1626880977 476197234 0  
  1626880978 476197942 0  
  1626880979 476197942 0  
  1626880980 476197942 0  
  1626880981 476197942 0  
  1626880982 476197942 0  
  1626880983 476197942 0  
  1626880984 476197942 0  
  1626880985 476197942 0  
  1626880987 476197942 0  
  1626880988 476197942 0  
  1626880989 476197942 0  
  1626880990 476197942 0  
  1626880991 476197942 0  
  1626880992 476197942 0  
  1626880993 476197942 0  
  1626880994 476197942 0  
  1626880995 476197942 0  
  1626880996 476197942 0  
  1626880997 476197942 0  
  1626880998 476197942 0  
  1626880999 476197942 0  
  1626881000 476197942 0  
  1626881001 476198002 0  
  1626881002 476198002 0  
  1626881003 476198002 0  
  1626881004 476198002 0  
  1626881005 476198002 0  
  1626881006 476198002 0  
  1626881007 476198094 0  
  1626881008 476198094 0  
  1626881009 476198094 0  
  1626881010 476198094 0  
  1626881011 476198094 0  
  1626881012 476198094 0  
  1626881013 476198094 0  
  1626881014 476198094 0  
  1626881015 476198094 0  
  1626881016 476198094 0  
  1626881017 476198094 0  
  1626881018 476198094 0  
  1626881019 476198094 0  
  1626881020 476198186 0  
  1626881021 476198186 0  
  1626881022 476198186 0  
  1626881023 476198186 0  
  1626881024 476198186 0  
  1626881025 476198186 0  
  1626881027 476198186 0  
  1626881028 476198186 0  
  1626881029 476198186 0  
  1626881030 476198186 0  
  1626881031 476198186 0  
  1626881032 476198186 0  
  1626881033 476198186 0  
  1626881034 476198186 0  
  1626881035 476198186 0  
  1626881036 476198186 0  
  1626881037 476198186 0  
  1626881038 476198186 0  
  1626881039 476198186 0  
  1626881040 476198186 0  
  1626881041 476198186 0  
  1626881042 476198186 0  
  1626881043 476198186 0  
  1626881044 476198186 0  
  1626881045 476198186 0  
  1626881046 476198186 0  
  1626881047 476198186 0  
  1626881048 476198186 0  
  1626881049 476198186 0  
  1626881050 476198186 0  
  1626881051 476198186 0  
  1626881052 476198186 0  
  1626881053 476198186 0  
  1626881054 476198186 0  
  1626881055 476198186 0  
  1626881056 476198186 0  
  1626881057 476198186 0  
  1626881058 476198186 0  
  1626881059 476198186 0  
  1626881060 476198186 0  
  1626881061 476198186 0  
  1626881062 476198186 0  
  1626881063 476198524 0  
  1626881064 476198524 0  
  1626881065 476198524 0  
  1626881066 476198524 0  
  1626881068 476198524 0  
  1626881069 476198524 0  
  1626881070 476198524 0  
  1626881071 476198524 0  
  1626881072 476198524 0  
  1626881073 476198616 0  
  1626881074 476198616 0  
  1626881075 476198616 0  
  1626881076 476198616 0  
  1626881077 476198616 0  
  1626881078 476198616 0  
  1626881079 476198616 0  
  1626881080 476198616 0  
  1626881081 476198616 0  
  1626881082 476198616 0  
  1626881083 476198616 0  
  1626881084 476198616 0  
  1626881085 476198708 0  
  1626881086 476198708 0  
  1626881087 476198708 0  
  1626881088 476198708 0  
  1626881089 476198708 0  
  1626881090 476198708 0  
  1626881091 476198708 0  
  1626881092 476198708 0  
  1626881093 476198708 0  
  1626881094 476198708 0  
  1626881095 476198708 0  
  1626881096 476198708 0  
  1626881097 476198708 0  
  1626881098 476198708 0  
  1626881099 476198708 0  
  1626881100 476198708 0  
  1626881101 476198708 0  
  1626881102 476198708 0  
  1626881103 476198708 0  
  1626881104 476198708 0  
  1626881105 476198708 0  
  1626881106 476198708 0  
  1626881107 476198708 0  
  1626881109 476198708 0  
  1626881110 476198708 0  
  1626881111 476198708 0  
  1626881112 476198708 0  
  1626881113 476198708 0  
  1626881114 476198708 0  
  1626881115 476198708 0  
  1626881116 476198708 0  
  1626881117 476198708 0  
  1626881118 476198708 0  
  1626881119 476198708 0  
  1626881120 476198708 0  
  1626881121 476198708 0  
  1626881122 476198708 0  
  1626881123 476198708 0  
  1626881124 476198708 0  
  1626881125 476198708 0  
  1626881126 476198708 0  
  1626881127 476198708 0  
  1626881128 476198708 0  
  1626881129 476198708 0  
  1626881130 476198708 0  
  1626881131 476198708 0  
  1626881132 476198708 0  
  1626881133 476198708 0  
  1626881134 476198708 0  
  1626881135 476198708 0  
  1626881136 476198708 0  
  1626881137 476198800 0  
  1626881138 476198800 0  
  1626881139 476198800 0  
  1626881140 476198800 0  
  1626881141 476198800 0  
  1626881142 476198800 0  
  1626881143 476198800 0  
  1626881144 476199157 0  
  1626881145 476199157 0  
  1626881146 476203466 0  
  1626881148 476203790 0  
  1626881149 476203790 0  
  1626881150 476204590 0  
  1626881151 476209223 0  
  1626881152 476209223 0  
  1626881153 476209931 0  
  1626881154 476209931 0  
  1626881155 476212828 0  
  1626881156 476219197 0  
  1626881157 476219905 0  
  1626881158 476220613 0  
  1626881159 476220613 0  
  1626881160 476220613 0  
  1626881161 476220613 0  
  1626881162 476220613 0  
  1626881163 476220613 0  
  1626881164 476220613 0  
  1626881165 476220613 0  
  1626881166 476220613 0  
  1626881167 476221203 0  
  1626881168 476221203 0  
  1626881169 476221203 0  
  1626881170 476221203 0  
  1626881171 476221203 0  
  1626881172 476221203 0  
  1626881173 476221203 0  
  1626881174 476221203 0  
  1626881175 476221203 0  
  1626881176 476221203 0  
  1626881177 476221203 0  
  1626881178 476221203 0  
  1626881179 476221203 0  
  1626881180 476221203 0  
  1626881181 476221203 0  
  1626881182 476221203 0  
  1626881183 476221203 0  
  1626881184 476221203 0  
  1626881185 476221203 0  
  1626881186 476221203 0  
  1626881188 476221203 0  
  1626881189 476221203 0  
  1626881190 476221203 0  
  1626881191 476221203 0  
  1626881192 476221203 0  
  1626881193 476221203 0  
  1626881194 476221203 0  
  1626881195 476221203 0  
  1626881196 476221203 0  
  1626881197 476221203 0  
  1626881198 476221203 0  
  1626881199 476221203 0  
  1626881200 476221203 0  
  1626881201 476221203 0  
  1626881202 476221295 0  
  1626881203 476221295 0  
  1626881204 476221295 0  
  1626881205 476221295 0  
  1626881206 476221295 0  
  1626881207 476221295 0  
  1626881208 476221295 0  
  1626881209 476221295 0  
  1626881210 476221295 0  
  1626881211 476221295 0  
  1626881212 476221295 0  
  1626881213 476221633 0  
  1626881214 476221725 0  
  1626881215 476221725 0  
  1626881216 476221725 0  
  1626881217 476221725 0  
  1626881218 476221725 0  
  1626881219 476221725 0  
  1626881220 476221725 0  
  1626881221 476221725 0  
  1626881222 476221725 0  
  1626881223 476221725 0  
  1626881224 476221725 0  
  1626881225 476221725 0  
  1626881227 476221725 0  
  1626881228 476221725 0  
  1626881229 476221725 0  
  1626881230 476221725 0  
  1626881231 476221725 0  
  1626881232 476221725 0  
  1626881233 476221725 0  
  1626881234 476221725 0  
  1626881235 476221725 0  
  1626881236 476221725 0  
  1626881237 476221725 0  
  1626881238 476221725 0  
  1626881239 476221725 0  
  1626881240 476221725 0  
  1626881241 476221725 0  
  1626881242 476221725 0  
  1626881243 476221725 0  
  1626881244 476221725 0  
  1626881245 476221725 0  
  1626881246 476221725 0  
  1626881247 476221725 0  
  1626881248 476221725 0  
  1626881249 476221725 0  
  1626881250 476221725 0  
  1626881251 476221725 0  
  1626881252 476221725 0  
  1626881253 476221725 0  
  1626881254 476221725 0  
  1626881255 476221793 0  
  1626881256 476221793 0  
  1626881257 476221793 0  
  1626881258 476221793 0  
  1626881259 476221793 0  
  1626881260 476221793 0  
  1626881261 476222949 0  
  1626881262 476222949 0  
  1626881263 476222949 0  
  1626881264 476222949 0  
  1626881265 476222949 0  
  1626881267 476222949 0  
  1626881268 476222949 0  
  1626881269 476222949 0  
  1626881270 476222949 0  
  1626881271 476222949 0  
  1626881272 476222949 0  
  1626881273 476222949 0  
  1626881274 476227582 0  
  1626881275 476227582 0  
  1626881276 476228290 0  
  1626881277 476228290 0  
  1626881278 476228290 0  
  1626881279 476228382 0  
  1626881280 476228382 0  
  1626881281 476228382 0  
  1626881282 476228382 0  
  1626881283 476228382 0  
  1626881284 476228382 0  
  1626881285 476228382 0  
  1626881286 476228382 0  
  1626881287 476228382 0  
  1626881288 476228382 0  
  1626881289 476228382 0  
  1626881290 476228382 0  
  1626881291 476228382 0  
  1626881292 476228382 0  
  1626881293 476228382 0  
  1626881294 476228382 0  
 