 1626772613 466087869 82307  
  1626772615 466087869 82307  
  1626772616 466087869 82307  
  1626772617 466087869 82307  
  1626772618 466087869 82307  
  1626772619 466087869 82307  
  1626772620 466087869 82307  
  1626772621 466087869 82307  
  1626772622 466087869 82307  
  1626772623 466087961 82307  
  1626772624 466087961 82307  
  1626772625 466087961 82307  
  1626772626 466087961 82307  
  1626772627 466087961 82307  
  1626772628 466087961 82307  
  1626772629 466087961 82307  
  1626772630 466087961 82307  
  1626772631 466087961 82307  
  1626772632 466087961 82307  
  1626772633 466087961 82307  
  1626772634 466087961 82307  
  1626772635 466087961 82307  
  1626772636 466087961 82307  
  1626772637 466087961 82307  
  1626772638 466087961 82307  
  1626772639 466087961 82307  
  1626772640 466087961 82307  
  1626772641 466087961 82307  
  1626772642 466087961 82307  
  1626772643 466087961 82307  
  1626772644 466087961 82307  
  1626772645 466088299 82307  
  1626772646 466088299 82307  
  1626772647 466088299 82307  
  1626772648 466088299 82307  
  1626772649 466088299 82307  
  1626772650 466088299 82307  
  1626772651 466088299 82307  
  1626772652 466088299 82307  
  1626772654 466088299 82307  
  1626772655 466088391 82307  
  1626772656 466088391 82307  
  1626772657 466088391 82307  
  1626772658 466088391 82307  
  1626772659 466088391 82307  
  1626772660 466088483 82307  
  1626772661 466088483 82307  
  1626772662 466088483 82307  
  1626772663 466088483 82307  
  1626772664 466088483 82307  
  1626772665 466088483 82307  
  1626772666 466088483 82307  
  1626772667 466088483 82307  
  1626772668 466088483 82307  
  1626772669 466088483 82307  
  1626772670 466092792 82307  
  1626772671 466093116 82307  
  1626772672 466093116 82307  
  1626772673 466093824 82307  
  1626772674 466093824 82307  
  1626772675 466093824 82307  
  1626772676 466093824 82307  
  1626772677 466093824 82307  
  1626772678 466093824 82307  
  1626772679 466093824 82307  
  1626772680 466093824 82307  
  1626772681 466093824 82307  
  1626772682 466093824 82307  
  1626772683 466093824 82307  
  1626772684 466093824 82307  
  1626772685 466093824 82307  
  1626772686 466093824 82307  
  1626772687 466093916 82307  
  1626772688 466093916 82307  
  1626772689 466093916 82307  
  1626772690 466093916 82307  
  1626772691 466093916 82307  
  1626772692 466093916 82307  
  1626772694 466093916 82307  
  1626772695 466093916 82307  
  1626772696 466093916 82307  
  1626772697 466093916 82307  
  1626772698 466093916 82307  
  1626772699 466093916 82307  
  1626772700 466093916 82307  
  1626772701 466093916 82307  
  1626772702 466093916 82307  
  1626772703 466093916 82307  
  1626772704 466093916 82307  
  1626772705 466093916 82307  
  1626772706 466093916 82307  
  1626772707 466093916 82307  
  1626772708 466093916 82307  
  1626772709 466093916 82307  
  1626772710 466093916 82307  
  1626772711 466093916 82307  
  1626772712 466093916 82307  
  1626772713 466093916 82307  
  1626772714 466093916 82307  
  1626772715 466093916 82307  
  1626772716 466093916 82307  
  1626772717 466093916 82307  
  1626772718 466093916 82307  
  1626772719 466094008 82307  
  1626772720 466094008 82307  
  1626772721 466094008 82307  
  1626772722 466094008 82307  
  1626772723 466094008 82307  
  1626772724 466094008 82307  
  1626772725 466094008 82307  
  1626772726 466094008 82307  
  1626772727 466094008 82307  
  1626772728 466094008 82307  
  1626772729 466094008 82307  
  1626772730 466094008 82307  
  1626772731 466094008 82307  
  1626772733 466094008 82307  
  1626772734 466094008 82307  
  1626772735 466094008 82307  
  1626772736 466094008 82307  
  1626772737 466094008 82307  
  1626772738 466094008 82307  
  1626772739 466094008 82307  
  1626772740 466094008 82307  
  1626772741 466094008 82307  
  1626772742 466094008 82307  
  1626772743 466094008 82307  
  1626772744 466094008 82307  
  1626772745 466094008 82307  
  1626772746 466094008 82307  
  1626772747 466094008 82307  
  1626772748 466094008 82307  
  1626772749 466094008 82307  
  1626772750 466094008 82307  
  1626772751 466094008 82307  
  1626772752 466094008 82307  
  1626772753 466094008 82307  
  1626772754 466094008 82307  
  1626772755 466094008 82307  
  1626772756 466094008 82307  
  1626772757 466094008 82307  
  1626772758 466094008 82307  
  1626772759 466094008 82307  
  1626772760 466094008 82307  
  1626772761 466094008 82307  
  1626772762 466094008 82307  
  1626772763 466094008 82307  
  1626772764 466094008 82307  
  1626772765 466095603 82307  
  1626772766 466095603 82307  
  1626772767 466095603 82307  
  1626772768 466095603 82307  
  1626772769 466095603 82307  
  1626772770 466095603 82307  
  1626772771 466095603 82307  
  1626772773 466095603 82307  
  1626772774 466095603 82307  
  1626772775 466095603 82307  
  1626772776 466095603 82307  
  1626772777 466095603 82307  
  1626772778 466095603 82307  
  1626772779 466095603 82307  
  1626772780 466095603 82307  
  1626772781 466095603 82307  
  1626772782 466095603 82307  
  1626772783 466095603 82307  
  1626772784 466095695 82307  
  1626772785 466095695 82307  
  1626772786 466095695 82307  
  1626772787 466095695 82307  
  1626772788 466095695 82307  
  1626772789 466095695 82307  
  1626772790 466095787 82307  
  1626772791 466095787 82307  
  1626772792 466095787 82307  
  1626772793 466095787 82307  
  1626772794 466095787 82307  
  1626772795 466096125 82307  
  1626772796 466096125 82307  
  1626772797 466096125 82307  
  1626772798 466096125 82307  
  1626772799 466096125 82307  
  1626772800 466096125 82307  
  1626772801 466096125 82307  
  1626772802 466096125 82307  
  1626772803 466096125 82307  
  1626772804 466096125 82307  
  1626772805 466096125 82307  
  1626772806 466100434 82307  
  1626772807 466100758 82307  
  1626772808 466100758 82307  
  1626772809 466101466 82307  
  1626772810 466101466 82307  
  1626772812 466101466 82307  
  1626772813 466101466 82307  
  1626772814 466101466 82307  
  1626772815 466101466 82307  
  1626772816 466101466 82307  
  1626772817 466101466 82307  
  1626772818 466101466 82307  
  1626772819 466101466 82307  
  1626772820 466105775 82307  
  1626772821 466110408 82307  
  1626772822 466113401 82307  
  1626772823 466116781 82307  
  1626772824 466117489 82307  
  1626772825 466117489 82307  
  1626772826 466117489 82307  
  1626772827 466117489 82307  
  1626772828 466117489 82307  
  1626772829 466117489 82307  
  1626772830 466117489 82307  
  1626772831 466117489 82307  
  1626772832 466117489 82307  
  1626772833 466117489 82307  
  1626772834 466117489 82307  
  1626772835 466117489 82307  
  1626772836 466117489 82307  
  1626772837 466117489 82307  
  1626772838 466117489 82307  
  1626772839 466117489 82307  
  1626772840 466117846 82307  
  1626772841 466117846 82307  
  1626772842 466117846 82307  
  1626772843 466117846 82307  
  1626772844 466117846 82307  
  1626772845 466117846 82307  
  1626772846 466117846 82307  
  1626772847 466117846 82307  
  1626772848 466117938 82307  
  1626772849 466117938 82307  
  1626772850 466117938 82307  
  1626772852 466117938 82307  
  1626772853 466117938 82307  
  1626772854 466117938 82307  
  1626772855 466117938 82307  
  1626772856 466117938 82307  
  1626772857 466117938 82307  
  1626772858 466117938 82307  
  1626772859 466117938 82307  
  1626772860 466117938 82307  
  1626772861 466117938 82307  
  1626772862 466117938 82307  
  1626772863 466117938 82307  
  1626772864 466117938 82307  
  1626772865 466117938 82307  
  1626772866 466117938 82307  
  1626772867 466117938 82307  
  1626772868 466117938 82307  
  1626772869 466117938 82307  
  1626772870 466117938 82307  
  1626772871 466117938 82307  
  1626772872 466117938 82307  
  1626772873 466117938 82307  
  1626772874 466117938 82307  
  1626772875 466117938 82307  
  1626772876 466117938 82307  
  1626772877 466117938 82307  
  1626772878 466117938 82307  
  1626772879 466117938 82307  
  1626772880 466117938 82307  
  1626772881 466117938 82307  
  1626772882 466117938 82307  
  1626772883 466117938 82307  
  1626772884 466117938 82307  
  1626772885 466117938 82307  
  1626772886 466117938 82307  
  1626772887 466117938 82307  
  1626772888 466117938 82307  
  1626772889 466117938 82307  
  1626772890 466117938 82307  
  1626772892 466117938 82307  
  1626772893 466117938 82307  
  1626772894 466117938 82307  
  1626772895 466117938 82307  
  1626772896 466117938 82307  
  1626772897 466117938 82307  
  1626772898 466117938 82307  
  1626772899 466117938 82307  
  1626772900 466117938 82307  
  1626772901 466117938 82307  
  1626772902 466117938 82307  
  1626772903 466117938 82307  
  1626772904 466117938 82307  
  1626772905 466117938 82307  
  1626772906 466117938 82307  
  1626772907 466117938 82307  
  1626772908 466117938 82307  
  1626772909 466117938 82307  
  1626772910 466117938 82307  
  1626772911 466117938 82307  
  1626772912 466117938 82307  
  1626772913 466118030 82307  
  1626772914 466118030 82307  
  1626772915 466118030 82307  
  1626772916 466118030 82307  
  1626772917 466118030 82307  
  1626772918 466118030 82307  
  1626772919 466118030 82307  
  1626772920 466118122 82307  
  1626772921 466118122 82307  
  1626772922 466118122 82307  
  1626772923 466118122 82307  
  1626772924 466118122 82307  
  1626772925 466118122 82307  
  1626772926 466118122 82307  
  1626772927 466118122 82307  
  1626772928 466118122 82307  
  1626772929 466118122 82307  
  1626772930 466118122 82307  
  1626772932 466118122 82307  
  1626772933 466118122 82307  
  1626772934 466118122 82307  
  1626772935 466118122 82307  
  1626772936 466118122 82307  
  1626772937 466118122 82307  
  1626772938 466118122 82307  
  1626772939 466118122 82307  
  1626772940 466118122 82307  
  1626772941 466118122 82307  
  1626772942 466118122 82307  
  1626772943 466118122 82307  
  1626772944 466118122 82307  
  1626772945 466118122 82307  
  1626772946 466118460 82307  
  1626772947 466118460 82307  
  1626772948 466118460 82307  
  1626772949 466118460 82307  
  1626772950 466118460 82307  
  1626772951 466118460 82307  
  1626772952 466118460 82307  
  1626772953 466118460 82307  
  1626772954 466118460 82307  
  1626772955 466118460 82307  
  1626772956 466118460 82307  
  1626772957 466118460 82307  
  1626772958 466118460 82307  
  1626772959 466118460 82307  
  1626772960 466118460 82307  
  1626772961 466118460 82307  
  1626772962 466118460 82307  
  1626772963 466118460 82307  
  1626772964 466118460 82307  
  1626772965 466119050 82307  
  1626772966 466119050 82307  
  1626772967 466119050 82307  
  1626772968 466119050 82307  
  1626772969 466123359 82307  
  1626772970 466123683 82307  
  1626772972 466124391 82307  
  1626772973 466124391 82307  
  1626772974 466124391 82307  
  1626772975 466124391 82307  
  1626772976 466124391 82307  
  1626772977 466124391 82307  
  1626772978 466124391 82307  
  1626772979 466124483 82307  
  1626772980 466124483 82307  
  1626772981 466124483 82307  
  1626772982 466124483 82307  
  1626772983 466124483 82307  
  1626772984 466124483 82307  
  1626772985 466124483 82307  
  1626772986 466124483 82307  
  1626772987 466124483 82307  
  1626772988 466124483 82307  
  1626772989 466124483 82307  
  1626772990 466124483 82307  
  1626772991 466124483 82307  
  1626772992 466124483 82307  
  1626772993 466124483 82307  
  1626772994 466124483 82307  
  1626772995 466124483 82307  
  1626772996 466124483 82307  
  1626772997 466124483 82307  
  1626772998 466124483 82307  
 