 1626771928 459444285 0  
  1626771930 459444285 0  
  1626771931 459444285 0  
  1626771932 459444285 0  
  1626771933 459444285 0  
  1626771934 459444285 0  
  1626771935 459444285 0  
  1626771936 459444285 0  
  1626771937 459444285 0  
  1626771938 459444285 0  
  1626771939 459444285 0  
  1626771940 459444964 0  
  1626771941 459444964 0  
  1626771942 459444964 0  
  1626771943 459444964 0  
  1626771944 459444964 0  
  1626771945 459444964 0  
  1626771946 459444964 0  
  1626771947 459444964 0  
  1626771948 459444964 0  
  1626771949 459444964 0  
  1626771950 459444964 0  
  1626771951 459444964 0  
  1626771952 459444964 0  
  1626771953 459444964 0  
  1626771954 459444964 0  
  1626771955 459444964 0  
  1626771956 459444964 0  
  1626771957 459444964 0  
  1626771958 459444964 0  
  1626771959 459444964 0  
  1626771960 459444964 0  
  1626771961 459444964 0  
  1626771962 459444964 0  
  1626771963 459444964 0  
  1626771965 459444964 0  
  1626771966 459444964 0  
  1626771967 459444964 0  
  1626771968 459445056 0  
  1626771969 459445056 0  
  1626771970 459445056 0  
  1626771971 459445056 0  
  1626771972 459445056 0  
  1626771973 459445056 0  
  1626771974 459445056 0  
  1626771975 459445056 0  
  1626771976 459445056 0  
  1626771977 459445056 0  
  1626771978 459445056 0  
  1626771979 459445056 0  
  1626771980 459445056 0  
  1626771981 459445056 0  
  1626771982 459445056 0  
  1626771983 459445056 0  
  1626771984 459445056 0  
  1626771985 459445056 0  
  1626771986 459445056 0  
  1626771987 459445056 0  
  1626771988 459445056 0  
  1626771989 459445056 0  
  1626771990 459445056 0  
  1626771991 459445056 0  
  1626771992 459445056 0  
  1626771993 459445056 0  
  1626771994 459445056 0  
  1626771995 459445056 0  
  1626771996 459445056 0  
  1626771997 459445056 0  
  1626771998 459445056 0  
  1626771999 459445056 0  
  1626772000 459445056 0  
  1626772001 459445056 0  
  1626772002 459445056 0  
  1626772003 459445056 0  
  1626772005 459445056 0  
  1626772006 459445056 0  
  1626772007 459445056 0  
  1626772008 459445056 0  
  1626772009 459445056 0  
  1626772010 459445056 0  
  1626772011 459445056 0  
  1626772012 459445056 0  
  1626772013 459445056 0  
  1626772014 459445056 0  
  1626772015 459445056 0  
  1626772016 459445056 0  
  1626772017 459445056 0  
  1626772018 459445056 0  
  1626772019 459445056 0  
  1626772020 459445056 0  
  1626772021 459445056 0  
  1626772022 459445148 0  
  1626772023 459445148 0  
  1626772024 459445148 0  
  1626772025 459445148 0  
  1626772026 459445148 0  
  1626772027 459445148 0  
  1626772028 459445148 0  
  1626772029 459445148 0  
  1626772030 459445148 0  
  1626772031 459445148 0  
  1626772032 459445148 0  
  1626772033 459445240 0  
  1626772034 459445240 0  
  1626772035 459445240 0  
  1626772036 459445240 0  
  1626772037 459445240 0  
  1626772038 459445240 0  
  1626772039 459445240 0  
  1626772040 459445240 0  
  1626772041 459445240 0  
  1626772042 459445240 0  
  1626772043 459445240 0  
  1626772045 459445240 0  
  1626772046 459445578 0  
  1626772047 459445578 0  
  1626772048 459445578 0  
  1626772049 459445578 0  
  1626772050 459445578 0  
  1626772051 459445578 0  
  1626772052 459445578 0  
  1626772053 459445578 0  
  1626772054 459445578 0  
  1626772055 459445578 0  
  1626772056 459445578 0  
  1626772057 459445578 0  
  1626772058 459445578 0  
  1626772059 459445578 0  
  1626772060 459445578 0  
  1626772061 459445578 0  
  1626772062 459445578 0  
  1626772063 459445578 0  
  1626772064 459445578 0  
  1626772065 459445578 0  
  1626772066 459446174 0  
  1626772067 459450483 0  
  1626772068 459450807 0  
  1626772069 459450807 0  
  1626772070 459451515 0  
  1626772071 459451515 0  
  1626772072 459451515 0  
  1626772073 459451515 0  
  1626772074 459451515 0  
  1626772075 459451515 0  
  1626772076 459451515 0  
  1626772077 459451515 0  
  1626772078 459451515 0  
  1626772079 459451515 0  
  1626772080 459451515 0  
  1626772081 459451515 0  
  1626772082 459451515 0  
  1626772084 459451515 0  
  1626772085 459451515 0  
  1626772086 459451515 0  
  1626772087 459451515 0  
  1626772088 459451515 0  
  1626772089 459451515 0  
  1626772090 459451515 0  
  1626772091 459451515 0  
  1626772092 459451515 0  
  1626772093 459451515 0  
  1626772094 459451515 0  
  1626772095 459451515 0  
  1626772096 459451515 0  
  1626772097 459451607 0  
  1626772098 459451607 0  
  1626772099 459451607 0  
  1626772100 459451607 0  
  1626772101 459451607 0  
  1626772102 459451607 0  
  1626772103 459451607 0  
  1626772104 459451607 0  
  1626772105 459451607 0  
  1626772106 459451607 0  
  1626772107 459451607 0  
  1626772108 459451607 0  
  1626772109 459451607 0  
  1626772110 459451607 0  
  1626772111 459451607 0  
  1626772112 459451607 0  
  1626772113 459451607 0  
  1626772114 459451607 0  
  1626772115 459451607 0  
  1626772116 459451607 0  
  1626772117 459451607 0  
  1626772118 459451607 0  
  1626772119 459451607 0  
  1626772120 459451607 0  
  1626772121 459451607 0  
  1626772123 459451607 0  
  1626772124 459451607 0  
  1626772125 459451607 0  
  1626772126 459451607 0  
  1626772127 459451607 0  
  1626772128 459451607 0  
  1626772129 459451607 0  
  1626772130 459451607 0  
  1626772131 459451607 0  
  1626772132 459451607 0  
  1626772133 459451607 0  
  1626772134 459451607 0  
  1626772135 459451607 0  
  1626772136 459451607 0  
  1626772137 459451607 0  
  1626772138 459451607 0  
  1626772139 459451607 0  
  1626772140 459451607 0  
  1626772141 459451607 0  
  1626772142 459451607 0  
  1626772143 459451607 0  
  1626772144 459451607 0  
  1626772145 459451607 0  
  1626772146 459451607 0  
  1626772147 459451607 0  
  1626772148 459451607 0  
  1626772149 459451607 0  
  1626772150 459451699 0  
  1626772151 459451699 0  
  1626772152 459451699 0  
  1626772153 459451699 0  
  1626772154 459451699 0  
  1626772155 459451755 0  
  1626772156 459451755 0  
  1626772157 459451755 0  
  1626772158 459451755 0  
  1626772159 459451755 0  
  1626772160 459451755 0  
  1626772162 459451847 0  
  1626772163 459451847 0  
  1626772164 459451847 0  
  1626772165 459451847 0  
  1626772166 459451847 0  
  1626772167 459451847 0  
  1626772168 459451847 0  
  1626772169 459451847 0  
  1626772170 459451847 0  
  1626772171 459451847 0  
  1626772172 459451847 0  
  1626772173 459451847 0  
  1626772174 459451847 0  
  1626772175 459451847 0  
  1626772176 459451847 0  
  1626772177 459451847 0  
  1626772178 459451847 0  
  1626772179 459451847 0  
  1626772180 459451847 0  
  1626772181 459451847 0  
  1626772182 459451847 0  
  1626772183 459451847 0  
  1626772184 459451847 0  
  1626772185 459451847 0  
  1626772186 459451847 0  
  1626772187 459451847 0  
  1626772188 459451847 0  
  1626772189 459451847 0  
  1626772190 459451847 0  
  1626772191 459451847 0  
  1626772192 459451847 0  
  1626772193 459451847 0  
  1626772194 459452185 0  
  1626772195 459452185 0  
  1626772196 459452185 0  
  1626772197 459452185 0  
  1626772198 459452185 0  
  1626772199 459452185 0  
  1626772201 459452185 0  
  1626772202 459452185 0  
  1626772203 459452185 0  
  1626772204 459456494 0  
  1626772205 459456818 0  
  1626772206 459457526 0  
  1626772207 459457526 0  
  1626772208 459457526 0  
  1626772209 459457526 0  
  1626772210 459457526 0  
  1626772211 459457526 0  
  1626772212 459457526 0  
  1626772213 459457526 0  
  1626772214 459457526 0  
  1626772215 459457526 0  
  1626772216 459457526 0  
  1626772217 459461835 0  
  1626772218 459462159 0  
  1626772219 459466792 0  
  1626772220 459472133 0  
  1626772221 459472841 0  
  1626772222 459473549 0  
  1626772223 459473549 0  
  1626772224 459473549 0  
  1626772225 459473549 0  
  1626772226 459473641 0  
  1626772227 459473641 0  
  1626772228 459473641 0  
  1626772229 459473641 0  
  1626772230 459473641 0  
  1626772231 459473641 0  
  1626772232 459473641 0  
  1626772233 459473641 0  
  1626772234 459473641 0  
  1626772235 459473641 0  
  1626772236 459473641 0  
  1626772237 459473641 0  
  1626772238 459473641 0  
  1626772240 459473998 0  
  1626772241 459473998 0  
  1626772242 459473998 0  
  1626772243 459473998 0  
  1626772244 459473998 0  
  1626772245 459473998 0  
  1626772246 459473998 0  
  1626772247 459473998 0  
  1626772248 459473998 0  
  1626772249 459473998 0  
  1626772250 459473998 0  
  1626772251 459473998 0  
 