 1627420149 559474813 38476  
  1627420150 559474813 38476  
  1627420151 559474813 38476  
  1627420152 559474813 38476  
  1627420153 559474813 38476  
  1627420154 559474813 38476  
  1627420155 559474813 38476  
  1627420156 559474813 38476  
  1627420157 559474813 38476  
  1627420158 559474813 38476  
  1627420159 559474813 38476  
  1627420160 559474813 38476  
  1627420161 559474813 38476  
  1627420162 559474813 38476  
  1627420163 559474813 38476  
  1627420164 559474813 38476  
  1627420165 559474813 38476  
  1627420166 559474813 38476  
  1627420167 559474813 38476  
  1627420168 559474813 38476  
  1627420169 559474813 38476  
  1627420170 559474813 38476  
  1627420171 559474813 38476  
  1627420172 559474813 38476  
  1627420173 559474813 38476  
  1627420174 559474813 38476  
  1627420175 559474813 38476  
  1627420176 559474813 38476  
  1627420177 559474813 38476  
  1627420178 559474813 38476  
  1627420179 559474813 38476  
  1627420180 559474813 38476  
  1627420181 559474813 38476  
  1627420182 559474813 38476  
  1627420183 559474813 38476  
  1627420185 559474813 38476  
  1627420186 559474813 38476  
  1627420187 559474813 38476  
  1627420188 559474813 38476  
  1627420189 559474813 38476  
  1627420190 559474813 38476  
  1627420191 559474813 38476  
  1627420192 559474813 38476  
  1627420193 559474813 38476  
  1627420194 559474813 38476  
  1627420195 559474813 38476  
  1627420196 559474813 38476  
  1627420197 559474813 38476  
  1627420198 559474813 38476  
  1627420199 559474813 38476  
  1627420200 559474813 38476  
  1627420201 559474813 38476  
  1627420202 559474813 38476  
  1627420203 559474813 38476  
  1627420204 559474813 38476  
  1627420205 559474813 38476  
  1627420206 559474813 38476  
  1627420207 559474813 38476  
  1627420208 559474813 38476  
  1627420209 559474813 38476  
  1627420210 559474813 38476  
  1627420211 559474813 38476  
  1627420212 559474813 38476  
  1627420213 559475151 38476  
  1627420214 559475151 38476  
  1627420215 559475151 38476  
  1627420216 559475151 38476  
  1627420217 559475151 38476  
  1627420218 559475151 38476  
  1627420219 559475151 38476  
  1627420220 559475151 38476  
  1627420221 559475151 38476  
  1627420222 559475151 38476  
  1627420223 559475151 38476  
  1627420225 559475151 38476  
  1627420226 559475151 38476  
  1627420227 559475151 38476  
  1627420228 559475151 38476  
  1627420229 559475151 38476  
  1627420230 559475151 38476  
  1627420231 559475287 38476  
  1627420232 559475287 38476  
  1627420233 559475287 38476  
  1627420234 559475287 38476  
  1627420235 559475287 38476  
  1627420236 559475287 38476  
  1627420237 559476868 38476  
  1627420238 559476868 38476  
  1627420239 559476868 38476  
  1627420240 559476987 38476  
  1627420241 559476987 38476  
  1627420242 559476987 38476  
  1627420243 559476987 38476  
  1627420244 559476987 38476  
  1627420245 559476987 38476  
  1627420246 559476987 38476  
  1627420247 559476987 38476  
  1627420248 559476987 38476  
  1627420249 559476987 38476  
  1627420250 559476987 38476  
  1627420251 559476987 38476  
  1627420252 559476987 38476  
  1627420253 559476987 38476  
  1627420254 559476987 38476  
  1627420255 559476987 38476  
  1627420256 559476987 38476  
  1627420257 559476987 38476  
  1627420258 559476987 38476  
  1627420259 559476987 38476  
  1627420260 559476987 38476  
  1627420261 559476987 38476  
  1627420262 559476987 38476  
  1627420263 559476987 38476  
  1627420265 559476987 38476  
  1627420266 559476987 38476  
  1627420267 559476987 38476  
  1627420268 559476987 38476  
  1627420269 559476987 38476  
  1627420270 559476987 38476  
  1627420271 559476987 38476  
  1627420272 559476987 38476  
  1627420273 559476987 38476  
  1627420274 559476987 38476  
  1627420275 559476987 38476  
  1627420276 559476987 38476  
  1627420277 559476987 38476  
  1627420278 559476987 38476  
  1627420279 559476987 38476  
  1627420280 559477583 38476  
  1627420281 559477583 38476  
  1627420282 559477583 38476  
  1627420283 559477583 38476  
  1627420284 559477583 38476  
  1627420285 559477583 38476  
  1627420286 559477583 38476  
  1627420287 559477583 38476  
  1627420288 559477583 38476  
  1627420289 559477583 38476  
  1627420290 559477583 38476  
  1627420291 559477583 38476  
  1627420292 559477583 38476  
  1627420293 559477643 38476  
  1627420294 559477643 38476  
  1627420295 559477643 38476  
  1627420296 559477643 38476  
  1627420297 559477643 38476  
  1627420298 559477643 38476  
  1627420299 559477643 38476  
  1627420300 559477643 38476  
  1627420301 559477643 38476  
  1627420302 559477643 38476  
  1627420304 559477643 38476  
  1627420305 559477643 38476  
  1627420306 559477643 38476  
  1627420307 559477643 38476  
  1627420308 559477643 38476  
  1627420309 559477643 38476  
  1627420310 559477643 38476  
  1627420311 559477643 38476  
  1627420312 559477643 38476  
  1627420313 559477643 38476  
  1627420314 559477643 38476  
  1627420315 559477643 38476  
  1627420316 559477643 38476  
  1627420317 559477643 38476  
  1627420318 559477643 38476  
  1627420319 559477643 38476  
  1627420320 559477643 38476  
  1627420321 559477735 38476  
  1627420322 559477735 38476  
  1627420323 559482044 38476  
  1627420324 559482368 38476  
  1627420325 559482368 38476  
  1627420326 559483076 38476  
  1627420327 559483076 38476  
  1627420328 559483076 38476  
  1627420329 559483076 38476  
  1627420330 559483076 38476  
  1627420331 559483076 38476  
  1627420332 559483076 38476  
  1627420333 559483076 38476  
  1627420334 559483076 38476  
  1627420335 559483076 38476  
  1627420336 559483076 38476  
  1627420337 559483076 38476  
  1627420338 559483076 38476  
  1627420340 559483076 38476  
  1627420341 559483076 38476  
  1627420342 559483076 38476  
  1627420343 559483076 38476  
  1627420344 559483076 38476  
  1627420345 559483076 38476  
  1627420346 559483076 38476  
  1627420347 559483076 38476  
  1627420348 559483076 38476  
  1627420349 559483076 38476  
  1627420350 559483076 38476  
  1627420351 559487385 38476  
  1627420352 559487709 38476  
  1627420353 559487709 38476  
  1627420354 559488281 38476  
  1627420355 559488281 38476  
  1627420356 559488373 38476  
  1627420357 559488373 38476  
  1627420358 559488373 38476  
  1627420359 559488373 38476  
  1627420360 559488373 38476  
  1627420361 559488373 38476  
  1627420362 559488373 38476  
  1627420363 559488711 38476  
  1627420364 559488711 38476  
  1627420365 559488711 38476  
  1627420366 559488711 38476  
  1627420367 559488711 38476  
  1627420368 559488711 38476  
  1627420369 559488711 38476  
  1627420370 559488711 38476  
  1627420371 559488711 38476  
  1627420372 559488711 38476  
  1627420374 559488711 38476  
  1627420375 559488711 38476  
  1627420376 559488711 38476  
  1627420377 559488711 38476  
  1627420378 559488711 38476  
  1627420379 559488711 38476  
  1627420380 559488711 38476  
  1627420381 559488711 38476  
  1627420382 559488711 38476  
  1627420383 559488711 38476  
  1627420384 559488711 38476  
  1627420385 559488711 38476  
  1627420386 559488711 38476  
  1627420387 559488711 38476  
  1627420388 559488711 38476  
  1627420389 559488711 38476  
  1627420390 559488711 38476  
  1627420391 559488711 38476  
  1627420392 559488711 38476  
  1627420393 559488711 38476  
  1627420394 559493020 38476  
  1627420395 559497977 38476  
  1627420396 559497977 38476  
  1627420397 559499393 38476  
  1627420398 559499393 38476  
  1627420399 559499393 38476  
  1627420400 559499393 38476  
  1627420401 559499393 38476  
  1627420402 559499393 38476  
  1627420403 559499393 38476  
  1627420404 559499393 38476  
  1627420405 559499393 38476  
  1627420406 559499393 38476  
  1627420407 559499393 38476  
  1627420409 559499393 38476  
  1627420410 559499393 38476  
  1627420411 559499393 38476  
  1627420412 559499393 38476  
  1627420413 559499393 38476  
  1627420414 559499393 38476  
  1627420415 559499393 38476  
  1627420416 559499393 38476  
  1627420417 559499393 38476  
  1627420418 559499393 38476  
  1627420419 559499393 38476  
  1627420420 559499393 38476  
  1627420421 559499393 38476  
  1627420422 559499393 38476  
  1627420423 559499393 38476  
  1627420424 559499393 38476  
  1627420425 559499393 38476  
  1627420426 559499393 38476  
  1627420427 559499393 38476  
  1627420428 559499393 38476  
  1627420429 559499393 38476  
  1627420430 559499393 38476  
  1627420431 559499393 38476  
  1627420432 559499393 38476  
  1627420433 559504026 38476  
  1627420434 559504026 38476  
  1627420435 559504530 38476  
  1627420436 559504530 38476  
  1627420437 559504530 38476  
  1627420438 559504530 38476  
  1627420439 559504530 38476  
  1627420440 559504530 38476  
  1627420442 559504530 38476  
  1627420443 559504530 38476  
  1627420444 559504530 38476  
  1627420445 559504530 38476  
  1627420446 559504530 38476  
  1627420447 559504530 38476  
  1627420448 559504530 38476  
  1627420449 559504530 38476  
  1627420450 559504622 38476  
  1627420451 559504622 38476  
  1627420452 559504622 38476  
  1627420453 559504622 38476  
  1627420454 559504622 38476  
  1627420455 559504622 38476  
  1627420456 559504622 38476  
  1627420457 559504622 38476  
  1627420458 559504622 38476  
  1627420459 559504622 38476  
  1627420460 559504622 38476  
  1627420461 559504622 38476  
  1627420462 559504622 38476  
  1627420463 559504622 38476  
  1627420464 559504622 38476  
  1627420465 559504622 38476  
  1627420466 559504622 38476  
  1627420467 559504622 38476  
  1627420468 559504622 38476  
  1627420469 559504622 38476  
  1627420470 559504622 38476  
  1627420471 559504622 38476  
  1627420472 559504622 38476  
  1627420473 559504682 38476  
  1627420474 559504682 38476  
  1627420476 559504682 38476  
  1627420477 559504682 38476  
  1627420478 559504682 38476  
  1627420479 559505278 38476  
  1627420480 559505278 38476  
  1627420481 559505278 38476  
  1627420482 559505278 38476  
  1627420483 559505278 38476  
  1627420484 559505278 38476  
  1627420485 559505278 38476  
  1627420486 559505278 38476  
  1627420487 559505278 38476  
  1627420488 559505278 38476  
  1627420489 559505278 38476  
  1627420490 559505278 38476  
  1627420491 559505278 38476  
  1627420492 559505278 38476  
  1627420493 559505278 38476  
  1627420494 559505278 38476  
  1627420495 559505278 38476  
  1627420496 559505278 38476  
  1627420497 559505278 38476  
  1627420498 559505278 38476  
  1627420499 559505278 38476  
  1627420500 559505278 38476  
  1627420501 559505278 38476  
  1627420502 559505278 38476  
  1627420503 559505278 38476  
  1627420504 559505278 38476  
  1627420505 559505278 38476  
  1627420506 559505278 38476  
  1627420507 559505278 38476  
  1627420509 559505278 38476  
  1627420510 559505278 38476  
  1627420511 559505278 38476  
  1627420512 559505278 38476  
  1627420513 559505616 38476  
  1627420514 559505616 38476  
  1627420515 559505616 38476  
  1627420516 559505616 38476  
  1627420517 559505616 38476  
  1627420518 559505616 38476  
  1627420519 559505616 38476  
  1627420520 559505616 38476  
  1627420521 559505616 38476  
  1627420522 559505616 38476  
  1627420523 559505616 38476  
  1627420524 559505616 38476  
  1627420525 559505616 38476  
  1627420526 559505616 38476  
  1627420527 559505616 38476  
  1627420528 559505616 38476  
  1627420529 559505616 38476  
  1627420530 559505616 38476  
  1627420531 559505616 38476  
  1627420532 559505616 38476  
  1627420533 559505616 38476  
  1627420534 559505616 38476  
  1627420535 559505616 38476  
  1627420536 559505616 38476  
  1627420537 559505973 38476  
  1627420538 559505973 38476  
  1627420539 559505973 38476  
  1627420540 559505973 38476  
  1627420541 559505973 38476  
  1627420543 559505973 38476  
  1627420544 559505973 38476  
  1627420545 559505973 38476  
  1627420546 559505973 38476  
  1627420547 559505973 38476  
  1627420548 559505973 38476  
  1627420549 559505973 38476  
  1627420550 559505973 38476  
  1627420551 559505973 38476  
  1627420552 559505973 38476  
  1627420553 559505973 38476  
  1627420554 559505973 38476  
  1627420555 559505973 38476  
  1627420556 559505973 38476  
  1627420557 559505973 38476  
  1627420558 559505973 38476  
  1627420559 559505973 38476  
  1627420560 559505973 38476  
  1627420561 559505973 38476  
  1627420562 559505973 38476  
  1627420563 559505973 38476  
  1627420564 559505973 38476  
  1627420565 559505973 38476  
  1627420566 559505973 38476  
  1627420567 559505973 38476  
  1627420568 559505973 38476  
  1627420569 559505973 38476  
  1627420570 559505973 38476  
  1627420571 559505973 38476  
  1627420572 559505973 38476  
  1627420573 559505973 38476  
  1627420574 559505973 38476  
  1627420575 559505973 38476  
  1627420577 559505973 38476  
  1627420578 559505973 38476  
  1627420579 559505973 38476  
  1627420580 559505973 38476  
  1627420581 559506065 38476  
  1627420582 559506065 38476  
  1627420583 559506065 38476  
  1627420584 559506065 38476  
  1627420585 559506065 38476  
  1627420586 559506065 38476  
  1627420587 559506065 38476  
  1627420588 559506065 38476  
  1627420589 559506065 38476  
  1627420590 559506065 38476  
  1627420591 559506065 38476  
  1627420592 559506065 38476  
  1627420593 559506065 38476  
  1627420594 559506065 38476  
  1627420595 559506065 38476  
  1627420596 559506065 38476  
  1627420597 559506065 38476  
  1627420598 559506065 38476  
  1627420599 559506065 38476  
  1627420600 559506065 38476  
  1627420601 559506065 38476  
  1627420602 559506065 38476  
  1627420603 559506065 38476  
  1627420604 559506065 38476  
  1627420605 559506065 38476  
  1627420606 559506065 38476  
  1627420607 559506065 38476  
  1627420608 559506065 38476  
  1627420610 559506065 38476  
  1627420611 559506065 38476  
  1627420612 559506065 38476  
  1627420613 559506157 38476  
  1627420614 559506157 38476  
  1627420615 559506157 38476  
  1627420616 559506157 38476  
 