 1626714855 453753784 0  
  1626714857 453753784 0  
  1626714858 453753784 0  
  1626714859 453753784 0  
  1626714860 453753784 0  
  1626714861 453753784 0  
  1626714862 453753784 0  
  1626714863 453753784 0  
  1626714864 453753784 0  
  1626714865 453753784 0  
  1626714866 453753784 0  
  1626714867 453753784 0  
  1626714868 453753784 0  
  1626714869 453753784 0  
  1626714870 453753784 0  
  1626714871 453753784 0  
  1626714872 453753784 0  
  1626714873 453753784 0  
  1626714874 453753784 0  
  1626714875 453753784 0  
  1626714876 453753784 0  
  1626714877 453753784 0  
  1626714878 453753784 0  
  1626714879 453753784 0  
  1626714880 453753784 0  
  1626714881 453753784 0  
  1626714882 453753784 0  
  1626714883 453753784 0  
  1626714884 453753784 0  
  1626714885 453753784 0  
  1626714886 453753784 0  
  1626714887 453753784 0  
  1626714888 453753784 0  
  1626714889 453753784 0  
  1626714890 453753784 0  
  1626714891 453753784 0  
  1626714892 453753784 0  
  1626714893 453753784 0  
  1626714894 453753784 0  
  1626714895 453753784 0  
  1626714897 453753784 0  
  1626714898 453753784 0  
  1626714899 453753784 0  
  1626714900 453753784 0  
  1626714901 453753784 0  
  1626714902 453753784 0  
  1626714903 453753784 0  
  1626714904 453758093 0  
  1626714905 453758417 0  
  1626714906 453758417 0  
  1626714907 453759125 0  
  1626714908 453759125 0  
  1626714909 453759125 0  
  1626714910 453759125 0  
  1626714911 453759125 0  
  1626714912 453759125 0  
  1626714913 453759125 0  
  1626714914 453759125 0  
  1626714915 453759125 0  
  1626714916 453759125 0  
  1626714917 453763758 0  
  1626714918 453763758 0  
  1626714919 453769099 0  
  1626714920 453769739 0  
  1626714921 453774372 0  
  1626714922 453775080 0  
  1626714923 453775080 0  
  1626714924 453775080 0  
  1626714925 453775080 0  
  1626714926 453775080 0  
  1626714927 453775080 0  
  1626714928 453775080 0  
  1626714929 453775080 0  
  1626714930 453775080 0  
  1626714931 453775080 0  
  1626714932 453775080 0  
  1626714933 453775080 0  
  1626714934 453775080 0  
  1626714935 453775080 0  
  1626714937 453775199 0  
  1626714938 453775437 0  
  1626714939 453775437 0  
  1626714940 453775437 0  
  1626714941 453775437 0  
  1626714942 453775437 0  
  1626714943 453775437 0  
  1626714944 453775437 0  
  1626714945 453775437 0  
  1626714946 453775437 0  
  1626714947 453775437 0  
  1626714948 453775437 0  
  1626714949 453775437 0  
  1626714950 453775437 0  
  1626714951 453775437 0  
  1626714952 453775437 0  
  1626714953 453775437 0  
  1626714954 453775437 0  
  1626714955 453775437 0  
  1626714956 453775437 0  
  1626714957 453775437 0  
  1626714958 453775437 0  
  1626714959 453775437 0  
  1626714960 453775437 0  
  1626714961 453775437 0  
  1626714962 453775437 0  
  1626714963 453776033 0  
  1626714964 453776033 0  
  1626714965 453776033 0  
  1626714966 453776033 0  
  1626714967 453776033 0  
  1626714968 453776033 0  
  1626714969 453776033 0  
  1626714970 453776033 0  
  1626714971 453776033 0  
  1626714972 453776033 0  
  1626714973 453776033 0  
  1626714974 453776125 0  
  1626714975 453776125 0  
  1626714977 453776125 0  
  1626714978 453776125 0  
  1626714979 453776125 0  
  1626714980 453776125 0  
  1626714981 453776125 0  
  1626714982 453776125 0  
  1626714983 453776125 0  
  1626714984 453776125 0  
  1626714985 453776125 0  
  1626714986 453776125 0  
  1626714987 453776125 0  
  1626714988 453776125 0  
  1626714989 453776125 0  
  1626714990 453776125 0  
  1626714991 453776125 0  
  1626714992 453776125 0  
  1626714993 453776125 0  
  1626714994 453776125 0  
  1626714995 453776125 0  
  1626714996 453776125 0  
  1626714997 453776125 0  
  1626714998 453776125 0  
  1626714999 453776125 0  
  1626715000 453776125 0  
  1626715001 453776125 0  
  1626715002 453776125 0  
  1626715003 453776125 0  
  1626715004 453776125 0  
  1626715005 453776125 0  
  1626715006 453776125 0  
  1626715007 453776125 0  
  1626715008 453776125 0  
  1626715009 453776125 0  
  1626715010 453776125 0  
  1626715011 453776125 0  
  1626715012 453776125 0  
  1626715013 453776125 0  
  1626715014 453776125 0  
  1626715015 453776125 0  
  1626715017 453776125 0  
  1626715018 453776125 0  
  1626715019 453776125 0  
  1626715020 453776125 0  
  1626715021 453776125 0  
  1626715022 453776125 0  
  1626715023 453776125 0  
  1626715024 453776125 0  
  1626715025 453776125 0  
  1626715026 453776125 0  
  1626715027 453776125 0  
  1626715028 453776125 0  
  1626715029 453776125 0  
  1626715030 453776125 0  
  1626715031 453776125 0  
  1626715032 453776125 0  
  1626715033 453776125 0  
  1626715034 453776125 0  
  1626715035 453776125 0  
  1626715036 453776125 0  
  1626715037 453776125 0  
  1626715038 453776125 0  
  1626715039 453776125 0  
  1626715040 453776125 0  
  1626715041 453776125 0  
  1626715042 453776125 0  
  1626715043 453776125 0  
  1626715044 453776125 0  
  1626715045 453776125 0  
  1626715046 453776125 0  
  1626715047 453776125 0  
  1626715048 453776125 0  
  1626715049 453776125 0  
  1626715050 453776125 0  
  1626715051 453776125 0  
  1626715052 453776125 0  
  1626715053 453776125 0  
  1626715054 453776125 0  
  1626715055 453776125 0  
  1626715056 453776125 0  
  1626715058 453776125 0  
  1626715059 453776125 0  
  1626715060 453776125 0  
  1626715061 453776125 0  
  1626715062 453776125 0  
  1626715063 453776125 0  
  1626715064 453776125 0  
  1626715065 453776125 0  
  1626715066 453776125 0  
  1626715067 453776125 0  
  1626715068 453780434 0  
  1626715069 453780758 0  
  1626715070 453781466 0  
  1626715071 453781466 0  
  1626715072 453781466 0  
  1626715073 453781466 0  
  1626715074 453781466 0  
  1626715075 453781466 0  
  1626715076 453781466 0  
  1626715077 453781466 0  
  1626715078 453781466 0  
  1626715079 453781466 0  
  1626715080 453781466 0  
  1626715081 453781466 0  
  1626715082 453781466 0  
  1626715083 453781466 0  
  1626715084 453781466 0  
  1626715085 453781466 0  
  1626715086 453781466 0  
  1626715087 453781466 0  
  1626715088 453781558 0  
  1626715089 453781558 0  
  1626715090 453781558 0  
  1626715091 453781558 0  
  1626715092 453781558 0  
  1626715093 453781558 0  
  1626715094 453781558 0  
  1626715095 453781558 0  
  1626715096 453781558 0  
  1626715098 453781558 0  
  1626715099 453781558 0  
  1626715100 453781558 0  
  1626715101 453781558 0  
  1626715102 453781558 0  
  1626715103 453781558 0  
  1626715104 453781558 0  
  1626715105 453781558 0  
  1626715106 453781558 0  
  1626715107 453781558 0  
  1626715108 453781558 0  
  1626715109 453781558 0  
  1626715110 453781558 0  
  1626715111 453781558 0  
  1626715112 453781558 0  
  1626715113 453781558 0  
  1626715114 453781558 0  
  1626715115 453781558 0  
  1626715116 453781558 0  
  1626715117 453781558 0  
  1626715118 453781558 0  
  1626715119 453781558 0  
  1626715120 453781558 0  
  1626715121 453781558 0  
  1626715122 453781558 0  
  1626715123 453781558 0  
  1626715124 453781558 0  
  1626715125 453781558 0  
  1626715126 453781558 0  
  1626715127 453781558 0  
  1626715128 453781558 0  
  1626715129 453781558 0  
  1626715130 453781558 0  
  1626715131 453781558 0  
  1626715132 453781558 0  
  1626715133 453781558 0  
  1626715134 453781558 0  
  1626715135 453781558 0  
  1626715136 453781558 0  
  1626715138 453781558 0  
  1626715139 453781558 0  
  1626715140 453781558 0  
  1626715141 453781558 0  
  1626715142 453781558 0  
  1626715143 453781558 0  
  1626715144 453781558 0  
  1626715145 453781558 0  
  1626715146 453781558 0  
  1626715147 453781558 0  
  1626715148 453781558 0  
  1626715149 453781558 0  
  1626715150 453781558 0  
  1626715151 453781558 0  
  1626715152 453781558 0  
  1626715153 453781558 0  
  1626715154 453781558 0  
  1626715155 453781558 0  
  1626715156 453781558 0  
  1626715157 453781558 0  
  1626715158 453781558 0  
  1626715159 453781558 0  
  1626715160 453781558 0  
  1626715161 453781558 0  
  1626715162 453781558 0  
  1626715163 453782154 0  
  1626715164 453782154 0  
  1626715165 453782154 0  
  1626715166 453782154 0  
  1626715167 453782154 0  
  1626715168 453782154 0  
  1626715169 453782154 0  
  1626715170 453782154 0  
  1626715171 453782154 0  
  1626715172 453782154 0  
  1626715173 453782154 0  
  1626715174 453782154 0  
  1626715175 453782154 0  
  1626715176 453782154 0  
  1626715178 453782154 0  
  1626715179 453782154 0  
  1626715180 453782154 0  
  1626715181 453782154 0  
  1626715182 453782154 0  
  1626715183 453782154 0  
  1626715184 453782154 0  
  1626715185 453782154 0  
  1626715186 453782154 0  
  1626715187 453782154 0  
  1626715188 453782154 0  
  1626715189 453782154 0  
  1626715190 453782154 0  
  1626715191 453782154 0  
  1626715192 453782154 0  
  1626715193 453782154 0  
  1626715194 453782154 0  
  1626715195 453782154 0  
  1626715196 453782154 0  
  1626715197 453782154 0  
  1626715198 453782154 0  
  1626715199 453782154 0  
  1626715200 453782154 0  
  1626715201 453782154 0  
  1626715202 453782154 0  
  1626715203 453785051 0  
  1626715204 453786787 0  
  1626715205 453786787 0  
  1626715206 453787495 0  
  1626715207 453787495 0  
  1626715208 453787495 0  
  1626715209 453787495 0  
  1626715210 453787495 0  
  1626715211 453787495 0  
  1626715212 453787495 0  
  1626715213 453787495 0  
  1626715214 453787495 0  
  1626715215 453787495 0  
  1626715216 453791804 0  
  1626715218 453792128 0  
  1626715219 453796965 0  
  1626715220 453797401 0  
  1626715221 453802742 0  
  1626715222 453802742 0  
  1626715223 453803382 0  
  1626715224 453803382 0  
  1626715225 453803382 0  
  1626715226 453803382 0  
  1626715227 453803382 0  
  1626715228 453803382 0  
  1626715229 453803382 0  
  1626715230 453803382 0  
  1626715231 453803382 0  
  1626715232 453803382 0  
  1626715233 453803382 0  
  1626715234 453803382 0  
  1626715235 453803474 0  
  1626715236 453803474 0  
  1626715237 453897453 0  
  1626715238 454053189 0  
  1626715239 454053189 0  
  1626715240 454053308 0  
  1626715241 454053308 0  
  1626715242 454053308 0  
  1626715243 454053308 0  
  1626715244 454053308 0  
  1626715245 454053308 0  
  1626715246 454053308 0  
  1626715247 454053308 0  
  1626715248 454053308 0  
  1626715249 454053308 0  
  1626715250 454053308 0  
  1626715251 454053308 0  
  1626715252 454053308 0  
  1626715253 454053308 0  
  1626715254 454053308 0  
  1626715255 454053308 0  
  1626715256 454053308 0  
  1626715258 454053308 0  
  1626715259 454053308 0  
  1626715260 454053308 0  
  1626715261 454053308 0  
  1626715262 454053308 0  
  1626715263 454053308 0  
  1626715264 454053308 0  
  1626715265 454053308 0  
  1626715266 454053308 0  
  1626715267 454053308 0  
  1626715268 454053308 0  
  1626715269 454053308 0  
  1626715270 454053308 0  
  1626715271 454053308 0  
  1626715272 454053308 0  
  1626715273 454053308 0  
  1626715274 454053308 0  
  1626715275 454053308 0  
  1626715276 454053308 0  
  1626715277 454053308 0  
  1626715278 454053308 0  
  1626715279 454053308 0  
  1626715280 454053308 0  
  1626715281 454053308 0  
  1626715282 454053308 0  
  1626715283 454053308 0  
  1626715284 454053308 0  
  1626715285 454053308 0  
  1626715286 454053308 0  
  1626715287 454053308 0  
  1626715288 454053308 0  
  1626715289 454053308 0  
  1626715290 454053308 0  
  1626715291 454053308 0  
  1626715292 454053308 0  
  1626715293 454053308 0  
  1626715294 454053308 0  
  1626715295 454053308 0  
  1626715296 454053308 0  
  1626715298 454053308 0  
  1626715299 454053308 0  
  1626715300 454053308 0  
  1626715301 454053308 0  
  1626715302 454053308 0  
  1626715303 454053308 0  
  1626715304 454053308 0  
  1626715305 454053308 0  
  1626715306 454053308 0  
  1626715307 454053308 0  
  1626715308 454053308 0  
  1626715309 454053308 0  
  1626715310 454053308 0  
  1626715311 454053308 0  
  1626715312 454053308 0  
  1626715313 454053308 0  
  1626715314 454053308 0  
  1626715315 454053308 0  
  1626715316 454053308 0  
  1626715317 454053308 0  
  1626715318 454053308 0  
  1626715319 454053308 0  
  1626715320 454053308 0  
  1626715321 454053308 0  
  1626715322 454053308 0  
  1626715323 454053308 0  
 