 1626785145 460684393 0  
  1626785146 460684393 0  
  1626785147 460684393 0  
  1626785148 460684485 0  
  1626785149 460684485 0  
  1626785150 460684485 0  
  1626785151 460684485 0  
  1626785152 460684485 0  
  1626785153 460684485 0  
  1626785154 460684485 0  
  1626785155 460684485 0  
  1626785156 460684485 0  
  1626785157 460684485 0  
  1626785158 460684485 0  
  1626785159 460684485 0  
  1626785160 460684485 0  
  1626785161 460684485 0  
  1626785162 460684485 0  
  1626785163 460684485 0  
  1626785164 460684485 0  
  1626785165 460684485 0  
  1626785166 460684485 0  
  1626785167 460684485 0  
  1626785168 460684485 0  
  1626785169 460684485 0  
  1626785170 460684485 0  
  1626785171 460684485 0  
  1626785173 460684485 0  
  1626785174 460684485 0  
  1626785175 460684485 0  
  1626785176 460684485 0  
  1626785177 460684485 0  
  1626785178 460684485 0  
  1626785179 460684485 0  
  1626785180 460684485 0  
  1626785181 460684485 0  
  1626785182 460684485 0  
  1626785183 460684485 0  
  1626785184 460684485 0  
  1626785185 460684485 0  
  1626785186 460684485 0  
  1626785187 460684485 0  
  1626785188 460684485 0  
  1626785189 460684485 0  
  1626785190 460684485 0  
  1626785191 460684485 0  
  1626785192 460684485 0  
  1626785193 460684485 0  
  1626785194 460684485 0  
  1626785195 460684485 0  
  1626785196 460684485 0  
  1626785197 460684485 0  
  1626785198 460684485 0  
  1626785199 460684485 0  
  1626785200 460684485 0  
  1626785201 460684485 0  
  1626785202 460684485 0  
  1626785203 460684485 0  
  1626785204 460684485 0  
  1626785205 460684577 0  
  1626785206 460684577 0  
  1626785207 460684577 0  
  1626785208 460684577 0  
  1626785209 460684577 0  
  1626785210 460684577 0  
  1626785211 460684577 0  
  1626785213 460684669 0  
  1626785214 460684669 0  
  1626785215 460684669 0  
  1626785216 460684669 0  
  1626785217 460684669 0  
  1626785218 460684669 0  
  1626785219 460684669 0  
  1626785220 460684669 0  
  1626785221 460684669 0  
  1626785222 460684669 0  
  1626785223 460684669 0  
  1626785224 460684669 0  
  1626785225 460684669 0  
  1626785226 460684669 0  
  1626785227 460684669 0  
  1626785228 460684669 0  
  1626785229 460684669 0  
  1626785230 460684669 0  
  1626785231 460684669 0  
  1626785232 460684669 0  
  1626785233 460684669 0  
  1626785234 460684669 0  
  1626785235 460684669 0  
  1626785236 460684669 0  
  1626785237 460684669 0  
  1626785238 460684669 0  
  1626785239 460684669 0  
  1626785240 460684669 0  
  1626785241 460684669 0  
  1626785242 460684669 0  
  1626785243 460684669 0  
  1626785244 460684669 0  
  1626785245 460684669 0  
  1626785246 460684669 0  
  1626785247 460684669 0  
  1626785248 460684669 0  
  1626785249 460684669 0  
  1626785250 460684669 0  
  1626785251 460684669 0  
  1626785253 460684669 0  
  1626785254 460684669 0  
  1626785255 460684669 0  
  1626785256 460684669 0  
  1626785257 460684669 0  
  1626785258 460684669 0  
  1626785259 460684669 0  
  1626785260 460684669 0  
  1626785261 460684669 0  
  1626785262 460684669 0  
  1626785263 460684669 0  
  1626785264 460684669 0  
  1626785265 460684669 0  
  1626785266 460685265 0  
  1626785267 460685265 0  
  1626785268 460685265 0  
  1626785269 460685265 0  
  1626785270 460685265 0  
  1626785271 460685265 0  
  1626785272 460685265 0  
  1626785273 460689574 0  
  1626785274 460689898 0  
  1626785275 460690606 0  
  1626785276 460690606 0  
  1626785277 460690698 0  
  1626785278 460690698 0  
  1626785279 460690698 0  
  1626785280 460690698 0  
  1626785281 460690698 0  
  1626785282 460690698 0  
  1626785283 460690698 0  
  1626785284 460690698 0  
  1626785285 460690698 0  
  1626785286 460690698 0  
  1626785287 460690698 0  
  1626785288 460690698 0  
  1626785289 460690698 0  
  1626785290 460690698 0  
  1626785291 460690698 0  
  1626785292 460690698 0  
  1626785294 460690698 0  
  1626785295 460690698 0  
  1626785296 460690698 0  
  1626785297 460690698 0  
  1626785298 460690698 0  
  1626785299 460690698 0  
  1626785300 460690698 0  
  1626785301 460690698 0  
  1626785302 460690698 0  
  1626785303 460690698 0  
  1626785304 460690698 0  
  1626785305 460690698 0  
  1626785306 460690698 0  
  1626785307 460690698 0  
  1626785308 460690698 0  
  1626785309 460690698 0  
  1626785310 460690698 0  
  1626785311 460690698 0  
  1626785312 460690698 0  
  1626785313 460690698 0  
  1626785314 460690698 0  
  1626785315 460690698 0  
  1626785316 460690698 0  
  1626785317 460690698 0  
  1626785318 460690698 0  
  1626785319 460690698 0  
  1626785320 460690698 0  
  1626785321 460690698 0  
  1626785322 460690698 0  
  1626785323 460690698 0  
  1626785324 460690698 0  
  1626785325 460690698 0  
  1626785326 460690698 0  
  1626785327 460690698 0  
  1626785328 460690698 0  
  1626785329 460690698 0  
  1626785330 460690698 0  
  1626785331 460690780 0  
  1626785332 460690780 0  
  1626785334 460690780 0  
  1626785335 460690872 0  
  1626785336 460690872 0  
  1626785337 460690872 0  
  1626785338 460690872 0  
  1626785339 460690872 0  
  1626785340 460690872 0  
  1626785341 460690872 0  
  1626785342 460690964 0  
  1626785343 460690964 0  
  1626785344 460690964 0  
  1626785345 460690964 0  
  1626785346 460690964 0  
  1626785347 460690964 0  
  1626785348 460690964 0  
  1626785349 460690964 0  
  1626785350 460690964 0  
  1626785351 460690964 0  
  1626785352 460690964 0  
  1626785353 460690964 0  
  1626785354 460690964 0  
  1626785355 460690964 0  
  1626785356 460690964 0  
  1626785357 460690964 0  
  1626785358 460690964 0  
  1626785359 460690964 0  
  1626785360 460690964 0  
  1626785361 460690964 0  
  1626785362 460690964 0  
  1626785363 460690964 0  
  1626785364 460690964 0  
  1626785365 460690964 0  
  1626785366 460690964 0  
  1626785367 460690964 0  
  1626785368 460690964 0  
  1626785369 460690964 0  
  1626785370 460690964 0  
  1626785371 460690964 0  
  1626785373 460690964 0  
  1626785374 460690964 0  
  1626785375 460690964 0  
  1626785376 460690964 0  
  1626785377 460690964 0  
  1626785378 460690964 0  
  1626785379 460690964 0  
  1626785380 460690964 0  
  1626785381 460690964 0  
  1626785382 460690964 0  
  1626785383 460690964 0  
  1626785384 460690964 0  
  1626785385 460690964 0  
  1626785386 460690964 0  
  1626785387 460690964 0  
  1626785388 460690964 0  
  1626785389 460690964 0  
  1626785390 460690964 0  
  1626785391 460690964 0  
  1626785392 460691302 0  
  1626785393 460691302 0  
  1626785394 460691302 0  
  1626785395 460691302 0  
  1626785396 460691302 0  
  1626785397 460691302 0  
  1626785398 460691302 0  
  1626785399 460691302 0  
  1626785400 460691302 0  
  1626785401 460691302 0  
  1626785402 460691302 0  
  1626785403 460691302 0  
  1626785404 460691302 0  
  1626785405 460691302 0  
  1626785406 460691394 0  
  1626785407 460691394 0  
  1626785408 460695703 0  
  1626785409 460696027 0  
  1626785410 460696599 0  
  1626785411 460696599 0  
  1626785413 460696599 0  
  1626785414 460696599 0  
  1626785415 460696599 0  
  1626785416 460696599 0  
  1626785417 460696599 0  
  1626785418 460696599 0  
  1626785419 460696599 0  
  1626785420 460696599 0  
  1626785421 460696599 0  
  1626785422 460696599 0  
  1626785423 460702869 0  
  1626785424 460710174 0  
  1626785425 460711914 0  
  1626785426 460712622 0  
  1626785427 460712622 0  
  1626785428 460712622 0  
  1626785429 460712622 0  
  1626785430 460712622 0  
  1626785431 460712622 0  
  1626785432 460712622 0  
  1626785433 460712622 0  
  1626785434 460712622 0  
  1626785435 460712622 0  
  1626785436 460712622 0  
  1626785437 460712622 0  
  1626785438 460712622 0  
  1626785439 460712622 0  
  1626785440 460712622 0  
  1626785441 460712622 0  
  1626785442 460712622 0  
  1626785443 460712979 0  
  1626785444 460712979 0  
  1626785445 460712979 0  
  1626785446 460712979 0  
  1626785447 460712979 0  
  1626785448 460712979 0  
  1626785449 460712979 0  
  1626785450 460712979 0  
  1626785451 460712979 0  
  1626785453 460712979 0  
  1626785454 460712979 0  
  1626785455 460712979 0  
  1626785456 460712979 0  
  1626785457 460712979 0  
  1626785458 460712979 0  
  1626785459 460712979 0  
  1626785460 460712979 0  
  1626785461 460712979 0  
  1626785462 460712979 0  
  1626785463 460712979 0  
  1626785464 460712979 0  
  1626785465 460713667 0  
  1626785466 460713667 0  
  1626785467 460713667 0  
  1626785468 460713667 0  
  1626785469 460713667 0  
  1626785470 460713667 0  
  1626785471 460713759 0  
  1626785472 460713759 0  
  1626785473 460713759 0  
  1626785474 460713759 0  
  1626785475 460713759 0  
  1626785476 460713759 0  
  1626785477 460713759 0  
  1626785478 460713759 0  
  1626785479 460713759 0  
  1626785480 460713759 0  
  1626785481 460713759 0  
  1626785482 460713759 0  
  1626785483 460713759 0  
  1626785484 460713759 0  
  1626785485 460713759 0  
  1626785486 460713759 0  
  1626785487 460713759 0  
  1626785488 460713759 0  
  1626785489 460713759 0  
  1626785490 460713759 0  
  1626785492 460713759 0  
  1626785493 460713759 0  
  1626785494 460713759 0  
  1626785495 460713759 0  
  1626785496 460713759 0  
  1626785497 460713759 0  
  1626785498 460713759 0  
  1626785499 460713759 0  
  1626785500 460713759 0  
  1626785501 460713759 0  
  1626785502 460713759 0  
  1626785503 460713759 0  
  1626785504 460713759 0  
  1626785505 460713759 0  
  1626785506 460713759 0  
  1626785507 460713759 0  
  1626785508 460713759 0  
  1626785509 460713759 0  
  1626785510 460713759 0  
  1626785511 460713759 0  
  1626785512 460713759 0  
  1626785513 460713759 0  
  1626785514 460713759 0  
  1626785515 460713759 0  
  1626785516 460713759 0  
  1626785517 460713759 0  
  1626785518 460713759 0  
  1626785519 460713759 0  
  1626785520 460713759 0  
  1626785521 460713759 0  
  1626785522 460713759 0  
  1626785523 460713759 0  
  1626785524 460713759 0  
  1626785525 460713759 0  
  1626785526 460713759 0  
  1626785527 460713759 0  
  1626785528 460713759 0  
  1626785529 460713759 0  
  1626785530 460713759 0  
  1626785532 460713759 0  
  1626785533 460713759 0  
  1626785534 460713759 0  
  1626785535 460713759 0  
  1626785536 460713851 0  
  1626785537 460713851 0  
  1626785538 460713851 0  
  1626785539 460713851 0  
  1626785540 460713851 0  
  1626785541 460713851 0  
  1626785542 460713851 0  
  1626785543 460714189 0  
  1626785544 460714189 0  
  1626785545 460714189 0  
  1626785546 460714189 0  
  1626785547 460714189 0  
  1626785548 460714189 0  
  1626785549 460714189 0  
  1626785550 460714189 0  
  1626785551 460714189 0  
  1626785552 460714189 0  
  1626785553 460714189 0  
  1626785554 460714189 0  
  1626785555 460714189 0  
  1626785556 460714189 0  
  1626785557 460714189 0  
  1626785558 460714189 0  
  1626785559 460714189 0  
  1626785560 460714189 0  
  1626785561 460714189 0  
  1626785562 460714189 0  
  1626785563 460714189 0  
  1626785564 460714189 0  
  1626785565 460714189 0  
  1626785566 460714189 0  
  1626785567 460714189 0  
  1626785568 460714189 0  
  1626785569 460714189 0  
  1626785570 460714189 0  
  1626785572 460718498 0  
  1626785573 460718822 0  
  1626785574 460719530 0  
  1626785575 460719530 0  
  1626785576 460719530 0  
  1626785577 460719530 0  
  1626785578 460719530 0  
  1626785579 460719530 0  
  1626785580 460719530 0  
  1626785581 460719530 0  
  1626785582 460719530 0  
  1626785583 460719530 0  
  1626785584 460719530 0  
  1626785585 460719530 0  
  1626785586 460719530 0  
  1626785587 460719530 0  
  1626785588 460719530 0  
  1626785589 460719530 0  
  1626785590 460719530 0  
  1626785591 460719530 0  
  1626785592 460719530 0  
  1626785593 460719530 0  
  1626785594 460719530 0  
  1626785595 460719622 0  
  1626785596 460719622 0  
  1626785597 460719622 0  
  1626785598 460719622 0  
  1626785599 460719622 0  
  1626785600 460719714 0  
  1626785601 460719714 0  
  1626785602 460719714 0  
  1626785603 460719714 0  
  1626785604 460719714 0  
  1626785605 460719714 0  
  1626785606 460719714 0  
  1626785607 460719714 0  
  1626785608 460719714 0  
  1626785609 460719714 0  
  1626785611 460719714 0  
  1626785612 460719714 0  
  1626785613 460719714 0  
  1626785614 460719714 0  
  1626785615 460719714 0  
  1626785616 460719714 0  
  1626785617 460719714 0  
  1626785618 460719714 0  
  1626785619 460719714 0  
  1626785620 460719714 0  
  1626785621 460719714 0  
  1626785622 460719714 0  
  1626785623 460719714 0  
  1626785624 460719714 0  
  1626785625 460719714 0  
  1626785626 460719714 0  
  1626785627 460719714 0  
  1626785628 460719714 0  
  1626785629 460719714 0  
  1626785630 460719714 0  
  1626785631 460719714 0  
  1626785632 460719714 0  
  1626785633 460719714 0  
  1626785634 460719714 0  
  1626785635 460719714 0  
  1626785636 460719714 0  
  1626785637 460719714 0  
  1626785638 460719714 0  
  1626785639 460719714 0  
  1626785640 460719714 0  
  1626785641 460719714 0  
  1626785642 460719714 0  
  1626785643 460719714 0  
  1626785644 460719714 0  
  1626785645 460719714 0  
  1626785646 460719714 0  
  1626785647 460719714 0  
  1626785648 460719714 0  
  1626785649 460719714 0  
  1626785651 460719714 0  
  1626785652 460719714 0  
  1626785653 460719714 0  
  1626785654 460719714 0  
  1626785655 460719714 0  
  1626785656 460719714 0  
  1626785657 460719714 0  
  1626785658 460719714 0  
  1626785659 460719714 0  
  1626785660 460719714 0  
  1626785661 460719714 0  
  1626785662 460719714 0  
  1626785663 460719714 0  
  1626785664 460719714 0  
  1626785665 460720174 0  
  1626785666 460720402 0  
  1626785667 460720402 0  
  1626785668 460720402 0  
  1626785669 460720402 0  
  1626785670 460720402 0  
  1626785671 460720402 0  
  1626785672 460720402 0  
  1626785673 460720402 0  
  1626785674 460720402 0  
  1626785675 460720402 0  
  1626785676 460720402 0  
  1626785677 460720402 0  
  1626785678 460720402 0  
  1626785679 460720402 0  
  1626785680 460720402 0  
  1626785681 460720402 0  
  1626785682 460720402 0  
  1626785683 460720402 0  
  1626785684 460720402 0  
  1626785685 460720402 0  
  1626785686 460720402 0  
  1626785687 460720402 0  
  1626785688 460720402 0  
  1626785689 460720402 0  
  1626785691 460720402 0  
  1626785692 460720402 0  
  1626785693 460720740 0  
  1626785694 460720740 0  
  1626785695 460720740 0  
  1626785696 460720740 0  
  1626785697 460720740 0  
  1626785698 460720740 0  
  1626785699 460720740 0  
  1626785700 460720740 0  
  1626785701 460720740 0  
  1626785702 460720740 0  
  1626785703 460720740 0  
  1626785704 460720740 0  
  1626785705 460720740 0  
  1626785706 460720740 0  
  1626785707 460720740 0  
  1626785708 460720740 0  
  1626785709 460725049 0  
  1626785710 460725373 0  
  1626785711 460725373 0  
  1626785712 460726081 0  
  1626785713 460726081 0  
  1626785714 460726081 0  
  1626785715 460726081 0  
  1626785716 460726081 0  
  1626785717 460726081 0  
  1626785718 460726081 0  
  1626785719 460726081 0  
  1626785720 460726081 0  
  1626785721 460726081 0  
  1626785722 460730482 0  
  1626785723 460735439 0  
  1626785724 460740072 0  
  1626785725 460741488 0  
  1626785726 460742196 0  
  1626785727 460742196 0  
  1626785728 460742196 0  
  1626785730 460742196 0  
  1626785731 460742288 0  
  1626785732 460742288 0  
  1626785733 460742288 0  
  1626785734 460742288 0  
  1626785735 460742288 0  
  1626785736 460742288 0  
  1626785737 460742356 0  
  1626785738 460742356 0  
  1626785739 460742356 0  
  1626785740 460742356 0  
  1626785741 460742356 0  
  1626785742 460742356 0  
  1626785743 460743869 0  
  1626785744 460743869 0  
  1626785745 460743869 0  
  1626785746 460743869 0  
  1626785747 460743869 0  
  1626785748 460743869 0  
  1626785749 460743869 0  
  1626785750 460743869 0  
  1626785751 460743869 0  
  1626785752 460743869 0  
  1626785753 460743869 0  
  1626785754 460743869 0  
  1626785755 460743869 0  
  1626785756 460743869 0  
  1626785757 460743869 0  
  1626785758 460743869 0  
  1626785759 460743869 0  
  1626785760 460743869 0  
  1626785761 460743869 0  
  1626785762 460743869 0  
  1626785763 460743869 0  
  1626785764 460743869 0  
  1626785765 460743869 0  
  1626785766 460743869 0  
  1626785767 460743869 0  
  1626785768 460743869 0  
  1626785770 460743869 0  
  1626785771 460743869 0  
  1626785772 460743869 0  
  1626785773 460743869 0  
  1626785774 460743869 0  
  1626785775 460743869 0  
  1626785776 460743869 0  
  1626785777 460743869 0  
  1626785778 460743869 0  
 