 1626774149 459106558 0  
  1626774150 459106558 0  
  1626774151 459106558 0  
  1626774152 459106558 0  
  1626774153 459106558 0  
  1626774154 459106558 0  
  1626774155 459106718 0  
  1626774156 459106810 0  
  1626774157 459106810 0  
  1626774158 459106810 0  
  1626774159 459106810 0  
  1626774160 459106810 0  
  1626774161 459107966 0  
  1626774162 459107966 0  
  1626774163 459107966 0  
  1626774165 459107966 0  
  1626774166 459107966 0  
  1626774167 459107966 0  
  1626774168 459107966 0  
  1626774169 459107966 0  
  1626774170 459109843 0  
  1626774171 459112599 0  
  1626774172 459112599 0  
  1626774173 459113307 0  
  1626774174 459113307 0  
  1626774175 459113307 0  
  1626774176 459113307 0  
  1626774177 459113307 0  
  1626774178 459113307 0  
  1626774179 459113307 0  
  1626774180 459113307 0  
  1626774181 459113307 0  
  1626774182 459113307 0  
  1626774183 459113307 0  
  1626774184 459113307 0  
  1626774185 459113307 0  
  1626774186 459113307 0  
  1626774187 459113307 0  
  1626774188 459113307 0  
  1626774189 459113307 0  
  1626774190 459113307 0  
  1626774191 459113307 0  
  1626774192 459113307 0  
  1626774193 459113307 0  
  1626774194 459113307 0  
  1626774195 459113307 0  
  1626774196 459113307 0  
  1626774197 459113307 0  
  1626774198 459113307 0  
  1626774199 459113307 0  
  1626774200 459113307 0  
  1626774201 459113307 0  
  1626774202 459113307 0  
  1626774203 459113307 0  
  1626774205 459113307 0  
  1626774206 459113307 0  
  1626774207 459113307 0  
  1626774208 459113307 0  
  1626774209 459113307 0  
  1626774210 459113307 0  
  1626774211 459113307 0  
  1626774212 459113307 0  
  1626774213 459113307 0  
  1626774214 459113307 0  
  1626774215 459113307 0  
  1626774216 459113307 0  
  1626774217 459113307 0  
  1626774218 459113307 0  
  1626774219 459113307 0  
  1626774220 459113399 0  
  1626774221 459113399 0  
  1626774222 459113399 0  
  1626774223 459113399 0  
  1626774224 459113399 0  
  1626774225 459113399 0  
  1626774226 459113399 0  
  1626774227 459113399 0  
  1626774228 459113399 0  
  1626774229 459113399 0  
  1626774230 459113399 0  
  1626774231 459113399 0  
  1626774232 459113399 0  
  1626774233 459113399 0  
  1626774234 459113399 0  
  1626774235 459113399 0  
  1626774236 459113399 0  
  1626774237 459113399 0  
  1626774238 459113399 0  
  1626774239 459113399 0  
  1626774240 459113399 0  
  1626774241 459113399 0  
  1626774242 459113399 0  
  1626774243 459113399 0  
  1626774245 459113399 0  
  1626774246 459113399 0  
  1626774247 459113399 0  
  1626774248 459113399 0  
  1626774249 459113399 0  
  1626774250 459113399 0  
  1626774251 459113399 0  
  1626774252 459113399 0  
  1626774253 459113399 0  
  1626774254 459113399 0  
  1626774255 459113399 0  
  1626774256 459113399 0  
  1626774257 459113399 0  
  1626774258 459113399 0  
  1626774259 459113399 0  
  1626774260 459113399 0  
  1626774261 459113399 0  
  1626774262 459113399 0  
  1626774263 459113399 0  
  1626774264 459113399 0  
  1626774265 459113995 0  
  1626774266 459113995 0  
  1626774267 459113995 0  
  1626774268 459113995 0  
  1626774269 459113995 0  
  1626774270 459113995 0  
  1626774271 459113995 0  
  1626774272 459113995 0  
  1626774273 459113995 0  
  1626774274 459113995 0  
  1626774275 459113995 0  
  1626774276 459113995 0  
  1626774277 459113995 0  
  1626774278 459113995 0  
  1626774279 459113995 0  
  1626774280 459113995 0  
  1626774281 459113995 0  
  1626774282 459113995 0  
  1626774283 459113995 0  
  1626774285 459114179 0  
  1626774286 459114179 0  
  1626774287 459114179 0  
  1626774288 459114179 0  
  1626774289 459114179 0  
  1626774290 459114179 0  
  1626774291 459114179 0  
  1626774292 459114179 0  
  1626774293 459114517 0  
  1626774294 459114517 0  
  1626774295 459114517 0  
  1626774296 459114517 0  
  1626774297 459114517 0  
  1626774298 459114517 0  
  1626774299 459114517 0  
  1626774300 459114517 0  
  1626774301 459114517 0  
  1626774302 459114517 0  
  1626774303 459114517 0  
  1626774304 459114517 0  
  1626774305 459114517 0  
  1626774306 459118826 0  
  1626774307 459119150 0  
  1626774308 459119150 0  
  1626774309 459119858 0  
  1626774310 459119858 0  
  1626774311 459119858 0  
  1626774312 459119858 0  
  1626774313 459119858 0  
  1626774314 459119858 0  
  1626774315 459119858 0  
  1626774316 459119858 0  
  1626774317 459119858 0  
  1626774318 459119858 0  
  1626774319 459119858 0  
  1626774320 459124167 0  
  1626774321 459129124 0  
  1626774322 459131085 0  
  1626774323 459135173 0  
  1626774325 459135881 0  
  1626774326 459135881 0  
  1626774327 459135881 0  
  1626774328 459135881 0  
  1626774329 459135881 0  
  1626774330 459135881 0  
  1626774331 459135881 0  
  1626774332 459135881 0  
  1626774333 459135881 0  
  1626774334 459135881 0  
  1626774335 459135881 0  
  1626774336 459135881 0  
  1626774337 459135881 0  
  1626774338 459135881 0  
  1626774339 459135881 0  
  1626774340 459135881 0  
  1626774341 459135881 0  
  1626774342 459135881 0  
  1626774343 459136238 0  
  1626774344 459136238 0  
  1626774345 459136238 0  
  1626774346 459136238 0  
  1626774347 459136238 0  
  1626774348 459136238 0  
  1626774349 459136330 0  
  1626774350 459136330 0  
  1626774351 459136330 0  
  1626774352 459136330 0  
  1626774353 459136330 0  
  1626774354 459136330 0  
  1626774355 459136330 0  
  1626774356 459136330 0  
  1626774357 459136330 0  
  1626774358 459136330 0  
  1626774359 459136330 0  
  1626774360 459136330 0  
  1626774361 459136330 0  
  1626774362 459136330 0  
  1626774363 459136330 0  
  1626774365 459136330 0  
  1626774366 459136330 0  
  1626774367 459136330 0  
  1626774368 459136330 0  
  1626774369 459136330 0  
  1626774370 459136330 0  
  1626774371 459136330 0  
  1626774372 459136330 0  
  1626774373 459136330 0  
  1626774374 459136330 0  
  1626774375 459136330 0  
  1626774376 459136330 0  
  1626774377 459136330 0  
  1626774378 459136330 0  
  1626774379 459136330 0  
  1626774380 459136330 0  
  1626774381 459136330 0  
  1626774382 459136330 0  
  1626774383 459136330 0  
  1626774384 459136330 0  
  1626774385 459136330 0  
  1626774386 459136330 0  
  1626774387 459136330 0  
  1626774388 459136330 0  
  1626774389 459136330 0  
  1626774390 459136330 0  
  1626774391 459136330 0  
  1626774392 459136330 0  
  1626774393 459136330 0  
  1626774394 459136330 0  
  1626774395 459136330 0  
  1626774396 459136330 0  
  1626774397 459136330 0  
  1626774398 459136330 0  
  1626774399 459136330 0  
  1626774400 459136330 0  
  1626774401 459136330 0  
  1626774402 459136330 0  
  1626774404 459136330 0  
  1626774405 459136330 0  
  1626774406 459136330 0  
  1626774407 459136330 0  
  1626774408 459136330 0  
  1626774409 459136330 0  
  1626774410 459136330 0  
  1626774411 459136330 0  
  1626774412 459136330 0  
  1626774413 459136330 0  
  1626774414 459136422 0  
  1626774415 459136514 0  
  1626774416 459136514 0  
  1626774417 459136514 0  
  1626774418 459136514 0  
  1626774419 459136514 0  
  1626774420 459136514 0  
  1626774421 459136514 0  
  1626774422 459136514 0  
  1626774423 459136514 0  
  1626774424 459136514 0  
  1626774425 459136514 0  
  1626774426 459136514 0  
  1626774427 459136514 0  
  1626774428 459136514 0  
  1626774429 459136514 0  
  1626774430 459136514 0  
  1626774431 459136514 0  
  1626774432 459136514 0  
  1626774433 459136514 0  
  1626774434 459136514 0  
  1626774435 459136514 0  
  1626774436 459136514 0  
  1626774437 459136514 0  
  1626774438 459136514 0  
  1626774439 459136514 0  
  1626774440 459136514 0  
  1626774441 459136514 0  
  1626774442 459136514 0  
  1626774444 459136514 0  
  1626774445 459136514 0  
  1626774446 459136852 0  
  1626774447 459136852 0  
  1626774448 459136852 0  
  1626774449 459136852 0  
  1626774450 459136852 0  
  1626774451 459136852 0  
  1626774452 459136852 0  
  1626774453 459136852 0  
  1626774454 459136852 0  
  1626774455 459136852 0  
  1626774456 459136852 0  
  1626774457 459136852 0  
  1626774458 459136852 0  
  1626774459 459136852 0  
  1626774460 459136852 0  
  1626774461 459136852 0  
  1626774462 459136852 0  
  1626774463 459136852 0  
  1626774464 459136852 0  
  1626774465 459136852 0  
  1626774466 459137448 0  
  1626774467 459137448 0  
  1626774468 459137448 0  
  1626774469 459141757 0  
  1626774470 459142081 0  
  1626774471 459142789 0  
  1626774472 459142789 0  
  1626774473 459142789 0  
  1626774474 459142789 0  
  1626774475 459142789 0  
  1626774476 459142789 0  
  1626774477 459142789 0  
  1626774478 459142789 0  
  1626774479 459142789 0  
  1626774480 459142789 0  
  1626774481 459142789 0  
  1626774483 459142789 0  
  1626774484 459142789 0  
  1626774485 459142871 0  
  1626774486 459142871 0  
  1626774487 459142871 0  
  1626774488 459142871 0  
  1626774489 459142871 0  
  1626774490 459142871 0  
  1626774491 459142871 0  
  1626774492 459142871 0  
  1626774493 459142871 0  
  1626774494 459142871 0  
  1626774495 459142871 0  
  1626774496 459142871 0  
  1626774497 459142871 0  
  1626774498 459142871 0  
  1626774499 459142871 0  
  1626774500 459142871 0  
  1626774501 459142871 0  
  1626774502 459142871 0  
  1626774503 459142871 0  
  1626774504 459142871 0  
  1626774505 459142871 0  
  1626774506 459142871 0  
  1626774507 459142871 0  
  1626774508 459142871 0  
  1626774509 459142871 0  
  1626774510 459142871 0  
  1626774511 459142871 0  
  1626774512 459142871 0  
  1626774513 459142871 0  
  1626774514 459142871 0  
  1626774515 459142871 0  
  1626774516 459142871 0  
  1626774517 459142871 0  
  1626774518 459142871 0  
  1626774519 459142871 0  
  1626774520 459142871 0  
  1626774521 459142871 0  
  1626774523 459142871 0  
  1626774524 459142871 0  
  1626774525 459142871 0  
  1626774526 459142871 0  
  1626774527 459142871 0  
  1626774528 459142871 0  
  1626774529 459142871 0  
  1626774530 459142871 0  
  1626774531 459142871 0  
  1626774532 459142871 0  
  1626774533 459142871 0  
  1626774534 459142871 0  
  1626774535 459142871 0  
  1626774536 459142871 0  
  1626774537 459142871 0  
  1626774538 459142871 0  
  1626774539 459142871 0  
  1626774540 459142871 0  
  1626774541 459142871 0  
  1626774542 459142963 0  
  1626774543 459142963 0  
  1626774544 459142963 0  
  1626774545 459143055 0  
  1626774546 459143055 0  
  1626774547 459143055 0  
  1626774548 459143055 0  
  1626774549 459143055 0  
  1626774550 459143055 0  
  1626774551 459143055 0  
  1626774552 459143055 0  
  1626774553 459143055 0  
  1626774554 459143055 0  
  1626774555 459143055 0  
  1626774556 459143055 0  
  1626774557 459143055 0  
  1626774558 459143055 0  
  1626774559 459143055 0  
  1626774560 459143055 0  
  1626774561 459143055 0  
  1626774563 459143055 0  
  1626774564 459143055 0  
  1626774565 459143055 0  
  1626774566 459143055 0  
  1626774567 459143055 0  
  1626774568 459143055 0  
  1626774569 459143055 0  
  1626774570 459143055 0  
  1626774571 459143055 0  
  1626774572 459143055 0  
  1626774573 459143055 0  
  1626774574 459143055 0  
  1626774575 459143055 0  
  1626774576 459143055 0  
  1626774577 459143055 0  
  1626774578 459143055 0  
  1626774579 459143055 0  
  1626774580 459143055 0  
  1626774581 459143055 0  
  1626774582 459143055 0  
  1626774583 459143055 0  
  1626774584 459143055 0  
  1626774585 459143055 0  
  1626774586 459143055 0  
  1626774587 459143055 0  
  1626774588 459143055 0  
  1626774589 459143055 0  
  1626774590 459143055 0  
  1626774591 459143055 0  
  1626774592 459143055 0  
  1626774593 459143055 0  
  1626774594 459143055 0  
  1626774595 459143055 0  
  1626774596 459143055 0  
  1626774597 459143055 0  
  1626774598 459143055 0  
  1626774599 459143055 0  
  1626774600 459143055 0  
  1626774601 459143055 0  
  1626774603 459143055 0  
  1626774604 459143055 0  
  1626774605 459143055 0  
  1626774606 459143055 0  
  1626774607 459147620 0  
  1626774608 459147688 0  
  1626774609 459148260 0  
  1626774610 459148260 0  
  1626774611 459148260 0  
  1626774612 459148260 0  
  1626774613 459148260 0  
  1626774614 459148260 0  
  1626774615 459148260 0  
  1626774616 459148260 0  
  1626774617 459148260 0  
  1626774618 459148260 0  
  1626774619 459148260 0  
  1626774620 459148260 0  
  1626774621 459152825 0  
  1626774622 459157526 0  
  1626774623 459162867 0  
  1626774624 459163575 0  
  1626774625 459164283 0  
  1626774626 459164283 0  
  1626774627 459164283 0  
  1626774628 459164283 0  
  1626774629 459164283 0  
  1626774630 459164283 0  
  1626774631 459164283 0  
  1626774632 459164283 0  
  1626774633 459164283 0  
  1626774634 459164283 0  
  1626774635 459164283 0  
  1626774636 459164283 0  
  1626774637 459164283 0  
  1626774638 459164283 0  
  1626774639 459164283 0  
  1626774640 459164283 0  
  1626774641 459164283 0  
  1626774643 459164640 0  
  1626774644 459164640 0  
  1626774645 459164640 0  
  1626774646 459164640 0  
  1626774647 459164640 0  
  1626774648 459164640 0  
  1626774649 459164640 0  
  1626774650 459164640 0  
  1626774651 459164640 0  
  1626774652 459164640 0  
  1626774653 459164640 0  
  1626774654 459164640 0  
  1626774655 459164640 0  
  1626774656 459164640 0  
  1626774657 459164640 0  
  1626774658 459164640 0  
  1626774659 459164640 0  
  1626774660 459164640 0  
  1626774661 459164640 0  
  1626774662 459164640 0  
  1626774663 459164640 0  
  1626774664 459164640 0  
  1626774665 459165236 0  
  1626774666 459165236 0  
  1626774667 459165236 0  
  1626774668 459165236 0  
  1626774669 459165236 0  
  1626774670 459165328 0  
  1626774671 459165328 0  
  1626774672 459165328 0  
  1626774673 459165420 0  
  1626774674 459165420 0  
  1626774675 459165420 0  
  1626774676 459165420 0  
  1626774677 459165420 0  
  1626774678 459165420 0  
  1626774679 459165420 0  
  1626774680 459165420 0  
  1626774681 459165420 0  
  1626774683 459165420 0  
  1626774684 459165420 0  
  1626774685 459165420 0  
  1626774686 459165420 0  
  1626774687 459165420 0  
  1626774688 459165420 0  
  1626774689 459165420 0  
  1626774690 459165420 0  
  1626774691 459165420 0  
  1626774692 459165420 0  
  1626774693 459165420 0  
  1626774694 459165420 0  
  1626774695 459165420 0  
  1626774696 459165420 0  
  1626774697 459165420 0  
  1626774698 459165420 0  
  1626774699 459165420 0  
  1626774700 459165420 0  
  1626774701 459165420 0  
  1626774702 459165420 0  
  1626774703 459165420 0  
  1626774704 459165420 0  
  1626774705 459165420 0  
  1626774706 459165420 0  
  1626774707 459165420 0  
  1626774708 459165420 0  
  1626774709 459165420 0  
  1626774710 459165420 0  
  1626774711 459165420 0  
  1626774712 459165420 0  
  1626774713 459165420 0  
  1626774714 459165420 0  
  1626774715 459165420 0  
  1626774716 459165420 0  
  1626774717 459165420 0  
  1626774718 459165420 0  
  1626774719 459165420 0  
  1626774720 459165420 0  
  1626774721 459165420 0  
  1626774723 459165420 0  
  1626774724 459165420 0  
  1626774725 459165420 0  
  1626774726 459165420 0  
  1626774727 459165420 0  
  1626774728 459165420 0  
  1626774729 459165420 0  
  1626774730 459165420 0  
  1626774731 459165420 0  
  1626774732 459165420 0  
  1626774733 459165420 0  
  1626774734 459165420 0  
  1626774735 459165420 0  
  1626774736 459165420 0  
  1626774737 459165420 0  
  1626774738 459165420 0  
  1626774739 459165420 0  
  1626774740 459165420 0  
  1626774741 459165420 0  
  1626774742 459165420 0  
  1626774743 459165420 0  
  1626774744 459165420 0  
  1626774745 459165420 0  
  1626774746 459165420 0  
  1626774747 459165420 0  
  1626774748 459165420 0  
  1626774749 459165420 0  
  1626774750 459165420 0  
  1626774751 459165420 0  
  1626774752 459165420 0  
  1626774753 459165420 0  
  1626774754 459165420 0  
  1626774755 459165420 0  
  1626774756 459165420 0  
  1626774757 459165420 0  
  1626774758 459165420 0  
  1626774759 459165420 0  
  1626774760 459165420 0  
  1626774761 459165420 0  
  1626774763 459165420 0  
  1626774764 459165420 0  
  1626774765 459165420 0  
  1626774766 459167015 0  
  1626774767 459167015 0  
  1626774768 459167015 0  
  1626774769 459167015 0  
  1626774770 459171324 0  
  1626774771 459171648 0  
  1626774772 459172356 0  
  1626774773 459172356 0  
  1626774774 459172356 0  
  1626774775 459172356 0  
  1626774776 459172356 0  
  1626774777 459172356 0  
  1626774778 459172356 0  
  1626774779 459172356 0  
  1626774780 459172356 0  
  1626774781 459172356 0  
  1626774782 459172356 0  
  1626774783 459172356 0  
  1626774784 459172356 0  
  1626774785 459172356 0  
  1626774786 459172356 0  
  1626774787 459172356 0  
  1626774788 459172356 0  
  1626774789 459172356 0  
  1626774790 459172356 0  
  1626774791 459172356 0  
  1626774792 459172356 0  
  1626774793 459172356 0  
  1626774794 459172356 0  
  1626774795 459172356 0  
  1626774796 459172356 0  
  1626774797 459172356 0  
  1626774798 459172356 0  
  1626774799 459172356 0  
  1626774800 459172448 0  
  1626774802 459172448 0  
  1626774803 459172540 0  
  1626774804 459172540 0  
  1626774805 459172540 0  
  1626774806 459172540 0  
  1626774807 459172540 0  
  1626774808 459172540 0  
  1626774809 459172540 0  
  1626774810 459172540 0  
  1626774811 459172540 0  
  1626774812 459172540 0  
  1626774813 459172540 0  
  1626774814 459172540 0  
  1626774815 459172540 0  
  1626774816 459172540 0  
  1626774817 459172540 0  
  1626774818 459172540 0  
  1626774819 459172540 0  
  1626774820 459172540 0  
  1626774821 459172540 0  
  1626774822 459172540 0  
  1626774823 459172540 0  
  1626774824 459172540 0  
  1626774825 459172540 0  
  1626774826 459172540 0  
  1626774827 459172540 0  
  1626774828 459172540 0  
  1626774829 459172540 0  
  1626774830 459172540 0  
  1626774831 459172540 0  
  1626774832 459172540 0  
  1626774833 459172540 0  
  1626774834 459172540 0  
  1626774835 459172540 0  
  1626774836 459172540 0  
  1626774837 459172540 0  
  1626774838 459172540 0  
  1626774839 459172540 0  
  1626774840 459172540 0  
  1626774841 459172540 0  
  1626774843 459172540 0  
  1626774844 459172540 0  
  1626774845 459172540 0  
  1626774846 459172540 0  
  1626774847 459172540 0  
  1626774848 459172540 0  
  1626774849 459172540 0  
  1626774850 459172540 0  
  1626774851 459172540 0  
  1626774852 459172540 0  
  1626774853 459172540 0  
  1626774854 459172540 0  
  1626774855 459172540 0  
  1626774856 459172540 0  
  1626774857 459172540 0  
  1626774858 459172540 0  
  1626774859 459172540 0  
  1626774860 459172540 0  
  1626774861 459172540 0  
  1626774862 459172540 0  
  1626774863 459172540 0  
  1626774864 459172540 0  
  1626774865 459172540 0  
  1626774866 459172540 0  
  1626774867 459172540 0  
  1626774868 459172540 0  
  1626774869 459172540 0  
  1626774870 459172540 0  
  1626774871 459172540 0  
  1626774872 459172540 0  
  1626774873 459172540 0  
  1626774874 459172540 0  
  1626774875 459172540 0  
  1626774876 459172540 0  
  1626774877 459172540 0  
  1626774878 459172540 0  
  1626774879 459172540 0  
  1626774880 459172540 0  
  1626774881 459172540 0  
  1626774883 459172540 0  
  1626774884 459172540 0  
  1626774885 459172540 0  
  1626774886 459172540 0  
  1626774887 459172540 0  
  1626774888 459172540 0  
  1626774889 459172540 0  
  1626774890 459172540 0  
  1626774891 459172540 0  
  1626774892 459172540 0  
  1626774893 459172540 0  
  1626774894 459172540 0  
  1626774895 459172540 0  
  1626774896 459172540 0  
  1626774897 459172540 0  
  1626774898 459172540 0  
  1626774899 459172540 0  
  1626774900 459172540 0  
  1626774901 459172540 0  
  1626774902 459172540 0  
  1626774903 459172540 0  
  1626774904 459172540 0  
  1626774905 459172540 0  
  1626774906 459176849 0  
  1626774907 459177173 0  
  1626774908 459177813 0  
  1626774909 459177813 0  
  1626774910 459177813 0  
  1626774911 459177813 0  
  1626774912 459177813 0  
  1626774913 459177813 0  
  1626774914 459177813 0  
  1626774915 459177813 0  
  1626774916 459177813 0  
  1626774917 459177813 0  
  1626774918 459177813 0  
  1626774919 459177813 0  
  1626774920 459182122 0  
  1626774922 459187079 0  
  1626774923 459188956 0  
  1626774924 459193060 0  
  1626774925 459193768 0  
  1626774926 459193768 0  
  1626774927 459193768 0  
  1626774928 459193768 0  
  1626774929 459193768 0  
  1626774930 459193768 0  
  1626774931 459193952 0  
  1626774932 459193952 0  
  1626774933 459193952 0  
  1626774934 459193952 0  
  1626774935 459193952 0  
  1626774936 459193952 0  
  1626774937 459193952 0  
  1626774938 459193952 0  
  1626774939 459193952 0  
  1626774940 459193952 0  
  1626774941 459193952 0  
  1626774942 459193952 0  
  1626774943 459194309 0  
  1626774944 459194309 0  
  1626774945 459194309 0  
  1626774946 459194309 0  
  1626774947 459194309 0  
  1626774948 459194309 0  
  1626774949 459194309 0  
  1626774950 459194309 0  
  1626774951 459194309 0  
  1626774952 459194309 0  
  1626774953 459194309 0  
  1626774954 459194309 0  
  1626774955 459194309 0  
  1626774956 459194309 0  
  1626774957 459194309 0  
  1626774958 459194309 0  
  1626774959 459194309 0  
  1626774960 459194309 0  
  1626774962 459194309 0  
  1626774963 459194309 0  
  1626774964 459194309 0  
  1626774965 459194309 0  
  1626774966 459194899 0  
  1626774967 459194899 0  
  1626774968 459194899 0  
  1626774969 459194899 0  
  1626774970 459194899 0  
  1626774971 459194899 0  
  1626774972 459194899 0  
  1626774973 459194899 0  
  1626774974 459194899 0  
  1626774975 459194899 0  
  1626774976 459194899 0  
  1626774977 459194899 0  
  1626774978 459194899 0  
  1626774979 459194899 0  
  1626774980 459194899 0  
  1626774981 459194899 0  
  1626774982 459194899 0  
  1626774983 459194899 0  
  1626774984 459194899 0  
  1626774985 459194899 0  
  1626774986 459194899 0  
  1626774987 459194899 0  
  1626774988 459194899 0  
  1626774989 459194899 0  
  1626774990 459194899 0  
  1626774991 459194899 0  
  1626774992 459194899 0  
  1626774993 459194899 0  
  1626774994 459194899 0  
  1626774995 459194899 0  
  1626774996 459194899 0  
  1626774997 459194899 0  
  1626774998 459194899 0  
  1626774999 459194899 0  
  1626775000 459194899 0  
  1626775002 459194899 0  
  1626775003 459194899 0  
  1626775004 459194899 0  
  1626775005 459194899 0  
  1626775006 459194899 0  
  1626775007 459194899 0  
  1626775008 459194899 0  
  1626775009 459194899 0  
  1626775010 459194899 0  
  1626775011 459194899 0  
  1626775012 459194899 0  
  1626775013 459194899 0  
  1626775014 459194899 0  
  1626775015 459194899 0  
  1626775016 459194899 0  
  1626775017 459194899 0  
  1626775018 459194899 0  
  1626775019 459194899 0  
  1626775020 459194899 0  
  1626775021 459194899 0  
  1626775022 459194899 0  
  1626775023 459194899 0  
  1626775024 459194899 0  
  1626775025 459194899 0  
  1626775026 459194899 0  
  1626775027 459194899 0  
  1626775028 459194899 0  
  1626775029 459194899 0  
  1626775030 459194899 0  
  1626775031 459194899 0  
  1626775032 459194899 0  
  1626775033 459194899 0  
  1626775034 459194899 0  
  1626775035 459194899 0  
  1626775036 459194899 0  
  1626775037 459194899 0  
  1626775038 459194899 0  
  1626775039 459194899 0  
  1626775040 459194899 0  
  1626775042 459194899 0  
  1626775043 459194899 0  
  1626775044 459194899 0  
  1626775045 459194899 0  
  1626775046 459194899 0  
  1626775047 459194899 0  
  1626775048 459194899 0  
  1626775049 459194899 0  
  1626775050 459194899 0  
  1626775051 459194899 0  
  1626775052 459194899 0  
  1626775053 459194899 0  
  1626775054 459194899 0  
  1626775055 459194967 0  
  1626775056 459194967 0  
  1626775057 459194967 0  
  1626775058 459194967 0  
  1626775059 459195059 0  
  1626775060 459195151 0  
  1626775061 459196307 0  
  1626775062 459196307 0  
  1626775063 459196307 0  
  1626775064 459196307 0  
  1626775065 459196307 0  
  1626775066 459196307 0  
  1626775067 459196307 0  
  1626775068 459196307 0  
  1626775069 459200436 0  
  1626775070 459200940 0  
  1626775071 459200940 0  
  1626775072 459201580 0  
  1626775073 459201580 0  
  1626775074 459201580 0  
  1626775075 459201580 0  
  1626775076 459201580 0  
  1626775077 459201580 0  
  1626775078 459201580 0  
  1626775079 459201580 0  
  1626775080 459201580 0  
  1626775082 459201580 0  
  1626775083 459201580 0  
  1626775084 459201580 0  
  1626775085 459201580 0  
  1626775086 459201580 0  
  1626775087 459201580 0  
  1626775088 459201580 0  
  1626775089 459201580 0  
  1626775090 459201580 0  
  1626775091 459201580 0  
  1626775092 459201580 0  
  1626775093 459201580 0  
  1626775094 459201580 0  
  1626775095 459201580 0  
  1626775096 459201580 0  
  1626775097 459201580 0  
  1626775098 459201580 0  
  1626775099 459201580 0  
  1626775100 459201580 0  
  1626775101 459201580 0  
  1626775102 459201580 0  
  1626775103 459201580 0  
  1626775104 459201580 0  
  1626775105 459201580 0  
  1626775106 459201580 0  
  1626775107 459201580 0  
  1626775108 459201580 0  
  1626775109 459201580 0  
  1626775110 459201580 0  
  1626775111 459201580 0  
  1626775112 459201580 0  
  1626775113 459201580 0  
  1626775114 459201580 0  
  1626775115 459201580 0  
  1626775116 459201580 0  
 