 1627436643 543582468 39437  
  1627436644 543582468 39437  
  1627436645 543582468 39437  
  1627436646 543582468 39437  
  1627436647 543582468 39437  
  1627436648 543582468 39437  
  1627436649 543582468 39437  
  1627436650 543582468 39437  
  1627436651 543582468 39437  
  1627436652 543582468 39437  
  1627436653 543582468 39437  
  1627436654 543582468 39437  
  1627436655 543582468 39437  
  1627436656 543582468 39437  
  1627436657 543582468 39437  
  1627436658 543582468 39437  
  1627436659 543582468 39437  
  1627436660 543582468 39437  
  1627436661 543582468 39437  
  1627436662 543582468 39437  
  1627436663 543582468 39437  
  1627436664 543582468 39437  
  1627436665 543582468 39437  
  1627436666 543582468 39437  
  1627436667 543582468 39437  
  1627436668 543582468 39437  
  1627436669 543582468 39437  
  1627436670 543582468 39437  
  1627436671 543582468 39437  
  1627436672 543582468 39437  
  1627436673 543582468 39437  
  1627436674 543582468 39437  
  1627436676 543582468 39437  
  1627436677 543582468 39437  
  1627436678 543582468 39437  
  1627436679 543582468 39437  
  1627436680 543582468 39437  
  1627436681 543582468 39437  
  1627436682 543582468 39437  
  1627436683 543582468 39437  
  1627436684 543582468 39437  
  1627436685 543582468 39437  
  1627436686 543582468 39437  
  1627436687 543582468 39437  
  1627436688 543582468 39437  
  1627436689 543582468 39437  
  1627436690 543582468 39437  
  1627436691 543582468 39437  
  1627436692 543582468 39437  
  1627436693 543582468 39437  
  1627436694 543582468 39437  
  1627436695 543582468 39437  
  1627436696 543582468 39437  
  1627436697 543582468 39437  
  1627436698 543582468 39437  
  1627436699 543582468 39437  
  1627436700 543582468 39437  
  1627436701 543582468 39437  
  1627436702 543582468 39437  
  1627436703 543582468 39437  
  1627436704 543582468 39437  
  1627436705 543582468 39437  
  1627436706 543582468 39437  
  1627436707 543582468 39437  
  1627436708 543582468 39437  
  1627436709 543582468 39437  
  1627436710 543582468 39437  
  1627436711 543582468 39437  
  1627436712 543582468 39437  
  1627436713 543582468 39437  
  1627436714 543582468 39437  
  1627436716 543582468 39437  
  1627436717 543582468 39437  
  1627436718 543582468 39437  
  1627436719 543582468 39437  
  1627436720 543582468 39437  
  1627436721 543582468 39437  
  1627436722 543582468 39437  
  1627436723 543582468 39437  
  1627436724 543582468 39437  
  1627436725 543582468 39437  
  1627436726 543582468 39437  
  1627436727 543582468 39437  
  1627436728 543582468 39437  
  1627436729 543582468 39437  
  1627436730 543582468 39437  
  1627436731 543582468 39437  
  1627436732 543582468 39437  
  1627436733 543582468 39437  
  1627436734 543673132 39437  
  1627436735 543831865 39437  
  1627436736 543831865 39437  
  1627436737 543831984 39437  
  1627436738 543831984 39437  
  1627436739 543831984 39437  
  1627436740 543831984 39437  
  1627436741 543831984 39437  
  1627436742 543831984 39437  
  1627436743 543831984 39437  
  1627436744 543831984 39437  
  1627436745 543831984 39437  
  1627436746 543831984 39437  
  1627436747 543831984 39437  
  1627436748 543831984 39437  
  1627436749 543831984 39437  
  1627436750 543831984 39437  
  1627436751 543831984 39437  
  1627436752 543831984 39437  
  1627436753 543831984 39437  
  1627436754 543831984 39437  
  1627436756 543831984 39437  
  1627436757 543831984 39437  
  1627436758 543831984 39437  
  1627436759 543831984 39437  
  1627436760 543832076 39437  
  1627436761 543832076 39437  
  1627436762 543832076 39437  
  1627436763 543832076 39437  
  1627436764 543832076 39437  
  1627436765 543832076 39437  
  1627436766 543832076 39437  
  1627436767 543832076 39437  
  1627436768 543832076 39437  
  1627436769 543832076 39437  
  1627436770 543832076 39437  
  1627436771 543832076 39437  
  1627436772 543832076 39437  
  1627436773 543832076 39437  
  1627436774 543832076 39437  
  1627436775 543832076 39437  
  1627436776 543832076 39437  
  1627436777 543832076 39437  
  1627436778 543832076 39437  
  1627436779 543832672 39437  
  1627436780 543832672 39437  
  1627436781 543832764 39437  
  1627436782 543832764 39437  
  1627436783 543832764 39437  
  1627436784 543832764 39437  
  1627436785 543832764 39437  
  1627436786 543832764 39437  
  1627436787 543832764 39437  
  1627436788 543832764 39437  
  1627436789 543832764 39437  
  1627436790 543832840 39437  
  1627436791 543832840 39437  
  1627436792 543832840 39437  
  1627436793 543832840 39437  
  1627436794 543832840 39437  
  1627436796 543832840 39437  
  1627436797 543832840 39437  
  1627436798 543832840 39437  
  1627436799 543832840 39437  
  1627436800 543832840 39437  
  1627436801 543832840 39437  
  1627436802 543832840 39437  
  1627436803 543832840 39437  
  1627436804 543832840 39437  
  1627436805 543832840 39437  
  1627436806 543832840 39437  
  1627436807 543832840 39437  
  1627436808 543832840 39437  
  1627436809 543832840 39437  
  1627436810 543832840 39437  
  1627436811 543832840 39437  
  1627436812 543832840 39437  
  1627436813 543832840 39437  
  1627436814 543832840 39437  
  1627436815 543832840 39437  
  1627436816 543832840 39437  
  1627436817 543832840 39437  
  1627436818 543832840 39437  
  1627436819 543832840 39437  
  1627436820 543832840 39437  
  1627436821 543832840 39437  
  1627436822 543832840 39437  
  1627436823 543837149 39437  
  1627436824 543837473 39437  
  1627436825 543838181 39437  
  1627436826 543838181 39437  
  1627436827 543838181 39437  
  1627436828 543838181 39437  
  1627436829 543838181 39437  
  1627436830 543838181 39437  
  1627436831 543838181 39437  
  1627436832 543838181 39437  
  1627436833 543838181 39437  
  1627436834 543838181 39437  
  1627436836 543838181 39437  
  1627436837 543838181 39437  
  1627436838 543838181 39437  
  1627436839 543838181 39437  
  1627436840 543838181 39437  
  1627436841 543838181 39437  
  1627436842 543838181 39437  
  1627436843 543838181 39437  
  1627436844 543838181 39437  
  1627436845 543838181 39437  
  1627436846 543838181 39437  
  1627436847 543838181 39437  
  1627436848 543838181 39437  
  1627436849 543838181 39437  
  1627436850 543838181 39437  
  1627436851 543842490 39437  
  1627436852 543842814 39437  
  1627436853 543843522 39437  
  1627436854 543843522 39437  
  1627436855 543843522 39437  
  1627436856 543843522 39437  
  1627436857 543843522 39437  
  1627436858 543843522 39437  
  1627436859 543843522 39437  
  1627436860 543843522 39437  
  1627436861 543843522 39437  
  1627436862 543843522 39437  
  1627436863 543843522 39437  
  1627436864 543843522 39437  
  1627436865 543843522 39437  
  1627436866 543843522 39437  
  1627436867 543843522 39437  
  1627436868 543843522 39437  
  1627436869 543843522 39437  
  1627436870 543843522 39437  
  1627436871 543843522 39437  
  1627436872 543843522 39437  
  1627436873 543843522 39437  
  1627436875 543843522 39437  
  1627436876 543843522 39437  
  1627436877 543843522 39437  
  1627436878 543843522 39437  
  1627436879 543843522 39437  
  1627436880 543843522 39437  
  1627436881 543843522 39437  
  1627436882 543843522 39437  
  1627436883 543843522 39437  
  1627436884 543843522 39437  
  1627436885 543843522 39437  
  1627436886 543843522 39437  
  1627436887 543843522 39437  
  1627436888 543843522 39437  
  1627436889 543843614 39437  
  1627436890 543843614 39437  
  1627436891 543843614 39437  
  1627436892 543843614 39437  
  1627436893 543843614 39437  
  1627436894 543847923 39437  
  1627436895 543850208 39437  
  1627436896 543853520 39437  
  1627436897 543854296 39437  
  1627436898 543854296 39437  
  1627436899 543854296 39437  
  1627436900 543854296 39437  
  1627436901 543854296 39437  
  1627436902 543854296 39437  
  1627436903 543854296 39437  
  1627436904 543854296 39437  
  1627436905 543854296 39437  
  1627436906 543854296 39437  
  1627436907 543854296 39437  
  1627436908 543854296 39437  
  1627436909 543854296 39437  
  1627436910 543854296 39437  
  1627436911 543854296 39437  
  1627436912 543854296 39437  
  1627436914 543854296 39437  
  1627436915 543854296 39437  
  1627436916 543854296 39437  
  1627436917 543854296 39437  
  1627436918 543854296 39437  
  1627436919 543854296 39437  
  1627436920 543854296 39437  
  1627436921 543854296 39437  
  1627436922 543854296 39437  
  1627436923 543854296 39437  
  1627436924 543854296 39437  
  1627436925 543854296 39437  
  1627436926 543854296 39437  
  1627436927 543854296 39437  
  1627436928 543854296 39437  
  1627436929 543854356 39437  
  1627436930 543854356 39437  
  1627436931 543854356 39437  
  1627436932 543854356 39437  
  1627436933 543858665 39437  
  1627436934 543858989 39437  
  1627436935 543859697 39437  
  1627436936 543859697 39437  
  1627436937 543859697 39437  
  1627436938 543859697 39437  
  1627436939 543859697 39437  
  1627436940 543859697 39437  
  1627436941 543859697 39437  
  1627436942 543859697 39437  
  1627436943 543859697 39437  
  1627436944 543859697 39437  
  1627436945 543859697 39437  
  1627436946 543859697 39437  
  1627436947 543859697 39437  
  1627436948 543859697 39437  
  1627436949 543859697 39437  
  1627436950 543859697 39437  
  1627436952 543859697 39437  
  1627436953 543859697 39437  
  1627436954 543859697 39437  
  1627436955 543859697 39437  
  1627436956 543859697 39437  
  1627436957 543859697 39437  
  1627436958 543859697 39437  
  1627436959 543859697 39437  
  1627436960 543859697 39437  
  1627436961 543859697 39437  
  1627436962 543859697 39437  
  1627436963 543859697 39437  
  1627436964 543859697 39437  
  1627436965 543859697 39437  
 