 1627426833 570657603 42898  
  1627426834 570657603 42898  
  1627426835 570657603 42898  
  1627426836 570657603 42898  
  1627426837 570657960 42898  
  1627426838 570657960 42898  
  1627426839 570657960 42898  
  1627426840 570657960 42898  
  1627426841 570657960 42898  
  1627426842 570657960 42898  
  1627426843 570657960 42898  
  1627426844 570657960 42898  
  1627426845 570657960 42898  
  1627426846 570657960 42898  
  1627426847 570657960 42898  
  1627426848 570657960 42898  
  1627426849 570657960 42898  
  1627426850 570657960 42898  
  1627426851 570657960 42898  
  1627426852 570657960 42898  
  1627426853 570657960 42898  
  1627426854 570657960 42898  
  1627426855 570657960 42898  
  1627426856 570657960 42898  
  1627426857 570657960 42898  
  1627426858 570657960 42898  
  1627426859 570657960 42898  
  1627426860 570657960 42898  
  1627426861 570657960 42898  
  1627426862 570657960 42898  
  1627426863 570657960 42898  
  1627426864 570657960 42898  
  1627426865 570657960 42898  
  1627426867 570657960 42898  
  1627426868 570657960 42898  
  1627426869 570657960 42898  
  1627426870 570658052 42898  
  1627426871 570658052 42898  
  1627426872 570658052 42898  
  1627426873 570658052 42898  
  1627426874 570658052 42898  
  1627426875 570658052 42898  
  1627426876 570658052 42898  
  1627426877 570658052 42898  
  1627426878 570658052 42898  
  1627426879 570658052 42898  
  1627426880 570658052 42898  
  1627426881 570658052 42898  
  1627426882 570658052 42898  
  1627426883 570658052 42898  
  1627426884 570658052 42898  
  1627426885 570658052 42898  
  1627426886 570658052 42898  
  1627426887 570658052 42898  
  1627426888 570658052 42898  
  1627426889 570658052 42898  
  1627426890 570658052 42898  
  1627426891 570658052 42898  
  1627426892 570658052 42898  
  1627426893 570658052 42898  
  1627426894 570658052 42898  
  1627426895 570658052 42898  
  1627426896 570658052 42898  
  1627426897 570658052 42898  
  1627426898 570658052 42898  
  1627426899 570658052 42898  
  1627426900 570658052 42898  
  1627426901 570658052 42898  
  1627426902 570658052 42898  
  1627426903 570658052 42898  
  1627426904 570658052 42898  
  1627426906 570658052 42898  
  1627426907 570658052 42898  
  1627426908 570658052 42898  
  1627426909 570658052 42898  
  1627426910 570658052 42898  
  1627426911 570658052 42898  
  1627426912 570658052 42898  
  1627426913 570658052 42898  
  1627426914 570658052 42898  
  1627426915 570658052 42898  
  1627426916 570658052 42898  
  1627426917 570658052 42898  
  1627426918 570658052 42898  
  1627426919 570658052 42898  
  1627426920 570658052 42898  
  1627426921 570658052 42898  
  1627426922 570658052 42898  
  1627426923 570658052 42898  
  1627426924 570658052 42898  
  1627426925 570658052 42898  
  1627426926 570662361 42898  
  1627426927 570662685 42898  
  1627426928 570663393 42898  
  1627426929 570663393 42898  
  1627426930 570663393 42898  
  1627426931 570663393 42898  
  1627426932 570663393 42898  
  1627426933 570663393 42898  
  1627426934 570663393 42898  
  1627426935 570663393 42898  
  1627426936 570663393 42898  
  1627426937 570663393 42898  
  1627426938 570663393 42898  
  1627426939 570663393 42898  
  1627426940 570663393 42898  
  1627426941 570663393 42898  
  1627426942 570663393 42898  
  1627426943 570663393 42898  
  1627426945 570663393 42898  
  1627426946 570663393 42898  
  1627426947 570668110 42898  
  1627426948 570668110 42898  
  1627426949 570668614 42898  
  1627426950 570668614 42898  
  1627426951 570668614 42898  
  1627426952 570668614 42898  
  1627426953 570673247 42898  
  1627426954 570673247 42898  
  1627426955 570673955 42898  
  1627426956 570673955 42898  
  1627426957 570673955 42898  
  1627426958 570673955 42898  
  1627426959 570673955 42898  
  1627426960 570673955 42898  
  1627426961 570673955 42898  
  1627426962 570673955 42898  
  1627426963 570673955 42898  
  1627426964 570673955 42898  
  1627426965 570673955 42898  
  1627426966 570673955 42898  
  1627426967 570673955 42898  
  1627426968 570673955 42898  
  1627426969 570673955 42898  
  1627426970 570673955 42898  
  1627426971 570673955 42898  
  1627426972 570673955 42898  
  1627426973 570673955 42898  
  1627426974 570673955 42898  
  1627426975 570673955 42898  
  1627426976 570673955 42898  
  1627426977 570673955 42898  
  1627426978 570673955 42898  
  1627426979 570674551 42898  
  1627426980 570674551 42898  
  1627426981 570674551 42898  
  1627426982 570674551 42898  
  1627426984 570674551 42898  
  1627426985 570674551 42898  
  1627426986 570674551 42898  
  1627426987 570674551 42898  
  1627426988 570674551 42898  
  1627426989 570674643 42898  
  1627426990 570674643 42898  
  1627426991 570674643 42898  
  1627426992 570674643 42898  
  1627426993 570674643 42898  
  1627426994 570674643 42898  
  1627426995 570674643 42898  
  1627426996 570674643 42898  
  1627426997 570678952 42898  
  1627426998 570683909 42898  
  1627426999 570684617 42898  
  1627427000 570685325 42898  
  1627427001 570685325 42898  
  1627427002 570685325 42898  
  1627427003 570685325 42898  
  1627427004 570685325 42898  
  1627427005 570685325 42898  
  1627427006 570685325 42898  
  1627427007 570685325 42898  
  1627427008 570685325 42898  
  1627427009 570685325 42898  
  1627427010 570685325 42898  
  1627427011 570685325 42898  
  1627427012 570685325 42898  
  1627427013 570685325 42898  
  1627427014 570685325 42898  
  1627427015 570685325 42898  
  1627427016 570685325 42898  
  1627427017 570685325 42898  
  1627427018 570685325 42898  
  1627427019 570685325 42898  
  1627427020 570685325 42898  
  1627427022 570685325 42898  
  1627427023 570685325 42898  
  1627427024 570685325 42898  
  1627427025 570685325 42898  
  1627427026 570685325 42898  
  1627427027 570685325 42898  
  1627427028 570685325 42898  
  1627427029 570685325 42898  
  1627427030 570685325 42898  
  1627427031 570685325 42898  
  1627427032 570685325 42898  
  1627427033 570685325 42898  
  1627427034 570685325 42898  
  1627427035 570687286 42898  
  1627427036 570689958 42898  
  1627427037 570689958 42898  
  1627427038 570690666 42898  
  1627427039 570690666 42898  
  1627427040 570690666 42898  
  1627427041 570690666 42898  
  1627427042 570690666 42898  
  1627427043 570690666 42898  
  1627427044 570690666 42898  
  1627427045 570690666 42898  
  1627427046 570690666 42898  
  1627427047 570690666 42898  
  1627427048 570690666 42898  
  1627427049 570690666 42898  
  1627427050 570690666 42898  
  1627427051 570690666 42898  
  1627427052 570690666 42898  
  1627427053 570690666 42898  
  1627427054 570690666 42898  
  1627427055 570690666 42898  
  1627427056 570690666 42898  
  1627427057 570690666 42898  
  1627427058 570690666 42898  
  1627427060 570690666 42898  
  1627427061 570690666 42898  
  1627427062 570690666 42898  
  1627427063 570690666 42898  
  1627427064 570690666 42898  
  1627427065 570690666 42898  
  1627427066 570690666 42898  
  1627427067 570690666 42898  
  1627427068 570690666 42898  
  1627427069 570690666 42898  
  1627427070 570690666 42898  
  1627427071 570690666 42898  
  1627427072 570690666 42898  
  1627427073 570690666 42898  
  1627427074 570690666 42898  
  1627427075 570690666 42898  
  1627427076 570690666 42898  
  1627427077 570690666 42898  
  1627427078 570690666 42898  
  1627427079 570690666 42898  
  1627427080 570690666 42898  
  1627427081 570690666 42898  
  1627427082 570690666 42898  
  1627427083 570690666 42898  
  1627427084 570690666 42898  
  1627427085 570690666 42898  
  1627427086 570690666 42898  
  1627427087 570690666 42898  
  1627427088 570690666 42898  
  1627427089 570690666 42898  
  1627427090 570690666 42898  
  1627427091 570690666 42898  
  1627427092 570690666 42898  
  1627427093 570690666 42898  
  1627427094 570690666 42898  
  1627427095 570690666 42898  
  1627427096 570690666 42898  
  1627427098 570690666 42898  
  1627427099 570690666 42898  
  1627427100 570690666 42898  
  1627427101 570690666 42898  
  1627427102 570690666 42898  
  1627427103 570690666 42898  
  1627427104 570690666 42898  
  1627427105 570690666 42898  
  1627427106 570690666 42898  
  1627427107 570690666 42898  
  1627427108 570690666 42898  
  1627427109 570690666 42898  
  1627427110 570690666 42898  
  1627427111 570690666 42898  
  1627427112 570690666 42898  
  1627427113 570690666 42898  
  1627427114 570690666 42898  
  1627427115 570690666 42898  
  1627427116 570690666 42898  
  1627427117 570690666 42898  
  1627427118 570690666 42898  
  1627427119 570690666 42898  
  1627427120 570690666 42898  
  1627427121 570690666 42898  
  1627427122 570690666 42898  
  1627427123 570690666 42898  
  1627427124 570690666 42898  
  1627427125 570690666 42898  
  1627427126 570690666 42898  
  1627427127 570690666 42898  
  1627427128 570690758 42898  
  1627427129 570690758 42898  
  1627427130 570690758 42898  
  1627427131 570690758 42898  
  1627427132 570690758 42898  
  1627427133 570690758 42898  
  1627427134 570690758 42898  
  1627427136 570690758 42898  
  1627427137 570691115 42898  
  1627427138 570691115 42898  
  1627427139 570691115 42898  
  1627427140 570691115 42898  
  1627427141 570691115 42898  
  1627427142 570691115 42898  
  1627427143 570691115 42898  
  1627427144 570691115 42898  
  1627427145 570691115 42898  
  1627427146 570691115 42898  
  1627427147 570691115 42898  
  1627427148 570691115 42898  
  1627427149 570691115 42898  
  1627427150 570691115 42898  
  1627427151 570691115 42898  
  1627427152 570691115 42898  
  1627427153 570691115 42898  
  1627427154 570691115 42898  
  1627427155 570691115 42898  
  1627427156 570691115 42898  
  1627427157 570691115 42898  
  1627427158 570691115 42898  
  1627427159 570691115 42898  
  1627427160 570691115 42898  
  1627427161 570691115 42898  
  1627427162 570691115 42898  
  1627427163 570691115 42898  
  1627427164 570691115 42898  
  1627427165 570691115 42898  
  1627427166 570691115 42898  
  1627427167 570691115 42898  
  1627427168 570691115 42898  
  1627427169 570691115 42898  
  1627427170 570691115 42898  
  1627427171 570691115 42898  
  1627427172 570691115 42898  
  1627427174 570691115 42898  
  1627427175 570691115 42898  
  1627427176 570691115 42898  
  1627427177 570691115 42898  
  1627427178 570691115 42898  
  1627427179 570691115 42898  
  1627427180 570691711 42898  
  1627427181 570691711 42898  
  1627427182 570691711 42898  
  1627427183 570691711 42898  
  1627427184 570691711 42898  
  1627427185 570691711 42898  
  1627427186 570691711 42898  
  1627427187 570691711 42898  
  1627427188 570691711 42898  
  1627427189 570691711 42898  
  1627427190 570691711 42898  
  1627427191 570691711 42898  
  1627427192 570691711 42898  
  1627427193 570691711 42898  
  1627427194 570691711 42898  
  1627427195 570691711 42898  
  1627427196 570691711 42898  
  1627427197 570691711 42898  
  1627427198 570691711 42898  
  1627427199 570691711 42898  
  1627427200 570691711 42898  
  1627427201 570691711 42898  
  1627427202 570691711 42898  
  1627427203 570691711 42898  
  1627427204 570691711 42898  
  1627427205 570691711 42898  
  1627427206 570691711 42898  
  1627427207 570691711 42898  
  1627427208 570691711 42898  
  1627427209 570691711 42898  
  1627427211 570691711 42898  
  1627427212 570691711 42898  
  1627427213 570691711 42898  
  1627427214 570691711 42898  
  1627427215 570691711 42898  
  1627427216 570691711 42898  
  1627427217 570691711 42898  
 