 1626397442 410039508 82219  
  1626397443 410039508 82219  
  1626397444 410039508 82219  
  1626397445 410039508 82219  
  1626397446 410039508 82219  
  1626397447 410039508 82219  
  1626397448 410039508 82219  
  1626397449 410039508 82219  
  1626397450 410039508 82219  
  1626397451 410039508 82219  
  1626397452 410039652 82219  
  1626397454 410044141 82219  
  1626397455 410044141 82219  
  1626397456 410044849 82219  
  1626397457 410044849 82219  
  1626397458 410044849 82219  
  1626397459 410044849 82219  
  1626397460 410044849 82219  
  1626397461 410044849 82219  
  1626397462 410044849 82219  
  1626397463 410044849 82219  
  1626397464 410044993 82219  
  1626397465 410051359 82219  
  1626397466 410054823 82219  
  1626397467 410055531 82219  
  1626397468 410055531 82219  
  1626397469 410055531 82219  
  1626397470 410055531 82219  
  1626397471 410055531 82219  
  1626397472 410055531 82219  
  1626397473 410055531 82219  
  1626397474 410055531 82219  
  1626397475 410055531 82219  
  1626397476 410055531 82219  
  1626397477 410055531 82219  
  1626397478 410055531 82219  
  1626397479 410055531 82219  
  1626397480 410055531 82219  
  1626397481 410055531 82219  
  1626397482 410055531 82219  
  1626397483 410055531 82219  
  1626397484 410055531 82219  
  1626397485 410055531 82219  
  1626397486 410055531 82219  
  1626397487 410055531 82219  
  1626397488 410055531 82219  
  1626397489 410055531 82219  
  1626397490 410055531 82219  
  1626397491 410055531 82219  
  1626397492 410055531 82219  
  1626397494 410055531 82219  
  1626397495 410059660 82219  
  1626397496 410060164 82219  
  1626397497 410060164 82219  
  1626397498 410060804 82219  
  1626397499 410060804 82219  
  1626397500 410060804 82219  
  1626397501 410060804 82219  
  1626397502 410060804 82219  
  1626397503 410060804 82219  
  1626397504 410060804 82219  
  1626397505 410060804 82219  
  1626397506 410060804 82219  
  1626397507 410060804 82219  
  1626397508 410060804 82219  
  1626397509 410060804 82219  
  1626397510 410060804 82219  
  1626397511 410060804 82219  
  1626397512 410060804 82219  
  1626397513 410060804 82219  
  1626397514 410060804 82219  
  1626397515 410060804 82219  
  1626397516 410060804 82219  
  1626397517 410060804 82219  
  1626397518 410060804 82219  
  1626397519 410060804 82219  
  1626397520 410060804 82219  
  1626397521 410060804 82219  
  1626397522 410060804 82219  
  1626397523 410060804 82219  
  1626397524 410060804 82219  
  1626397525 410060804 82219  
  1626397526 410060804 82219  
  1626397527 410060804 82219  
  1626397528 410060804 82219  
  1626397529 410060804 82219  
  1626397530 410060804 82219  
  1626397531 410061161 82219  
  1626397532 410061161 82219  
  1626397534 410061161 82219  
  1626397535 410061161 82219  
  1626397536 410061161 82219  
  1626397537 410061161 82219  
  1626397538 410061161 82219  
  1626397539 410061161 82219  
  1626397540 410061161 82219  
  1626397541 410061161 82219  
  1626397542 410061161 82219  
  1626397543 410061161 82219  
  1626397544 410061161 82219  
  1626397545 410061161 82219  
  1626397546 410061161 82219  
  1626397547 410061161 82219  
  1626397548 410061161 82219  
  1626397549 410061161 82219  
  1626397550 410061161 82219  
  1626397551 410061161 82219  
  1626397552 410061161 82219  
  1626397553 410061161 82219  
  1626397554 410061161 82219  
  1626397555 410061161 82219  
  1626397556 410061161 82219  
  1626397557 410061253 82219  
  1626397558 410061253 82219  
  1626397559 410061253 82219  
  1626397560 410061849 82219  
  1626397561 410061849 82219  
  1626397562 410061849 82219  
  1626397563 410061849 82219  
  1626397564 410061849 82219  
  1626397565 410061849 82219  
  1626397566 410061849 82219  
  1626397567 410061849 82219  
  1626397568 410061849 82219  
  1626397569 410061849 82219  
  1626397570 410061849 82219  
  1626397571 410061849 82219  
  1626397572 410061849 82219  
  1626397574 410061849 82219  
  1626397575 410061849 82219  
  1626397576 410061849 82219  
  1626397577 410061849 82219  
  1626397578 410061849 82219  
  1626397579 410061849 82219  
  1626397580 410061849 82219  
  1626397581 410061849 82219  
  1626397582 410061849 82219  
  1626397583 410061849 82219  
  1626397584 410061849 82219  
  1626397585 410061849 82219  
  1626397586 410061849 82219  
  1626397587 410061849 82219  
  1626397588 410061849 82219  
  1626397589 410061849 82219  
  1626397590 410061849 82219  
  1626397591 410061849 82219  
  1626397592 410061849 82219  
  1626397593 410061849 82219  
  1626397594 410061849 82219  
  1626397595 410061849 82219  
  1626397596 410061849 82219  
  1626397597 410061849 82219  
  1626397598 410061849 82219  
  1626397599 410061849 82219  
  1626397600 410061849 82219  
  1626397601 410061849 82219  
  1626397602 410061849 82219  
  1626397603 410061849 82219  
  1626397604 410061849 82219  
  1626397605 410061849 82219  
  1626397606 410061849 82219  
  1626397607 410061849 82219  
  1626397608 410061849 82219  
  1626397609 410061849 82219  
  1626397610 410061849 82219  
  1626397611 410061849 82219  
  1626397612 410061849 82219  
  1626397614 410061849 82219  
  1626397615 410061849 82219  
  1626397616 410061849 82219  
  1626397617 410061849 82219  
  1626397618 410061849 82219  
  1626397619 410061849 82219  
  1626397620 410061849 82219  
  1626397621 410061849 82219  
  1626397622 410061849 82219  
  1626397623 410061849 82219  
  1626397624 410061849 82219  
  1626397625 410061849 82219  
  1626397626 410061849 82219  
  1626397627 410061849 82219  
  1626397628 410061849 82219  
  1626397629 410061849 82219  
  1626397630 410061849 82219  
  1626397631 410061849 82219  
  1626397632 410061849 82219  
  1626397633 410061849 82219  
  1626397634 410061849 82219  
  1626397635 410061849 82219  
  1626397636 410061849 82219  
  1626397637 410061849 82219  
  1626397638 410061849 82219  
  1626397639 410061849 82219  
  1626397640 410061849 82219  
  1626397641 410061849 82219  
  1626397642 410061849 82219  
  1626397643 410061849 82219  
  1626397644 410061849 82219  
  1626397645 410061849 82219  
  1626397646 410061849 82219  
  1626397647 410061849 82219  
  1626397648 410061849 82219  
  1626397649 410061849 82219  
  1626397650 410061849 82219  
  1626397651 410061849 82219  
  1626397652 410061849 82219  
  1626397654 410061849 82219  
  1626397655 410061849 82219  
  1626397656 410061849 82219  
  1626397657 410061849 82219  
  1626397658 410061849 82219  
  1626397659 410061849 82219  
  1626397660 410061849 82219  
  1626397661 410061849 82219  
  1626397662 410066158 82219  
  1626397663 410066482 82219  
  1626397664 410067190 82219  
  1626397665 410067190 82219  
  1626397666 410067190 82219  
  1626397667 410067190 82219  
  1626397668 410067190 82219  
  1626397669 410067190 82219  
  1626397670 410067190 82219  
  1626397671 410067190 82219  
  1626397672 410067190 82219  
  1626397673 410067190 82219  
  1626397674 410067190 82219  
  1626397675 410067190 82219  
  1626397676 410067190 82219  
  1626397677 410067190 82219  
  1626397678 410067190 82219  
  1626397679 410067190 82219  
  1626397680 410067190 82219  
  1626397681 410067190 82219  
  1626397682 410067190 82219  
  1626397683 410067190 82219  
  1626397684 410067190 82219  
  1626397685 410067190 82219  
  1626397686 410067282 82219  
  1626397687 410067282 82219  
  1626397688 410067282 82219  
  1626397689 410067282 82219  
  1626397690 410067282 82219  
  1626397691 410067282 82219  
  1626397692 410067282 82219  
  1626397694 410067282 82219  
  1626397695 410067282 82219  
  1626397696 410067282 82219  
  1626397697 410067282 82219  
  1626397698 410067282 82219  
  1626397699 410067282 82219  
  1626397700 410067282 82219  
  1626397701 410067282 82219  
  1626397702 410067282 82219  
  1626397703 410067282 82219  
  1626397704 410067282 82219  
  1626397705 410067282 82219  
  1626397706 410067282 82219  
  1626397707 410067282 82219  
  1626397708 410067282 82219  
  1626397709 410067282 82219  
  1626397710 410067282 82219  
  1626397711 410067282 82219  
  1626397712 410067282 82219  
  1626397713 410067282 82219  
  1626397714 410067282 82219  
  1626397715 410067282 82219  
  1626397716 410067282 82219  
  1626397717 410067282 82219  
  1626397718 410067282 82219  
  1626397719 410067282 82219  
  1626397720 410067282 82219  
  1626397721 410067282 82219  
  1626397722 410067282 82219  
  1626397723 410067282 82219  
  1626397724 410067282 82219  
  1626397725 410067282 82219  
  1626397726 410067282 82219  
  1626397727 410067282 82219  
  1626397728 410067282 82219  
  1626397729 410067282 82219  
  1626397730 410067282 82219  
  1626397731 410067282 82219  
  1626397732 410067282 82219  
  1626397734 410067282 82219  
  1626397735 410067282 82219  
  1626397736 410067282 82219  
  1626397737 410067282 82219  
  1626397738 410067282 82219  
  1626397739 410067282 82219  
  1626397740 410067282 82219  
  1626397741 410067282 82219  
  1626397742 410067282 82219  
  1626397743 410067282 82219  
  1626397744 410067282 82219  
  1626397745 410067282 82219  
  1626397746 410067282 82219  
  1626397747 410067282 82219  
  1626397748 410067282 82219  
  1626397749 410067282 82219  
  1626397750 410067282 82219  
  1626397751 410067282 82219  
  1626397752 410071591 82219  
  1626397753 410071915 82219  
  1626397754 410071915 82219  
  1626397755 410072623 82219  
  1626397756 410072623 82219  
  1626397757 410072623 82219  
  1626397758 410072623 82219  
  1626397759 410072623 82219  
  1626397760 410073219 82219  
  1626397761 410073219 82219  
  1626397762 410073219 82219  
  1626397763 410073219 82219  
  1626397764 410077852 82219  
  1626397765 410077852 82219  
  1626397766 410083193 82219  
  1626397767 410083193 82219  
  1626397768 410083901 82219  
  1626397769 410083901 82219  
  1626397770 410083901 82219  
  1626397771 410083901 82219  
  1626397773 410083901 82219  
  1626397774 410083901 82219  
  1626397775 410083901 82219  
  1626397776 410083901 82219  
  1626397777 410083901 82219  
  1626397778 410083901 82219  
  1626397779 410083901 82219  
  1626397780 410083901 82219  
  1626397781 410083901 82219  
  1626397782 410083901 82219  
  1626397783 410083901 82219  
  1626397784 410083901 82219  
  1626397785 410083901 82219  
  1626397786 410083901 82219  
 