 1627434963 550678386 0  
  1627434964 550678386 0  
  1627434965 550678386 0  
  1627434966 550678386 0  
  1627434967 550678386 0  
  1627434968 550678386 0  
  1627434969 550678386 0  
  1627434970 550678386 0  
  1627434971 550678386 0  
  1627434972 550678386 0  
  1627434973 550678386 0  
  1627434974 550678386 0  
  1627434975 550678386 0  
  1627434976 550678386 0  
  1627434977 550678386 0  
  1627434978 550678386 0  
  1627434979 550678386 0  
  1627434980 550678386 0  
  1627434981 550678386 0  
  1627434982 550678386 0  
  1627434983 550678386 0  
  1627434984 550678386 0  
  1627434985 550678386 0  
  1627434986 550678386 0  
  1627434987 550678386 0  
  1627434988 550678386 0  
  1627434989 550678386 0  
  1627434990 550678386 0  
  1627434991 550678386 0  
  1627434993 550678386 0  
  1627434994 550678386 0  
  1627434995 550678386 0  
  1627434996 550678386 0  
  1627434997 550678386 0  
  1627434998 550678386 0  
  1627434999 550678386 0  
  1627435000 550678386 0  
  1627435001 550678386 0  
  1627435002 550678386 0  
  1627435003 550678386 0  
  1627435004 550678386 0  
  1627435005 550678386 0  
  1627435006 550678386 0  
  1627435007 550678386 0  
  1627435008 550678386 0  
  1627435009 550678386 0  
  1627435010 550678386 0  
  1627435011 550678386 0  
  1627435012 550678386 0  
  1627435013 550678386 0  
  1627435014 550678386 0  
  1627435015 550678386 0  
  1627435016 550678386 0  
  1627435017 550678386 0  
  1627435018 550678386 0  
  1627435019 550678386 0  
  1627435020 550678386 0  
  1627435021 550678386 0  
  1627435022 550678386 0  
  1627435023 550682695 0  
  1627435024 550683019 0  
  1627435025 550683019 0  
  1627435026 550683727 0  
  1627435027 550683727 0  
  1627435028 550683727 0  
  1627435029 550683727 0  
  1627435031 550683727 0  
  1627435032 550683727 0  
  1627435033 550683727 0  
  1627435034 550683727 0  
  1627435035 550683727 0  
  1627435036 550683727 0  
  1627435037 550683727 0  
  1627435038 550683727 0  
  1627435039 550683727 0  
  1627435040 550683727 0  
  1627435041 550683727 0  
  1627435042 550683727 0  
  1627435043 550683727 0  
  1627435044 550683727 0  
  1627435045 550683727 0  
  1627435046 550683727 0  
  1627435047 550683727 0  
  1627435048 550683727 0  
  1627435049 550683727 0  
  1627435050 550683727 0  
  1627435051 550688360 0  
  1627435052 550688360 0  
  1627435053 550689068 0  
  1627435054 550689068 0  
  1627435055 550689068 0  
  1627435056 550689068 0  
  1627435057 550689068 0  
  1627435058 550689068 0  
  1627435059 550689068 0  
  1627435060 550689068 0  
  1627435061 550689068 0  
  1627435062 550689406 0  
  1627435063 550689406 0  
  1627435064 550689406 0  
  1627435065 550689406 0  
  1627435066 550689406 0  
  1627435067 550689406 0  
  1627435068 550689406 0  
  1627435070 550689406 0  
  1627435071 550689406 0  
  1627435072 550689406 0  
  1627435073 550689406 0  
  1627435074 550689406 0  
  1627435075 550689406 0  
  1627435076 550689406 0  
  1627435077 550689406 0  
  1627435078 550689406 0  
  1627435079 550689406 0  
  1627435080 550690002 0  
  1627435081 550690002 0  
  1627435082 550690002 0  
  1627435083 550690002 0  
  1627435084 550690002 0  
  1627435085 550690002 0  
  1627435086 550690002 0  
  1627435087 550690002 0  
  1627435088 550690002 0  
  1627435089 550690002 0  
  1627435090 550690002 0  
  1627435091 550690002 0  
  1627435092 550690002 0  
  1627435093 550690002 0  
  1627435094 550694311 0  
  1627435095 550694635 0  
  1627435096 550699268 0  
  1627435097 550700684 0  
  1627435098 550700684 0  
  1627435099 550700684 0  
  1627435100 550700684 0  
  1627435101 550700684 0  
  1627435102 550700684 0  
  1627435103 550700684 0  
  1627435104 550700684 0  
  1627435105 550700776 0  
  1627435106 550700776 0  
  1627435107 550700776 0  
  1627435109 550700776 0  
  1627435110 550700776 0  
  1627435111 550700776 0  
  1627435112 550700776 0  
  1627435113 550700776 0  
  1627435114 550700776 0  
  1627435115 550700776 0  
  1627435116 550700776 0  
  1627435117 550700776 0  
  1627435118 550700776 0  
  1627435119 550700776 0  
  1627435120 550700776 0  
  1627435121 550700776 0  
  1627435122 550700776 0  
  1627435123 550700776 0  
  1627435124 550700776 0  
  1627435125 550700776 0  
  1627435126 550700776 0  
  1627435127 550700776 0  
  1627435128 550700776 0  
  1627435129 550700776 0  
  1627435130 550700776 0  
  1627435131 550700776 0  
  1627435132 550700776 0  
  1627435133 550704905 0  
  1627435134 550705409 0  
  1627435135 550705409 0  
  1627435136 550706117 0  
  1627435137 550706117 0  
  1627435138 550706117 0  
  1627435139 550706117 0  
  1627435140 550706117 0  
  1627435141 550706117 0  
  1627435142 550706117 0  
  1627435143 550706117 0  
  1627435144 550706117 0  
  1627435145 550706117 0  
  1627435147 550706117 0  
  1627435148 550706117 0  
  1627435149 550706117 0  
  1627435150 550706117 0  
  1627435151 550706117 0  
  1627435152 550706117 0  
  1627435153 550706117 0  
  1627435154 550706117 0  
  1627435155 550706117 0  
  1627435156 550706117 0  
  1627435157 550706117 0  
  1627435158 550706117 0  
  1627435159 550706117 0  
  1627435160 550706117 0  
  1627435161 550706117 0  
  1627435162 550706117 0  
  1627435163 550706117 0  
  1627435164 550706117 0  
  1627435165 550706117 0  
  1627435166 550706117 0  
  1627435167 550706117 0  
  1627435168 550706117 0  
  1627435169 550706117 0  
  1627435170 550706117 0  
  1627435171 550706117 0  
  1627435172 550706117 0  
  1627435173 550706117 0  
  1627435174 550706117 0  
  1627435175 550706117 0  
  1627435176 550706117 0  
  1627435177 550706117 0  
  1627435178 550706117 0  
  1627435179 550706117 0  
  1627435180 550706117 0  
  1627435181 550706117 0  
  1627435182 550706117 0  
  1627435184 550706117 0  
  1627435185 550706117 0  
  1627435186 550706117 0  
  1627435187 550706117 0  
  1627435188 550706117 0  
  1627435189 550706117 0  
  1627435190 550706117 0  
  1627435191 550706117 0  
  1627435192 550706117 0  
  1627435193 550706117 0  
  1627435194 550706117 0  
  1627435195 550706117 0  
  1627435196 550706117 0  
  1627435197 550706117 0  
  1627435198 550706117 0  
  1627435199 550706117 0  
  1627435200 550706117 0  
  1627435201 550706117 0  
  1627435202 550706117 0  
  1627435203 550706117 0  
  1627435204 550706117 0  
  1627435205 550706117 0  
  1627435206 550706117 0  
  1627435207 550706117 0  
  1627435208 550706117 0  
  1627435209 550706117 0  
  1627435210 550706117 0  
  1627435211 550706117 0  
  1627435212 550706117 0  
  1627435213 550706117 0  
  1627435214 550706117 0  
  1627435215 550706117 0  
  1627435216 550706117 0  
  1627435217 550706117 0  
  1627435218 550706117 0  
  1627435219 550706117 0  
  1627435220 550706117 0  
  1627435222 550706117 0  
  1627435223 550706117 0  
  1627435224 550706117 0  
  1627435225 550706117 0  
  1627435226 550706117 0  
  1627435227 550706117 0  
  1627435228 550706117 0  
  1627435229 550706117 0  
  1627435230 550706117 0  
  1627435231 550706117 0  
  1627435232 550706117 0  
  1627435233 550706117 0  
  1627435234 550706474 0  
  1627435235 550706474 0  
  1627435236 550706474 0  
  1627435237 550706474 0  
  1627435238 550706474 0  
  1627435239 550706474 0  
  1627435240 550706474 0  
  1627435241 550706474 0  
  1627435242 550706474 0  
  1627435243 550706474 0  
  1627435244 550706474 0  
  1627435245 550706474 0  
  1627435246 550706474 0  
  1627435247 550706474 0  
  1627435248 550706474 0  
  1627435249 550706474 0  
  1627435250 550706474 0  
  1627435251 550706474 0  
  1627435252 550706474 0  
  1627435253 550706474 0  
  1627435254 550706474 0  
  1627435255 550706474 0  
  1627435256 550706474 0  
  1627435257 550706474 0  
  1627435259 550706474 0  
  1627435260 550706474 0  
  1627435261 550706474 0  
  1627435262 550706474 0  
  1627435263 550706474 0  
  1627435264 550706474 0  
  1627435265 550706474 0  
  1627435266 550706474 0  
  1627435267 550706474 0  
  1627435268 550706474 0  
  1627435269 550706474 0  
  1627435270 550706474 0  
  1627435271 550706474 0  
  1627435272 550706474 0  
  1627435273 550706474 0  
  1627435274 550706474 0  
  1627435275 550706474 0  
  1627435276 550706474 0  
  1627435277 550706474 0  
  1627435278 550706474 0  
  1627435279 550706474 0  
  1627435280 550707070 0  
  1627435281 550707070 0  
  1627435282 550707070 0  
  1627435283 550707070 0  
  1627435284 550707070 0  
  1627435285 550707070 0  
  1627435286 550707070 0  
  1627435287 550707070 0  
  1627435288 550707070 0  
  1627435289 550707070 0  
  1627435290 550707070 0  
  1627435291 550707070 0  
  1627435292 550707070 0  
  1627435293 550707070 0  
  1627435294 550707070 0  
  1627435296 550707070 0  
  1627435297 550707070 0  
  1627435298 550707070 0  
  1627435299 550707070 0  
  1627435300 550707070 0  
  1627435301 550707070 0  
  1627435302 550707070 0  
  1627435303 550707070 0  
  1627435304 550707070 0  
  1627435305 550707070 0  
  1627435306 550707070 0  
  1627435307 550707070 0  
  1627435308 550707070 0  
  1627435309 550707070 0  
  1627435310 550707070 0  
  1627435311 550707070 0  
  1627435312 550707070 0  
  1627435313 550707070 0  
  1627435314 550707070 0  
  1627435315 550707070 0  
  1627435316 550707070 0  
  1627435317 550707070 0  
  1627435318 550707070 0  
  1627435319 550707070 0  
  1627435320 550707070 0  
  1627435321 550707070 0  
  1627435322 550707070 0  
  1627435323 550711379 0  
  1627435324 550711703 0  
  1627435325 550712411 0  
  1627435326 550712411 0  
  1627435327 550712411 0  
  1627435328 550712411 0  
  1627435329 550712411 0  
  1627435330 550712411 0  
  1627435331 550712411 0  
  1627435332 550712411 0  
  1627435334 550712411 0  
  1627435335 550712411 0  
  1627435336 550712411 0  
  1627435337 550712411 0  
  1627435338 550712411 0  
  1627435339 550712411 0  
  1627435340 550712411 0  
  1627435341 550712411 0  
  1627435342 550712411 0  
  1627435343 550712411 0  
  1627435344 550712411 0  
  1627435345 550712411 0  
  1627435346 550712411 0  
  1627435347 550712411 0  
  1627435348 550712411 0  
  1627435349 550712411 0  
  1627435350 550712411 0  
  1627435351 550712411 0  
  1627435352 550717044 0  
  1627435353 550717044 0  
  1627435354 550717752 0  
  1627435355 550717752 0  
  1627435356 550717752 0  
  1627435357 550717752 0  
  1627435358 550717752 0  
  1627435359 550717752 0  
  1627435360 550717752 0  
  1627435361 550717752 0  
  1627435362 550717752 0  
  1627435363 550717752 0  
  1627435364 550717752 0  
  1627435365 550717752 0  
  1627435366 550717752 0  
  1627435367 550717752 0  
  1627435368 550717752 0  
  1627435369 550717752 0  
  1627435370 550717752 0  
  1627435371 550717752 0  
  1627435373 550717752 0  
  1627435374 550717752 0  
  1627435375 550717752 0  
  1627435376 550717752 0  
  1627435377 550717752 0  
  1627435378 550717752 0  
  1627435379 550717752 0  
  1627435380 550717752 0  
  1627435381 550717752 0  
  1627435382 550717752 0  
  1627435383 550717752 0  
  1627435384 550717752 0  
  1627435385 550717752 0  
  1627435386 550717752 0  
  1627435387 550717752 0  
  1627435388 550717752 0  
  1627435389 550717752 0  
  1627435390 550717752 0  
  1627435391 550717752 0  
  1627435392 550717752 0  
  1627435393 550717752 0  
  1627435394 550717752 0  
  1627435395 550722385 0  
  1627435396 550727018 0  
  1627435397 550727726 0  
  1627435398 550728434 0  
  1627435399 550728434 0  
  1627435400 550728434 0  
  1627435401 550728434 0  
  1627435402 550728434 0  
  1627435403 550728434 0  
  1627435404 550728434 0  
  1627435405 550728434 0  
  1627435406 550728434 0  
  1627435407 550728434 0  
  1627435408 550728434 0  
  1627435409 550728434 0  
  1627435411 550728434 0  
  1627435412 550728434 0  
  1627435413 550728434 0  
  1627435414 550728434 0  
  1627435415 550728434 0  
  1627435416 550728434 0  
  1627435417 550728434 0  
  1627435418 550728434 0  
  1627435419 550728526 0  
  1627435420 550728526 0  
  1627435421 550728526 0  
  1627435422 550728526 0  
  1627435423 550728526 0  
  1627435424 550728526 0  
  1627435425 550728526 0  
  1627435426 550728526 0  
  1627435427 550728526 0  
  1627435428 550728526 0  
  1627435429 550728526 0  
  1627435430 550728526 0  
  1627435431 550728526 0  
  1627435432 550728526 0  
  1627435433 550731423 0  
  1627435434 550733159 0  
  1627435435 550733159 0  
  1627435436 550733867 0  
  1627435437 550733867 0  
  1627435438 550733867 0  
  1627435439 550733867 0  
  1627435440 550733867 0  
  1627435441 550733867 0  
  1627435442 550733867 0  
  1627435443 550733867 0  
  1627435444 550733867 0  
  1627435445 550733867 0  
  1627435446 550733867 0  
  1627435447 550733867 0  
  1627435449 550733867 0  
  1627435450 550733867 0  
  1627435451 550733867 0  
  1627435452 550733867 0  
  1627435453 550733867 0  
  1627435454 550733867 0  
  1627435455 550733867 0  
  1627435456 550733867 0  
  1627435457 550733867 0  
  1627435458 550733867 0  
  1627435459 550733867 0  
  1627435460 550733867 0  
  1627435461 550733867 0  
  1627435462 550733867 0  
  1627435463 550733867 0  
  1627435464 550733867 0  
  1627435465 550733867 0  
  1627435466 550733867 0  
  1627435467 550733867 0  
  1627435468 550733867 0  
  1627435469 550733867 0  
  1627435470 550733867 0  
  1627435471 550733867 0  
  1627435472 550733867 0  
  1627435473 550733867 0  
  1627435474 550733867 0  
  1627435475 550733867 0  
  1627435476 550733867 0  
  1627435477 550733867 0  
  1627435478 550733867 0  
  1627435479 550733867 0  
  1627435480 550734463 0  
  1627435481 550734463 0  
  1627435482 550734463 0  
  1627435483 550734463 0  
  1627435484 550734463 0  
  1627435485 550734463 0  
  1627435486 550734463 0  
  1627435488 550734463 0  
  1627435489 550734463 0  
  1627435490 550734463 0  
  1627435491 550734463 0  
  1627435492 550734463 0  
  1627435493 550734463 0  
  1627435494 550734463 0  
  1627435495 550734463 0  
  1627435496 550734463 0  
  1627435497 550734463 0  
  1627435498 550734463 0  
  1627435499 550734463 0  
  1627435500 550734463 0  
  1627435501 550734463 0  
  1627435502 550734463 0  
  1627435503 550734463 0  
  1627435504 550734463 0  
  1627435505 550734463 0  
  1627435506 550734463 0  
  1627435507 550734463 0  
  1627435508 550734463 0  
  1627435509 550734463 0  
  1627435510 550734463 0  
  1627435511 550734463 0  
  1627435512 550734463 0  
  1627435513 550734463 0  
  1627435514 550734463 0  
  1627435515 550734463 0  
  1627435516 550734463 0  
  1627435517 550734463 0  
  1627435518 550734463 0  
  1627435519 550734463 0  
  1627435520 550734463 0  
  1627435521 550734463 0  
  1627435522 550734463 0  
  1627435523 550734463 0  
  1627435524 550734463 0  
  1627435525 550734463 0  
  1627435527 550734463 0  
  1627435528 550734463 0  
  1627435529 550734463 0  
  1627435530 550734463 0  
  1627435531 550734463 0  
  1627435532 550734463 0  
  1627435533 550734463 0  
  1627435534 550734820 0  
  1627435535 550734820 0  
  1627435536 550734820 0  
  1627435537 550734820 0  
  1627435538 550734820 0  
  1627435539 550734820 0  
  1627435540 550734820 0  
  1627435541 550734820 0  
  1627435542 550734820 0  
  1627435543 550734820 0  
  1627435544 550734820 0  
  1627435545 550734820 0  
  1627435546 550734820 0  
  1627435547 550734820 0  
  1627435548 550734820 0  
  1627435549 550734820 0  
  1627435550 550734820 0  
  1627435551 550734820 0  
  1627435552 550734820 0  
  1627435553 550734820 0  
  1627435554 550734820 0  
  1627435555 550734820 0  
  1627435556 550734820 0  
  1627435557 550734820 0  
  1627435558 550734820 0  
  1627435559 550734820 0  
  1627435560 550734820 0  
  1627435561 550734820 0  
  1627435562 550734820 0  
  1627435563 550734820 0  
  1627435565 550734820 0  
  1627435566 550734820 0  
  1627435567 550734820 0  
  1627435568 550734820 0  
  1627435569 550734820 0  
  1627435570 550734820 0  
  1627435571 550734820 0  
  1627435572 550734820 0  
  1627435573 550734820 0  
  1627435574 550734820 0  
  1627435575 550734820 0  
  1627435576 550734820 0  
  1627435577 550734820 0  
  1627435578 550734820 0  
  1627435579 550734820 0  
  1627435580 550734820 0  
  1627435581 550734820 0  
  1627435582 550734820 0  
  1627435583 550734820 0  
  1627435584 550734820 0  
  1627435585 550734820 0  
  1627435586 550734820 0  
  1627435587 550734820 0  
  1627435588 550734820 0  
  1627435589 550734820 0  
  1627435590 550734820 0  
  1627435591 550734820 0  
  1627435592 550734820 0  
  1627435593 550734820 0  
  1627435594 550734820 0  
  1627435595 550734820 0  
  1627435596 550734820 0  
  1627435597 550734820 0  
 