 1627423292 566346539 0  
  1627423293 566346539 0  
  1627423295 566346539 0  
  1627423296 566346539 0  
  1627423297 566346539 0  
  1627423298 566346539 0  
  1627423299 566346539 0  
  1627423300 566346539 0  
  1627423301 566346539 0  
  1627423302 566346539 0  
  1627423303 566346539 0  
  1627423304 566346539 0  
  1627423305 566346539 0  
  1627423306 566346539 0  
  1627423307 566346539 0  
  1627423308 566346539 0  
  1627423309 566346539 0  
  1627423310 566346539 0  
  1627423311 566346539 0  
  1627423312 566346539 0  
  1627423313 566346539 0  
  1627423314 566346539 0  
  1627423315 566346539 0  
  1627423316 566346539 0  
  1627423317 566346539 0  
  1627423318 566346539 0  
  1627423319 566346539 0  
  1627423320 566346539 0  
  1627423321 566346539 0  
  1627423322 566346539 0  
  1627423323 566346539 0  
  1627423324 566346539 0  
  1627423325 566346539 0  
  1627423326 566346539 0  
  1627423327 566348392 0  
  1627423328 566351264 0  
  1627423329 566351264 0  
  1627423330 566351972 0  
  1627423331 566351972 0  
  1627423332 566351972 0  
  1627423334 566351972 0  
  1627423335 566351972 0  
  1627423336 566351972 0  
  1627423337 566351972 0  
  1627423338 566351972 0  
  1627423339 566351972 0  
  1627423340 566351972 0  
  1627423341 566351972 0  
  1627423342 566351972 0  
  1627423343 566351972 0  
  1627423344 566351972 0  
  1627423345 566351972 0  
  1627423346 566356417 0  
  1627423347 566356825 0  
  1627423348 566357329 0  
  1627423349 566357329 0  
  1627423350 566357329 0  
  1627423351 566357329 0  
  1627423352 566357329 0  
  1627423353 566357329 0  
  1627423354 566361962 0  
  1627423355 566361962 0  
  1627423356 566362670 0  
  1627423357 566362670 0  
  1627423358 566362670 0  
  1627423359 566362670 0  
  1627423360 566362670 0  
  1627423361 566362670 0  
  1627423362 566362670 0  
  1627423363 566362670 0  
  1627423364 566362670 0  
  1627423365 566362670 0  
  1627423366 566362670 0  
  1627423367 566362670 0  
  1627423368 566362670 0  
  1627423369 566362670 0  
  1627423370 566362670 0  
  1627423371 566362670 0  
  1627423373 566362670 0  
  1627423374 566362670 0  
  1627423375 566362670 0  
  1627423376 566362670 0  
  1627423377 566362670 0  
  1627423378 566362670 0  
  1627423379 566362670 0  
  1627423380 566362670 0  
  1627423381 566362670 0  
  1627423382 566362670 0  
  1627423383 566362762 0  
  1627423384 566362762 0  
  1627423385 566362762 0  
  1627423386 566362762 0  
  1627423387 566362762 0  
  1627423388 566362762 0  
  1627423389 566362762 0  
  1627423390 566362762 0  
  1627423391 566362762 0  
  1627423392 566362762 0  
  1627423393 566362762 0  
  1627423394 566362762 0  
  1627423395 566362762 0  
  1627423396 566362762 0  
  1627423397 566362762 0  
  1627423398 566362762 0  
  1627423399 566371380 0  
  1627423400 566372028 0  
  1627423401 566373444 0  
  1627423402 566373444 0  
  1627423403 566373444 0  
  1627423404 566373444 0  
  1627423405 566373444 0  
  1627423406 566373444 0  
  1627423407 566373444 0  
  1627423408 566373444 0  
  1627423409 566373444 0  
  1627423411 566373444 0  
  1627423412 566373444 0  
  1627423413 566373444 0  
  1627423414 566373444 0  
  1627423415 566373444 0  
  1627423416 566373444 0  
  1627423417 566373444 0  
  1627423418 566373444 0  
  1627423419 566373444 0  
  1627423420 566373444 0  
  1627423421 566373444 0  
  1627423422 566373444 0  
  1627423423 566373444 0  
  1627423424 566373444 0  
  1627423425 566373444 0  
  1627423426 566373444 0  
  1627423427 566373444 0  
  1627423428 566373444 0  
  1627423429 566373444 0  
  1627423430 566373444 0  
  1627423431 566373444 0  
  1627423432 566373444 0  
  1627423433 566373444 0  
  1627423434 566373444 0  
  1627423435 566373444 0  
  1627423436 566373444 0  
  1627423437 566373588 0  
  1627423438 566378077 0  
  1627423439 566378077 0  
  1627423440 566378785 0  
  1627423441 566378785 0  
  1627423442 566378785 0  
  1627423443 566378785 0  
  1627423444 566378785 0  
  1627423445 566378785 0  
  1627423446 566378785 0  
  1627423447 566378785 0  
  1627423449 566378785 0  
  1627423450 566378785 0  
  1627423451 566378785 0  
  1627423452 566378785 0  
  1627423453 566378785 0  
  1627423454 566378785 0  
  1627423455 566378785 0  
  1627423456 566378785 0  
  1627423457 566378785 0  
  1627423458 566378785 0  
  1627423459 566378785 0  
  1627423460 566378785 0  
  1627423461 566378785 0  
  1627423462 566378785 0  
  1627423463 566378785 0  
  1627423464 566378785 0  
  1627423465 566378785 0  
  1627423466 566378785 0  
  1627423467 566378785 0  
  1627423468 566378785 0  
  1627423469 566378785 0  
  1627423470 566378785 0  
  1627423471 566378785 0  
  1627423472 566378785 0  
  1627423473 566378785 0  
  1627423474 566378785 0  
  1627423475 566378785 0  
  1627423476 566378785 0  
  1627423477 566378785 0  
  1627423478 566378785 0  
  1627423479 566379375 0  
  1627423480 566379375 0  
  1627423481 566379375 0  
  1627423482 566379375 0  
  1627423483 566379375 0  
  1627423484 566379375 0  
  1627423485 566379375 0  
  1627423487 566379375 0  
  1627423488 566379375 0  
  1627423489 566379375 0  
  1627423490 566379375 0  
  1627423491 566379375 0  
  1627423492 566379375 0  
  1627423493 566379375 0  
  1627423494 566379375 0  
  1627423495 566379375 0  
  1627423496 566379375 0  
  1627423497 566379375 0  
  1627423498 566379375 0  
  1627423499 566379375 0  
  1627423500 566379375 0  
  1627423501 566379375 0  
  1627423502 566379375 0  
  1627423503 566379375 0  
  1627423504 566379375 0  
  1627423505 566379375 0  
  1627423506 566379375 0  
  1627423507 566379375 0  
  1627423508 566379375 0  
  1627423509 566379375 0  
  1627423510 566379375 0  
  1627423511 566379375 0  
  1627423512 566379467 0  
  1627423513 566379467 0  
  1627423514 566379467 0  
  1627423515 566379467 0  
  1627423516 566379467 0  
  1627423517 566379467 0  
  1627423518 566379467 0  
  1627423519 566379467 0  
  1627423520 566379467 0  
  1627423521 566379467 0  
  1627423522 566379467 0  
  1627423523 566379467 0  
  1627423525 566379467 0  
  1627423526 566379467 0  
  1627423527 566379467 0  
  1627423528 566379467 0  
  1627423529 566379467 0  
  1627423530 566379467 0  
  1627423531 566379467 0  
  1627423532 566379467 0  
  1627423533 566379467 0  
  1627423534 566379467 0  
  1627423535 566379467 0  
  1627423536 566379467 0  
  1627423537 566379467 0  
  1627423538 566379467 0  
  1627423539 566379467 0  
  1627423540 566379824 0  
  1627423541 566379824 0  
  1627423542 566379824 0  
  1627423543 566379824 0  
  1627423544 566379824 0  
  1627423545 566379824 0  
  1627423546 566379824 0  
  1627423547 566379824 0  
  1627423548 566379824 0  
  1627423549 566379824 0  
  1627423550 566379824 0  
  1627423551 566379824 0  
  1627423552 566379824 0  
  1627423553 566379824 0  
  1627423554 566379824 0  
  1627423555 566379824 0  
  1627423556 566379824 0  
  1627423557 566379824 0  
  1627423558 566379824 0  
  1627423559 566379824 0  
  1627423560 566379824 0  
  1627423561 566379824 0  
  1627423563 566379824 0  
  1627423564 566379824 0  
  1627423565 566379824 0  
  1627423566 566379824 0  
  1627423567 566379824 0  
  1627423568 566379824 0  
  1627423569 566379824 0  
  1627423570 566379824 0  
  1627423571 566379824 0  
  1627423572 566379824 0  
  1627423573 566379824 0  
  1627423574 566379824 0  
  1627423575 566379824 0  
  1627423576 566379824 0  
  1627423577 566379824 0  
  1627423578 566379824 0  
  1627423579 566379824 0  
  1627423580 566379824 0  
  1627423581 566379824 0  
  1627423582 566379824 0  
  1627423583 566379824 0  
  1627423584 566379824 0  
  1627423585 566379824 0  
  1627423586 566379824 0  
  1627423587 566379824 0  
  1627423588 566379824 0  
  1627423589 566379824 0  
  1627423590 566379824 0  
  1627423591 566379824 0  
  1627423592 566379824 0  
  1627423593 566379824 0  
  1627423594 566379824 0  
  1627423595 566379824 0  
  1627423596 566379824 0  
  1627423597 566379824 0  
  1627423598 566379824 0  
  1627423599 566379824 0  
  1627423601 566379824 0  
  1627423602 566379824 0  
  1627423603 566379824 0  
  1627423604 566379824 0  
  1627423605 566379824 0  
  1627423606 566379824 0  
  1627423607 566379824 0  
  1627423608 566379824 0  
  1627423609 566379824 0  
  1627423610 566379824 0  
  1627423611 566379824 0  
  1627423612 566379824 0  
  1627423613 566379824 0  
  1627423614 566379824 0  
  1627423615 566379824 0  
  1627423616 566379824 0  
  1627423617 566379824 0  
  1627423618 566379824 0  
  1627423619 566379824 0  
  1627423620 566379824 0  
  1627423621 566379824 0  
  1627423622 566379824 0  
  1627423623 566379824 0  
  1627423624 566379824 0  
  1627423625 566379824 0  
  1627423626 566379824 0  
  1627423627 566379824 0  
  1627423628 566384133 0  
  1627423629 566384457 0  
  1627423630 566385165 0  
  1627423631 566385165 0  
  1627423632 566385165 0  
  1627423633 566385165 0  
  1627423634 566385165 0  
  1627423635 566385165 0  
  1627423636 566385165 0  
  1627423637 566385165 0  
  1627423639 566385165 0  
  1627423640 566385165 0  
  1627423641 566385165 0  
  1627423642 566385165 0  
  1627423643 566385257 0  
  1627423644 566385257 0  
  1627423645 566385257 0  
  1627423646 566385257 0  
  1627423647 566385257 0  
  1627423648 566385257 0  
  1627423649 566385257 0  
  1627423650 566385257 0  
  1627423651 566385257 0  
  1627423652 566385257 0  
  1627423653 566385257 0  
  1627423654 566385257 0  
  1627423655 566385257 0  
  1627423656 566389566 0  
  1627423657 566389890 0  
  1627423658 566390544 0  
  1627423659 566390544 0  
  1627423660 566390544 0  
  1627423661 566390544 0  
  1627423662 566390544 0  
  1627423663 566390544 0  
  1627423664 566390544 0  
  1627423665 566390544 0  
  1627423666 566390544 0  
  1627423667 566390544 0  
  1627423668 566390544 0  
  1627423669 566390544 0  
  1627423670 566390544 0  
  1627423671 566390544 0  
  1627423672 566390544 0  
  1627423673 566390544 0  
  1627423674 566390544 0  
  1627423675 566390544 0  
  1627423677 566390544 0  
 