 1626787328 460543830 115360  
  1626787329 460543830 115360  
  1626787330 460543830 115360  
  1626787331 460543830 115360  
  1626787332 460543830 115360  
  1626787333 460543830 115360  
  1626787334 460543922 115360  
  1626787335 460543922 115360  
  1626787336 460543922 115360  
  1626787337 460543922 115360  
  1626787338 460543922 115360  
  1626787339 460544260 115360  
  1626787340 460544260 115360  
  1626787341 460544260 115360  
  1626787342 460544260 115360  
  1626787343 460544260 115360  
  1626787344 460544260 115360  
  1626787345 460544260 115360  
  1626787346 460544260 115360  
  1626787348 460544260 115360  
  1626787349 460544260 115360  
  1626787350 460544260 115360  
  1626787351 460544260 115360  
  1626787352 460544260 115360  
  1626787353 460544260 115360  
  1626787354 460544260 115360  
  1626787355 460544260 115360  
  1626787356 460544260 115360  
  1626787357 460544260 115360  
  1626787358 460544260 115360  
  1626787359 460544260 115360  
  1626787360 460544260 115360  
  1626787361 460544260 115360  
  1626787362 460544260 115360  
  1626787363 460544260 115360  
  1626787364 460544404 115360  
  1626787365 460548893 115360  
  1626787366 460548893 115360  
  1626787367 460549601 115360  
  1626787368 460549601 115360  
  1626787369 460549601 115360  
  1626787370 460549601 115360  
  1626787371 460549601 115360  
  1626787372 460549601 115360  
  1626787373 460549601 115360  
  1626787374 460549601 115360  
  1626787375 460549601 115360  
  1626787376 460549601 115360  
  1626787377 460549601 115360  
  1626787378 460549601 115360  
  1626787379 460549601 115360  
  1626787380 460549601 115360  
  1626787381 460549601 115360  
  1626787382 460549601 115360  
  1626787383 460549601 115360  
  1626787384 460549601 115360  
  1626787385 460549601 115360  
  1626787387 460549601 115360  
  1626787388 460549601 115360  
  1626787389 460549601 115360  
  1626787390 460549601 115360  
  1626787391 460549601 115360  
  1626787392 460549601 115360  
  1626787393 460549601 115360  
  1626787394 460549601 115360  
  1626787395 460549601 115360  
  1626787396 460549601 115360  
  1626787397 460549601 115360  
  1626787398 460549601 115360  
  1626787399 460549601 115360  
  1626787400 460549601 115360  
  1626787401 460549601 115360  
  1626787402 460549601 115360  
  1626787403 460549601 115360  
  1626787404 460549601 115360  
  1626787405 460549601 115360  
  1626787406 460549601 115360  
  1626787407 460549601 115360  
  1626787408 460549601 115360  
  1626787409 460549601 115360  
  1626787410 460549601 115360  
  1626787411 460549601 115360  
  1626787412 460549601 115360  
  1626787413 460549601 115360  
  1626787414 460549601 115360  
  1626787415 460549601 115360  
  1626787416 460549601 115360  
  1626787417 460549601 115360  
  1626787418 460549601 115360  
  1626787419 460549601 115360  
  1626787420 460549601 115360  
  1626787421 460549601 115360  
  1626787422 460549601 115360  
  1626787423 460549601 115360  
  1626787424 460549601 115360  
  1626787425 460549601 115360  
  1626787427 460549601 115360  
  1626787428 460549601 115360  
  1626787429 460549601 115360  
  1626787430 460549601 115360  
  1626787431 460549601 115360  
  1626787432 460549601 115360  
  1626787433 460549601 115360  
  1626787434 460549601 115360  
  1626787435 460549601 115360  
  1626787436 460549601 115360  
  1626787437 460549601 115360  
  1626787438 460549601 115360  
  1626787439 460549601 115360  
  1626787440 460549601 115360  
  1626787441 460549601 115360  
  1626787442 460549601 115360  
  1626787443 460549601 115360  
  1626787444 460549601 115360  
  1626787445 460549601 115360  
  1626787446 460549601 115360  
  1626787447 460549601 115360  
  1626787448 460549601 115360  
  1626787449 460549601 115360  
  1626787450 460549601 115360  
  1626787451 460549601 115360  
  1626787452 460549601 115360  
  1626787453 460549601 115360  
  1626787454 460549601 115360  
  1626787455 460549601 115360  
  1626787456 460549601 115360  
  1626787457 460549601 115360  
  1626787458 460549601 115360  
  1626787459 460549601 115360  
  1626787460 460549601 115360  
  1626787461 460549601 115360  
  1626787462 460549693 115360  
  1626787463 460549693 115360  
  1626787464 460549693 115360  
  1626787466 460550289 115360  
  1626787467 460550289 115360  
  1626787468 460550289 115360  
  1626787469 460550289 115360  
  1626787470 460550289 115360  
  1626787471 460550289 115360  
  1626787472 460550289 115360  
  1626787473 460550289 115360  
  1626787474 460550289 115360  
  1626787475 460550289 115360  
  1626787476 460550289 115360  
  1626787477 460550289 115360  
  1626787478 460550289 115360  
  1626787479 460550289 115360  
  1626787480 460550289 115360  
  1626787481 460550289 115360  
  1626787482 460550289 115360  
  1626787483 460550289 115360  
  1626787484 460550289 115360  
  1626787485 460550289 115360  
  1626787486 460550289 115360  
  1626787487 460550289 115360  
  1626787488 460550289 115360  
  1626787489 460550289 115360  
  1626787490 460550289 115360  
  1626787491 460550289 115360  
  1626787492 460550289 115360  
  1626787493 460550289 115360  
  1626787494 460550289 115360  
  1626787495 460550289 115360  
  1626787496 460550289 115360  
  1626787497 460550289 115360  
  1626787498 460550289 115360  
  1626787499 460550289 115360  
  1626787500 460550289 115360  
  1626787501 460554598 115360  
  1626787502 460554922 115360  
  1626787503 460555630 115360  
  1626787504 460555722 115360  
  1626787506 460555722 115360  
  1626787507 460555722 115360  
  1626787508 460555722 115360  
  1626787509 460555722 115360  
  1626787510 460555722 115360  
  1626787511 460555722 115360  
  1626787512 460555722 115360  
  1626787513 460555722 115360  
  1626787514 460555722 115360  
  1626787515 460555722 115360  
  1626787516 460560031 115360  
  1626787517 460560355 115360  
  1626787518 460570005 115360  
  1626787519 460570329 115360  
  1626787520 460571677 115360  
  1626787521 460571677 115360  
  1626787522 460571677 115360  
  1626787523 460571677 115360  
  1626787524 460571677 115360  
  1626787525 460571677 115360  
  1626787526 460571677 115360  
  1626787527 460571677 115360  
  1626787528 460571677 115360  
  1626787529 460571677 115360  
  1626787530 460571677 115360  
  1626787531 460571677 115360  
  1626787532 460571677 115360  
  1626787533 460571677 115360  
  1626787534 460572034 115360  
  1626787535 460572034 115360  
  1626787536 460572034 115360  
  1626787537 460572034 115360  
  1626787538 460572034 115360  
  1626787539 460572034 115360  
  1626787540 460572034 115360  
  1626787541 460572034 115360  
  1626787542 460572034 115360  
  1626787543 460572034 115360  
  1626787545 460572034 115360  
  1626787546 460572034 115360  
  1626787547 460572034 115360  
  1626787548 460572034 115360  
  1626787549 460572034 115360  
  1626787550 460572034 115360  
  1626787551 460572034 115360  
  1626787552 460572034 115360  
  1626787553 460572034 115360  
  1626787554 460572034 115360  
  1626787555 460572034 115360  
  1626787556 460572034 115360  
  1626787557 460572034 115360  
  1626787558 460572034 115360  
  1626787559 460572034 115360  
  1626787560 460572034 115360  
  1626787561 460572034 115360  
  1626787562 460572034 115360  
  1626787563 460572034 115360  
  1626787564 460572034 115360  
  1626787565 460572034 115360  
  1626787566 460572034 115360  
  1626787567 460572034 115360  
  1626787568 460572034 115360  
  1626787569 460572034 115360  
  1626787570 460572034 115360  
  1626787571 460572034 115360  
  1626787572 460572034 115360  
  1626787573 460572034 115360  
  1626787574 460572034 115360  
  1626787575 460572034 115360  
  1626787576 460572034 115360  
  1626787577 460572034 115360  
  1626787578 460572034 115360  
  1626787579 460572034 115360  
  1626787580 460572034 115360  
  1626787581 460572034 115360  
  1626787582 460572034 115360  
  1626787584 460572034 115360  
  1626787585 460572034 115360  
  1626787586 460572034 115360  
  1626787587 460572034 115360  
  1626787588 460572034 115360  
  1626787589 460572034 115360  
  1626787590 460572034 115360  
  1626787591 460572034 115360  
  1626787592 460572126 115360  
  1626787593 460572126 115360  
  1626787594 460572126 115360  
  1626787595 460572126 115360  
  1626787596 460572126 115360  
  1626787597 460572126 115360  
  1626787598 460572126 115360  
  1626787599 460572126 115360  
  1626787600 460572126 115360  
  1626787601 460572126 115360  
  1626787602 460572126 115360  
  1626787603 460572126 115360  
  1626787604 460572126 115360  
  1626787605 460572126 115360  
  1626787606 460572126 115360  
  1626787607 460572126 115360  
  1626787608 460572126 115360  
  1626787609 460572126 115360  
  1626787610 460572126 115360  
  1626787611 460572126 115360  
  1626787612 460572126 115360  
  1626787613 460572126 115360  
  1626787614 460572126 115360  
  1626787615 460572126 115360  
  1626787616 460572126 115360  
  1626787617 460572126 115360  
  1626787618 460572126 115360  
  1626787619 460572126 115360  
  1626787620 460572126 115360  
  1626787622 460572126 115360  
  1626787623 460572126 115360  
  1626787624 460572126 115360  
  1626787625 460572126 115360  
  1626787626 460572126 115360  
  1626787627 460572126 115360  
  1626787628 460572126 115360  
  1626787629 460572126 115360  
  1626787630 460572126 115360  
  1626787631 460572126 115360  
  1626787632 460572126 115360  
  1626787633 460572126 115360  
  1626787634 460572126 115360  
  1626787635 460572126 115360  
  1626787636 460572126 115360  
  1626787637 460572126 115360  
  1626787638 460572126 115360  
  1626787639 460572126 115360  
  1626787640 460572126 115360  
  1626787641 460572126 115360  
  1626787642 460572126 115360  
  1626787643 460572126 115360  
  1626787644 460572126 115360  
  1626787645 460572126 115360  
  1626787646 460572126 115360  
  1626787647 460572126 115360  
  1626787648 460572126 115360  
  1626787649 460572126 115360  
  1626787650 460572126 115360  
 