 1627437723 549790081 0  
  1627437724 549790789 0  
  1627437725 549790789 0  
  1627437726 549790789 0  
  1627437727 549790789 0  
  1627437728 549790789 0  
  1627437729 549790789 0  
  1627437730 549790789 0  
  1627437731 549790789 0  
  1627437732 549790789 0  
  1627437733 549790789 0  
  1627437734 549790789 0  
  1627437735 549790789 0  
  1627437736 549790789 0  
  1627437737 549790789 0  
  1627437738 549790789 0  
  1627437739 549790789 0  
  1627437740 549790789 0  
  1627437741 549790789 0  
  1627437743 549790789 0  
  1627437744 549790789 0  
  1627437745 549790789 0  
  1627437746 549795098 0  
  1627437747 549795506 0  
  1627437748 549795506 0  
  1627437749 549800643 0  
  1627437750 549800643 0  
  1627437751 549801351 0  
  1627437752 549801351 0  
  1627437753 549801351 0  
  1627437754 549801351 0  
  1627437755 549801351 0  
  1627437756 549801351 0  
  1627437757 549801351 0  
  1627437758 549801351 0  
  1627437759 549801351 0  
  1627437760 549801351 0  
  1627437761 549801351 0  
  1627437762 549801351 0  
  1627437763 549801351 0  
  1627437764 549801351 0  
  1627437765 549801351 0  
  1627437766 549801351 0  
  1627437767 549801351 0  
  1627437768 549801351 0  
  1627437769 549801351 0  
  1627437770 549801351 0  
  1627437771 549801351 0  
  1627437772 549801351 0  
  1627437773 549801351 0  
  1627437774 549801351 0  
  1627437775 549801351 0  
  1627437776 549801351 0  
  1627437777 549801351 0  
  1627437778 549801351 0  
  1627437779 549801351 0  
  1627437780 549801351 0  
  1627437782 549801351 0  
  1627437783 549801351 0  
  1627437784 549801351 0  
  1627437785 549801351 0  
  1627437786 549801351 0  
  1627437787 549801351 0  
  1627437788 549801351 0  
  1627437789 549801351 0  
  1627437790 549801351 0  
  1627437791 549801351 0  
  1627437792 549805660 0  
  1627437793 549805984 0  
  1627437794 549811189 0  
  1627437795 549811189 0  
  1627437796 549811897 0  
  1627437797 549811897 0  
  1627437798 549811897 0  
  1627437799 549811897 0  
  1627437800 549811897 0  
  1627437801 549811897 0  
  1627437802 549811897 0  
  1627437803 549811897 0  
  1627437804 549811897 0  
  1627437805 549811897 0  
  1627437806 549811897 0  
  1627437807 549811897 0  
  1627437808 549811897 0  
  1627437809 549811897 0  
  1627437810 549811897 0  
  1627437811 549811897 0  
  1627437812 549811897 0  
  1627437813 549811897 0  
  1627437814 549811897 0  
  1627437815 549811897 0  
  1627437816 549811897 0  
  1627437817 549811897 0  
  1627437818 549811897 0  
  1627437819 549811897 0  
  1627437821 549811897 0  
  1627437822 549811897 0  
  1627437823 549811897 0  
  1627437824 549811897 0  
  1627437825 549811897 0  
  1627437826 549811897 0  
  1627437827 549811897 0  
  1627437828 549811897 0  
  1627437829 549811897 0  
  1627437830 549811897 0  
  1627437831 549816206 0  
  1627437832 549816530 0  
  1627437833 549817238 0  
  1627437834 549817238 0  
  1627437835 549817238 0  
  1627437836 549817238 0  
  1627437837 549817238 0  
  1627437838 549817238 0  
  1627437839 549817238 0  
  1627437840 549817238 0  
  1627437841 549817238 0  
  1627437842 549817238 0  
  1627437843 549817238 0  
  1627437844 549817238 0  
  1627437845 549817238 0  
  1627437846 549817238 0  
  1627437847 549817238 0  
  1627437848 549817330 0  
  1627437849 549817330 0  
  1627437850 549817330 0  
  1627437851 549817330 0  
  1627437852 549817330 0  
  1627437853 549817330 0  
  1627437854 549817422 0  
  1627437855 549817422 0  
  1627437856 549817422 0  
  1627437857 549817422 0  
  1627437858 549817422 0  
  1627437860 549817422 0  
  1627437861 549817422 0  
  1627437862 549817422 0  
  1627437863 549817422 0  
  1627437864 549817422 0  
  1627437865 549817422 0  
  1627437866 549817422 0  
  1627437867 549817422 0  
  1627437868 549817422 0  
  1627437869 549817422 0  
  1627437870 549817422 0  
  1627437871 549817422 0  
  1627437872 549817422 0  
  1627437873 549817422 0  
  1627437874 549817422 0  
  1627437875 549817422 0  
  1627437876 549817422 0  
  1627437877 549817422 0  
  1627437878 549817422 0  
  1627437879 549818018 0  
  1627437880 549818018 0  
  1627437881 549818018 0  
  1627437882 549818018 0  
  1627437883 549818018 0  
  1627437884 549818018 0  
  1627437885 549818018 0  
  1627437886 549818018 0  
  1627437887 549818018 0  
  1627437888 549818018 0  
  1627437889 549818018 0  
  1627437890 549818018 0  
  1627437891 549818018 0  
  1627437892 549818018 0  
  1627437893 549818018 0  
  1627437894 549818018 0  
  1627437895 549818018 0  
  1627437896 549818018 0  
  1627437897 549818018 0  
  1627437898 549818018 0  
  1627437900 549818018 0  
  1627437901 549818018 0  
  1627437902 549818018 0  
  1627437903 549818018 0  
  1627437904 549818018 0  
  1627437905 549818018 0  
  1627437906 549818018 0  
  1627437907 549818018 0  
  1627437908 549818018 0  
  1627437909 549818018 0  
  1627437910 549818018 0  
  1627437911 549818018 0  
  1627437912 549818018 0  
  1627437913 549818018 0  
  1627437914 549818018 0  
  1627437915 549818018 0  
  1627437916 549818018 0  
  1627437917 549818018 0  
  1627437918 549818018 0  
  1627437919 549818018 0  
  1627437920 549818018 0  
  1627437921 549818018 0  
  1627437922 549818018 0  
  1627437923 549818018 0  
  1627437924 549818018 0  
  1627437925 549818018 0  
  1627437926 549818018 0  
  1627437927 549818018 0  
  1627437928 549818018 0  
  1627437929 549818018 0  
  1627437930 549818018 0  
  1627437931 549818375 0  
  1627437932 549818375 0  
  1627437933 549818375 0  
  1627437934 549818375 0  
  1627437935 549818375 0  
  1627437936 549818375 0  
  1627437937 549818375 0  
  1627437939 549818375 0  
  1627437940 549818375 0  
  1627437941 549818375 0  
  1627437942 549818375 0  
  1627437943 549818375 0  
  1627437944 549818375 0  
  1627437945 549818375 0  
  1627437946 549818451 0  
  1627437947 549818451 0  
  1627437948 549818451 0  
  1627437949 549818451 0  
  1627437950 549818451 0  
  1627437951 549818451 0  
  1627437952 549818451 0  
  1627437953 549818451 0  
  1627437954 549818451 0  
  1627437955 549818451 0  
  1627437956 549818451 0  
  1627437957 549818451 0  
  1627437958 549818451 0  
  1627437959 549818451 0  
  1627437960 549818451 0  
  1627437961 549818451 0  
  1627437962 549818451 0  
  1627437963 549818451 0  
  1627437964 549818451 0  
  1627437965 549818451 0  
  1627437966 549818451 0  
  1627437967 549818451 0  
  1627437968 549818451 0  
  1627437969 549818451 0  
  1627437970 549818451 0  
  1627437971 549818451 0  
  1627437972 549818451 0  
  1627437973 549818451 0  
  1627437974 549818451 0  
  1627437975 549818451 0  
  1627437976 549818543 0  
  1627437978 549818543 0  
  1627437979 549818543 0  
  1627437980 549818543 0  
  1627437981 549818543 0  
  1627437982 549818543 0  
  1627437983 549818543 0  
  1627437984 549818543 0  
  1627437985 549818543 0  
  1627437986 549818543 0  
  1627437987 549818543 0  
  1627437988 549818543 0  
  1627437989 549818543 0  
  1627437990 549818543 0  
  1627437991 549818543 0  
  1627437992 549818543 0  
  1627437993 549818543 0  
  1627437994 549818543 0  
  1627437995 549818543 0  
  1627437996 549818543 0  
  1627437997 549818543 0  
  1627437998 549818543 0  
  1627437999 549818543 0  
  1627438000 549818543 0  
  1627438001 549818543 0  
  1627438002 549818543 0  
  1627438003 549818543 0  
  1627438004 549818543 0  
  1627438005 549818543 0  
  1627438006 549818543 0  
  1627438007 549818543 0  
  1627438008 549818543 0  
  1627438009 549818543 0  
  1627438010 549818543 0  
  1627438011 549818543 0  
  1627438012 549818543 0  
  1627438013 549818543 0  
  1627438014 549818543 0  
  1627438015 549818543 0  
  1627438016 549818543 0  
  1627438018 549818543 0  
  1627438019 549818543 0  
  1627438020 549818543 0  
  1627438021 549823176 0  
  1627438022 549823176 0  
  1627438023 549823884 0  
  1627438024 549823884 0  
  1627438025 549823884 0  
  1627438026 549823884 0  
  1627438027 549823884 0  
  1627438028 549823884 0  
  1627438029 549823884 0  
  1627438030 549823884 0  
  1627438031 549823884 0  
  1627438032 549823884 0  
  1627438033 549823884 0  
  1627438034 549823884 0  
  1627438035 549823884 0  
  1627438036 549823884 0  
  1627438037 549823884 0  
  1627438038 549823884 0  
  1627438039 549823884 0  
  1627438040 549823884 0  
  1627438041 549823884 0  
  1627438042 549823884 0  
  1627438043 549823884 0  
  1627438044 549823884 0  
  1627438045 549823884 0  
  1627438046 549823884 0  
  1627438047 549823884 0  
  1627438048 549828193 0  
  1627438049 549828517 0  
  1627438050 549829021 0  
  1627438051 549829089 0  
  1627438052 549829089 0  
  1627438053 549829089 0  
  1627438054 549829089 0  
  1627438055 549829089 0  
  1627438057 549829089 0  
  1627438058 549829089 0  
  1627438059 549829089 0  
  1627438060 549829089 0  
  1627438061 549829089 0  
  1627438062 549829089 0  
  1627438063 549829089 0  
  1627438064 549829089 0  
  1627438065 549829089 0  
  1627438066 549829089 0  
  1627438067 549829089 0  
  1627438068 549829089 0  
  1627438069 549829089 0  
  1627438070 549829089 0  
  1627438071 549829089 0  
  1627438072 549829089 0  
  1627438073 549829089 0  
  1627438074 549829089 0  
  1627438075 549829089 0  
  1627438076 549829089 0  
  1627438077 549829089 0  
  1627438078 549829089 0  
  1627438079 549829685 0  
  1627438080 549829685 0  
  1627438081 549829685 0  
  1627438082 549829685 0  
  1627438083 549829685 0  
  1627438084 549829685 0  
  1627438085 549829685 0  
  1627438086 549829685 0  
  1627438087 549829685 0  
  1627438088 549829685 0  
  1627438089 549829685 0  
  1627438090 549829685 0  
  1627438091 549829685 0  
  1627438092 549834318 0  
  1627438093 549836279 0  
  1627438094 549839659 0  
  1627438096 549840367 0  
  1627438097 549840367 0  
  1627438098 549840367 0  
  1627438099 549840367 0  
  1627438100 549840367 0  
  1627438101 549840367 0  
  1627438102 549840367 0  
  1627438103 549840367 0  
  1627438104 549840367 0  
  1627438105 549840367 0  
  1627438106 549840367 0  
  1627438107 549840459 0  
  1627438108 549840459 0  
 