 1626784665 459141577 0  
  1626784666 459141577 0  
  1626784667 459141577 0  
  1626784668 459141669 0  
  1626784669 459141669 0  
  1626784670 459141669 0  
  1626784671 459141669 0  
  1626784672 459141669 0  
  1626784673 459141669 0  
  1626784674 459145978 0  
  1626784675 459146302 0  
  1626784676 459146394 0  
  1626784677 459147034 0  
  1626784678 459147034 0  
  1626784679 459147034 0  
  1626784680 459147034 0  
  1626784681 459147034 0  
  1626784682 459147034 0  
  1626784683 459147034 0  
  1626784684 459147034 0  
  1626784685 459147372 0  
  1626784686 459147372 0  
  1626784687 459147372 0  
  1626784688 459147372 0  
  1626784689 459147372 0  
  1626784690 459147372 0  
  1626784691 459147372 0  
  1626784692 459147372 0  
  1626784693 459147372 0  
  1626784694 459147372 0  
  1626784695 459147372 0  
  1626784696 459147372 0  
  1626784697 459147372 0  
  1626784699 459147372 0  
  1626784700 459147372 0  
  1626784701 459147372 0  
  1626784702 459147372 0  
  1626784703 459147372 0  
  1626784704 459147372 0  
  1626784705 459147372 0  
  1626784706 459147372 0  
  1626784707 459147372 0  
  1626784708 459147464 0  
  1626784709 459147464 0  
  1626784710 459147464 0  
  1626784711 459147464 0  
  1626784712 459147464 0  
  1626784713 459147464 0  
  1626784714 459147464 0  
  1626784715 459147464 0  
  1626784716 459147464 0  
  1626784717 459147464 0  
  1626784718 459147464 0  
  1626784719 459147464 0  
  1626784720 459147464 0  
  1626784721 459147464 0  
  1626784722 459147464 0  
  1626784723 459147464 0  
  1626784724 459147464 0  
  1626784725 459147464 0  
  1626784726 459147464 0  
  1626784727 459147464 0  
  1626784728 459147464 0  
  1626784729 459147464 0  
  1626784730 459147464 0  
  1626784731 459147464 0  
  1626784732 459147556 0  
  1626784733 459147556 0  
  1626784734 459147556 0  
  1626784735 459147556 0  
  1626784736 459147556 0  
  1626784737 459147556 0  
  1626784738 459147556 0  
  1626784740 459147556 0  
  1626784741 459147648 0  
  1626784742 459147648 0  
  1626784743 459147648 0  
  1626784744 459147648 0  
  1626784745 459147648 0  
  1626784746 459147648 0  
  1626784747 459147648 0  
  1626784748 459147648 0  
  1626784749 459147648 0  
  1626784750 459147648 0  
  1626784751 459147648 0  
  1626784752 459147648 0  
  1626784753 459147648 0  
  1626784754 459147648 0  
  1626784755 459147648 0  
  1626784756 459147648 0  
  1626784757 459147648 0  
  1626784758 459147648 0  
  1626784759 459147648 0  
  1626784760 459147648 0  
  1626784761 459147648 0  
  1626784762 459147648 0  
  1626784763 459147648 0  
  1626784764 459147648 0  
  1626784765 459148306 0  
  1626784766 459148306 0  
  1626784767 459148306 0  
  1626784768 459148306 0  
  1626784769 459148306 0  
  1626784770 459148306 0  
  1626784771 459148306 0  
  1626784772 459148398 0  
  1626784773 459148398 0  
  1626784774 459148398 0  
  1626784775 459148398 0  
  1626784776 459148398 0  
  1626784777 459148398 0  
  1626784778 459148398 0  
  1626784780 459148398 0  
  1626784781 459148398 0  
  1626784782 459148398 0  
  1626784783 459148398 0  
  1626784784 459148398 0  
  1626784785 459148398 0  
  1626784786 459148398 0  
  1626784787 459148398 0  
  1626784788 459148398 0  
  1626784789 459148398 0  
  1626784790 459148736 0  
  1626784791 459148736 0  
  1626784792 459148736 0  
  1626784793 459148736 0  
  1626784794 459148736 0  
  1626784795 459148736 0  
  1626784796 459148828 0  
  1626784797 459148828 0  
  1626784798 459148828 0  
  1626784799 459148828 0  
  1626784800 459148828 0  
  1626784801 459148828 0  
  1626784802 459148828 0  
  1626784803 459148828 0  
  1626784804 459148920 0  
  1626784805 459148920 0  
  1626784806 459148920 0  
  1626784807 459148920 0  
  1626784808 459153229 0  
  1626784809 459153553 0  
  1626784810 459154261 0  
  1626784811 459154261 0  
  1626784812 459154261 0  
  1626784813 459154261 0  
  1626784814 459154261 0  
  1626784815 459154261 0  
  1626784816 459154261 0  
  1626784817 459154261 0  
  1626784818 459154261 0  
  1626784820 459154261 0  
  1626784821 459154261 0  
  1626784822 459154261 0  
  1626784823 459158570 0  
  1626784824 459163527 0  
  1626784825 459168868 0  
  1626784826 459169440 0  
  1626784827 459170148 0  
  1626784828 459170148 0  
  1626784829 459170240 0  
  1626784830 459170240 0  
  1626784831 459170240 0  
  1626784832 459170240 0  
  1626784833 459170240 0  
  1626784834 459170240 0  
  1626784835 459170240 0  
  1626784836 459170240 0  
  1626784837 459170332 0  
  1626784838 459170332 0  
  1626784839 459170332 0  
  1626784840 459170332 0  
  1626784841 459170332 0  
  1626784842 459170332 0  
  1626784843 459170332 0  
  1626784844 459170332 0  
  1626784845 459170332 0  
  1626784846 459170689 0  
  1626784847 459170689 0  
  1626784848 459170689 0  
  1626784849 459170689 0  
  1626784850 459170689 0  
  1626784851 459170689 0  
  1626784852 459170689 0  
  1626784853 459170689 0  
  1626784854 459170689 0  
  1626784855 459170689 0  
  1626784856 459170689 0  
  1626784857 459170689 0  
  1626784859 459170689 0  
  1626784860 459170689 0  
  1626784861 459170689 0  
  1626784862 459170781 0  
  1626784863 459170781 0  
  1626784864 459170781 0  
  1626784865 459170781 0  
  1626784866 459172376 0  
  1626784867 459172376 0  
  1626784868 459172376 0  
  1626784869 459172376 0  
  1626784870 459172468 0  
  1626784871 459172468 0  
  1626784872 459172468 0  
  1626784873 459172468 0  
  1626784874 459172468 0  
  1626784875 459172468 0  
  1626784876 459172468 0  
  1626784877 459172468 0  
  1626784878 459172468 0  
  1626784879 459172468 0  
  1626784880 459172468 0  
  1626784881 459172468 0  
  1626784882 459172468 0  
  1626784883 459172468 0  
  1626784884 459172468 0  
  1626784885 459172468 0  
  1626784886 459172468 0  
  1626784887 459172468 0  
  1626784888 459172468 0  
  1626784889 459172468 0  
  1626784890 459172468 0  
  1626784891 459172468 0  
  1626784892 459172468 0  
  1626784893 459172560 0  
  1626784894 459172560 0  
  1626784895 459172560 0  
  1626784896 459172560 0  
  1626784897 459172560 0  
  1626784898 459172560 0  
  1626784900 459172560 0  
  1626784901 459172560 0  
  1626784902 459172652 0  
  1626784903 459172652 0  
  1626784904 459172652 0  
  1626784905 459172652 0  
  1626784906 459172652 0  
  1626784907 459172652 0  
  1626784908 459172652 0  
  1626784909 459172652 0  
  1626784910 459172652 0  
  1626784911 459172652 0  
  1626784912 459172652 0  
  1626784913 459172652 0  
  1626784914 459172652 0  
  1626784915 459172652 0  
  1626784916 459172652 0  
  1626784917 459172652 0  
  1626784918 459172652 0  
  1626784919 459172652 0  
  1626784920 459172652 0  
  1626784921 459172652 0  
  1626784922 459172652 0  
  1626784923 459172652 0  
  1626784924 459172652 0  
  1626784925 459172652 0  
  1626784926 459172744 0  
  1626784927 459172744 0  
  1626784928 459172744 0  
  1626784929 459172744 0  
  1626784930 459172744 0  
  1626784931 459172744 0  
  1626784932 459172744 0  
  1626784933 459172744 0  
  1626784934 459172836 0  
  1626784935 459172836 0  
  1626784936 459172836 0  
  1626784937 459172836 0  
  1626784938 459172836 0  
  1626784940 459172836 0  
  1626784941 459172836 0  
  1626784942 459172836 0  
  1626784943 459173174 0  
  1626784944 459173174 0  
  1626784945 459173174 0  
  1626784946 459173174 0  
  1626784947 459173174 0  
  1626784948 459173174 0  
  1626784949 459173174 0  
  1626784950 459173174 0  
  1626784951 459173174 0  
  1626784952 459173174 0  
  1626784953 459173174 0  
  1626784954 459173174 0  
  1626784955 459173242 0  
  1626784956 459173242 0  
  1626784957 459173242 0  
  1626784958 459173334 0  
  1626784959 459173334 0  
  1626784960 459173334 0  
  1626784961 459174490 0  
  1626784962 459174490 0  
  1626784963 459174490 0  
  1626784964 459174490 0  
  1626784965 459174490 0  
  1626784966 459174582 0  
  1626784967 459174582 0  
  1626784968 459174582 0  
  1626784969 459174582 0  
  1626784970 459174582 0  
  1626784971 459174582 0  
  1626784972 459178891 0  
  1626784973 459179215 0  
  1626784974 459179215 0  
  1626784975 459179855 0  
  1626784976 459179855 0  
  1626784977 459179855 0  
  1626784978 459179855 0  
  1626784980 459179855 0  
  1626784981 459179855 0  
  1626784982 459179855 0  
  1626784983 459179855 0  
  1626784984 459179855 0  
  1626784985 459179855 0  
  1626784986 459179855 0  
  1626784987 459179855 0  
  1626784988 459179855 0  
  1626784989 459179855 0  
  1626784990 459179855 0  
  1626784991 459179947 0  
  1626784992 459179947 0  
  1626784993 459179947 0  
  1626784994 459179947 0  
  1626784995 459179947 0  
  1626784996 459179947 0  
  1626784997 459179947 0  
  1626784998 459179947 0  
  1626784999 459180039 0  
  1626785000 459180039 0  
  1626785001 459180039 0  
  1626785002 459180039 0  
  1626785003 459180039 0  
  1626785004 459180039 0  
  1626785005 459180039 0  
  1626785006 459180039 0  
  1626785007 459180039 0  
  1626785008 459180039 0  
  1626785009 459180039 0  
  1626785010 459180039 0  
  1626785011 459180039 0  
  1626785012 459180039 0  
  1626785013 459180039 0  
  1626785014 459180039 0  
  1626785015 459180039 0  
  1626785016 459180039 0  
  1626785017 459180039 0  
  1626785018 459180039 0  
  1626785020 459180039 0  
  1626785021 459180039 0  
  1626785022 459180039 0  
  1626785023 459180131 0  
  1626785024 459180131 0  
  1626785025 459180131 0  
  1626785026 459180131 0  
  1626785027 459180131 0  
  1626785028 459180131 0  
  1626785029 459180131 0  
  1626785030 459180131 0  
  1626785031 459180223 0  
  1626785032 459180223 0  
  1626785033 459180223 0  
  1626785034 459180223 0  
  1626785035 459180223 0  
  1626785036 459180223 0  
  1626785037 459180223 0  
  1626785038 459180223 0  
  1626785039 459180223 0  
  1626785040 459180223 0  
  1626785041 459180223 0  
  1626785042 459180223 0  
  1626785043 459180223 0  
  1626785044 459180223 0  
  1626785045 459180223 0  
  1626785046 459180223 0  
  1626785047 459180223 0  
  1626785048 459180223 0  
  1626785049 459180223 0  
  1626785050 459180223 0  
  1626785051 459180223 0  
  1626785052 459180223 0  
  1626785053 459180223 0  
  1626785054 459180223 0  
  1626785055 459180315 0  
  1626785056 459180315 0  
  1626785057 459180315 0  
  1626785059 459180315 0  
  1626785060 459180315 0  
  1626785061 459180315 0  
  1626785062 459180315 0  
  1626785063 459180315 0  
  1626785064 459180407 0  
  1626785065 459181065 0  
  1626785066 459181065 0  
  1626785067 459181065 0  
  1626785068 459181065 0  
  1626785069 459181065 0  
  1626785070 459181065 0  
  1626785071 459181065 0  
  1626785072 459181065 0  
  1626785073 459181065 0  
  1626785074 459181065 0  
  1626785075 459181065 0  
  1626785076 459181065 0  
  1626785077 459181065 0  
  1626785078 459181065 0  
  1626785079 459181065 0  
  1626785080 459181065 0  
  1626785081 459181065 0  
  1626785082 459181065 0  
  1626785083 459181065 0  
  1626785084 459181065 0  
  1626785085 459181065 0  
  1626785086 459181065 0  
  1626785087 459181065 0  
  1626785088 459181157 0  
  1626785089 459181157 0  
  1626785090 459181157 0  
  1626785091 459181157 0  
  1626785092 459181495 0  
  1626785093 459181495 0  
  1626785094 459181495 0  
  1626785095 459181587 0  
  1626785096 459181587 0  
  1626785098 459181587 0  
  1626785099 459181587 0  
  1626785100 459181587 0  
  1626785101 459181587 0  
  1626785102 459181587 0  
  1626785103 459181587 0  
  1626785104 459181587 0  
  1626785105 459181587 0  
  1626785106 459181587 0  
  1626785107 459181587 0  
  1626785108 459181587 0  
  1626785109 459181587 0  
  1626785110 459185896 0  
  1626785111 459186220 0  
  1626785112 459186928 0  
  1626785113 459186928 0  
  1626785114 459186928 0  
  1626785115 459186928 0  
  1626785116 459186928 0  
  1626785117 459186928 0  
  1626785118 459186928 0  
  1626785119 459186928 0  
  1626785120 459187020 0  
  1626785121 459187020 0  
  1626785122 459187020 0  
  1626785123 459191585 0  
  1626785124 459196286 0  
  1626785125 459201627 0  
  1626785126 459202335 0  
  1626785127 459202975 0  
  1626785128 459203067 0  
  1626785129 459203067 0  
  1626785130 459203067 0  
  1626785131 459203067 0  
  1626785132 459203067 0  
 