 1627021203 505097931 0  
  1627021204 505097931 0  
  1627021205 505097931 0  
  1627021206 505097931 0  
  1627021207 505097931 0  
  1627021208 505097931 0  
  1627021209 505097931 0  
  1627021210 505097931 0  
  1627021211 505097931 0  
  1627021212 505097931 0  
  1627021213 505097931 0  
  1627021214 505097931 0  
  1627021215 505097931 0  
  1627021216 505097931 0  
  1627021217 505097931 0  
  1627021218 505097931 0  
  1627021219 505097931 0  
  1627021220 505097931 0  
  1627021221 505097931 0  
  1627021222 505097931 0  
  1627021223 505097931 0  
  1627021224 505097931 0  
  1627021225 505097931 0  
  1627021227 505097931 0  
  1627021228 505097931 0  
  1627021229 505097931 0  
  1627021230 505097931 0  
  1627021231 505097931 0  
  1627021232 505097931 0  
  1627021233 505097931 0  
  1627021234 505097931 0  
  1627021235 505097931 0  
  1627021236 505097931 0  
  1627021237 505097931 0  
  1627021238 505097931 0  
  1627021239 505097931 0  
  1627021240 505098288 0  
  1627021241 505098288 0  
  1627021242 505098288 0  
  1627021243 505098288 0  
  1627021244 505098288 0  
  1627021245 505102417 0  
  1627021246 505102921 0  
  1627021247 505105214 0  
  1627021248 505108354 0  
  1627021249 505108994 0  
  1627021250 505108994 0  
  1627021251 505108994 0  
  1627021252 505108994 0  
  1627021253 505113771 0  
  1627021254 505118260 0  
  1627021255 505119608 0  
  1627021256 505119608 0  
  1627021257 505119608 0  
  1627021258 505119608 0  
  1627021259 505119608 0  
  1627021260 505119608 0  
  1627021261 505119608 0  
  1627021262 505119608 0  
  1627021263 505119608 0  
  1627021264 505119608 0  
  1627021265 505119608 0  
  1627021267 505119608 0  
  1627021268 505119608 0  
  1627021269 505119608 0  
  1627021270 505119608 0  
  1627021271 505119608 0  
  1627021272 505119608 0  
  1627021273 505119608 0  
  1627021274 505119608 0  
  1627021275 505119608 0  
  1627021276 505119608 0  
  1627021277 505119608 0  
  1627021278 505119608 0  
  1627021279 505119608 0  
  1627021280 505119608 0  
  1627021281 505119608 0  
  1627021282 505119608 0  
  1627021283 505119608 0  
  1627021284 505119608 0  
  1627021285 505119608 0  
  1627021286 505119608 0  
  1627021287 505119608 0  
  1627021288 505119608 0  
  1627021289 505119608 0  
  1627021290 505119946 0  
  1627021291 505119946 0  
  1627021292 505119946 0  
  1627021293 505119946 0  
  1627021294 505119946 0  
  1627021295 505119946 0  
  1627021296 505119946 0  
  1627021297 505119946 0  
  1627021298 505119946 0  
  1627021299 505119946 0  
  1627021300 505119946 0  
  1627021301 505119946 0  
  1627021302 505119946 0  
  1627021303 505119946 0  
  1627021304 505119946 0  
  1627021305 505119946 0  
  1627021307 505119946 0  
  1627021308 505119946 0  
  1627021309 505119946 0  
  1627021310 505119946 0  
  1627021311 505119946 0  
  1627021312 505119946 0  
  1627021313 505119946 0  
  1627021314 505119946 0  
  1627021315 505119946 0  
  1627021316 505119946 0  
  1627021317 505119946 0  
  1627021318 505119946 0  
  1627021319 505119946 0  
  1627021320 505119946 0  
  1627021321 505119946 0  
  1627021322 505119946 0  
  1627021323 505119946 0  
  1627021324 505119946 0  
  1627021325 505119946 0  
  1627021326 505119946 0  
  1627021327 505119946 0  
  1627021328 505119946 0  
  1627021329 505119946 0  
  1627021330 505119946 0  
  1627021331 505119946 0  
  1627021332 505119946 0  
  1627021333 505119946 0  
  1627021334 505119946 0  
  1627021335 505119946 0  
  1627021336 505119946 0  
  1627021337 505119946 0  
  1627021338 505119946 0  
  1627021339 505119946 0  
  1627021340 505119946 0  
  1627021341 505119946 0  
  1627021342 505119946 0  
  1627021343 505119946 0  
  1627021344 505119946 0  
  1627021345 505119946 0  
  1627021347 505119946 0  
  1627021348 505119946 0  
  1627021349 505119946 0  
  1627021350 505119946 0  
  1627021351 505119946 0  
  1627021352 505119946 0  
  1627021353 505119946 0  
  1627021354 505119946 0  
  1627021355 505119946 0  
  1627021356 505119946 0  
  1627021357 505119946 0  
  1627021358 505119946 0  
  1627021359 505119946 0  
  1627021360 505119946 0  
  1627021361 505119946 0  
  1627021362 505119946 0  
  1627021363 505119946 0  
  1627021364 505119946 0  
  1627021365 505119946 0  
  1627021366 505119946 0  
  1627021367 505119946 0  
  1627021368 505119946 0  
  1627021369 505119946 0  
  1627021370 505120542 0  
  1627021371 505120542 0  
  1627021372 505120542 0  
  1627021373 505120542 0  
  1627021374 505120542 0  
  1627021375 505120634 0  
  1627021376 505120634 0  
  1627021377 505120634 0  
  1627021378 505120634 0  
  1627021379 505120634 0  
  1627021380 505120634 0  
  1627021381 505120634 0  
  1627021382 505120634 0  
  1627021383 505120634 0  
  1627021384 505120634 0  
  1627021385 505120634 0  
  1627021387 505120634 0  
  1627021388 505120634 0  
  1627021389 505120634 0  
  1627021390 505120634 0  
  1627021391 505120634 0  
  1627021392 505120634 0  
  1627021393 505120634 0  
  1627021394 505120634 0  
  1627021395 505120634 0  
  1627021396 505120634 0  
  1627021397 505120634 0  
  1627021398 505120634 0  
  1627021399 505120634 0  
  1627021400 505120634 0  
  1627021401 505120634 0  
  1627021402 505120634 0  
  1627021403 505120634 0  
  1627021404 505120634 0  
  1627021405 505120634 0  
  1627021406 505120634 0  
  1627021407 505120634 0  
  1627021408 505120634 0  
  1627021409 505120634 0  
  1627021410 505120634 0  
  1627021411 505120634 0  
  1627021412 505120634 0  
  1627021413 505120634 0  
  1627021414 505120634 0  
  1627021415 505120634 0  
  1627021416 505120634 0  
  1627021417 505120634 0  
  1627021418 505120634 0  
  1627021419 505120634 0  
  1627021420 505120634 0  
  1627021421 505124943 0  
  1627021422 505125267 0  
  1627021423 505125975 0  
  1627021424 505125975 0  
  1627021425 505125975 0  
  1627021427 505125975 0  
  1627021428 505125975 0  
  1627021429 505125975 0  
  1627021430 505125975 0  
  1627021431 505125975 0  
  1627021432 505125975 0  
  1627021433 505125975 0  
  1627021434 505125975 0  
  1627021435 505125975 0  
  1627021436 505125975 0  
  1627021437 505125975 0  
  1627021438 505125975 0  
  1627021439 505125975 0  
  1627021440 505125975 0  
  1627021441 505126313 0  
  1627021442 505126313 0  
  1627021443 505126313 0  
  1627021444 505126313 0  
  1627021445 505126313 0  
  1627021446 505126313 0  
  1627021447 505126313 0  
  1627021448 505126313 0  
  1627021449 505126313 0  
  1627021450 505126313 0  
  1627021451 505126313 0  
  1627021452 505126313 0  
  1627021453 505126313 0  
  1627021454 505126313 0  
  1627021455 505126313 0  
  1627021456 505126313 0  
  1627021457 505126313 0  
  1627021458 505126313 0  
  1627021459 505126313 0  
  1627021460 505126313 0  
  1627021461 505126313 0  
  1627021462 505126313 0  
  1627021463 505126313 0  
  1627021464 505126313 0  
  1627021465 505126313 0  
  1627021467 505126313 0  
  1627021468 505126313 0  
  1627021469 505126313 0  
  1627021470 505126313 0  
  1627021471 505126313 0  
  1627021472 505126313 0  
  1627021473 505126313 0  
  1627021474 505126313 0  
  1627021475 505126313 0  
  1627021476 505126313 0  
  1627021477 505126313 0  
  1627021478 505126313 0  
  1627021479 505126313 0  
  1627021480 505126313 0  
  1627021481 505126313 0  
  1627021482 505126313 0  
  1627021483 505126313 0  
  1627021484 505126313 0  
  1627021485 505126313 0  
  1627021486 505126313 0  
  1627021487 505126313 0  
  1627021488 505126313 0  
  1627021489 505126313 0  
  1627021490 505126313 0  
  1627021491 505126313 0  
  1627021492 505126313 0  
  1627021493 505126313 0  
  1627021494 505126313 0  
  1627021495 505126313 0  
  1627021496 505126313 0  
  1627021497 505126313 0  
  1627021498 505126313 0  
  1627021499 505126313 0  
  1627021500 505126313 0  
  1627021501 505126313 0  
  1627021502 505126313 0  
  1627021503 505126313 0  
  1627021504 505126313 0  
  1627021506 505126405 0  
  1627021507 505126405 0  
  1627021508 505126405 0  
  1627021509 505126405 0  
  1627021510 505126405 0  
  1627021511 505126405 0  
  1627021512 505126405 0  
  1627021513 505126405 0  
  1627021514 505126405 0  
  1627021515 505126405 0  
  1627021516 505126405 0  
  1627021517 505126405 0  
  1627021518 505126405 0  
  1627021519 505126405 0  
  1627021520 505126405 0  
  1627021521 505126405 0  
  1627021522 505126405 0  
  1627021523 505126405 0  
  1627021524 505126405 0  
  1627021525 505126405 0  
 