 1627430373 562938647 40724  
  1627430374 562938647 40724  
  1627430375 562938647 40724  
  1627430376 562938647 40724  
  1627430377 562938647 40724  
  1627430378 562938647 40724  
  1627430379 562938647 40724  
  1627430380 562938647 40724  
  1627430381 562938647 40724  
  1627430382 562938647 40724  
  1627430383 562938647 40724  
  1627430384 562938647 40724  
  1627430385 562938647 40724  
  1627430386 562938647 40724  
  1627430387 562938647 40724  
  1627430388 562938647 40724  
  1627430389 562938647 40724  
  1627430390 562938647 40724  
  1627430391 562938647 40724  
  1627430392 562938647 40724  
  1627430393 562938647 40724  
  1627430394 562938647 40724  
  1627430395 562938647 40724  
  1627430396 562938647 40724  
  1627430397 562938647 40724  
  1627430398 562938647 40724  
  1627430399 562938647 40724  
  1627430400 562938647 40724  
  1627430401 562938647 40724  
  1627430402 562938647 40724  
  1627430403 562938647 40724  
  1627430404 562938647 40724  
  1627430405 562938647 40724  
  1627430406 562938647 40724  
  1627430407 562938647 40724  
  1627430408 562938647 40724  
  1627430410 562938647 40724  
  1627430411 562938739 40724  
  1627430412 562938739 40724  
  1627430413 562938739 40724  
  1627430414 562938739 40724  
  1627430415 562938739 40724  
  1627430416 562938739 40724  
  1627430417 562938739 40724  
  1627430418 562938739 40724  
  1627430419 562938739 40724  
  1627430420 562938739 40724  
  1627430421 562938739 40724  
  1627430422 562938739 40724  
  1627430423 562938739 40724  
  1627430424 562938739 40724  
  1627430425 562938739 40724  
  1627430426 562938739 40724  
  1627430427 562938739 40724  
  1627430428 562938739 40724  
  1627430429 562938739 40724  
  1627430430 562938739 40724  
  1627430431 562938739 40724  
  1627430432 562938739 40724  
  1627430433 562938739 40724  
  1627430434 562938739 40724  
  1627430435 562938739 40724  
  1627430436 562938739 40724  
  1627430437 562938739 40724  
  1627430438 562938739 40724  
  1627430439 562938739 40724  
  1627430440 562939096 40724  
  1627430441 562939096 40724  
  1627430442 562939096 40724  
  1627430443 562939096 40724  
  1627430444 562939096 40724  
  1627430445 562939096 40724  
  1627430446 562939096 40724  
  1627430447 562939096 40724  
  1627430448 562939096 40724  
  1627430449 562939188 40724  
  1627430451 562939188 40724  
  1627430452 562939188 40724  
  1627430453 562939188 40724  
  1627430454 562939188 40724  
  1627430455 562939188 40724  
  1627430456 562939188 40724  
  1627430457 562939188 40724  
  1627430458 562939188 40724  
  1627430459 562939188 40724  
  1627430460 562939188 40724  
  1627430461 562939188 40724  
  1627430462 562939188 40724  
  1627430463 562939188 40724  
  1627430464 562939188 40724  
  1627430465 562939188 40724  
  1627430466 562939188 40724  
  1627430467 562939188 40724  
  1627430468 562939188 40724  
  1627430469 562939188 40724  
  1627430470 562939188 40724  
  1627430471 562939188 40724  
  1627430472 562939188 40724  
  1627430473 562939188 40724  
  1627430474 562939188 40724  
  1627430475 562939188 40724  
  1627430476 562939188 40724  
  1627430477 562939188 40724  
  1627430478 562939188 40724  
  1627430479 562939784 40724  
  1627430480 562939784 40724  
  1627430481 562939784 40724  
  1627430482 562939784 40724  
  1627430483 562939784 40724  
  1627430484 562939784 40724  
  1627430485 562939784 40724  
  1627430486 562939784 40724  
  1627430487 562939784 40724  
  1627430488 562939784 40724  
  1627430490 562939784 40724  
  1627430491 562939784 40724  
  1627430492 562939784 40724  
  1627430493 562939784 40724  
  1627430494 562939784 40724  
  1627430495 562939784 40724  
  1627430496 562939784 40724  
  1627430497 562939784 40724  
  1627430498 562939784 40724  
  1627430499 562939784 40724  
  1627430500 562939784 40724  
  1627430501 562939784 40724  
  1627430502 562939784 40724  
  1627430503 562939784 40724  
  1627430504 562939784 40724  
  1627430505 562939784 40724  
  1627430506 562939784 40724  
  1627430507 562939784 40724  
  1627430508 562939784 40724  
  1627430509 562939784 40724  
  1627430510 562939784 40724  
  1627430511 562939784 40724  
  1627430512 562939784 40724  
  1627430513 562939784 40724  
  1627430514 562939784 40724  
  1627430515 562939784 40724  
  1627430516 562939784 40724  
  1627430517 562939784 40724  
  1627430518 562939784 40724  
  1627430519 562939784 40724  
  1627430520 562939784 40724  
  1627430521 562939784 40724  
  1627430522 562939784 40724  
  1627430523 562939784 40724  
  1627430524 562939784 40724  
  1627430525 562939784 40724  
  1627430526 562939784 40724  
  1627430528 562939784 40724  
  1627430529 562944093 40724  
  1627430530 562944417 40724  
  1627430531 562944417 40724  
  1627430532 562945125 40724  
  1627430533 562945125 40724  
  1627430534 562945125 40724  
  1627430535 562945125 40724  
  1627430536 562945125 40724  
  1627430537 562945125 40724  
  1627430538 562945125 40724  
  1627430539 562945125 40724  
  1627430540 562945125 40724  
  1627430541 562945125 40724  
  1627430542 562945125 40724  
  1627430543 562945125 40724  
  1627430544 562945125 40724  
  1627430545 562945125 40724  
  1627430546 562947002 40724  
  1627430547 562949842 40724  
  1627430548 562949842 40724  
  1627430549 562950346 40724  
  1627430550 562950346 40724  
  1627430551 562950346 40724  
  1627430552 562950346 40724  
  1627430553 562950346 40724  
  1627430554 562953243 40724  
  1627430555 562954979 40724  
  1627430556 562955687 40724  
  1627430557 562955687 40724  
  1627430558 562955687 40724  
  1627430559 562955687 40724  
  1627430560 562955687 40724  
  1627430561 562955687 40724  
  1627430562 562955687 40724  
  1627430563 562955687 40724  
  1627430564 562955687 40724  
  1627430565 562955687 40724  
  1627430567 562955687 40724  
  1627430568 562955687 40724  
  1627430569 562955687 40724  
  1627430570 562955687 40724  
  1627430571 562955687 40724  
  1627430572 562955687 40724  
  1627430573 562955687 40724  
  1627430574 562955687 40724  
  1627430575 562955687 40724  
  1627430576 562955687 40724  
  1627430577 562955687 40724  
  1627430578 562955687 40724  
  1627430579 562955687 40724  
  1627430580 562955687 40724  
  1627430581 562955687 40724  
  1627430582 562955687 40724  
  1627430583 562955687 40724  
  1627430584 562955687 40724  
  1627430585 562955687 40724  
  1627430586 562955687 40724  
  1627430587 562955687 40724  
  1627430588 562955687 40724  
  1627430589 562955687 40724  
  1627430590 562955687 40724  
  1627430591 562955687 40724  
  1627430592 562955687 40724  
  1627430593 562955687 40724  
  1627430594 562955687 40724  
  1627430595 562955687 40724  
  1627430596 562955687 40724  
  1627430597 562955687 40724  
  1627430598 562955687 40724  
  1627430599 562964305 40724  
  1627430600 562964953 40724  
  1627430601 562966369 40724  
  1627430602 562966369 40724  
  1627430603 562966369 40724  
  1627430604 562966369 40724  
  1627430606 562966369 40724  
  1627430607 562966369 40724  
  1627430608 562966369 40724  
  1627430609 562966369 40724  
  1627430610 562966369 40724  
  1627430611 562966369 40724  
  1627430612 562966369 40724  
  1627430613 562966369 40724  
  1627430614 562966369 40724  
  1627430615 562966369 40724  
  1627430616 562966369 40724  
  1627430617 562966369 40724  
  1627430618 562966369 40724  
  1627430619 562966369 40724  
  1627430620 562966369 40724  
  1627430621 562966369 40724  
  1627430622 562966369 40724  
  1627430623 562966369 40724  
  1627430624 562966369 40724  
  1627430625 562966369 40724  
  1627430626 562966369 40724  
  1627430627 562966369 40724  
  1627430628 562966369 40724  
  1627430629 562966369 40724  
  1627430630 562966369 40724  
  1627430631 562966369 40724  
  1627430632 562966369 40724  
  1627430633 562966369 40724  
  1627430634 562966369 40724  
  1627430635 562966369 40724  
  1627430636 562966369 40724  
  1627430637 562966369 40724  
  1627430638 562970678 40724  
  1627430639 562971002 40724  
  1627430640 562971002 40724  
  1627430641 562971710 40724  
  1627430642 562971710 40724  
  1627430643 562971710 40724  
  1627430645 562971710 40724  
  1627430646 562971710 40724  
  1627430647 562971710 40724  
  1627430648 562971710 40724  
  1627430649 562971710 40724  
  1627430650 562971710 40724  
  1627430651 562971710 40724  
  1627430652 562971710 40724  
  1627430653 562971710 40724  
  1627430654 562971710 40724  
  1627430655 562971710 40724  
  1627430656 562971710 40724  
  1627430657 562971710 40724  
  1627430658 562971710 40724  
  1627430659 562971710 40724  
  1627430660 562971710 40724  
  1627430661 562971710 40724  
  1627430662 562971710 40724  
  1627430663 562971710 40724  
  1627430664 562971710 40724  
  1627430665 562971710 40724  
  1627430666 562971710 40724  
  1627430667 562971802 40724  
  1627430668 562971802 40724  
  1627430669 562971802 40724  
  1627430670 562971802 40724  
  1627430671 562971802 40724  
  1627430672 562971802 40724  
  1627430673 562971802 40724  
  1627430674 562971802 40724  
  1627430675 562971802 40724  
  1627430676 562971802 40724  
  1627430677 562971802 40724  
  1627430678 562971802 40724  
  1627430679 562972398 40724  
  1627430680 562972398 40724  
  1627430681 562972398 40724  
  1627430683 562972398 40724  
  1627430684 562972398 40724  
  1627430685 562972398 40724  
  1627430686 562972398 40724  
  1627430687 562972398 40724  
  1627430688 562972398 40724  
  1627430689 562972398 40724  
  1627430690 562972398 40724  
  1627430691 562972398 40724  
  1627430692 562972398 40724  
  1627430693 562972398 40724  
  1627430694 562972398 40724  
  1627430695 562972398 40724  
  1627430696 562972398 40724  
  1627430697 562972398 40724  
  1627430698 562972398 40724  
  1627430699 562972398 40724  
  1627430700 562972398 40724  
  1627430701 562972398 40724  
  1627430702 562972398 40724  
  1627430703 562972398 40724  
  1627430704 562972398 40724  
  1627430705 562972398 40724  
  1627430706 562972490 40724  
  1627430707 562972490 40724  
  1627430708 562972490 40724  
  1627430709 562972490 40724  
  1627430710 562972490 40724  
  1627430711 562972490 40724  
  1627430712 562972490 40724  
  1627430713 562972490 40724  
  1627430714 562972490 40724  
  1627430715 562972490 40724  
  1627430716 562972490 40724  
  1627430717 562972490 40724  
  1627430718 562972490 40724  
  1627430719 562972490 40724  
  1627430720 562972490 40724  
  1627430722 562972490 40724  
  1627430723 562972490 40724  
  1627430724 562972490 40724  
  1627430725 562972490 40724  
  1627430726 562972490 40724  
  1627430727 562972490 40724  
  1627430728 562972490 40724  
  1627430729 562972490 40724  
  1627430730 562972490 40724  
  1627430731 562972490 40724  
  1627430732 562972490 40724  
  1627430733 562972490 40724  
  1627430734 562972490 40724  
  1627430735 562972490 40724  
  1627430736 562972490 40724  
  1627430737 562972490 40724  
  1627430738 562972490 40724  
  1627430739 562972490 40724  
  1627430740 562972847 40724  
  1627430741 562972847 40724  
  1627430742 562972847 40724  
  1627430743 562972847 40724  
  1627430744 562972847 40724  
  1627430745 562972847 40724  
  1627430746 562972847 40724  
  1627430747 562972847 40724  
  1627430748 562972847 40724  
  1627430749 562972847 40724  
  1627430750 562972847 40724  
  1627430751 562972847 40724  
  1627430752 562972847 40724  
  1627430753 562972847 40724  
  1627430754 562972847 40724  
  1627430755 562972847 40724  
  1627430756 562972847 40724  
  1627430757 562972847 40724  
 