 1626887786 482591454 0  
  1626887787 482591454 0  
  1626887788 482591454 0  
  1626887789 482591454 0  
  1626887790 482591454 0  
  1626887791 482591454 0  
  1626887792 482591454 0  
  1626887793 482591454 0  
  1626887794 482591454 0  
  1626887795 482591454 0  
  1626887796 482591454 0  
  1626887797 482591454 0  
  1626887798 482591454 0  
  1626887799 482591454 0  
  1626887800 482591454 0  
  1626887801 482591454 0  
  1626887802 482591454 0  
  1626887803 482591546 0  
  1626887804 482591546 0  
  1626887805 482591546 0  
  1626887806 482591546 0  
  1626887807 482591546 0  
  1626887808 482591546 0  
  1626887809 482591546 0  
  1626887810 482591546 0  
  1626887811 482591546 0  
  1626887812 482591546 0  
  1626887813 482591546 0  
  1626887814 482591546 0  
  1626887815 482591546 0  
  1626887816 482591546 0  
  1626887817 482591546 0  
  1626887818 482591546 0  
  1626887819 482591546 0  
  1626887820 482591546 0  
  1626887821 482591546 0  
  1626887822 482591546 0  
  1626887824 482591546 0  
  1626887825 482591546 0  
  1626887826 482591546 0  
  1626887827 482591546 0  
  1626887828 482591546 0  
  1626887829 482591546 0  
  1626887830 482591546 0  
  1626887831 482591546 0  
  1626887832 482591546 0  
  1626887833 482591546 0  
  1626887834 482591546 0  
  1626887835 482591546 0  
  1626887836 482591546 0  
  1626887837 482591546 0  
  1626887838 482591546 0  
  1626887839 482591546 0  
  1626887840 482591546 0  
  1626887841 482591546 0  
  1626887842 482591546 0  
  1626887843 482591546 0  
  1626887844 482591546 0  
  1626887845 482591546 0  
  1626887846 482591546 0  
  1626887847 482591546 0  
  1626887848 482591546 0  
  1626887849 482591546 0  
  1626887850 482591546 0  
  1626887851 482591546 0  
  1626887852 482591546 0  
  1626887853 482591546 0  
  1626887854 482591546 0  
  1626887855 482591546 0  
  1626887856 482591546 0  
  1626887857 482591546 0  
  1626887858 482591546 0  
  1626887859 482591546 0  
  1626887860 482591546 0  
  1626887861 482591546 0  
  1626887862 482591546 0  
  1626887864 482591546 0  
  1626887865 482591546 0  
  1626887866 482591546 0  
  1626887867 482591546 0  
  1626887868 482591546 0  
  1626887869 482591546 0  
  1626887870 482591546 0  
  1626887871 482591546 0  
  1626887872 482591546 0  
  1626887873 482591546 0  
  1626887874 482591546 0  
  1626887875 482593507 0  
  1626887876 482596179 0  
  1626887877 482596179 0  
  1626887878 482596887 0  
  1626887879 482596887 0  
  1626887880 482596887 0  
  1626887881 482596887 0  
  1626887882 482596887 0  
  1626887883 482596887 0  
  1626887884 482596887 0  
  1626887885 482596887 0  
  1626887886 482596887 0  
  1626887887 482596887 0  
  1626887888 482596979 0  
  1626887889 482596979 0  
  1626887890 482596979 0  
  1626887891 482596979 0  
  1626887892 482596979 0  
  1626887893 482596979 0  
  1626887894 482596979 0  
  1626887895 482596979 0  
  1626887896 482596979 0  
  1626887897 482596979 0  
  1626887898 482596979 0  
  1626887899 482596979 0  
  1626887900 482596979 0  
  1626887901 482596979 0  
  1626887902 482596979 0  
  1626887904 482596979 0  
  1626887905 482596979 0  
  1626887906 482596979 0  
  1626887907 482596979 0  
  1626887908 482596979 0  
  1626887909 482596979 0  
  1626887910 482596979 0  
  1626887911 482596979 0  
  1626887912 482596979 0  
  1626887913 482596979 0  
  1626887914 482596979 0  
  1626887915 482596979 0  
  1626887916 482596979 0  
  1626887917 482596979 0  
  1626887918 482596979 0  
  1626887919 482596979 0  
  1626887920 482596979 0  
  1626887921 482596979 0  
  1626887922 482596979 0  
  1626887923 482596979 0  
  1626887924 482596979 0  
  1626887925 482596979 0  
  1626887926 482596979 0  
  1626887927 482596979 0  
  1626887928 482596979 0  
  1626887929 482596979 0  
  1626887930 482596979 0  
  1626887931 482596979 0  
  1626887932 482596979 0  
  1626887933 482596979 0  
  1626887934 482596979 0  
  1626887935 482596979 0  
  1626887936 482596979 0  
  1626887937 482596979 0  
  1626887938 482596979 0  
  1626887939 482596979 0  
  1626887940 482596979 0  
  1626887941 482596979 0  
  1626887943 482596979 0  
  1626887944 482596979 0  
  1626887945 482596979 0  
  1626887946 482596979 0  
  1626887947 482596979 0  
  1626887948 482596979 0  
  1626887949 482596979 0  
  1626887950 482596979 0  
  1626887951 482596979 0  
  1626887952 482597071 0  
  1626887953 482597071 0  
  1626887954 482597071 0  
  1626887955 482597071 0  
  1626887956 482597071 0  
  1626887957 482597071 0  
  1626887958 482597071 0  
  1626887959 482597071 0  
  1626887960 482597071 0  
  1626887961 482597071 0  
  1626887962 482597071 0  
  1626887963 482597071 0  
  1626887964 482597071 0  
  1626887965 482597071 0  
  1626887966 482597071 0  
  1626887967 482597071 0  
  1626887968 482597667 0  
  1626887969 482597667 0  
  1626887970 482597667 0  
  1626887971 482597667 0  
  1626887972 482597667 0  
  1626887973 482597667 0  
  1626887974 482597667 0  
  1626887975 482597667 0  
  1626887976 482597667 0  
  1626887977 482597667 0  
  1626887978 482597667 0  
  1626887979 482597667 0  
  1626887980 482597667 0  
  1626887981 482597667 0  
  1626887983 482597667 0  
  1626887984 482597667 0  
  1626887985 482597667 0  
  1626887986 482597667 0  
  1626887987 482597667 0  
  1626887988 482597667 0  
  1626887989 482597667 0  
  1626887990 482597667 0  
  1626887991 482597667 0  
  1626887992 482597667 0  
  1626887993 482597667 0  
  1626887994 482597667 0  
  1626887995 482597667 0  
  1626887996 482597667 0  
  1626887997 482597667 0  
  1626887998 482597667 0  
  1626887999 482597667 0  
  1626888000 482597727 0  
  1626888001 482597727 0  
  1626888002 482597727 0  
  1626888003 482597727 0  
  1626888004 482597727 0  
  1626888005 482597727 0  
  1626888006 482597727 0  
  1626888007 482597727 0  
  1626888008 482597727 0  
  1626888009 482597727 0  
  1626888010 482597727 0  
  1626888011 482597727 0  
  1626888012 482597727 0  
  1626888013 482597727 0  
  1626888014 482597727 0  
  1626888015 482597727 0  
  1626888016 482597727 0  
  1626888017 482597819 0  
  1626888018 482597819 0  
  1626888019 482597819 0  
  1626888020 482597819 0  
  1626888022 482597819 0  
  1626888023 482597819 0  
  1626888024 482597819 0  
  1626888025 482597819 0  
  1626888026 482597819 0  
  1626888027 482597819 0  
  1626888028 482597819 0  
  1626888029 482597819 0  
  1626888030 482597819 0  
  1626888031 482597819 0  
  1626888032 482597819 0  
  1626888033 482597819 0  
  1626888034 482597819 0  
  1626888035 482597819 0  
  1626888036 482597819 0  
  1626888037 482597819 0  
  1626888038 482597819 0  
  1626888039 482597819 0  
  1626888040 482598176 0  
  1626888041 482598176 0  
  1626888042 482598176 0  
  1626888043 482598176 0  
  1626888044 482598176 0  
  1626888045 482600137 0  
  1626888046 482602809 0  
  1626888047 482602809 0  
  1626888048 482608150 0  
  1626888049 482608150 0  
  1626888050 482608790 0  
  1626888051 482608790 0  
  1626888052 482608790 0  
  1626888053 482613423 0  
  1626888054 482618056 0  
  1626888055 482619404 0  
  1626888056 482619472 0  
  1626888057 482619472 0  
  1626888058 482619472 0  
  1626888059 482619472 0  
  1626888061 482619564 0  
  1626888062 482619564 0  
  1626888063 482619564 0  
  1626888064 482619564 0  
  1626888065 482619564 0  
  1626888066 482619564 0  
  1626888067 482619564 0  
  1626888068 482619564 0  
  1626888069 482619564 0  
  1626888070 482619564 0  
  1626888071 482619564 0  
  1626888072 482619564 0  
  1626888073 482619564 0  
  1626888074 482619564 0  
  1626888075 482619564 0  
  1626888076 482619564 0  
  1626888077 482619564 0  
  1626888078 482619564 0  
  1626888079 482619564 0  
  1626888080 482619564 0  
  1626888081 482619564 0  
  1626888082 482619564 0  
  1626888083 482619656 0  
  1626888084 482619656 0  
  1626888085 482619656 0  
  1626888086 482619656 0  
  1626888087 482619656 0  
  1626888088 482619656 0  
  1626888089 482619656 0  
  1626888090 482619656 0  
  1626888091 482619656 0  
  1626888092 482619656 0  
  1626888093 482619656 0  
  1626888094 482619656 0  
  1626888095 482619656 0  
  1626888096 482619656 0  
  1626888097 482619656 0  
  1626888098 482619656 0  
  1626888100 482619656 0  
  1626888101 482619656 0  
  1626888102 482619656 0  
  1626888103 482619656 0  
  1626888104 482619656 0  
  1626888105 482619656 0  
  1626888106 482619656 0  
  1626888107 482619656 0  
  1626888108 482619656 0  
 