 1626397957 413169732 0  
  1626397958 413169732 0  
  1626397960 413169732 0  
  1626397961 413171075 0  
  1626397962 413171075 0  
  1626397963 413171075 0  
  1626397964 413171075 0  
  1626397965 413171075 0  
  1626397966 413171075 0  
  1626397967 413175384 0  
  1626397968 413175708 0  
  1626397969 413175708 0  
  1626397970 413176416 0  
  1626397971 413176416 0  
  1626397972 413176416 0  
  1626397973 413176416 0  
  1626397974 413176416 0  
  1626397975 413176416 0  
  1626397976 413176416 0  
  1626397977 413176416 0  
  1626397978 413176416 0  
  1626397979 413176416 0  
  1626397980 413176416 0  
  1626397981 413176416 0  
  1626397982 413176416 0  
  1626397983 413176416 0  
  1626397984 413176416 0  
  1626397985 413176416 0  
  1626397986 413176416 0  
  1626397987 413176416 0  
  1626397988 413176416 0  
  1626397989 413176416 0  
  1626397990 413176416 0  
  1626397991 413176416 0  
  1626397992 413176416 0  
  1626397993 413176416 0  
  1626397994 413176416 0  
  1626397995 413176416 0  
  1626397996 413176416 0  
  1626397997 413176416 0  
  1626397999 413176416 0  
  1626398000 413176416 0  
  1626398001 413176416 0  
  1626398002 413176416 0  
  1626398003 413176416 0  
  1626398004 413176416 0  
  1626398005 413176416 0  
  1626398006 413176416 0  
  1626398007 413176416 0  
  1626398008 413176416 0  
  1626398009 413176416 0  
  1626398010 413176416 0  
  1626398011 413176416 0  
  1626398012 413176416 0  
  1626398013 413176416 0  
  1626398014 413176416 0  
  1626398015 413176416 0  
  1626398016 413176416 0  
  1626398017 413176416 0  
  1626398018 413176416 0  
  1626398019 413176416 0  
  1626398020 413176416 0  
  1626398021 413176416 0  
  1626398022 413176416 0  
  1626398023 413176416 0  
  1626398024 413176416 0  
  1626398025 413176416 0  
  1626398026 413176416 0  
  1626398027 413176416 0  
  1626398028 413176416 0  
  1626398029 413176416 0  
  1626398030 413176416 0  
  1626398031 413176416 0  
  1626398032 413176416 0  
  1626398033 413176416 0  
  1626398034 413176416 0  
  1626398035 413176416 0  
  1626398036 413176416 0  
  1626398038 413176416 0  
  1626398039 413176416 0  
  1626398040 413176416 0  
  1626398041 413176416 0  
  1626398042 413176416 0  
  1626398043 413176416 0  
  1626398044 413176416 0  
  1626398045 413176416 0  
  1626398046 413176416 0  
  1626398047 413176416 0  
  1626398048 413176416 0  
  1626398049 413176416 0  
  1626398050 413176508 0  
  1626398051 413176508 0  
  1626398052 413176508 0  
  1626398053 413176508 0  
  1626398054 413176508 0  
  1626398055 413176508 0  
  1626398056 413176508 0  
  1626398057 413176508 0  
  1626398058 413181073 0  
  1626398059 413181141 0  
  1626398060 413182445 0  
  1626398061 413182445 0  
  1626398062 413182445 0  
  1626398063 413182445 0  
  1626398064 413182445 0  
  1626398065 413182445 0  
  1626398066 413182445 0  
  1626398067 413182445 0  
  1626398068 413182445 0  
  1626398069 413186754 0  
  1626398070 413191711 0  
  1626398071 413192419 0  
  1626398072 413193127 0  
  1626398073 413193127 0  
  1626398074 413193127 0  
  1626398075 413193127 0  
  1626398076 413193127 0  
  1626398078 413193127 0  
  1626398079 413193127 0  
  1626398080 413193127 0  
  1626398081 413193127 0  
  1626398082 413193127 0  
  1626398083 413193127 0  
  1626398084 413193127 0  
  1626398085 413193127 0  
  1626398086 413193127 0  
  1626398087 413193127 0  
  1626398088 413193127 0  
  1626398089 413193127 0  
  1626398090 413193127 0  
  1626398091 413193127 0  
  1626398092 413193127 0  
  1626398093 413193127 0  
  1626398094 413193127 0  
  1626398095 413193127 0  
  1626398096 413193127 0  
  1626398097 413193465 0  
  1626398098 413193465 0  
  1626398099 413193465 0  
  1626398100 413197774 0  
  1626398101 413198098 0  
  1626398102 413198098 0  
  1626398103 413198806 0  
  1626398104 413198806 0  
  1626398105 413198806 0  
  1626398106 413198806 0  
  1626398107 413198806 0  
  1626398108 413198806 0  
  1626398109 413198806 0  
  1626398110 413198806 0  
  1626398111 413198806 0  
  1626398112 413198806 0  
  1626398113 413198806 0  
  1626398114 413198806 0  
  1626398115 413198806 0  
  1626398116 413198806 0  
  1626398118 413198806 0  
  1626398119 413198806 0  
  1626398120 413198806 0  
  1626398121 413198806 0  
  1626398122 413198806 0  
  1626398123 413198806 0  
  1626398124 413198806 0  
  1626398125 413198806 0  
  1626398126 413198806 0  
  1626398127 413198806 0  
  1626398128 413198806 0  
  1626398129 413198806 0  
  1626398130 413198806 0  
  1626398131 413198806 0  
  1626398132 413198898 0  
  1626398133 413198898 0  
  1626398134 413198898 0  
  1626398135 413198898 0  
  1626398136 413198898 0  
  1626398137 413199255 0  
  1626398138 413199255 0  
  1626398139 413199255 0  
  1626398140 413199255 0  
  1626398141 413199255 0  
  1626398142 413199255 0  
  1626398143 413199255 0  
  1626398144 413199255 0  
  1626398145 413199255 0  
  1626398146 413199255 0  
  1626398147 413199255 0  
  1626398148 413199255 0  
  1626398149 413199255 0  
  1626398150 413199255 0  
  1626398151 413199255 0  
  1626398152 413199255 0  
  1626398153 413199255 0  
  1626398154 413199255 0  
  1626398155 413199255 0  
  1626398156 413199255 0  
  1626398158 413199255 0  
  1626398159 413199255 0  
  1626398160 413199255 0  
  1626398161 413199255 0  
  1626398162 413199255 0  
  1626398163 413199255 0  
  1626398164 413199255 0  
  1626398165 413199255 0  
  1626398166 413199255 0  
  1626398167 413199255 0  
  1626398168 413199255 0  
  1626398169 413199255 0  
  1626398170 413199255 0  
  1626398171 413199255 0  
  1626398172 413199255 0  
  1626398173 413199255 0  
  1626398174 413199255 0  
  1626398175 413199255 0  
  1626398176 413199255 0  
  1626398177 413199255 0  
  1626398178 413199347 0  
  1626398179 413199347 0  
  1626398180 413199347 0  
  1626398181 413199347 0  
  1626398182 413199347 0  
  1626398183 413199347 0  
  1626398184 413199347 0  
  1626398185 413199347 0  
  1626398186 413199347 0  
  1626398187 413199347 0  
  1626398188 413199347 0  
  1626398189 413199347 0  
  1626398190 413199347 0  
  1626398191 413199347 0  
  1626398192 413199347 0  
  1626398193 413199347 0  
  1626398194 413199347 0  
  1626398195 413199347 0  
  1626398196 413199347 0  
  1626398198 413199347 0  
  1626398199 413199347 0  
  1626398200 413199347 0  
  1626398201 413199347 0  
  1626398202 413199347 0  
  1626398203 413199347 0  
  1626398204 413199347 0  
  1626398205 413199347 0  
  1626398206 413199347 0  
  1626398207 413199347 0  
  1626398208 413199347 0  
  1626398209 413199347 0  
  1626398210 413199347 0  
  1626398211 413199347 0  
  1626398212 413199347 0  
  1626398213 413199347 0  
  1626398214 413199347 0  
  1626398215 413199347 0  
  1626398216 413199347 0  
  1626398217 413199347 0  
  1626398218 413199347 0  
  1626398219 413199347 0  
  1626398220 413199347 0  
  1626398221 413199347 0  
  1626398222 413199347 0  
  1626398223 413199347 0  
  1626398224 413199347 0  
  1626398225 413199347 0  
  1626398226 413199347 0  
  1626398227 413199347 0  
  1626398228 413199347 0  
  1626398229 413199347 0  
  1626398230 413199347 0  
  1626398231 413199347 0  
  1626398232 413199347 0  
  1626398233 413199347 0  
  1626398234 413199347 0  
  1626398235 413199347 0  
  1626398236 413199347 0  
  1626398238 413199347 0  
  1626398239 413199347 0  
  1626398240 413199347 0  
  1626398241 413199347 0  
  1626398242 413199347 0  
  1626398243 413199347 0  
  1626398244 413199347 0  
  1626398245 413199347 0  
  1626398246 413199347 0  
  1626398247 413199685 0  
  1626398248 413199685 0  
  1626398249 413199685 0  
  1626398250 413199685 0  
  1626398251 413199685 0  
  1626398252 413199685 0  
  1626398253 413199685 0  
  1626398254 413199685 0  
  1626398255 413199685 0  
  1626398256 413199685 0  
  1626398257 413199685 0  
  1626398258 413199685 0  
  1626398259 413199685 0  
  1626398260 413199685 0  
  1626398261 413200343 0  
  1626398262 413200343 0  
  1626398263 413200343 0  
  1626398264 413200343 0  
  1626398265 413200343 0  
  1626398266 413200343 0  
  1626398267 413204652 0  
  1626398268 413204976 0  
  1626398269 413204976 0  
  1626398270 413205684 0  
  1626398271 413205684 0  
  1626398272 413205684 0  
  1626398273 413205684 0  
  1626398274 413205684 0  
  1626398275 413205684 0  
  1626398277 413205684 0  
  1626398278 413205684 0  
  1626398279 413205684 0  
  1626398280 413205684 0  
  1626398281 413205684 0  
  1626398282 413205684 0  
  1626398283 413205684 0  
  1626398284 413205684 0  
  1626398285 413205684 0  
  1626398286 413205684 0  
  1626398287 413205684 0  
  1626398288 413205684 0  
  1626398289 413205684 0  
  1626398290 413205684 0  
  1626398291 413205684 0  
  1626398292 413205684 0  
  1626398293 413205684 0  
  1626398294 413205684 0  
  1626398295 413205684 0  
  1626398296 413205684 0  
  1626398297 413205684 0  
  1626398298 413205684 0  
  1626398299 413205684 0  
  1626398300 413205684 0  
  1626398301 413205684 0  
  1626398302 413205684 0  
  1626398303 413205684 0  
  1626398304 413205684 0  
  1626398305 413205684 0  
  1626398306 413205684 0  
  1626398307 413205776 0  
  1626398308 413205776 0  
  1626398309 413205776 0  
  1626398310 413205776 0  
  1626398311 413205776 0  
  1626398312 413205776 0  
  1626398313 413205776 0  
  1626398314 413205776 0  
  1626398316 413205776 0  
  1626398317 413205776 0  
  1626398318 413205776 0  
  1626398319 413205776 0  
  1626398320 413205776 0  
  1626398321 413205776 0  
  1626398322 413205776 0  
  1626398323 413205776 0  
  1626398324 413205776 0  
  1626398325 413205776 0  
  1626398326 413205776 0  
  1626398327 413205776 0  
  1626398328 413205776 0  
  1626398329 413205776 0  
  1626398330 413205776 0  
  1626398331 413205776 0  
  1626398332 413205776 0  
  1626398333 413205776 0  
  1626398334 413205776 0  
  1626398335 413205776 0  
  1626398336 413205776 0  
  1626398337 413205776 0  
  1626398338 413205776 0  
  1626398339 413205776 0  
  1626398340 413205776 0  
  1626398341 413205776 0  
  1626398342 413205776 0  
  1626398343 413205776 0  
  1626398344 413205776 0  
  1626398345 413205776 0  
  1626398346 413205776 0  
  1626398347 413205776 0  
  1626398348 413205776 0  
  1626398349 413205776 0  
  1626398350 413205776 0  
  1626398351 413205776 0  
  1626398352 413205776 0  
  1626398353 413205776 0  
  1626398355 413205776 0  
  1626398356 413205776 0  
  1626398357 413205776 0  
  1626398358 413205776 0  
  1626398359 413210409 0  
  1626398360 413210409 0  
  1626398361 413211117 0  
  1626398362 413211117 0  
  1626398363 413211117 0  
  1626398364 413211117 0  
  1626398365 413211117 0  
  1626398366 413211117 0  
  1626398367 413211117 0  
  1626398368 413211117 0  
  1626398369 413215750 0  
  1626398370 413220383 0  
  1626398371 413221091 0  
  1626398372 413221799 0  
  1626398373 413221799 0  
  1626398374 413221799 0  
  1626398375 413221799 0  
  1626398376 413221799 0  
  1626398377 413221799 0  
  1626398378 413221799 0  
  1626398379 413221799 0  
  1626398380 413221799 0  
  1626398381 413221799 0  
  1626398382 413221799 0  
  1626398383 413221799 0  
  1626398384 413221799 0  
  1626398385 413221799 0  
  1626398386 413221799 0  
  1626398387 413221799 0  
  1626398388 413221891 0  
  1626398389 413221891 0  
  1626398390 413221891 0  
  1626398391 413221891 0  
  1626398392 413221891 0  
  1626398393 413221891 0  
  1626398395 413221891 0  
  1626398396 413221891 0  
  1626398397 413221891 0  
  1626398398 413221891 0  
  1626398399 413221891 0  
  1626398400 413226200 0  
  1626398401 413226524 0  
  1626398402 413227232 0  
  1626398403 413227232 0  
  1626398404 413227232 0  
  1626398405 413227232 0  
  1626398406 413227232 0  
  1626398407 413227232 0  
  1626398408 413227232 0  
  1626398409 413227232 0  
  1626398410 413227232 0  
  1626398411 413227232 0  
  1626398412 413227232 0  
  1626398413 413227232 0  
  1626398414 413227232 0  
  1626398415 413227232 0  
  1626398416 413227232 0  
  1626398417 413227232 0  
  1626398418 413227232 0  
  1626398419 413227232 0  
  1626398420 413227232 0  
  1626398421 413227232 0  
  1626398422 413227232 0  
  1626398423 413227232 0  
  1626398424 413227232 0  
  1626398425 413227232 0  
  1626398426 413227232 0  
  1626398427 413227232 0  
  1626398428 413227232 0  
  1626398429 413227232 0  
  1626398430 413227232 0  
  1626398431 413227232 0  
  1626398433 413227232 0  
  1626398434 413227232 0  
  1626398435 413227232 0  
  1626398436 413227324 0  
  1626398437 413227681 0  
  1626398438 413227681 0  
  1626398439 413227681 0  
  1626398440 413227681 0  
  1626398441 413227681 0  
  1626398442 413227681 0  
  1626398443 413227681 0  
  1626398444 413227681 0  
  1626398445 413227681 0  
  1626398446 413227681 0  
  1626398447 413227681 0  
  1626398448 413227681 0  
  1626398449 413227681 0  
  1626398450 413227681 0  
  1626398451 413227681 0  
  1626398452 413227681 0  
  1626398453 413227681 0  
  1626398454 413227681 0  
  1626398455 413227681 0  
  1626398456 413227681 0  
  1626398457 413227681 0  
  1626398458 413227681 0  
  1626398459 413227681 0  
  1626398460 413228277 0  
  1626398461 413228277 0  
  1626398462 413228277 0  
  1626398463 413228277 0  
  1626398464 413228277 0  
  1626398465 413228277 0  
  1626398466 413228277 0  
  1626398467 413228277 0  
  1626398468 413228277 0  
  1626398469 413228277 0  
  1626398470 413228277 0  
  1626398472 413228277 0  
  1626398473 413228277 0  
  1626398474 413228277 0  
  1626398475 413228277 0  
  1626398476 413228277 0  
  1626398477 413228277 0  
  1626398478 413228277 0  
  1626398479 413228277 0  
  1626398480 413228277 0  
  1626398481 413228277 0  
  1626398482 413228277 0  
  1626398483 413228277 0  
  1626398484 413228277 0  
  1626398485 413228277 0  
  1626398486 413228277 0  
  1626398487 413228277 0  
  1626398488 413228277 0  
  1626398489 413228277 0  
  1626398490 413228277 0  
  1626398491 413228277 0  
  1626398492 413228277 0  
  1626398493 413228277 0  
  1626398494 413228277 0  
  1626398495 413228277 0  
  1626398496 413228277 0  
  1626398497 413228277 0  
  1626398498 413228277 0  
  1626398499 413228277 0  
  1626398500 413228277 0  
  1626398501 413228277 0  
  1626398502 413228277 0  
  1626398503 413228277 0  
  1626398504 413228277 0  
  1626398505 413228277 0  
  1626398506 413228277 0  
  1626398507 413228277 0  
  1626398508 413228277 0  
  1626398509 413228277 0  
  1626398511 413228277 0  
  1626398512 413228277 0  
  1626398513 413228277 0  
  1626398514 413228277 0  
  1626398515 413228277 0  
  1626398516 413228277 0  
  1626398517 413228277 0  
  1626398518 413228277 0  
  1626398519 413228277 0  
  1626398520 413228277 0  
  1626398521 413228277 0  
  1626398522 413228277 0  
  1626398523 413228277 0  
  1626398524 413228277 0  
  1626398525 413228277 0  
  1626398526 413228277 0  
  1626398527 413228277 0  
  1626398528 413228277 0  
  1626398529 413228277 0  
  1626398530 413228277 0  
  1626398531 413228277 0  
  1626398532 413228277 0  
  1626398533 413228277 0  
  1626398534 413228277 0  
  1626398535 413228277 0  
  1626398536 413228277 0  
  1626398537 413228277 0  
  1626398538 413228277 0  
  1626398539 413228277 0  
  1626398540 413228277 0  
  1626398541 413228277 0  
  1626398542 413228277 0  
  1626398543 413228277 0  
  1626398544 413228277 0  
  1626398545 413228277 0  
  1626398546 413228277 0  
  1626398547 413228277 0  
  1626398549 413228277 0  
  1626398550 413228277 0  
  1626398551 413228277 0  
  1626398552 413228277 0  
  1626398553 413228277 0  
  1626398554 413228277 0  
  1626398555 413228277 0  
  1626398556 413228277 0  
  1626398557 413228277 0  
  1626398558 413228277 0  
  1626398559 413228277 0  
  1626398560 413228277 0  
  1626398561 413228277 0  
  1626398562 413228277 0  
  1626398563 413228277 0  
  1626398564 413228369 0  
  1626398565 413228369 0  
  1626398566 413228369 0  
  1626398567 413232678 0  
  1626398568 413233002 0  
  1626398569 413233002 0  
  1626398570 413233642 0  
  1626398571 413233642 0  
  1626398572 413233642 0  
  1626398573 413233642 0  
  1626398574 413233642 0  
  1626398575 413233642 0  
  1626398576 413233642 0  
  1626398577 413233642 0  
  1626398578 413233642 0  
  1626398579 413233642 0  
  1626398580 413233642 0  
  1626398581 413233642 0  
  1626398582 413233642 0  
  1626398583 413233642 0  
  1626398584 413233642 0  
  1626398585 413233642 0  
  1626398586 413233642 0  
  1626398588 413233642 0  
  1626398589 413233642 0  
  1626398590 413233642 0  
  1626398591 413233642 0  
  1626398592 413233642 0  
  1626398593 413233642 0  
 