 1626714517 449848445 0  
  1626714518 449848445 0  
  1626714519 449848445 0  
  1626714520 449848445 0  
  1626714521 449848445 0  
  1626714522 449848445 0  
  1626714523 449848445 0  
  1626714524 449848445 0  
  1626714525 449848445 0  
  1626714526 449848445 0  
  1626714527 449848445 0  
  1626714528 449848445 0  
  1626714530 449848445 0  
  1626714531 449848445 0  
  1626714532 449848445 0  
  1626714533 449848445 0  
  1626714534 449848445 0  
  1626714535 449848445 0  
  1626714536 449848445 0  
  1626714537 449848445 0  
  1626714538 449848445 0  
  1626714539 449848445 0  
  1626714540 449848445 0  
  1626714541 449848445 0  
  1626714542 449848445 0  
  1626714543 449848445 0  
  1626714544 449848445 0  
  1626714545 449848445 0  
  1626714546 449848445 0  
  1626714547 449848445 0  
  1626714548 449848445 0  
  1626714549 449848537 0  
  1626714550 449848537 0  
  1626714551 449848537 0  
  1626714552 449848537 0  
  1626714553 449848537 0  
  1626714554 449848537 0  
  1626714555 449848537 0  
  1626714556 449848537 0  
  1626714557 449848537 0  
  1626714558 449848537 0  
  1626714559 449848537 0  
  1626714560 449848537 0  
  1626714561 449848537 0  
  1626714562 449848537 0  
  1626714563 449848537 0  
  1626714564 449848537 0  
  1626714565 449848537 0  
  1626714566 449848537 0  
  1626714567 449848537 0  
  1626714569 449848537 0  
  1626714570 449848537 0  
  1626714571 449848537 0  
  1626714572 449848537 0  
  1626714573 449848537 0  
  1626714574 449848537 0  
  1626714575 449848537 0  
  1626714576 449848537 0  
  1626714577 449848537 0  
  1626714578 449848537 0  
  1626714579 449848537 0  
  1626714580 449848537 0  
  1626714581 449848537 0  
  1626714582 449848537 0  
  1626714583 449848537 0  
  1626714584 449848537 0  
  1626714585 449848537 0  
  1626714586 449848537 0  
  1626714587 449848537 0  
  1626714588 449848537 0  
  1626714589 449848537 0  
  1626714590 449848537 0  
  1626714591 449848537 0  
  1626714592 449848537 0  
  1626714593 449848537 0  
  1626714594 449848537 0  
  1626714595 449848537 0  
  1626714596 449848537 0  
  1626714597 449848537 0  
  1626714598 449848875 0  
  1626714599 449848875 0  
  1626714600 449848875 0  
  1626714601 449848875 0  
  1626714602 449848875 0  
  1626714603 449848875 0  
  1626714604 449848875 0  
  1626714605 449848875 0  
  1626714606 449853184 0  
  1626714607 449853508 0  
  1626714609 449853508 0  
  1626714610 449854148 0  
  1626714611 449854148 0  
  1626714612 449854148 0  
  1626714613 449854148 0  
  1626714614 449854148 0  
  1626714615 449854148 0  
  1626714616 449854148 0  
  1626714617 449854148 0  
  1626714618 449854148 0  
  1626714619 449854148 0  
  1626714620 449858457 0  
  1626714621 449863414 0  
  1626714622 449864122 0  
  1626714623 449869463 0  
  1626714624 449869463 0  
  1626714625 449870171 0  
  1626714626 449870171 0  
  1626714627 449870171 0  
  1626714628 449870171 0  
  1626714629 449870171 0  
  1626714630 449870171 0  
  1626714631 449870171 0  
  1626714632 449870171 0  
  1626714633 449870171 0  
  1626714634 449870171 0  
  1626714635 449870171 0  
  1626714636 449870171 0  
  1626714637 449870171 0  
  1626714638 449870171 0  
  1626714639 449870171 0  
  1626714640 449870528 0  
  1626714641 449870528 0  
  1626714642 449870528 0  
  1626714643 449870528 0  
  1626714644 449870528 0  
  1626714645 449870528 0  
  1626714646 449870528 0  
  1626714647 449870528 0  
  1626714649 449870528 0  
  1626714650 449870528 0  
  1626714651 449870528 0  
  1626714652 449870528 0  
  1626714653 449870528 0  
  1626714654 449870528 0  
  1626714655 449870528 0  
  1626714656 449870528 0  
  1626714657 449870528 0  
  1626714658 449870528 0  
  1626714659 449870528 0  
  1626714660 449870528 0  
  1626714661 449870528 0  
  1626714662 449870528 0  
  1626714663 449871186 0  
  1626714664 449871186 0  
  1626714665 449871186 0  
  1626714666 449871186 0  
  1626714667 449871186 0  
  1626714668 449871186 0  
  1626714669 449871186 0  
  1626714670 449871186 0  
  1626714671 449871186 0  
  1626714672 449871186 0  
  1626714673 449871186 0  
  1626714674 449871186 0  
  1626714675 449871186 0  
  1626714676 449871186 0  
  1626714677 449871186 0  
  1626714678 449871186 0  
  1626714679 449871186 0  
  1626714680 449871186 0  
  1626714681 449871186 0  
  1626714682 449871186 0  
  1626714683 449871186 0  
  1626714684 449871186 0  
  1626714685 449871186 0  
  1626714686 449871186 0  
  1626714688 449871186 0  
  1626714689 449871186 0  
  1626714690 449871186 0  
  1626714691 449871186 0  
  1626714692 449871186 0  
  1626714693 449871186 0  
  1626714694 449871186 0  
  1626714695 449871186 0  
  1626714696 449871186 0  
  1626714697 449871186 0  
  1626714698 449871186 0  
  1626714699 449871186 0  
  1626714700 449871186 0  
  1626714701 449871186 0  
  1626714702 449871186 0  
  1626714703 449871186 0  
  1626714704 449871186 0  
  1626714705 449871186 0  
  1626714706 449871186 0  
  1626714707 449871186 0  
  1626714708 449871186 0  
  1626714709 449871186 0  
  1626714710 449871186 0  
  1626714711 449871186 0  
  1626714712 449871186 0  
  1626714713 449871186 0  
  1626714714 449871186 0  
  1626714715 449871186 0  
  1626714716 449871186 0  
  1626714717 449871186 0  
  1626714718 449871186 0  
  1626714719 449871186 0  
  1626714720 449871186 0  
  1626714721 449871186 0  
  1626714722 449871186 0  
  1626714723 449871186 0  
  1626714724 449871186 0  
  1626714725 449871186 0  
  1626714727 449871186 0  
  1626714728 449871186 0  
  1626714729 449871186 0  
  1626714730 449871186 0  
  1626714731 449871186 0  
  1626714732 449871186 0  
  1626714733 449871186 0  
  1626714734 449871186 0  
  1626714735 449871186 0  
  1626714736 449871186 0  
  1626714737 449871186 0  
  1626714738 449871186 0  
  1626714739 449871186 0  
  1626714740 449871186 0  
  1626714741 449871186 0  
  1626714742 449871186 0  
  1626714743 449871186 0  
  1626714744 449871186 0  
  1626714745 449871186 0  
  1626714746 449871186 0  
  1626714747 449871186 0  
  1626714748 449871524 0  
  1626714749 449871524 0  
  1626714750 449871524 0  
  1626714751 449871524 0  
  1626714752 449871524 0  
  1626714753 449871524 0  
  1626714754 449871524 0  
  1626714755 449871672 0  
  1626714756 449871672 0  
  1626714757 449871672 0  
  1626714758 449871672 0  
  1626714759 449871672 0  
  1626714760 449871672 0  
  1626714761 449872828 0  
  1626714762 449872828 0  
  1626714763 449874423 0  
  1626714764 449874423 0  
  1626714765 449874423 0  
  1626714767 449874423 0  
  1626714768 449874423 0  
  1626714769 449874423 0  
  1626714770 449874423 0  
  1626714771 449878732 0  
  1626714772 449879056 0  
  1626714773 449879764 0  
  1626714774 449879764 0  
  1626714775 449879764 0  
  1626714776 449879764 0  
  1626714777 449879764 0  
  1626714778 449879764 0  
  1626714779 449879764 0  
  1626714780 449879764 0  
  1626714781 449879764 0  
  1626714782 449879764 0  
  1626714783 449879764 0  
  1626714784 449879764 0  
  1626714785 449879764 0  
  1626714786 449879764 0  
  1626714787 449879764 0  
  1626714788 449879764 0  
  1626714789 449879764 0  
  1626714790 449879764 0  
  1626714791 449879764 0  
  1626714792 449879764 0  
  1626714793 449879764 0  
  1626714794 449879764 0  
  1626714795 449879764 0  
  1626714796 449879764 0  
  1626714797 449879764 0  
  1626714798 449879764 0  
  1626714799 449879764 0  
  1626714800 449879764 0  
  1626714801 449879764 0  
  1626714802 449879764 0  
  1626714803 449879764 0  
  1626714804 449879764 0  
  1626714806 449879764 0  
  1626714807 449879764 0  
  1626714808 449879764 0  
  1626714809 449879764 0  
  1626714810 449879764 0  
  1626714811 449879764 0  
  1626714812 449879764 0  
  1626714813 449879764 0  
  1626714814 449879764 0  
  1626714815 449879764 0  
  1626714816 449879764 0  
  1626714817 449879764 0  
  1626714818 449879764 0  
  1626714819 449879764 0  
  1626714820 449879764 0  
  1626714821 449879764 0  
  1626714822 449879764 0  
  1626714823 449879764 0  
  1626714824 449879764 0  
  1626714825 449879764 0  
  1626714826 449879764 0  
  1626714827 449879764 0  
  1626714828 449879764 0  
  1626714829 449879764 0  
  1626714830 449879764 0  
  1626714831 449879764 0  
  1626714832 449879764 0  
  1626714833 449879764 0  
  1626714834 449879764 0  
  1626714835 449879764 0  
  1626714836 449879764 0  
  1626714837 449879764 0  
  1626714838 449879764 0  
  1626714839 449879764 0  
 