 1626881302 475823335 0  
  1626881303 475823335 0  
  1626881304 475823335 0  
  1626881306 475823427 0  
  1626881307 475823427 0  
  1626881308 475823427 0  
  1626881309 475823427 0  
  1626881310 475823427 0  
  1626881311 475823427 0  
  1626881312 475823427 0  
  1626881313 475823427 0  
  1626881314 475823427 0  
  1626881315 475823427 0  
  1626881316 475823519 0  
  1626881317 475823519 0  
  1626881318 475823519 0  
  1626881319 475823519 0  
  1626881320 475823519 0  
  1626881321 475823519 0  
  1626881322 475823519 0  
  1626881323 475823519 0  
  1626881324 475823519 0  
  1626881325 475823519 0  
  1626881326 475823519 0  
  1626881327 475823519 0  
  1626881328 475823519 0  
  1626881329 475823519 0  
  1626881330 475823519 0  
  1626881331 475823611 0  
  1626881332 475823611 0  
  1626881333 475823611 0  
  1626881334 475823611 0  
  1626881335 475823611 0  
  1626881336 475823611 0  
  1626881337 475823611 0  
  1626881338 475823611 0  
  1626881339 475823611 0  
  1626881340 475823611 0  
  1626881341 475823611 0  
  1626881342 475823611 0  
  1626881343 475823611 0  
  1626881345 475823611 0  
  1626881346 475823611 0  
  1626881347 475823611 0  
  1626881348 475823703 0  
  1626881349 475823703 0  
  1626881350 475823703 0  
  1626881351 475823703 0  
  1626881352 475823703 0  
  1626881353 475823703 0  
  1626881354 475823703 0  
  1626881355 475823703 0  
  1626881356 475823703 0  
  1626881357 475823703 0  
  1626881358 475823703 0  
  1626881359 475823703 0  
  1626881360 475823703 0  
  1626881361 475823703 0  
  1626881362 475823703 0  
  1626881363 475823703 0  
  1626881364 475823795 0  
  1626881365 475823795 0  
  1626881366 475823795 0  
  1626881367 475823795 0  
  1626881368 475823795 0  
  1626881369 475823795 0  
  1626881370 475823887 0  
  1626881371 475823887 0  
  1626881372 475823887 0  
  1626881373 475823887 0  
  1626881374 475823887 0  
  1626881375 475823887 0  
  1626881376 475823887 0  
  1626881377 475823887 0  
  1626881378 475823887 0  
  1626881379 475823979 0  
  1626881380 475823979 0  
  1626881381 475823979 0  
  1626881382 475823979 0  
  1626881383 475823979 0  
  1626881385 475823979 0  
  1626881386 475823979 0  
  1626881387 475823979 0  
  1626881388 475823979 0  
  1626881389 475823979 0  
  1626881390 475823979 0  
  1626881391 475823979 0  
  1626881392 475823979 0  
  1626881393 475823979 0  
  1626881394 475823979 0  
  1626881395 475823979 0  
  1626881396 475824071 0  
  1626881397 475824071 0  
  1626881398 475824071 0  
  1626881399 475824071 0  
  1626881400 475824071 0  
  1626881401 475824071 0  
  1626881402 475824071 0  
  1626881403 475824071 0  
  1626881404 475824071 0  
  1626881405 475824071 0  
  1626881406 475824071 0  
  1626881407 475824071 0  
  1626881408 475824071 0  
  1626881409 475824071 0  
  1626881410 475824071 0  
  1626881411 475824071 0  
  1626881412 475824163 0  
  1626881413 475824163 0  
  1626881414 475824163 0  
  1626881415 475824163 0  
  1626881416 475824163 0  
  1626881417 475824163 0  
  1626881418 475824163 0  
  1626881419 475824163 0  
  1626881420 475824163 0  
  1626881421 475824163 0  
  1626881422 475824163 0  
  1626881423 475824163 0  
  1626881425 475824163 0  
  1626881426 475824163 0  
  1626881427 475824163 0  
  1626881428 475824163 0  
  1626881429 475824255 0  
  1626881430 475824255 0  
  1626881431 475824255 0  
  1626881432 475824255 0  
  1626881433 475824255 0  
  1626881434 475824255 0  
  1626881435 475824347 0  
  1626881436 475824347 0  
  1626881437 475824347 0  
  1626881438 475824347 0  
  1626881439 475824347 0  
  1626881440 475824347 0  
  1626881441 475824347 0  
  1626881442 475824347 0  
  1626881443 475824704 0  
  1626881444 475824704 0  
  1626881445 475824796 0  
  1626881446 475824796 0  
  1626881447 475829105 0  
  1626881448 475829429 0  
  1626881449 475829429 0  
  1626881450 475834446 0  
  1626881451 475834770 0  
  1626881452 475835478 0  
  1626881453 475835478 0  
  1626881454 475835478 0  
  1626881455 475844240 0  
  1626881456 475844744 0  
  1626881457 475846092 0  
  1626881458 475846092 0  
  1626881459 475846092 0  
  1626881460 475846184 0  
  1626881461 475846184 0  
  1626881462 475846184 0  
  1626881464 475846184 0  
  1626881465 475850901 0  
  1626881466 475850901 0  
  1626881467 475851405 0  
  1626881468 475852001 0  
  1626881469 475852001 0  
  1626881470 475852001 0  
  1626881471 475852001 0  
  1626881472 475852001 0  
  1626881473 475852001 0  
  1626881474 475852001 0  
  1626881475 475852001 0  
  1626881476 475852001 0  
  1626881477 475852093 0  
  1626881478 475852093 0  
  1626881479 475852093 0  
  1626881480 475852093 0  
  1626881481 475852093 0  
  1626881482 475852093 0  
  1626881483 475852093 0  
  1626881484 475852093 0  
  1626881485 475852093 0  
  1626881486 475852093 0  
  1626881487 475852093 0  
  1626881488 475852093 0  
  1626881489 475852093 0  
  1626881490 475852093 0  
  1626881491 475852093 0  
  1626881492 475852093 0  
  1626881493 475852185 0  
  1626881494 475852185 0  
  1626881495 475852185 0  
  1626881496 475852185 0  
  1626881497 475852185 0  
  1626881498 475852185 0  
  1626881499 475852277 0  
  1626881500 475852277 0  
  1626881501 475852277 0  
  1626881502 475852277 0  
  1626881504 475852277 0  
  1626881505 475852277 0  
  1626881506 475852277 0  
  1626881507 475852277 0  
  1626881508 475852277 0  
  1626881509 475852369 0  
  1626881510 475852369 0  
  1626881511 475852369 0  
  1626881512 475852369 0  
  1626881513 475852369 0  
  1626881514 475852369 0  
  1626881515 475852369 0  
  1626881516 475852369 0  
  1626881517 475852369 0  
  1626881518 475852369 0  
  1626881519 475852369 0  
  1626881520 475852369 0  
  1626881521 475852369 0  
  1626881522 475852369 0  
  1626881523 475852369 0  
  1626881524 475852369 0  
  1626881525 475852461 0  
  1626881526 475852461 0  
  1626881527 475852461 0  
  1626881528 475852461 0  
  1626881529 475852461 0  
  1626881530 475852461 0  
  1626881531 475852461 0  
  1626881532 475852461 0  
  1626881533 475852461 0  
  1626881534 475852461 0  
  1626881535 475852461 0  
  1626881536 475852461 0  
  1626881537 475852461 0  
  1626881538 475852461 0  
  1626881539 475852461 0  
  1626881540 475852461 0  
  1626881541 475852553 0  
  1626881543 475852553 0  
  1626881544 475852553 0  
  1626881545 475852553 0  
  1626881546 475852553 0  
  1626881547 475852553 0  
  1626881548 475852553 0  
  1626881549 475852553 0  
  1626881550 475852553 0  
  1626881551 475852553 0  
  1626881552 475852553 0  
  1626881553 475852553 0  
  1626881554 475852553 0  
  1626881555 475852553 0  
  1626881556 475852553 0  
  1626881557 475852553 0  
  1626881558 475852645 0  
  1626881559 475852645 0  
  1626881560 475852645 0  
  1626881561 475852645 0  
  1626881562 475852645 0  
  1626881563 475852645 0  
  1626881564 475852737 0  
  1626881565 475852737 0  
  1626881566 475852737 0  
  1626881567 475852737 0  
  1626881568 475852737 0  
  1626881569 475852737 0  
  1626881570 475852737 0  
  1626881571 475852737 0  
  1626881572 475852737 0  
  1626881573 475852829 0  
  1626881574 475857138 0  
  1626881575 475857462 0  
  1626881576 475858170 0  
  1626881577 475858170 0  
  1626881578 475858170 0  
  1626881579 475858170 0  
  1626881580 475858170 0  
  1626881582 475858170 0  
  1626881583 475858170 0  
  1626881584 475858170 0  
  1626881585 475858170 0  
  1626881586 475858170 0  
  1626881587 475858170 0  
  1626881588 475858170 0  
  1626881589 475858170 0  
  1626881590 475858262 0  
  1626881591 475858262 0  
  1626881592 475858262 0  
  1626881593 475858262 0  
  1626881594 475858262 0  
  1626881595 475858262 0  
  1626881596 475858262 0  
  1626881597 475858262 0  
  1626881598 475858262 0  
  1626881599 475858262 0  
  1626881600 475858262 0  
  1626881601 475858262 0  
  1626881602 475858262 0  
  1626881603 475858262 0  
  1626881604 475858262 0  
  1626881605 475858262 0  
  1626881606 475858354 0  
  1626881607 475858354 0  
  1626881608 475858354 0  
  1626881609 475858354 0  
  1626881610 475858354 0  
  1626881611 475858354 0  
  1626881612 475858354 0  
  1626881613 475858354 0  
  1626881614 475858354 0  
  1626881615 475858354 0  
  1626881616 475858354 0  
  1626881617 475858354 0  
  1626881618 475858354 0  
  1626881619 475858354 0  
  1626881620 475858354 0  
  1626881622 475858354 0  
  1626881623 475858446 0  
  1626881624 475858446 0  
  1626881625 475858446 0  
  1626881626 475858446 0  
  1626881627 475858446 0  
  1626881628 475858446 0  
  1626881629 475858446 0  
  1626881630 475858446 0  
  1626881631 475858446 0  
  1626881632 475858446 0  
  1626881633 475858446 0  
  1626881634 475858446 0  
  1626881635 475858446 0  
  1626881636 475858446 0  
  1626881637 475858446 0  
  1626881638 475858446 0  
  1626881639 475858538 0  
  1626881640 475858538 0  
  1626881641 475858538 0  
  1626881642 475858538 0  
  1626881643 475858538 0  
  1626881644 475858538 0  
  1626881645 475858538 0  
  1626881646 475858538 0  
 