 1627438143 556933132 0  
  1627438144 556933200 0  
  1627438145 556933200 0  
  1627438146 556933840 0  
  1627438147 556933840 0  
  1627438148 556933840 0  
  1627438149 556933840 0  
  1627438150 556933840 0  
  1627438151 556933840 0  
  1627438152 556933840 0  
  1627438153 556933840 0  
  1627438154 556933840 0  
  1627438155 556933840 0  
  1627438156 556933840 0  
  1627438157 556933840 0  
  1627438158 556933840 0  
  1627438159 556933840 0  
  1627438160 556933840 0  
  1627438161 556933840 0  
  1627438162 556933840 0  
  1627438163 556933840 0  
  1627438164 556933840 0  
  1627438166 556933840 0  
  1627438167 556933840 0  
  1627438168 556933840 0  
  1627438169 556933840 0  
  1627438170 556933840 0  
  1627438171 556933840 0  
  1627438172 556933840 0  
  1627438173 556933840 0  
  1627438174 556933840 0  
  1627438175 556933840 0  
  1627438176 556933840 0  
  1627438177 556933840 0  
  1627438178 556933840 0  
  1627438179 556933840 0  
  1627438180 556933840 0  
  1627438181 556933840 0  
  1627438182 556933840 0  
  1627438183 556933840 0  
  1627438184 556933840 0  
  1627438185 556933840 0  
  1627438186 556933840 0  
  1627438187 556933840 0  
  1627438188 556933840 0  
  1627438189 556933840 0  
  1627438190 556933840 0  
  1627438191 556933840 0  
  1627438192 556933840 0  
  1627438193 556933840 0  
  1627438194 556933840 0  
  1627438195 556933840 0  
  1627438196 556933840 0  
  1627438197 556933840 0  
  1627438198 556933840 0  
  1627438199 556933840 0  
  1627438200 556933840 0  
  1627438201 556933840 0  
  1627438202 556933840 0  
  1627438203 556933840 0  
  1627438204 556933840 0  
  1627438206 556933840 0  
  1627438207 556933840 0  
  1627438208 556933840 0  
  1627438209 556933840 0  
  1627438210 556933840 0  
  1627438211 556933840 0  
  1627438212 556933840 0  
  1627438213 556933840 0  
  1627438214 556933840 0  
  1627438215 556933840 0  
  1627438216 556933840 0  
  1627438217 556933840 0  
  1627438218 556934178 0  
  1627438219 556934178 0  
  1627438220 556934178 0  
  1627438221 556934178 0  
  1627438222 556934178 0  
  1627438223 556934178 0  
  1627438224 556934178 0  
  1627438225 556934178 0  
  1627438226 556934178 0  
  1627438227 556934178 0  
  1627438228 556934178 0  
  1627438229 556934178 0  
  1627438230 556934178 0  
  1627438231 556934178 0  
  1627438232 556934178 0  
  1627438233 556934178 0  
  1627438234 556934178 0  
  1627438235 556934178 0  
  1627438236 556934178 0  
  1627438237 556934178 0  
  1627438238 556934178 0  
  1627438239 556934178 0  
  1627438240 556934246 0  
  1627438241 556934246 0  
  1627438242 556934246 0  
  1627438243 556934246 0  
  1627438245 556934246 0  
  1627438246 556935827 0  
  1627438247 556935827 0  
  1627438248 556935827 0  
  1627438249 556935827 0  
  1627438250 556935827 0  
  1627438251 556935827 0  
  1627438252 556935827 0  
  1627438253 556935827 0  
  1627438254 556935827 0  
  1627438255 556935827 0  
  1627438256 556935827 0  
  1627438257 556935827 0  
  1627438258 556935919 0  
  1627438259 556936011 0  
  1627438260 556936011 0  
  1627438261 556936011 0  
  1627438262 556936011 0  
  1627438263 556936011 0  
  1627438264 556936011 0  
  1627438265 556936011 0  
  1627438266 556936011 0  
  1627438267 556936011 0  
  1627438268 556936011 0  
  1627438269 556936011 0  
  1627438270 556936011 0  
  1627438271 556936011 0  
  1627438272 556936011 0  
  1627438273 556936011 0  
  1627438274 556936011 0  
  1627438275 556936011 0  
  1627438276 556936011 0  
  1627438277 556936011 0  
  1627438278 556936011 0  
  1627438279 556936607 0  
  1627438280 556936607 0  
  1627438281 556936607 0  
  1627438282 556936607 0  
  1627438283 556936607 0  
  1627438285 556936607 0  
  1627438286 556936607 0  
  1627438287 556936607 0  
  1627438288 556936607 0  
  1627438289 556936607 0  
  1627438290 556936607 0  
  1627438291 556936607 0  
  1627438292 556936607 0  
  1627438293 556936607 0  
  1627438294 556936607 0  
  1627438295 556936607 0  
  1627438296 556936607 0  
  1627438297 556936607 0  
  1627438298 556936607 0  
  1627438299 556936607 0  
  1627438300 556936607 0  
  1627438301 556936607 0  
  1627438302 556936607 0  
  1627438303 556936607 0  
  1627438304 556936607 0  
  1627438305 556936607 0  
  1627438306 556936607 0  
  1627438307 556936607 0  
  1627438308 556936607 0  
  1627438309 556936607 0  
  1627438310 556936607 0  
  1627438311 556936607 0  
  1627438312 556936667 0  
  1627438313 556936667 0  
  1627438314 556936667 0  
  1627438315 556936667 0  
  1627438316 556936667 0  
  1627438317 556936667 0  
  1627438318 556936667 0  
  1627438319 556936667 0  
  1627438320 556936667 0  
  1627438321 556936667 0  
  1627438322 556936667 0  
  1627438324 556936667 0  
  1627438325 556936667 0  
  1627438326 556936667 0  
  1627438327 556936667 0  
  1627438328 556936667 0  
  1627438329 556936667 0  
  1627438330 556936667 0  
  1627438331 556940976 0  
  1627438332 556941300 0  
  1627438333 556941872 0  
  1627438334 556941872 0  
  1627438335 556941872 0  
  1627438336 556941872 0  
  1627438337 556941872 0  
  1627438338 556941872 0  
  1627438339 556941872 0  
  1627438340 556941872 0  
  1627438341 556941872 0  
  1627438342 556941872 0  
  1627438343 556941872 0  
  1627438344 556941872 0  
  1627438345 556941872 0  
  1627438346 556941872 0  
  1627438347 556941872 0  
  1627438348 556941872 0  
  1627438349 556941872 0  
  1627438350 556941872 0  
  1627438351 556941872 0  
  1627438352 556941872 0  
  1627438353 556941872 0  
  1627438354 556941872 0  
  1627438355 556941872 0  
  1627438356 556941872 0  
  1627438357 556941872 0  
  1627438358 556941872 0  
  1627438359 556946181 0  
  1627438360 556946505 0  
  1627438361 556947145 0  
  1627438363 556947145 0  
  1627438364 556947145 0  
  1627438365 556947145 0  
  1627438366 556947145 0  
  1627438367 556947145 0  
  1627438368 556947483 0  
  1627438369 556947483 0  
  1627438370 556947483 0  
  1627438371 556947483 0  
  1627438372 556947483 0  
  1627438373 556947483 0  
  1627438374 556947483 0  
  1627438375 556947483 0  
  1627438376 556947483 0  
  1627438377 556947483 0  
  1627438378 556947483 0  
  1627438379 556947483 0  
  1627438380 556947483 0  
  1627438381 556947483 0  
  1627438382 556947483 0  
  1627438383 556947483 0  
  1627438384 556947483 0  
  1627438385 556947483 0  
  1627438386 556947483 0  
  1627438387 556947483 0  
  1627438388 556947667 0  
  1627438389 556947667 0  
  1627438390 556947667 0  
  1627438391 556947667 0  
  1627438392 556947667 0  
  1627438393 556947667 0  
  1627438394 556947667 0  
  1627438395 556947667 0  
  1627438396 556947667 0  
  1627438397 556947667 0  
  1627438398 556947667 0  
  1627438399 556947667 0  
  1627438400 556947667 0  
  1627438401 556956285 0  
  1627438403 556956933 0  
  1627438404 556956933 0  
  1627438405 556958281 0  
  1627438406 556958281 0  
  1627438407 556958281 0  
  1627438408 556958281 0  
  1627438409 556958281 0  
  1627438410 556958281 0  
  1627438411 556958281 0  
  1627438412 556958281 0  
  1627438413 556958281 0  
  1627438414 556958281 0  
  1627438415 556958281 0  
  1627438416 556958281 0  
  1627438417 556958281 0  
  1627438418 556958281 0  
  1627438419 556958281 0  
  1627438420 556958281 0  
  1627438421 556958281 0  
  1627438422 556958281 0  
  1627438423 556958281 0  
  1627438424 556958281 0  
  1627438425 556958281 0  
  1627438426 556958281 0  
  1627438427 556958281 0  
  1627438428 556958281 0  
  1627438429 556958281 0  
  1627438430 556958281 0  
  1627438431 556958281 0  
  1627438432 556958281 0  
  1627438433 556958281 0  
  1627438434 556958281 0  
  1627438435 556958281 0  
  1627438436 556958281 0  
  1627438437 556958281 0  
  1627438438 556958281 0  
  1627438439 556958281 0  
  1627438440 556962410 0  
  1627438442 556962914 0  
  1627438443 556962914 0  
  1627438444 556963554 0  
  1627438445 556963554 0  
  1627438446 556963554 0  
  1627438447 556963554 0  
  1627438448 556963554 0  
  1627438449 556963554 0  
  1627438450 556963554 0  
  1627438451 556963554 0  
  1627438452 556963554 0  
  1627438453 556963554 0  
  1627438454 556963554 0  
  1627438455 556963554 0  
  1627438456 556963554 0  
  1627438457 556963554 0  
  1627438458 556963554 0  
  1627438459 556963554 0  
  1627438460 556963554 0  
  1627438461 556963554 0  
  1627438462 556963554 0  
  1627438463 556963554 0  
  1627438464 556963554 0  
  1627438465 556963554 0  
  1627438466 556963554 0  
  1627438467 556963554 0  
  1627438468 556963554 0  
  1627438469 556963554 0  
  1627438470 556963554 0  
  1627438471 556963554 0  
  1627438472 556963554 0  
  1627438473 556963554 0  
  1627438474 556963554 0  
  1627438475 556963554 0  
  1627438476 556963554 0  
  1627438477 556963554 0  
  1627438478 556963554 0  
  1627438479 556964150 0  
  1627438481 556964150 0  
  1627438482 556964150 0  
  1627438483 556964150 0  
  1627438484 556964150 0  
  1627438485 556964150 0  
  1627438486 556964150 0  
  1627438487 556964150 0  
  1627438488 556964150 0  
  1627438489 556964150 0  
  1627438490 556964150 0  
  1627438491 556964150 0  
  1627438492 556964150 0  
  1627438493 556964150 0  
  1627438494 556964150 0  
  1627438495 556964150 0  
  1627438496 556964150 0  
  1627438497 556964150 0  
  1627438498 556964150 0  
  1627438499 556964150 0  
  1627438500 556964150 0  
  1627438501 556964150 0  
  1627438502 556964150 0  
  1627438503 556964150 0  
  1627438504 556964150 0  
  1627438505 556964150 0  
  1627438506 556964150 0  
  1627438507 556964150 0  
  1627438508 556964150 0  
  1627438509 556964150 0  
  1627438510 556964150 0  
  1627438511 556964150 0  
  1627438512 556964150 0  
  1627438513 556964150 0  
  1627438514 556964150 0  
  1627438515 556964150 0  
  1627438516 556964334 0  
  1627438517 556964334 0  
  1627438519 556964672 0  
  1627438520 556964672 0  
  1627438521 556964672 0  
  1627438522 556964672 0  
  1627438523 556964672 0  
  1627438524 556964672 0  
  1627438525 556964672 0  
  1627438526 556964672 0  
  1627438527 556964672 0  
  1627438528 556964672 0  
  1627438529 556964672 0  
  1627438530 556964672 0  
  1627438531 556964672 0  
  1627438532 556964672 0  
  1627438533 556964672 0  
  1627438534 556964672 0  
  1627438535 556964672 0  
  1627438536 556964672 0  
  1627438537 556964672 0  
  1627438538 556964672 0  
  1627438539 556964672 0  
  1627438540 556964672 0  
  1627438541 556964672 0  
  1627438542 556964672 0  
  1627438543 556964672 0  
  1627438544 556964732 0  
  1627438545 556964732 0  
  1627438546 556965089 0  
  1627438547 556965089 0  
  1627438548 556965089 0  
  1627438549 556965089 0  
  1627438550 556965089 0  
  1627438551 556965089 0  
  1627438552 556965089 0  
  1627438553 556965089 0  
  1627438554 556965089 0  
  1627438555 556965089 0  
  1627438556 556965089 0  
  1627438558 556965089 0  
  1627438559 556965089 0  
  1627438560 556965089 0  
  1627438561 556965089 0  
  1627438562 556965089 0  
  1627438563 556965089 0  
  1627438564 556965089 0  
  1627438565 556965089 0  
  1627438566 556965089 0  
  1627438567 556965089 0  
  1627438568 556965089 0  
  1627438569 556965089 0  
  1627438570 556965089 0  
  1627438571 556965089 0  
  1627438572 556965089 0  
  1627438573 556965165 0  
  1627438574 556965165 0  
  1627438575 556965165 0  
  1627438576 556965165 0  
  1627438577 556965165 0  
  1627438578 556965165 0  
  1627438579 556965165 0  
  1627438580 556965165 0  
  1627438581 556965165 0  
  1627438582 556965165 0  
  1627438583 556965165 0  
  1627438584 556965165 0  
  1627438585 556965165 0  
  1627438586 556965165 0  
  1627438587 556965165 0  
  1627438588 556965165 0  
  1627438589 556965165 0  
  1627438590 556965165 0  
  1627438591 556965165 0  
  1627438592 556965165 0  
  1627438593 556965165 0  
  1627438594 556965165 0  
  1627438595 556965165 0  
  1627438597 556965165 0  
  1627438598 556965165 0  
  1627438599 556965165 0  
  1627438600 556965165 0  
  1627438601 556965165 0  
  1627438602 556965165 0  
  1627438603 556965165 0  
  1627438604 556965165 0  
  1627438605 556965165 0  
  1627438606 556965165 0  
  1627438607 556965165 0  
  1627438608 556965165 0  
  1627438609 556965165 0  
  1627438610 556965165 0  
 