 1626787658 460637036 0  
  1626787659 460637036 0  
  1626787660 460637036 0  
  1626787661 460638192 0  
  1626787662 460638192 0  
  1626787663 460638192 0  
  1626787664 460638192 0  
  1626787665 460638192 0  
  1626787666 460638192 0  
  1626787667 460638192 0  
  1626787668 460638192 0  
  1626787669 460638192 0  
  1626787670 460638192 0  
  1626787671 460638284 0  
  1626787672 460642593 0  
  1626787673 460642917 0  
  1626787674 460642917 0  
  1626787675 460643625 0  
  1626787676 460643625 0  
  1626787678 460643625 0  
  1626787679 460643625 0  
  1626787680 460643625 0  
  1626787681 460643625 0  
  1626787682 460643625 0  
  1626787683 460643625 0  
  1626787684 460643625 0  
  1626787685 460643625 0  
  1626787686 460643625 0  
  1626787687 460643625 0  
  1626787688 460643625 0  
  1626787689 460643625 0  
  1626787690 460643625 0  
  1626787691 460643625 0  
  1626787692 460643625 0  
  1626787693 460643625 0  
  1626787694 460643625 0  
  1626787695 460643625 0  
  1626787696 460643625 0  
  1626787697 460643625 0  
  1626787698 460643625 0  
  1626787699 460643625 0  
  1626787700 460643625 0  
  1626787701 460643625 0  
  1626787702 460643625 0  
  1626787703 460643625 0  
  1626787704 460643625 0  
  1626787705 460643625 0  
  1626787706 460643625 0  
  1626787707 460643625 0  
  1626787708 460643625 0  
  1626787709 460643625 0  
  1626787710 460643625 0  
  1626787711 460643625 0  
  1626787712 460643625 0  
  1626787713 460643625 0  
  1626787714 460643625 0  
  1626787715 460643625 0  
  1626787716 460643625 0  
  1626787718 460643625 0  
  1626787719 460643625 0  
  1626787720 460643717 0  
  1626787721 460643717 0  
  1626787722 460643717 0  
  1626787723 460643717 0  
  1626787724 460643717 0  
  1626787725 460643717 0  
  1626787726 460643717 0  
  1626787727 460643717 0  
  1626787728 460643717 0  
  1626787729 460643717 0  
  1626787730 460643717 0  
  1626787731 460643717 0  
  1626787732 460643717 0  
  1626787733 460643717 0  
  1626787734 460643717 0  
  1626787735 460643717 0  
  1626787736 460643717 0  
  1626787737 460643717 0  
  1626787738 460643717 0  
  1626787739 460643717 0  
  1626787740 460643717 0  
  1626787741 460643717 0  
  1626787742 460643717 0  
  1626787743 460643717 0  
  1626787744 460643717 0  
  1626787745 460643717 0  
  1626787746 460643717 0  
  1626787747 460643717 0  
  1626787748 460643717 0  
  1626787749 460643717 0  
  1626787750 460643717 0  
  1626787751 460643717 0  
  1626787752 460643717 0  
  1626787753 460643717 0  
  1626787754 460643717 0  
  1626787755 460643717 0  
  1626787756 460643717 0  
  1626787757 460643717 0  
  1626787759 460643717 0  
  1626787760 460643717 0  
  1626787761 460643717 0  
  1626787762 460643717 0  
  1626787763 460643717 0  
  1626787764 460643717 0  
  1626787765 460643717 0  
  1626787766 460644313 0  
  1626787767 460644313 0  
  1626787768 460644313 0  
  1626787769 460644313 0  
  1626787770 460644313 0  
  1626787771 460644313 0  
  1626787772 460644313 0  
  1626787773 460644313 0  
  1626787774 460644313 0  
  1626787775 460644313 0  
  1626787776 460644313 0  
  1626787777 460644313 0  
  1626787778 460644313 0  
  1626787779 460644313 0  
  1626787780 460644313 0  
  1626787781 460644313 0  
  1626787782 460644313 0  
  1626787783 460644313 0  
  1626787784 460644313 0  
  1626787785 460644405 0  
  1626787786 460644405 0  
  1626787787 460644405 0  
  1626787788 460644405 0  
  1626787789 460644405 0  
  1626787790 460644405 0  
  1626787791 460644405 0  
  1626787792 460644405 0  
  1626787793 460644405 0  
  1626787794 460644405 0  
  1626787795 460644405 0  
  1626787796 460644405 0  
  1626787797 460644405 0  
  1626787799 460644405 0  
  1626787800 460644405 0  
  1626787801 460644497 0  
  1626787802 460644497 0  
  1626787803 460644497 0  
  1626787804 460644497 0  
  1626787805 460644497 0  
  1626787806 460644497 0  
  1626787807 460644497 0  
  1626787808 460644497 0  
  1626787809 460648806 0  
  1626787810 460649130 0  
  1626787811 460649130 0  
  1626787812 460649838 0  
  1626787813 460649838 0  
  1626787814 460649838 0  
  1626787815 460649838 0  
  1626787816 460649838 0  
  1626787817 460649838 0  
  1626787818 460649838 0  
  1626787819 460649838 0  
  1626787820 460649838 0  
  1626787821 460649838 0  
  1626787822 460649838 0  
  1626787823 460658456 0  
  1626787824 460663413 0  
  1626787825 460663737 0  
  1626787826 460665725 0  
  1626787827 460665725 0  
  1626787828 460665725 0  
  1626787829 460665725 0  
  1626787830 460665725 0  
  1626787831 460665725 0  
  1626787832 460665725 0  
  1626787833 460665725 0  
  1626787834 460665725 0  
  1626787835 460665725 0  
  1626787836 460665725 0  
  1626787837 460665725 0  
  1626787839 460665725 0  
  1626787840 460665725 0  
  1626787841 460665725 0  
  1626787842 460665725 0  
  1626787843 460666082 0  
  1626787844 460666082 0  
  1626787845 460666082 0  
  1626787846 460666082 0  
  1626787847 460666082 0  
  1626787848 460666082 0  
  1626787849 460666174 0  
  1626787850 460666174 0  
  1626787851 460666174 0  
  1626787852 460666174 0  
  1626787853 460666174 0  
  1626787854 460666174 0  
  1626787855 460666174 0  
  1626787856 460666174 0  
  1626787857 460666174 0  
  1626787858 460666174 0  
  1626787859 460666174 0  
  1626787860 460666174 0  
  1626787861 460666174 0  
  1626787862 460666174 0  
  1626787863 460666174 0  
  1626787864 460669071 0  
  1626787865 460671027 0  
  1626787866 460671027 0  
  1626787867 460671531 0  
  1626787868 460671531 0  
  1626787869 460671531 0  
  1626787870 460671531 0  
  1626787871 460671531 0  
  1626787872 460671531 0  
  1626787873 460671531 0  
  1626787874 460671531 0  
  1626787875 460671591 0  
  1626787876 460671591 0  
  1626787878 460671591 0  
  1626787879 460671591 0  
  1626787880 460671591 0  
  1626787881 460671591 0  
  1626787882 460671591 0  
  1626787883 460671591 0  
  1626787884 460671591 0  
  1626787885 460671591 0  
  1626787886 460671591 0  
  1626787887 460671591 0  
  1626787888 460671591 0  
  1626787889 460671591 0  
  1626787890 460671591 0  
  1626787891 460671591 0  
  1626787892 460671591 0  
  1626787893 460671591 0  
  1626787894 460671591 0  
  1626787895 460671591 0  
  1626787896 460671591 0  
  1626787897 460671591 0  
  1626787898 460671591 0  
  1626787899 460671591 0  
  1626787900 460671591 0  
  1626787901 460671591 0  
  1626787902 460671591 0  
  1626787903 460671591 0  
  1626787904 460671591 0  
  1626787905 460671591 0  
  1626787906 460671591 0  
  1626787907 460671591 0  
  1626787908 460671591 0  
  1626787909 460671591 0  
  1626787910 460671591 0  
  1626787911 460671591 0  
  1626787912 460671591 0  
  1626787913 460671683 0  
  1626787914 460671683 0  
  1626787915 460671683 0  
  1626787916 460671683 0  
  1626787918 460671683 0  
  1626787919 460671683 0  
  1626787920 460671683 0  
  1626787921 460671683 0  
  1626787922 460671683 0  
  1626787923 460671683 0  
  1626787924 460671683 0  
  1626787925 460671683 0  
  1626787926 460671683 0  
  1626787927 460671683 0  
  1626787928 460671683 0  
  1626787929 460671775 0  
  1626787930 460671775 0  
  1626787931 460671775 0  
  1626787932 460671775 0  
  1626787933 460671775 0  
  1626787934 460671775 0  
  1626787935 460671775 0  
  1626787936 460671775 0  
  1626787937 460671775 0  
  1626787938 460671775 0  
  1626787939 460671775 0  
  1626787940 460671775 0  
  1626787941 460671775 0  
  1626787942 460671775 0  
  1626787943 460671775 0  
  1626787944 460671775 0  
  1626787945 460671775 0  
  1626787946 460671775 0  
  1626787947 460671775 0  
  1626787948 460671775 0  
  1626787949 460671775 0  
  1626787950 460671775 0  
  1626787951 460671775 0  
  1626787952 460671775 0  
  1626787953 460671775 0  
  1626787954 460671775 0  
  1626787955 460671775 0  
  1626787956 460671775 0  
  1626787958 460671775 0  
  1626787959 460671775 0  
  1626787960 460671775 0  
  1626787961 460671775 0  
  1626787962 460671775 0  
  1626787963 460671775 0  
  1626787964 460671775 0  
  1626787965 460671775 0  
  1626787966 460672371 0  
  1626787967 460672371 0  
  1626787968 460672371 0  
  1626787969 460672371 0  
  1626787970 460672371 0  
  1626787971 460672515 0  
  1626787972 460677004 0  
  1626787973 460677004 0  
  1626787974 460677644 0  
  1626787975 460677644 0  
  1626787976 460677644 0  
  1626787977 460677644 0  
  1626787978 460677736 0  
  1626787979 460677736 0  
  1626787980 460677736 0  
  1626787981 460677736 0  
  1626787982 460677736 0  
  1626787983 460677736 0  
  1626787984 460677736 0  
  1626787985 460677736 0  
  1626787986 460677736 0  
  1626787987 460677736 0  
  1626787988 460677736 0  
  1626787989 460677736 0  
  1626787990 460677736 0  
  1626787991 460677736 0  
  1626787992 460677736 0  
  1626787993 460677736 0  
  1626787994 460677736 0  
  1626787995 460677736 0  
  1626787996 460677736 0  
  1626787998 460677736 0  
  1626787999 460677736 0  
  1626788000 460677736 0  
  1626788001 460677736 0  
 