 1626886133 479426827 0  
  1626886134 479426827 0  
  1626886135 479426827 0  
  1626886136 479426827 0  
  1626886137 479426827 0  
  1626886138 479426827 0  
  1626886139 479426919 0  
  1626886140 479426919 0  
  1626886141 479426919 0  
  1626886142 479426919 0  
  1626886143 479426919 0  
  1626886144 479426919 0  
  1626886145 479426919 0  
  1626886146 479426919 0  
  1626886147 479426919 0  
  1626886148 479426919 0  
  1626886149 479426919 0  
  1626886150 479426919 0  
  1626886151 479426919 0  
  1626886152 479426919 0  
  1626886153 479426919 0  
  1626886154 479426919 0  
  1626886156 479426919 0  
  1626886157 479426919 0  
  1626886158 479426919 0  
  1626886159 479426919 0  
  1626886160 479426919 0  
  1626886161 479426919 0  
  1626886162 479426919 0  
  1626886163 479426919 0  
  1626886164 479426919 0  
  1626886165 479426919 0  
  1626886166 479426919 0  
  1626886167 479426919 0  
  1626886168 479426919 0  
  1626886169 479426919 0  
  1626886170 479426919 0  
  1626886171 479426919 0  
  1626886172 479426919 0  
  1626886173 479426919 0  
  1626886174 479426919 0  
  1626886175 479426919 0  
  1626886176 479426919 0  
  1626886177 479426919 0  
  1626886178 479426919 0  
  1626886179 479426919 0  
  1626886180 479426919 0  
  1626886181 479426919 0  
  1626886182 479426919 0  
  1626886183 479426919 0  
  1626886184 479426919 0  
  1626886185 479426919 0  
  1626886186 479426919 0  
  1626886187 479426919 0  
  1626886188 479426919 0  
  1626886189 479426919 0  
  1626886190 479426919 0  
  1626886191 479426919 0  
  1626886192 479426919 0  
  1626886193 479426919 0  
  1626886195 479426919 0  
  1626886196 479426919 0  
  1626886197 479426919 0  
  1626886198 479427011 0  
  1626886199 479427011 0  
  1626886200 479427011 0  
  1626886201 479427011 0  
  1626886202 479427011 0  
  1626886203 479427103 0  
  1626886204 479427103 0  
  1626886205 479427103 0  
  1626886206 479427103 0  
  1626886207 479427103 0  
  1626886208 479427103 0  
  1626886209 479427103 0  
  1626886210 479427103 0  
  1626886211 479427103 0  
  1626886212 479427103 0  
  1626886213 479427103 0  
  1626886214 479427103 0  
  1626886215 479427103 0  
  1626886216 479427103 0  
  1626886217 479427103 0  
  1626886218 479427103 0  
  1626886219 479427103 0  
  1626886220 479427103 0  
  1626886221 479427103 0  
  1626886222 479427103 0  
  1626886223 479427103 0  
  1626886224 479427103 0  
  1626886225 479427103 0  
  1626886226 479427103 0  
  1626886227 479427103 0  
  1626886228 479427103 0  
  1626886229 479427103 0  
  1626886230 479427103 0  
  1626886231 479427103 0  
  1626886232 479427103 0  
  1626886233 479427103 0  
  1626886234 479427103 0  
  1626886236 479427103 0  
  1626886237 479427103 0  
  1626886238 479427103 0  
  1626886239 479427103 0  
  1626886240 479427103 0  
  1626886241 479427103 0  
  1626886242 479427103 0  
  1626886243 479427460 0  
  1626886244 479427460 0  
  1626886245 479427460 0  
  1626886246 479427460 0  
  1626886247 479431769 0  
  1626886248 479432093 0  
  1626886249 479436726 0  
  1626886250 479437434 0  
  1626886251 479438142 0  
  1626886252 479438142 0  
  1626886253 479438142 0  
  1626886254 479447408 0  
  1626886255 479447408 0  
  1626886256 479448824 0  
  1626886257 479448824 0  
  1626886258 479448824 0  
  1626886259 479448824 0  
  1626886260 479448824 0  
  1626886261 479448824 0  
  1626886262 479448824 0  
  1626886263 479448824 0  
  1626886264 479448824 0  
  1626886265 479448824 0  
  1626886266 479448824 0  
  1626886267 479448916 0  
  1626886268 479449512 0  
  1626886269 479449512 0  
  1626886270 479449512 0  
  1626886271 479449512 0  
  1626886272 479449512 0  
  1626886273 479449512 0  
  1626886275 479449512 0  
  1626886276 479449512 0  
  1626886277 479449512 0  
  1626886278 479449512 0  
  1626886279 479449512 0  
  1626886280 479449512 0  
  1626886281 479449512 0  
  1626886282 479449512 0  
  1626886283 479449512 0  
  1626886284 479449512 0  
  1626886285 479449512 0  
  1626886286 479449512 0  
  1626886287 479449512 0  
  1626886288 479449512 0  
  1626886289 479449512 0  
  1626886290 479449512 0  
  1626886291 479449512 0  
  1626886292 479449512 0  
  1626886293 479449512 0  
  1626886294 479449512 0  
  1626886295 479449512 0  
  1626886296 479449512 0  
  1626886297 479449512 0  
  1626886298 479449512 0  
  1626886299 479449512 0  
  1626886300 479449512 0  
  1626886301 479449512 0  
  1626886302 479449512 0  
  1626886303 479449512 0  
  1626886304 479449512 0  
  1626886305 479449512 0  
  1626886306 479449512 0  
  1626886307 479449512 0  
  1626886308 479449512 0  
  1626886309 479449512 0  
  1626886310 479449512 0  
  1626886311 479449512 0  
  1626886312 479449512 0  
  1626886314 479449512 0  
  1626886315 479449512 0  
  1626886316 479449512 0  
  1626886317 479449512 0  
  1626886318 479449512 0  
  1626886319 479449512 0  
  1626886320 479449512 0  
  1626886321 479449512 0  
  1626886322 479449512 0  
  1626886323 479449512 0  
  1626886324 479449512 0  
  1626886325 479449512 0  
  1626886326 479449512 0  
  1626886327 479449512 0  
  1626886328 479449604 0  
  1626886329 479449604 0  
  1626886330 479449604 0  
  1626886331 479449604 0  
  1626886332 479449696 0  
  1626886333 479449696 0  
  1626886334 479449696 0  
  1626886335 479449696 0  
  1626886336 479449696 0  
  1626886337 479449696 0  
  1626886338 479449696 0  
  1626886339 479449696 0  
  1626886340 479449696 0  
  1626886341 479449696 0  
  1626886342 479449696 0  
  1626886343 479449696 0  
  1626886344 479449696 0  
  1626886345 479449696 0  
  1626886346 479449696 0  
  1626886347 479449696 0  
  1626886348 479449696 0  
  1626886349 479449696 0  
  1626886350 479449696 0  
  1626886351 479449696 0  
  1626886353 479449696 0  
  1626886354 479449696 0  
  1626886355 479449696 0  
  1626886356 479449696 0  
  1626886357 479449696 0  
  1626886358 479449696 0  
  1626886359 479449696 0  
  1626886360 479449696 0  
  1626886361 479449696 0  
  1626886362 479449696 0  
  1626886363 479449696 0  
  1626886364 479449696 0  
  1626886365 479449696 0  
  1626886366 479449696 0  
  1626886367 479449696 0  
  1626886368 479449696 0  
  1626886369 479449696 0  
  1626886370 479449696 0  
  1626886371 479449696 0  
  1626886372 479449696 0  
  1626886373 479449696 0  
  1626886374 479449696 0  
  1626886375 479454005 0  
  1626886376 479454329 0  
  1626886377 479454329 0  
  1626886378 479455037 0  
  1626886379 479455037 0  
  1626886380 479455037 0  
  1626886381 479455037 0  
  1626886382 479455037 0  
  1626886383 479455037 0  
  1626886384 479455037 0  
  1626886385 479455037 0  
  1626886386 479455037 0  
  1626886387 479455037 0  
  1626886388 479455037 0  
  1626886389 479455037 0  
  1626886390 479455037 0  
  1626886391 479455037 0  
  1626886393 479455129 0  
  1626886394 479455129 0  
  1626886395 479455129 0  
  1626886396 479455129 0  
  1626886397 479455221 0  
  1626886398 479455221 0  
  1626886399 479455221 0  
  1626886400 479455221 0  
  1626886401 479455221 0  
  1626886402 479455221 0  
  1626886403 479455221 0  
  1626886404 479455221 0  
  1626886405 479455221 0  
  1626886406 479455221 0  
  1626886407 479455221 0  
  1626886408 479455221 0  
  1626886409 479455221 0  
  1626886410 479455221 0  
  1626886411 479455221 0  
  1626886412 479455221 0  
  1626886413 479455221 0  
  1626886414 479455221 0  
  1626886415 479455221 0  
  1626886416 479455221 0  
  1626886417 479455221 0  
  1626886418 479455221 0  
  1626886419 479455221 0  
  1626886420 479455221 0  
  1626886421 479455221 0  
  1626886422 479455221 0  
  1626886423 479455221 0  
  1626886424 479455221 0  
  1626886425 479455221 0  
  1626886426 479455221 0  
  1626886427 479455221 0  
  1626886428 479455221 0  
  1626886429 479455221 0  
  1626886430 479455221 0  
  1626886432 479455221 0  
  1626886433 479455221 0  
  1626886434 479455221 0  
  1626886435 479455221 0  
  1626886436 479455221 0  
  1626886437 479455221 0  
  1626886438 479455221 0  
  1626886439 479455221 0  
  1626886440 479455221 0  
  1626886441 479455221 0  
  1626886442 479455221 0  
  1626886443 479455221 0  
  1626886444 479455221 0  
  1626886445 479455221 0  
  1626886446 479455221 0  
  1626886447 479455221 0  
  1626886448 479455221 0  
  1626886449 479455221 0  
  1626886450 479455221 0  
  1626886451 479455221 0  
  1626886452 479455221 0  
  1626886453 479455221 0  
  1626886454 479455221 0  
  1626886455 479455221 0  
  1626886456 479455221 0  
  1626886457 479455313 0  
  1626886458 479455313 0  
  1626886459 479455313 0  
  1626886460 479455313 0  
  1626886461 479455405 0  
  1626886462 479455405 0  
  1626886463 479455405 0  
  1626886464 479455405 0  
  1626886465 479455405 0  
  1626886466 479455405 0  
  1626886467 479455405 0  
  1626886468 479456001 0  
  1626886469 479456001 0  
  1626886471 479456001 0  
  1626886472 479456001 0  
  1626886473 479456001 0  
  1626886474 479456001 0  
  1626886475 479456001 0  
  1626886476 479456001 0  
  1626886477 479456001 0  
  1626886478 479456001 0  
  1626886479 479456001 0  
  1626886480 479456001 0  
  1626886481 479456001 0  
  1626886482 479456001 0  
  1626886483 479456001 0  
  1626886484 479456001 0  
  1626886485 479456001 0  
  1626886486 479456001 0  
  1626886487 479456001 0  
  1626886488 479456001 0  
  1626886489 479456001 0  
  1626886490 479456001 0  
  1626886491 479456001 0  
  1626886492 479456001 0  
  1626886493 479456001 0  
  1626886494 479456001 0  
  1626886495 479456001 0  
  1626886496 479456001 0  
  1626886497 479456001 0  
  1626886498 479456001 0  
  1626886499 479456001 0  
  1626886500 479456001 0  
  1626886501 479456001 0  
  1626886502 479456001 0  
  1626886503 479456001 0  
  1626886504 479456001 0  
  1626886505 479456001 0  
  1626886506 479456001 0  
  1626886507 479456001 0  
  1626886508 479456001 0  
  1626886509 479456001 0  
  1626886511 479456001 0  
  1626886512 479456001 0  
  1626886513 479456001 0  
  1626886514 479456001 0  
  1626886515 479456001 0  
  1626886516 479456001 0  
  1626886517 479456001 0  
  1626886518 479456001 0  
  1626886519 479456001 0  
  1626886520 479456001 0  
  1626886521 479456001 0  
  1626886522 479456093 0  
  1626886523 479456093 0  
  1626886524 479456093 0  
  1626886525 479456185 0  
  1626886526 479456185 0  
  1626886527 479456185 0  
  1626886528 479456185 0  
  1626886529 479456185 0  
  1626886530 479456185 0  
  1626886531 479456185 0  
  1626886532 479456185 0  
  1626886533 479456185 0  
  1626886534 479456185 0  
  1626886535 479456185 0  
  1626886536 479456185 0  
  1626886537 479456185 0  
  1626886538 479456185 0  
  1626886539 479456185 0  
  1626886540 479456185 0  
  1626886541 479456185 0  
  1626886542 479456185 0  
  1626886543 479456542 0  
  1626886544 479456542 0  
  1626886545 479460851 0  
  1626886546 479461175 0  
  1626886547 479461883 0  
  1626886548 479463644 0  
  1626886549 479466516 0  
  1626886551 479467224 0  
  1626886552 479467224 0  
  1626886553 479467224 0  
  1626886554 479476166 0  
  1626886555 479477130 0  
  1626886556 479477906 0  
  1626886557 479477906 0  
  1626886558 479477906 0  
  1626886559 479477906 0  
  1626886560 479477906 0  
  1626886561 479477906 0  
  1626886562 479477906 0  
  1626886563 479477906 0  
  1626886564 479477906 0  
  1626886565 479477906 0  
  1626886566 479477906 0  
  1626886567 479477906 0  
  1626886568 479477906 0  
  1626886569 479477906 0  
  1626886570 479477906 0  
  1626886571 479477906 0  
  1626886572 479477906 0  
  1626886573 479477906 0  
  1626886574 479477906 0  
  1626886575 479477906 0  
  1626886576 479477906 0  
  1626886577 479477906 0  
  1626886578 479477906 0  
  1626886579 479477906 0  
  1626886580 479477906 0  
  1626886581 479477906 0  
  1626886582 479477906 0  
  1626886583 479477906 0  
  1626886584 479477906 0  
  1626886585 479477906 0  
  1626886586 479477906 0  
  1626886587 479477906 0  
  1626886588 479477906 0  
  1626886589 479477906 0  
  1626886591 479477998 0  
  1626886592 479477998 0  
  1626886593 479477998 0  
  1626886594 479477998 0  
  1626886595 479477998 0  
  1626886596 479477998 0  
  1626886597 479477998 0  
  1626886598 479477998 0  
  1626886599 479477998 0  
  1626886600 479477998 0  
  1626886601 479477998 0  
  1626886602 479477998 0  
  1626886603 479477998 0  
  1626886604 479477998 0  
  1626886605 479477998 0  
  1626886606 479477998 0  
  1626886607 479477998 0  
  1626886608 479477998 0  
  1626886609 479477998 0  
  1626886610 479477998 0  
  1626886611 479477998 0  
  1626886612 479477998 0  
  1626886613 479477998 0  
  1626886614 479477998 0  
  1626886615 479477998 0  
  1626886616 479477998 0  
  1626886617 479477998 0  
  1626886618 479477998 0  
  1626886619 479477998 0  
  1626886620 479477998 0  
  1626886621 479477998 0  
  1626886622 479477998 0  
  1626886623 479477998 0  
  1626886624 479477998 0  
  1626886625 479477998 0  
  1626886626 479477998 0  
  1626886627 479477998 0  
  1626886628 479477998 0  
  1626886629 479477998 0  
  1626886631 479477998 0  
  1626886632 479477998 0  
  1626886633 479477998 0  
  1626886634 479477998 0  
  1626886635 479477998 0  
  1626886636 479477998 0  
  1626886637 479477998 0  
  1626886638 479477998 0  
  1626886639 479477998 0  
  1626886640 479477998 0  
  1626886641 479477998 0  
  1626886642 479477998 0  
  1626886643 479477998 0  
  1626886644 479477998 0  
  1626886645 479477998 0  
  1626886646 479477998 0  
  1626886647 479477998 0  
  1626886648 479477998 0  
  1626886649 479477998 0  
  1626886650 479477998 0  
  1626886651 479477998 0  
  1626886652 479478090 0  
  1626886653 479478090 0  
  1626886654 479478090 0  
  1626886655 479478250 0  
  1626886656 479478250 0  
  1626886657 479478250 0  
  1626886658 479478250 0  
  1626886659 479478250 0  
  1626886660 479478250 0  
  1626886661 479479406 0  
  1626886662 479479406 0  
  1626886663 479479406 0  
  1626886664 479479406 0  
  1626886665 479479406 0  
  1626886666 479479406 0  
  1626886667 479479406 0  
  1626886668 479480002 0  
  1626886669 479480002 0  
  1626886671 479480002 0  
  1626886672 479480002 0  
  1626886673 479480002 0  
  1626886674 479480002 0  
  1626886675 479480002 0  
  1626886676 479484635 0  
  1626886677 479484635 0  
  1626886678 479485343 0  
  1626886679 479485343 0  
  1626886680 479485343 0  
  1626886681 479485343 0  
  1626886682 479485343 0  
  1626886683 479485343 0  
  1626886684 479485343 0  
  1626886685 479485343 0  
  1626886686 479485343 0  
  1626886687 479485343 0  
  1626886688 479485343 0  
  1626886689 479485343 0  
  1626886690 479485343 0  
  1626886691 479485343 0  
  1626886692 479485343 0  
  1626886693 479485343 0  
  1626886694 479485343 0  
  1626886695 479485343 0  
  1626886696 479485343 0  
  1626886697 479485343 0  
  1626886698 479485343 0  
  1626886699 479485343 0  
  1626886700 479485343 0  
  1626886701 479485343 0  
  1626886702 479485343 0  
  1626886703 479485343 0  
  1626886704 479485343 0  
  1626886705 479485343 0  
  1626886706 479485343 0  
  1626886707 479485343 0  
  1626886708 479485343 0  
  1626886709 479485343 0  
  1626886710 479485343 0  
  1626886712 479485343 0  
  1626886713 479485343 0  
  1626886714 479485343 0  
  1626886715 479485343 0  
  1626886716 479485343 0  
  1626886717 479485343 0  
  1626886718 479485343 0  
  1626886719 479485343 0  
  1626886720 479485435 0  
  1626886721 479485435 0  
  1626886722 479485435 0  
  1626886723 479485435 0  
  1626886724 479485435 0  
  1626886725 479485435 0  
  1626886726 479485435 0  
  1626886727 479485435 0  
  1626886728 479485435 0  
  1626886729 479485435 0  
  1626886730 479485435 0  
  1626886731 479485435 0  
  1626886732 479485435 0  
  1626886733 479485435 0  
  1626886734 479485435 0  
  1626886735 479485435 0  
  1626886736 479485435 0  
  1626886737 479485435 0  
  1626886738 479485435 0  
  1626886739 479485435 0  
  1626886740 479485435 0  
  1626886741 479485435 0  
  1626886742 479485435 0  
  1626886743 479485435 0  
  1626886744 479485435 0  
  1626886745 479485435 0  
  1626886746 479485435 0  
  1626886747 479485435 0  
  1626886748 479485435 0  
  1626886749 479485435 0  
  1626886750 479485435 0  
  1626886752 479485435 0  
  1626886753 479485435 0  
  1626886754 479485435 0  
  1626886755 479485435 0  
  1626886756 479485435 0  
  1626886757 479485435 0  
  1626886758 479485435 0  
  1626886759 479485435 0  
  1626886760 479485435 0  
  1626886761 479485435 0  
  1626886762 479485435 0  
  1626886763 479485435 0  
  1626886764 479485435 0  
  1626886765 479485435 0  
  1626886766 479485435 0  
  1626886767 479485435 0  
 