 1626884544 473413219 0  
  1626884545 473413219 0  
  1626884546 473413219 0  
  1626884547 473413219 0  
  1626884548 473413219 0  
  1626884550 473413219 0  
  1626884551 473413219 0  
  1626884552 473413219 0  
  1626884553 473413219 0  
  1626884554 473413219 0  
  1626884555 473413219 0  
  1626884556 473413219 0  
  1626884557 473413219 0  
  1626884558 473413219 0  
  1626884559 473413219 0  
  1626884560 473413219 0  
  1626884561 473413219 0  
  1626884562 473413219 0  
  1626884563 473413219 0  
  1626884564 473413219 0  
  1626884565 473413219 0  
  1626884566 473413219 0  
  1626884567 473413219 0  
  1626884568 473414814 0  
  1626884569 473414814 0  
  1626884570 473414814 0  
  1626884571 473419123 0  
  1626884572 473419447 0  
  1626884573 473419447 0  
  1626884574 473420155 0  
  1626884575 473420155 0  
  1626884576 473420155 0  
  1626884577 473420155 0  
  1626884578 473420155 0  
  1626884579 473420155 0  
  1626884580 473420155 0  
  1626884581 473420155 0  
  1626884582 473420155 0  
  1626884583 473420155 0  
  1626884584 473420155 0  
  1626884585 473420155 0  
  1626884586 473420155 0  
  1626884587 473420155 0  
  1626884589 473420155 0  
  1626884590 473420155 0  
  1626884591 473420155 0  
  1626884592 473420155 0  
  1626884593 473420155 0  
  1626884594 473420155 0  
  1626884595 473420155 0  
  1626884596 473420155 0  
  1626884597 473420155 0  
  1626884598 473420155 0  
  1626884599 473420155 0  
  1626884600 473420247 0  
  1626884601 473420247 0  
  1626884602 473420247 0  
  1626884603 473420247 0  
  1626884604 473420247 0  
  1626884605 473420247 0  
  1626884606 473420247 0  
  1626884607 473420247 0  
  1626884608 473420247 0  
  1626884609 473420247 0  
  1626884610 473420247 0  
  1626884611 473420247 0  
  1626884612 473420247 0  
  1626884613 473420247 0  
  1626884614 473420247 0  
  1626884615 473420247 0  
  1626884616 473420247 0  
  1626884617 473420247 0  
  1626884618 473420247 0  
  1626884619 473420247 0  
  1626884620 473420247 0  
  1626884621 473420247 0  
  1626884622 473420247 0  
  1626884623 473420247 0  
  1626884624 473420247 0  
  1626884625 473420247 0  
  1626884626 473420247 0  
  1626884627 473420247 0  
  1626884629 473420247 0  
  1626884630 473420247 0  
  1626884631 473420247 0  
  1626884632 473420247 0  
  1626884633 473420247 0  
  1626884634 473420247 0  
  1626884635 473420247 0  
  1626884636 473420247 0  
  1626884637 473420247 0  
  1626884638 473420247 0  
  1626884639 473420247 0  
  1626884640 473420247 0  
  1626884641 473420247 0  
  1626884642 473420247 0  
  1626884643 473420247 0  
  1626884644 473420247 0  
  1626884645 473420247 0  
  1626884646 473420247 0  
  1626884647 473420247 0  
  1626884648 473420247 0  
  1626884649 473420247 0  
  1626884650 473420247 0  
  1626884651 473420247 0  
  1626884652 473420247 0  
  1626884653 473420339 0  
  1626884654 473420339 0  
  1626884655 473420339 0  
  1626884656 473420339 0  
  1626884657 473420339 0  
  1626884658 473420339 0  
  1626884659 473420339 0  
  1626884660 473420339 0  
  1626884661 473420339 0  
  1626884662 473420677 0  
  1626884663 473420677 0  
  1626884664 473420677 0  
  1626884665 473420677 0  
  1626884666 473420677 0  
  1626884667 473420677 0  
  1626884669 473420677 0  
  1626884670 473420677 0  
  1626884671 473420677 0  
  1626884672 473420677 0  
  1626884673 473420677 0  
  1626884674 473420677 0  
  1626884675 473420677 0  
  1626884676 473420677 0  
  1626884677 473420677 0  
  1626884678 473420677 0  
  1626884679 473420677 0  
  1626884680 473420677 0  
  1626884681 473420677 0  
  1626884682 473420677 0  
  1626884683 473420677 0  
  1626884684 473420677 0  
  1626884685 473420677 0  
  1626884686 473420677 0  
  1626884687 473420677 0  
  1626884688 473420677 0  
  1626884689 473420677 0  
  1626884690 473420677 0  
  1626884691 473420677 0  
  1626884692 473420677 0  
  1626884693 473420677 0  
  1626884694 473420677 0  
  1626884695 473420677 0  
  1626884696 473420677 0  
  1626884697 473420677 0  
  1626884698 473420677 0  
  1626884699 473420677 0  
  1626884700 473420677 0  
  1626884701 473420677 0  
  1626884702 473420677 0  
  1626884703 473420677 0  
  1626884704 473420677 0  
  1626884705 473420677 0  
  1626884706 473420677 0  
  1626884707 473420677 0  
  1626884709 473420677 0  
  1626884710 473420677 0  
  1626884711 473420677 0  
  1626884712 473420677 0  
  1626884713 473420677 0  
  1626884714 473420677 0  
  1626884715 473420677 0  
  1626884716 473420677 0  
  1626884717 473420677 0  
  1626884718 473420677 0  
  1626884719 473420677 0  
  1626884720 473420677 0  
  1626884721 473420677 0  
  1626884722 473420677 0  
  1626884723 473420677 0  
  1626884724 473420677 0  
  1626884725 473420677 0  
  1626884726 473420677 0  
  1626884727 473420677 0  
  1626884728 473420745 0  
  1626884729 473420745 0  
  1626884730 473420837 0  
  1626884731 473420837 0  
  1626884732 473420837 0  
  1626884733 473420837 0  
  1626884734 473422418 0  
  1626884735 473422418 0  
  1626884736 473422418 0  
  1626884737 473422418 0  
  1626884738 473422418 0  
  1626884739 473422418 0  
  1626884740 473426727 0  
  1626884741 473427051 0  
  1626884742 473427051 0  
  1626884743 473427759 0  
  1626884744 473427759 0  
  1626884745 473432392 0  
  1626884746 473433032 0  
  1626884748 473433100 0  
  1626884749 473433100 0  
  1626884750 473442366 0  
  1626884751 473442366 0  
  1626884752 473443782 0  
  1626884753 473443782 0  
  1626884754 473443782 0  
  1626884755 473443782 0  
  1626884756 473443782 0  
  1626884757 473443782 0  
  1626884758 473443782 0  
  1626884759 473443782 0  
  1626884760 473443782 0  
  1626884761 473443782 0  
  1626884762 473443782 0  
  1626884763 473443782 0  
  1626884764 473443782 0  
  1626884765 473443782 0  
  1626884766 473443782 0  
  1626884767 473443782 0  
  1626884768 473444378 0  
  1626884769 473444378 0  
  1626884770 473444378 0  
  1626884771 473444378 0  
  1626884772 473444378 0  
  1626884773 473444378 0  
  1626884774 473444378 0  
  1626884775 473444378 0  
  1626884776 473444378 0  
  1626884777 473444378 0  
  1626884778 473444378 0  
  1626884779 473444378 0  
  1626884780 473444378 0  
  1626884781 473444378 0  
  1626884782 473444378 0  
  1626884783 473444470 0  
  1626884784 473444470 0  
  1626884785 473444470 0  
  1626884786 473444470 0  
  1626884788 473444470 0  
  1626884789 473444470 0  
  1626884790 473444470 0  
  1626884791 473444470 0  
  1626884792 473444470 0  
  1626884793 473444470 0  
  1626884794 473444470 0  
  1626884795 473444470 0  
  1626884796 473444470 0  
  1626884797 473444470 0  
  1626884798 473444470 0  
  1626884799 473444470 0  
  1626884800 473444470 0  
  1626884801 473444470 0  
  1626884802 473444470 0  
  1626884803 473444470 0  
  1626884804 473444470 0  
  1626884805 473444470 0  
  1626884806 473444470 0  
  1626884807 473444470 0  
  1626884808 473444470 0  
  1626884809 473444470 0  
  1626884810 473444470 0  
  1626884811 473444470 0  
  1626884812 473444470 0  
  1626884813 473444808 0  
  1626884814 473444808 0  
  1626884815 473444808 0  
  1626884816 473444808 0  
  1626884817 473444808 0  
  1626884818 473444808 0  
  1626884819 473444808 0  
  1626884820 473444808 0  
  1626884821 473444808 0  
  1626884822 473444808 0  
  1626884823 473444808 0  
  1626884824 473444808 0  
  1626884825 473444808 0  
  1626884827 473444808 0  
  1626884828 473444808 0  
  1626884829 473444808 0  
  1626884830 473444808 0  
  1626884831 473444808 0  
  1626884832 473444808 0  
  1626884833 473444808 0  
  1626884834 473444808 0  
  1626884835 473444808 0  
  1626884836 473444808 0  
  1626884837 473444808 0  
  1626884838 473444808 0  
  1626884839 473444808 0  
  1626884840 473444808 0  
  1626884841 473444808 0  
  1626884842 473444808 0  
  1626884843 473444808 0  
  1626884844 473444808 0  
  1626884845 473444808 0  
  1626884846 473444808 0  
  1626884847 473444808 0  
  1626884848 473444808 0  
  1626884849 473444808 0  
  1626884850 473444808 0  
  1626884851 473444808 0  
  1626884852 473444808 0  
  1626884853 473444808 0  
  1626884854 473444808 0  
  1626884855 473444808 0  
  1626884856 473444808 0  
  1626884857 473444808 0  
  1626884858 473444900 0  
  1626884859 473444900 0  
  1626884860 473444900 0  
  1626884861 473444900 0  
  1626884862 473444900 0  
  1626884863 473444900 0  
  1626884864 473444900 0  
  1626884866 473444900 0  
  1626884867 473444900 0  
 