 1626885233 477448462 0  
  1626885234 477448462 0  
  1626885235 477448462 0  
  1626885236 477448462 0  
  1626885237 477448462 0  
  1626885238 477448462 0  
  1626885239 477448462 0  
  1626885240 477448462 0  
  1626885241 477448462 0  
  1626885242 477448462 0  
  1626885243 477448462 0  
  1626885244 477448462 0  
  1626885245 477448462 0  
  1626885246 477448462 0  
  1626885247 477448462 0  
  1626885248 477448462 0  
  1626885249 477448462 0  
  1626885250 477448554 0  
  1626885251 477448554 0  
  1626885252 477448554 0  
  1626885253 477448554 0  
  1626885254 477448554 0  
  1626885255 477448554 0  
  1626885256 477448554 0  
  1626885257 477448554 0  
  1626885258 477448554 0  
  1626885259 477448554 0  
  1626885260 477448554 0  
  1626885261 477448554 0  
  1626885262 477448554 0  
  1626885263 477448554 0  
  1626885264 477448554 0  
  1626885265 477448554 0  
  1626885266 477448554 0  
  1626885267 477448554 0  
  1626885268 477448646 0  
  1626885269 477448646 0  
  1626885271 477448646 0  
  1626885272 477448646 0  
  1626885273 477448646 0  
  1626885274 477448646 0  
  1626885275 477448646 0  
  1626885276 477448646 0  
  1626885277 477448646 0  
  1626885278 477448646 0  
  1626885279 477448646 0  
  1626885280 477448646 0  
  1626885281 477448646 0  
  1626885282 477448646 0  
  1626885283 477448646 0  
  1626885284 477448646 0  
  1626885285 477448646 0  
  1626885286 477448646 0  
  1626885287 477448646 0  
  1626885288 477448646 0  
  1626885289 477448646 0  
  1626885290 477448646 0  
  1626885291 477448646 0  
  1626885292 477448646 0  
  1626885293 477448646 0  
  1626885294 477448646 0  
  1626885295 477448646 0  
  1626885296 477448646 0  
  1626885297 477448646 0  
  1626885298 477448646 0  
  1626885299 477448646 0  
  1626885300 477448646 0  
  1626885301 477448646 0  
  1626885302 477448646 0  
  1626885303 477448646 0  
  1626885304 477448646 0  
  1626885305 477448646 0  
  1626885306 477448646 0  
  1626885307 477448646 0  
  1626885308 477448646 0  
  1626885309 477448646 0  
  1626885311 477448646 0  
  1626885312 477448646 0  
  1626885313 477448646 0  
  1626885314 477448646 0  
  1626885315 477448646 0  
  1626885316 477448646 0  
  1626885317 477448646 0  
  1626885318 477448646 0  
  1626885319 477448646 0  
  1626885320 477448646 0  
  1626885321 477448646 0  
  1626885322 477448646 0  
  1626885323 477448646 0  
  1626885324 477448646 0  
  1626885325 477448646 0  
  1626885326 477448646 0  
  1626885327 477448646 0  
  1626885328 477448646 0  
  1626885329 477448646 0  
  1626885330 477448646 0  
  1626885331 477448646 0  
  1626885332 477448646 0  
  1626885333 477448646 0  
  1626885334 477448646 0  
  1626885335 477448646 0  
  1626885336 477448646 0  
  1626885337 477448646 0  
  1626885338 477448646 0  
  1626885339 477448646 0  
  1626885340 477448646 0  
  1626885341 477448646 0  
  1626885342 477448646 0  
  1626885343 477449003 0  
  1626885344 477449003 0  
  1626885345 477449003 0  
  1626885346 477449003 0  
  1626885347 477449003 0  
  1626885348 477451900 0  
  1626885349 477453636 0  
  1626885351 477457765 0  
  1626885352 477458977 0  
  1626885353 477459685 0  
  1626885354 477459685 0  
  1626885355 477459685 0  
  1626885356 477468883 0  
  1626885357 477469659 0  
  1626885358 477470367 0  
  1626885359 477470367 0  
  1626885360 477470367 0  
  1626885361 477470367 0  
  1626885362 477470367 0  
  1626885363 477470367 0  
  1626885364 477470367 0  
  1626885365 477470367 0  
  1626885366 477470367 0  
  1626885367 477470367 0  
  1626885368 477470367 0  
  1626885369 477470963 0  
  1626885370 477470963 0  
  1626885371 477470963 0  
  1626885372 477470963 0  
  1626885373 477470963 0  
  1626885374 477470963 0  
  1626885375 477470963 0  
  1626885376 477470963 0  
  1626885377 477470963 0  
  1626885378 477471055 0  
  1626885379 477471055 0  
  1626885380 477471055 0  
  1626885381 477471055 0  
  1626885382 477471055 0  
  1626885383 477471055 0  
  1626885384 477471055 0  
  1626885385 477471055 0  
  1626885386 477471055 0  
  1626885387 477471055 0  
  1626885388 477471055 0  
  1626885389 477471055 0  
  1626885391 477471055 0  
  1626885392 477471055 0  
  1626885393 477471055 0  
  1626885394 477471055 0  
  1626885395 477471055 0  
  1626885396 477471055 0  
  1626885397 477471147 0  
  1626885398 477471147 0  
  1626885399 477471147 0  
  1626885400 477471147 0  
  1626885401 477471147 0  
  1626885402 477471147 0  
  1626885403 477471147 0  
  1626885404 477471147 0  
  1626885405 477471147 0  
  1626885406 477471147 0  
  1626885407 477471147 0  
  1626885408 477471147 0  
  1626885409 477471147 0  
  1626885410 477471147 0  
  1626885411 477471147 0  
  1626885412 477471147 0  
  1626885413 477471147 0  
  1626885414 477471147 0  
  1626885415 477471147 0  
  1626885416 477471147 0  
  1626885417 477471147 0  
  1626885418 477471147 0  
  1626885419 477471147 0  
  1626885420 477471147 0  
  1626885421 477471147 0  
  1626885422 477471147 0  
  1626885423 477471147 0  
  1626885424 477471147 0  
  1626885425 477471147 0  
  1626885426 477471147 0  
  1626885427 477471147 0  
  1626885428 477471147 0  
  1626885429 477471147 0  
  1626885431 477471147 0  
  1626885432 477471147 0  
  1626885433 477471147 0  
  1626885434 477471147 0  
  1626885435 477471147 0  
  1626885436 477471147 0  
  1626885437 477471147 0  
  1626885438 477471147 0  
  1626885439 477471147 0  
  1626885440 477471147 0  
  1626885441 477471147 0  
  1626885442 477471147 0  
  1626885443 477471147 0  
  1626885444 477471147 0  
  1626885445 477471147 0  
  1626885446 477471147 0  
  1626885447 477471147 0  
  1626885448 477471147 0  
  1626885449 477471147 0  
  1626885450 477471147 0  
  1626885451 477471147 0  
  1626885452 477471147 0  
  1626885453 477471147 0  
  1626885454 477471147 0  
  1626885455 477471147 0  
  1626885456 477471147 0  
  1626885457 477471147 0  
  1626885458 477471147 0  
  1626885459 477471147 0  
  1626885460 477471147 0  
  1626885461 477471147 0  
  1626885462 477471147 0  
  1626885463 477471147 0  
  1626885464 477471147 0  
  1626885465 477471147 0  
  1626885466 477471147 0  
  1626885467 477471147 0  
  1626885468 477471147 0  
  1626885469 477471147 0  
  1626885471 477471147 0  
  1626885472 477471147 0  
  1626885473 477471147 0  
  1626885474 477471147 0  
  1626885475 477471147 0  
  1626885476 477471147 0  
  1626885477 477471147 0  
  1626885478 477475276 0  
  1626885479 477475780 0  
  1626885480 477475780 0  
  1626885481 477476488 0  
  1626885482 477476488 0  
  1626885483 477476488 0  
  1626885484 477476488 0  
  1626885485 477476488 0  
  1626885486 477476488 0  
  1626885487 477476488 0  
  1626885488 477476488 0  
  1626885489 477476488 0  
  1626885490 477476488 0  
  1626885491 477476488 0  
  1626885492 477476488 0  
  1626885493 477476826 0  
  1626885494 477476826 0  
  1626885495 477476826 0  
  1626885496 477476826 0  
  1626885497 477476826 0  
  1626885498 477476826 0  
  1626885499 477476826 0  
  1626885500 477476826 0  
  1626885501 477476826 0  
  1626885502 477476826 0  
  1626885503 477476826 0  
  1626885504 477476826 0  
  1626885505 477476826 0  
  1626885506 477476918 0  
  1626885507 477476918 0  
  1626885508 477476918 0  
  1626885510 477476918 0  
  1626885511 477476918 0  
  1626885512 477476918 0  
  1626885513 477476918 0  
  1626885514 477476918 0  
  1626885515 477476918 0  
  1626885516 477476918 0  
  1626885517 477476918 0  
  1626885518 477476918 0  
  1626885519 477476918 0  
  1626885520 477476918 0  
  1626885521 477476918 0  
  1626885522 477476918 0  
  1626885523 477476918 0  
  1626885524 477476918 0  
  1626885525 477476918 0  
  1626885526 477477010 0  
  1626885527 477477010 0  
  1626885528 477477010 0  
  1626885529 477477010 0  
  1626885530 477477010 0  
  1626885531 477477010 0  
  1626885532 477477010 0  
  1626885533 477477010 0  
  1626885534 477477010 0  
  1626885535 477477010 0  
  1626885536 477477010 0  
  1626885537 477477010 0  
  1626885538 477477010 0  
  1626885539 477477010 0  
  1626885540 477477010 0  
  1626885541 477477010 0  
  1626885542 477477010 0  
  1626885543 477477010 0  
  1626885544 477477010 0  
  1626885545 477477010 0  
  1626885546 477477010 0  
  1626885547 477477010 0  
  1626885548 477477010 0  
  1626885549 477477010 0  
  1626885551 477477010 0  
  1626885552 477477010 0  
  1626885553 477477010 0  
  1626885554 477477010 0  
  1626885555 477477010 0  
  1626885556 477477010 0  
  1626885557 477477010 0  
  1626885558 477477010 0  
  1626885559 477477010 0  
  1626885560 477477010 0  
  1626885561 477477010 0  
  1626885562 477477010 0  
  1626885563 477477348 0  
  1626885564 477477348 0  
  1626885565 477477348 0  
  1626885566 477477348 0  
  1626885567 477477348 0  
  1626885568 477477944 0  
  1626885569 477477944 0  
  1626885570 477477944 0  
  1626885571 477477944 0  
  1626885572 477477944 0  
  1626885573 477477944 0  
  1626885574 477477944 0  
  1626885575 477477944 0  
  1626885576 477477944 0  
  1626885577 477477944 0  
  1626885578 477477944 0  
  1626885579 477477944 0  
  1626885580 477477944 0  
  1626885581 477477944 0  
  1626885582 477477944 0  
  1626885583 477477944 0  
  1626885584 477477944 0  
  1626885585 477477944 0  
  1626885586 477477944 0  
  1626885587 477477944 0  
  1626885588 477477944 0  
  1626885590 477477944 0  
  1626885591 477477944 0  
  1626885592 477477944 0  
  1626885593 477477944 0  
  1626885594 477477944 0  
  1626885595 477477944 0  
  1626885596 477477944 0  
  1626885597 477477944 0  
  1626885598 477477944 0  
  1626885599 477477944 0  
  1626885600 477477944 0  
  1626885601 477477944 0  
  1626885602 477477944 0  
  1626885603 477477944 0  
  1626885604 477477944 0  
  1626885605 477477944 0  
  1626885606 477477944 0  
  1626885607 477477944 0  
  1626885608 477477944 0  
  1626885609 477477944 0  
  1626885610 477477944 0  
  1626885611 477477944 0  
  1626885612 477477944 0  
  1626885613 477477944 0  
  1626885614 477477944 0  
  1626885615 477477944 0  
  1626885616 477477944 0  
  1626885617 477477944 0  
 