 1627392711 20412532247 16889447  
  1627392712 20412532247 16889447  
  1627392713 20412532247 16889447  
  1627392714 20412532247 16889447  
  1627392715 20412532247 16889447  
  1627392716 20412532247 16889447  
  1627392717 20412532247 16889447  
  1627392718 20412532247 16889447  
  1627392719 20412532247 16889447  
  1627392720 20412536880 16889447  
  1627392721 20412536880 16889447  
  1627392722 20412537648 16889447  
  1627392723 20412537648 16889447  
  1627392724 20412537648 16889447  
  1627392726 20412537648 16889447  
  1627392727 20412537648 16889447  
  1627392728 20412537648 16889447  
  1627392729 20412537648 16889447  
  1627392730 20412537648 16889447  
  1627392731 20412537648 16889447  
  1627392732 20412537648 16889447  
  1627392733 20412537648 16889447  
  1627392734 20412537648 16889447  
  1627392735 20412537648 16889447  
  1627392736 20412537648 16889447  
  1627392737 20412537648 16889447  
  1627392738 20412537648 16889447  
  1627392739 20412537648 16889447  
  1627392740 20412537986 16889447  
  1627392741 20412537986 16889447  
  1627392742 20412537986 16889447  
  1627392743 20412537986 16889447  
  1627392744 20412537986 16889447  
  1627392745 20412537986 16889447  
  1627392746 20412542295 16889447  
  1627392747 20412547336 16889447  
  1627392748 20412547840 16889447  
  1627392749 20412548480 16889447  
  1627392750 20412548480 16889447  
  1627392751 20412548480 16889447  
  1627392752 20412548480 16889447  
  1627392753 20412548480 16889447  
  1627392754 20412548480 16889447  
  1627392755 20412548480 16889447  
  1627392756 20412548480 16889447  
  1627392757 20412548480 16889447  
  1627392758 20412548480 16889447  
  1627392759 20412548480 16889447  
  1627392760 20412548480 16889447  
  1627392761 20412548480 16889447  
  1627392762 20412548480 16889447  
  1627392764 20412548818 16889447  
  1627392765 20412548818 16889447  
  1627392766 20412548818 16889447  
  1627392767 20412548818 16889447  
  1627392768 20412548818 16889447  
  1627392769 20412548818 16889447  
  1627392770 20412548818 16889447  
  1627392771 20412548818 16889447  
  1627392772 20412548818 16889447  
  1627392773 20412548818 16889447  
  1627392774 20412548818 16889447  
  1627392775 20412548818 16889447  
  1627392776 20412548818 16889447  
  1627392777 20412548818 16889447  
  1627392778 20412548818 16889447  
  1627392779 20412548818 16889447  
  1627392780 20412548818 16889447  
  1627392781 20412548818 16889447  
  1627392782 20412548818 16889447  
  1627392783 20412548818 16889447  
  1627392784 20412548818 16889447  
  1627392785 20412548910 16889447  
  1627392786 20412548910 16889447  
  1627392787 20412548910 16889447  
  1627392788 20412548910 16889447  
  1627392789 20412548910 16889447  
  1627392790 20412548910 16889447  
  1627392791 20412548910 16889447  
  1627392792 20412553219 16889447  
  1627392793 20412553543 16889447  
  1627392794 20412558884 16889447  
  1627392795 20412559524 16889447  
  1627392796 20412559592 16889447  
  1627392797 20412559592 16889447  
  1627392798 20412559592 16889447  
  1627392799 20412559592 16889447  
  1627392800 20412559592 16889447  
  1627392801 20412559592 16889447  
  1627392803 20412559592 16889447  
  1627392804 20412559592 16889447  
  1627392805 20412559592 16889447  
  1627392806 20412559592 16889447  
  1627392807 20412559592 16889447  
  1627392808 20412559592 16889447  
  1627392809 20412559592 16889447  
  1627392810 20412559592 16889447  
  1627392811 20412559592 16889447  
  1627392812 20412559592 16889447  
  1627392813 20412559592 16889447  
  1627392814 20412559592 16889447  
  1627392815 20412559592 16889447  
  1627392816 20412559592 16889447  
  1627392817 20412559592 16889447  
  1627392818 20412559592 16889447  
  1627392819 20412559592 16889447  
  1627392820 20412559592 16889447  
  1627392821 20412559592 16889447  
  1627392822 20412559592 16889447  
  1627392823 20412559592 16889447  
  1627392824 20412559592 16889447  
  1627392825 20412559592 16889447  
  1627392826 20412559592 16889447  
  1627392827 20412559592 16889447  
  1627392828 20412559592 16889447  
  1627392829 20412559592 16889447  
  1627392830 20412559592 16889447  
  1627392831 20412563901 16889447  
  1627392832 20412564225 16889447  
  1627392833 20412564797 16889447  
  1627392834 20412564797 16889447  
  1627392835 20412564797 16889447  
  1627392836 20412564797 16889447  
  1627392837 20412564797 16889447  
  1627392838 20412564797 16889447  
  1627392839 20412564797 16889447  
  1627392841 20412564797 16889447  
  1627392842 20412564797 16889447  
  1627392843 20412564797 16889447  
  1627392844 20412564797 16889447  
  1627392845 20412564797 16889447  
  1627392846 20412564797 16889447  
  1627392847 20412564797 16889447  
  1627392848 20412564797 16889447  
  1627392849 20412564797 16889447  
  1627392850 20412564797 16889447  
  1627392851 20412564797 16889447  
  1627392852 20412564797 16889447  
  1627392853 20412564797 16889447  
  1627392854 20412564797 16889447  
  1627392855 20412564797 16889447  
  1627392856 20412564797 16889447  
  1627392857 20412564797 16889447  
  1627392858 20412564797 16889447  
  1627392859 20412564797 16889447  
  1627392860 20412564797 16889447  
  1627392861 20412564797 16889447  
  1627392862 20412564797 16889447  
  1627392863 20412564797 16889447  
  1627392864 20412564797 16889447  
  1627392865 20412564797 16889447  
  1627392866 20412564797 16889447  
  1627392867 20412564797 16889447  
  1627392868 20412564797 16889447  
  1627392869 20412564797 16889447  
  1627392870 20412564797 16889447  
  1627392871 20412564797 16889447  
  1627392872 20412564797 16889447  
  1627392873 20412564797 16889447  
  1627392874 20412564797 16889447  
  1627392875 20412564797 16889447  
  1627392876 20412564797 16889447  
  1627392877 20412564797 16889447  
  1627392879 20412564797 16889447  
  1627392880 20412565455 16889447  
  1627392881 20412565455 16889447  
  1627392882 20412565455 16889447  
  1627392883 20412565455 16889447  
  1627392884 20412565455 16889447  
  1627392885 20412565455 16889447  
  1627392886 20412565455 16889447  
  1627392887 20412565455 16889447  
  1627392888 20412565455 16889447  
  1627392889 20412565455 16889447  
  1627392890 20412565455 16889447  
  1627392891 20412565455 16889447  
  1627392892 20412565455 16889447  
  1627392893 20412565455 16889447  
  1627392894 20412565455 16889447  
  1627392895 20412565455 16889447  
  1627392896 20412565455 16889447  
  1627392897 20412565455 16889447  
  1627392898 20412565455 16889447  
  1627392899 20412565455 16889447  
  1627392900 20412565455 16889447  
  1627392901 20412565455 16889447  
  1627392902 20412565455 16889447  
  1627392903 20412565455 16889447  
  1627392904 20412565455 16889447  
  1627392905 20412565455 16889447  
  1627392906 20412565455 16889447  
  1627392907 20412565455 16889447  
  1627392908 20412565455 16889447  
  1627392909 20412565793 16889447  
  1627392910 20412565793 16889447  
  1627392911 20412565793 16889447  
  1627392912 20412565793 16889447  
  1627392913 20412565793 16889447  
  1627392914 20412565885 16889447  
  1627392915 20412565885 16889447  
  1627392917 20412565885 16889447  
  1627392918 20412565885 16889447  
  1627392919 20412565885 16889447  
  1627392920 20412565885 16889447  
  1627392921 20412565885 16889447  
  1627392922 20412565885 16889447  
  1627392923 20412565885 16889447  
  1627392924 20412565885 16889447  
  1627392925 20412565885 16889447  
  1627392926 20412565885 16889447  
  1627392927 20412565885 16889447  
  1627392928 20412565885 16889447  
  1627392929 20412565885 16889447  
  1627392930 20412565885 16889447  
  1627392931 20412566242 16889447  
  1627392932 20412566242 16889447  
  1627392933 20412566242 16889447  
  1627392934 20412566242 16889447  
  1627392935 20412566242 16889447  
  1627392936 20412566242 16889447  
  1627392937 20412566334 16889447  
  1627392938 20412566334 16889447  
  1627392939 20412566334 16889447  
  1627392940 20412566334 16889447  
  1627392941 20412566334 16889447  
  1627392942 20412566334 16889447  
  1627392943 20412566334 16889447  
  1627392944 20412566334 16889447  
  1627392945 20412566334 16889447  
  1627392946 20412566334 16889447  
  1627392947 20412566334 16889447  
  1627392948 20412566334 16889447  
  1627392949 20412566334 16889447  
  1627392950 20412566334 16889447  
  1627392951 20412566334 16889447  
  1627392952 20412566334 16889447  
  1627392953 20412566334 16889447  
  1627392955 20412566334 16889447  
  1627392956 20412566334 16889447  
  1627392957 20412566334 16889447  
  1627392958 20412566334 16889447  
  1627392959 20412566334 16889447  
  1627392960 20412566334 16889447  
  1627392961 20412566334 16889447  
  1627392962 20412566334 16889447  
  1627392963 20412566334 16889447  
  1627392964 20412566334 16889447  
  1627392965 20412566334 16889447  
  1627392966 20412566334 16889447  
  1627392967 20412566334 16889447  
  1627392968 20412566334 16889447  
  1627392969 20412566334 16889447  
  1627392970 20412566334 16889447  
  1627392971 20412566334 16889447  
  1627392972 20412566334 16889447  
  1627392973 20412566334 16889447  
  1627392974 20412566334 16889447  
  1627392975 20412566334 16889447  
  1627392976 20412566334 16889447  
  1627392977 20412566334 16889447  
  1627392978 20412566334 16889447  
  1627392979 20412566334 16889447  
  1627392980 20412566334 16889447  
  1627392981 20412566334 16889447  
  1627392982 20412566334 16889447  
  1627392983 20412566334 16889447  
  1627392984 20412566334 16889447  
  1627392985 20412566334 16889447  
  1627392986 20412566334 16889447  
  1627392987 20412566334 16889447  
  1627392988 20412566334 16889447  
  1627392989 20412566334 16889447  
  1627392990 20412566334 16889447  
  1627392991 20412566334 16889447  
  1627392993 20412566334 16889447  
  1627392994 20412566334 16889447  
  1627392995 20412566334 16889447  
  1627392996 20412566334 16889447  
  1627392997 20412566334 16889447  
  1627392998 20412566334 16889447  
  1627392999 20412566334 16889447  
  1627393000 20412566334 16889447  
  1627393001 20412566334 16889447  
  1627393002 20412566334 16889447  
  1627393003 20412566334 16889447  
  1627393004 20412566334 16889447  
  1627393005 20412566334 16889447  
  1627393006 20412566334 16889447  
  1627393007 20412566334 16889447  
  1627393008 20412566334 16889447  
  1627393009 20412566334 16889447  
  1627393010 20412566334 16889447  
  1627393011 20412566334 16889447  
  1627393012 20412566334 16889447  
  1627393013 20412566334 16889447  
  1627393014 20412566334 16889447  
  1627393015 20412566334 16889447  
  1627393016 20412566334 16889447  
  1627393017 20412566334 16889447  
  1627393018 20412566334 16889447  
  1627393019 20412566334 16889447  
  1627393020 20412570643 16889447  
  1627393021 20412570967 16889447  
  1627393022 20412571675 16889447  
  1627393023 20412571675 16889447  
  1627393024 20412571675 16889447  
  1627393025 20412571675 16889447  
  1627393026 20412571675 16889447  
  1627393027 20412571675 16889447  
  1627393028 20412571675 16889447  
  1627393030 20412571675 16889447  
  1627393031 20412571675 16889447  
  1627393032 20412571675 16889447  
  1627393033 20412571675 16889447  
  1627393034 20412571675 16889447  
  1627393035 20412571675 16889447  
  1627393036 20412571675 16889447  
  1627393037 20412571675 16889447  
  1627393038 20412571675 16889447  
  1627393039 20412571675 16889447  
  1627393040 20412571675 16889447  
  1627393041 20412571675 16889447  
  1627393042 20412571675 16889447  
  1627393043 20412571675 16889447  
  1627393044 20412571767 16889447  
  1627393045 20412571767 16889447  
  1627393046 20412571767 16889447  
  1627393047 20412576076 16889447  
  1627393048 20412576400 16889447  
  1627393049 20412576400 16889447  
  1627393050 20412577108 16889447  
  1627393051 20412577108 16889447  
  1627393052 20412577108 16889447  
  1627393053 20412577108 16889447  
  1627393054 20412577108 16889447  
  1627393055 20412577108 16889447  
  1627393056 20412577108 16889447  
  1627393057 20412577108 16889447  
  1627393058 20412577108 16889447  
  1627393059 20412577108 16889447  
  1627393060 20412577108 16889447  
  1627393061 20412577108 16889447  
  1627393062 20412577108 16889447  
  1627393063 20412577446 16889447  
  1627393064 20412577446 16889447  
  1627393065 20412577446 16889447  
  1627393066 20412577446 16889447  
  1627393068 20412577446 16889447  
  1627393069 20412577446 16889447  
  1627393070 20412577446 16889447  
  1627393071 20412577446 16889447  
  1627393072 20412577446 16889447  
  1627393073 20412577446 16889447  
  1627393074 20412577446 16889447  
  1627393075 20412577446 16889447  
  1627393076 20412577446 16889447  
  1627393077 20412577446 16889447  
  1627393078 20412577446 16889447  
  1627393079 20412577446 16889447  
  1627393080 20412608265 16889447  
  1627393081 20412608265 16889447  
  1627393082 20412608265 16889447  
  1627393083 20412608265 16889447  
  1627393084 20412608265 16889447  
  1627393085 20412608265 16889447  
  1627393086 20412608265 16889447  
  1627393087 20412608265 16889447  
  1627393088 20412608265 16889447  
  1627393089 20412608265 16889447  
  1627393090 20412608265 16889447  
  1627393091 20412608265 16889447  
  1627393092 20412612574 16889447  
  1627393093 20412612898 16889447  
  1627393094 20412618103 16889447  
  1627393095 20412618103 16889447  
  1627393096 20412618743 16889447  
  1627393097 20412618743 16889447  
  1627393098 20412618743 16889447  
  1627393099 20412618743 16889447  
  1627393100 20412618743 16889447  
  1627393101 20412618743 16889447  
  1627393102 20412618743 16889447  
  1627393103 20412618743 16889447  
  1627393105 20412618743 16889447  
  1627393106 20412618743 16889447  
  1627393107 20412618743 16889447  
  1627393108 20412618743 16889447  
  1627393109 20412618743 16889447  
  1627393110 20412618743 16889447  
  1627393111 20412618743 16889447  
  1627393112 20412618743 16889447  
  1627393113 20412618743 16889447  
  1627393114 20412618743 16889447  
  1627393115 20412618743 16889447  
  1627393116 20412618743 16889447  
  1627393117 20412618743 16889447  
  1627393118 20412618743 16889447  
  1627393119 20412618743 16889447  
  1627393120 20412618743 16889447  
  1627393121 20412618743 16889447  
  1627393122 20412618743 16889447  
  1627393123 20412618743 16889447  
  1627393124 20412618743 16889447  
  1627393125 20412618743 16889447  
  1627393126 20412618743 16889447  
  1627393127 20412618743 16889447  
  1627393128 20412618743 16889447  
  1627393129 20412618743 16889447  
  1627393130 20412618743 16889447  
  1627393131 20412623052 16889447  
  1627393132 20412623376 16889447  
  1627393133 20412624084 16889447  
  1627393134 20412624084 16889447  
  1627393135 20412624084 16889447  
  1627393136 20412624084 16889447  
  1627393137 20412624084 16889447  
  1627393138 20412624084 16889447  
  1627393139 20412624084 16889447  
  1627393140 20412624084 16889447  
  1627393142 20412624084 16889447  
  1627393143 20412624084 16889447  
  1627393144 20412624084 16889447  
  1627393145 20412624084 16889447  
  1627393146 20412624084 16889447  
  1627393147 20412624084 16889447  
  1627393148 20412624084 16889447  
  1627393149 20412624084 16889447  
  1627393150 20412624084 16889447  
  1627393151 20412624084 16889447  
  1627393152 20412624084 16889447  
  1627393153 20412624084 16889447  
  1627393154 20412624084 16889447  
  1627393155 20412624084 16889447  
  1627393156 20412624084 16889447  
  1627393157 20412624084 16889447  
  1627393158 20412624084 16889447  
  1627393159 20412624084 16889447  
  1627393160 20412624084 16889447  
  1627393161 20412624084 16889447  
  1627393162 20412624084 16889447  
  1627393163 20412624084 16889447  
  1627393164 20412624084 16889447  
  1627393165 20412624084 16889447  
  1627393166 20412624084 16889447  
  1627393167 20412624084 16889447  
  1627393168 20412624084 16889447  
  1627393169 20412624084 16889447  
  1627393170 20412624084 16889447  
  1627393171 20412624084 16889447  
  1627393172 20412624084 16889447  
  1627393173 20412624176 16889447  
  1627393174 20412624176 16889447  
  1627393175 20412624176 16889447  
  1627393176 20412624176 16889447  
  1627393177 20412624176 16889447  
  1627393178 20412624176 16889447  
  1627393180 20412624176 16889447  
  1627393181 20412624176 16889447  
  1627393182 20412624176 16889447  
  1627393183 20412624176 16889447  
  1627393184 20412624176 16889447  
  1627393185 20412624176 16889447  
  1627393186 20412624176 16889447  
  1627393187 20412624176 16889447  
  1627393188 20412624176 16889447  
  1627393189 20412624176 16889447  
  1627393190 20412624176 16889447  
  1627393191 20412624176 16889447  
  1627393192 20412624176 16889447  
  1627393193 20412624176 16889447  
  1627393194 20412624176 16889447  
  1627393195 20412624176 16889447  
  1627393196 20412624176 16889447  
  1627393197 20412624176 16889447  
  1627393198 20412624176 16889447  
  1627393199 20412624176 16889447  
  1627393200 20412624176 16889447  
  1627393201 20412624176 16889447  
  1627393202 20412624176 16889447  
  1627393203 20412624176 16889447  
  1627393204 20412624176 16889447  
  1627393205 20412624176 16889447  
  1627393206 20412624176 16889447  
  1627393207 20412624176 16889447  
  1627393208 20412624176 16889447  
  1627393209 20412624176 16889447  
  1627393210 20412624176 16889447  
  1627393211 20412624176 16889447  
  1627393212 20412624176 16889447  
  1627393213 20412624514 16889447  
  1627393214 20412624514 16889447  
  1627393215 20412624514 16889447  
  1627393217 20412624514 16889447  
  1627393218 20412624514 16889447  
  1627393219 20412624514 16889447  
  1627393220 20412624514 16889447  
  1627393221 20412624514 16889447  
  1627393222 20412624514 16889447  
  1627393223 20412624514 16889447  
  1627393224 20412624514 16889447  
  1627393225 20412624514 16889447  
  1627393226 20412624514 16889447  
  1627393227 20412624514 16889447  
  1627393228 20412624514 16889447  
  1627393229 20412624514 16889447  
  1627393230 20412624514 16889447  
  1627393231 20412624871 16889447  
  1627393232 20412624871 16889447  
  1627393233 20412624871 16889447  
  1627393234 20412624871 16889447  
  1627393235 20412624871 16889447  
  1627393236 20412624871 16889447  
  1627393237 20412624871 16889447  
  1627393238 20412624871 16889447  
  1627393239 20412624871 16889447  
  1627393240 20412624871 16889447  
  1627393241 20412624871 16889447  
  1627393242 20412624871 16889447  
  1627393243 20412624871 16889447  
  1627393244 20412624871 16889447  
  1627393245 20412624871 16889447  
  1627393246 20412624871 16889447  
  1627393247 20412624871 16889447  
  1627393248 20412624871 16889447  
  1627393249 20412624871 16889447  
  1627393250 20412624871 16889447  
  1627393251 20412624871 16889447  
  1627393252 20412624871 16889447  
  1627393253 20412624871 16889447  
  1627393255 20412624871 16889447  
  1627393256 20412624871 16889447  
  1627393257 20412624871 16889447  
  1627393258 20412624871 16889447  
  1627393259 20412624871 16889447  
  1627393260 20412624871 16889447  
  1627393261 20412624871 16889447  
  1627393262 20412624871 16889447  
  1627393263 20412624871 16889447  
  1627393264 20412624871 16889447  
  1627393265 20412624871 16889447  
  1627393266 20412624871 16889447  
  1627393267 20412624871 16889447  
  1627393268 20412624871 16889447  
  1627393269 20412624871 16889447  
  1627393270 20412624871 16889447  
  1627393271 20412624871 16889447  
  1627393272 20412624871 16889447  
  1627393273 20412624871 16889447  
  1627393274 20412624871 16889447  
  1627393275 20412624871 16889447  
  1627393276 20412624871 16889447  
  1627393277 20412624871 16889447  
  1627393278 20412624871 16889447  
  1627393279 20412655690 16889447  
  1627393280 20412655690 16889447  
  1627393281 20412655690 16889447  
  1627393282 20412655690 16889447  
  1627393283 20412655690 16889447  
  1627393284 20412655690 16889447  
  1627393285 20412655690 16889447  
  1627393286 20412655690 16889447  
  1627393287 20412655690 16889447  
  1627393288 20412655690 16889447  
  1627393289 20412655690 16889447  
  1627393290 20412655690 16889447  
  1627393292 20412655690 16889447  
  1627393293 20412655690 16889447  
  1627393294 20412655690 16889447  
  1627393295 20412655690 16889447  
  1627393296 20412655690 16889447  
  1627393297 20412655690 16889447  
  1627393298 20412655690 16889447  
  1627393299 20412655690 16889447  
  1627393300 20412655690 16889447  
  1627393301 20412655690 16889447  
  1627393302 20412655690 16889447  
  1627393303 20412655782 16889447  
  1627393304 20412655782 16889447  
  1627393305 20412655782 16889447  
  1627393306 20412655782 16889447  
  1627393307 20412655782 16889447  
  1627393308 20412655782 16889447  
  1627393309 20412655782 16889447  
  1627393310 20412655782 16889447  
  1627393311 20412655782 16889447  
  1627393312 20412655782 16889447  
  1627393313 20412655782 16889447  
  1627393314 20412655782 16889447  
  1627393315 20412655782 16889447  
  1627393316 20412655782 16889447  
  1627393317 20412655782 16889447  
  1627393318 20412655782 16889447  
  1627393319 20412655782 16889447  
  1627393320 20412660091 16889447  
  1627393321 20412660415 16889447  
  1627393322 20412661123 16889447  
  1627393323 20412661123 16889447  
  1627393324 20412661123 16889447  
  1627393325 20412661123 16889447  
  1627393326 20412661123 16889447  
  1627393327 20412661123 16889447  
  1627393328 20412661123 16889447  
  1627393330 20412661123 16889447  
  1627393331 20412661123 16889447  
  1627393332 20412661123 16889447  
  1627393333 20412661123 16889447  
  1627393334 20412661123 16889447  
  1627393335 20412661123 16889447  
  1627393336 20412661123 16889447  
  1627393337 20412661123 16889447  
  1627393338 20412661123 16889447  
  1627393339 20412661123 16889447  
  1627393340 20412661123 16889447  
  1627393341 20412661123 16889447  
  1627393342 20412661123 16889447  
  1627393343 20412661123 16889447  
  1627393344 20412661994 16889447  
  1627393345 20412661994 16889447  
  1627393346 20412661994 16889447  
  1627393347 20412666303 16889447  
  1627393348 20412666627 16889447  
  1627393349 20412667335 16889447  
  1627393350 20412667335 16889447  
  1627393351 20412667335 16889447  
  1627393352 20412667335 16889447  
  1627393353 20412667335 16889447  
  1627393354 20412667335 16889447  
  1627393355 20412667335 16889447  
  1627393356 20412667335 16889447  
  1627393357 20412667335 16889447  
  1627393358 20412667335 16889447  
  1627393359 20412667335 16889447  
  1627393360 20412667335 16889447  
  1627393361 20412667335 16889447  
  1627393362 20412667335 16889447  
  1627393363 20412667673 16889447  
  1627393364 20412667673 16889447  
  1627393365 20412667673 16889447  
  1627393366 20412667673 16889447  
  1627393368 20412667673 16889447  
  1627393369 20412667673 16889447  
  1627393370 20412667673 16889447  
  1627393371 20412667673 16889447  
  1627393372 20412667673 16889447  
  1627393373 20412667673 16889447  
  1627393374 20412667673 16889447  
  1627393375 20412667673 16889447  
  1627393376 20412667673 16889447  
  1627393377 20412667673 16889447  
  1627393378 20412667673 16889447  
  1627393379 20412667741 16889447  
  1627393380 20412667741 16889447  
  1627393381 20412667741 16889447  
  1627393382 20412667741 16889447  
  1627393383 20412667741 16889447  
  1627393384 20412667741 16889447  
  1627393385 20412668897 16889447  
  1627393386 20412668897 16889447  
  1627393387 20412668897 16889447  
  1627393388 20412668897 16889447  
  1627393389 20412668897 16889447  
  1627393390 20412668897 16889447  
  1627393391 20412673206 16889447  
  1627393393 20412673530 16889447  
  1627393394 20412678163 16889447  
  1627393395 20412678163 16889447  
  1627393396 20412678871 16889447  
  1627393397 20412679579 16889447  
  1627393398 20412679579 16889447  
  1627393399 20412679579 16889447  
  1627393400 20412679579 16889447  
  1627393401 20412679579 16889447  
  1627393402 20412679579 16889447  
  1627393403 20412679579 16889447  
  1627393404 20412679579 16889447  
  1627393405 20412679579 16889447  
  1627393406 20412679579 16889447  
  1627393407 20412679579 16889447  
  1627393408 20412679579 16889447  
  1627393409 20412679579 16889447  
  1627393410 20412679579 16889447  
  1627393411 20412679579 16889447  
  1627393412 20412679579 16889447  
  1627393413 20412679579 16889447  
  1627393414 20412679579 16889447  
  1627393416 20412679579 16889447  
  1627393417 20412679579 16889447  
  1627393418 20412679579 16889447  
  1627393419 20412679579 16889447  
  1627393420 20412679579 16889447  
  1627393421 20412679579 16889447  
  1627393422 20412679579 16889447  
  1627393423 20412679579 16889447  
  1627393424 20412679579 16889447  
  1627393425 20412679579 16889447  
  1627393426 20412679579 16889447  
  1627393427 20412679579 16889447  
  1627393428 20412679579 16889447  
  1627393429 20412679579 16889447  
  1627393430 20412679579 16889447  
  1627393431 20412683888 16889447  
  1627393432 20412684304 16889447  
  1627393433 20412684304 16889447  
  1627393434 20412684304 16889447  
  1627393435 20412685012 16889447  
  1627393436 20412685012 16889447  
  1627393437 20412685012 16889447  
  1627393439 20412685012 16889447  
  1627393440 20412685012 16889447  
  1627393441 20412685012 16889447  
  1627393442 20412685012 16889447  
  1627393443 20412685012 16889447  
  1627393444 20412685012 16889447  
  1627393445 20412685012 16889447  
  1627393446 20412685012 16889447  
  1627393447 20412685012 16889447  
  1627393448 20412685012 16889447  
  1627393449 20412685012 16889447  
  1627393450 20412685012 16889447  
  1627393451 20412685012 16889447  
  1627393452 20412685012 16889447  
  1627393453 20412685012 16889447  
  1627393454 20412685012 16889447  
  1627393455 20412685104 16889447  
  1627393456 20412685104 16889447  
  1627393457 20412685104 16889447  
  1627393458 20412685104 16889447  
  1627393459 20412685104 16889447  
  1627393460 20412685104 16889447  
  1627393462 20412685104 16889447  
  1627393463 20412685104 16889447  
  1627393464 20412685104 16889447  
  1627393465 20412685104 16889447  
  1627393466 20412685104 16889447  
  1627393467 20412685104 16889447  
  1627393468 20412685104 16889447  
  1627393469 20412685104 16889447  
  1627393470 20412685104 16889447  
  1627393471 20412685104 16889447  
  1627393472 20412685104 16889447  
  1627393473 20412685104 16889447  
  1627393474 20412685104 16889447  
  1627393475 20412685104 16889447  
  1627393476 20412685104 16889447  
  1627393477 20412685104 16889447  
  1627393478 20412685104 16889447  
  1627393479 20412715923 16889447  
  1627393480 20412715923 16889447  
  1627393481 20412715923 16889447  
  1627393482 20412715923 16889447  
  1627393483 20412715923 16889447  
  1627393485 20412715923 16889447  
  1627393486 20412715923 16889447  
  1627393487 20412715923 16889447  
  1627393488 20412715923 16889447  
  1627393489 20412715923 16889447  
  1627393490 20412715923 16889447  
  1627393491 20412715923 16889447  
  1627393492 20412715923 16889447  
  1627393493 20412715923 16889447  
  1627393494 20412715923 16889447  
  1627393495 20412715923 16889447  
  1627393496 20412715923 16889447  
  1627393497 20412715923 16889447  
  1627393498 20412715923 16889447  
  1627393499 20412715923 16889447  
  1627393500 20412715923 16889447  
  1627393501 20412715923 16889447  
  1627393502 20412715923 16889447  
  1627393503 20412715923 16889447  
  1627393504 20412715923 16889447  
  1627393505 20412715923 16889447  
  1627393506 20412715923 16889447  
  1627393508 20412715923 16889447  
  1627393509 20412715923 16889447  
  1627393510 20412715923 16889447  
  1627393511 20412715923 16889447  
  1627393512 20412715923 16889447  
  1627393513 20412715923 16889447  
  1627393514 20412715923 16889447  
  1627393515 20412715923 16889447  
  1627393516 20412715923 16889447  
  1627393517 20412715923 16889447  
  1627393518 20412715923 16889447  
  1627393519 20412715923 16889447  
  1627393520 20412715923 16889447  
  1627393521 20412715923 16889447  
  1627393522 20412715923 16889447  
  1627393523 20412715923 16889447  
  1627393524 20412715923 16889447  
  1627393525 20412715923 16889447  
  1627393526 20412715923 16889447  
  1627393527 20412715923 16889447  
  1627393528 20412715923 16889447  
  1627393529 20412715923 16889447  
  1627393530 20412715923 16889447  
  1627393532 20412716280 16889447  
  1627393533 20412716280 16889447  
  1627393534 20412716280 16889447  
  1627393535 20412716280 16889447  
  1627393536 20412716280 16889447  
  1627393537 20412716280 16889447  
  1627393538 20412716280 16889447  
  1627393539 20412716280 16889447  
  1627393540 20412716280 16889447  
  1627393541 20412716280 16889447  
  1627393542 20412716280 16889447  
  1627393543 20412716280 16889447  
  1627393544 20412716280 16889447  
  1627393545 20412716280 16889447  
  1627393546 20412716280 16889447  
  1627393547 20412716280 16889447  
  1627393548 20412716280 16889447  
  1627393549 20412716280 16889447  
  1627393550 20412716280 16889447  
  1627393551 20412716280 16889447  
  1627393552 20412716280 16889447  
  1627393553 20412716280 16889447  
  1627393555 20412716280 16889447  
  1627393556 20412716280 16889447  
  1627393557 20412716280 16889447  
  1627393558 20412716280 16889447  
  1627393559 20412716280 16889447  
  1627393560 20412716280 16889447  
  1627393561 20412716372 16889447  
  1627393562 20412716372 16889447  
  1627393563 20412716372 16889447  
  1627393564 20412716372 16889447  
  1627393565 20412716372 16889447  
  1627393566 20412716372 16889447  
  1627393567 20412716372 16889447  
  1627393568 20412716372 16889447  
  1627393569 20412716372 16889447  
  1627393570 20412716372 16889447  
  1627393571 20412716372 16889447  
  1627393572 20412716372 16889447  
  1627393573 20412716372 16889447  
  1627393574 20412716372 16889447  
  1627393575 20412716372 16889447  
  1627393576 20412716372 16889447  
  1627393577 20412716372 16889447  
  1627393579 20412716372 16889447  
  1627393580 20412716372 16889447  
  1627393581 20412716372 16889447  
  1627393582 20412716372 16889447  
  1627393583 20412716372 16889447  
  1627393584 20412716372 16889447  
  1627393585 20412716372 16889447  
  1627393586 20412716372 16889447  
  1627393587 20412716372 16889447  
  1627393588 20412716372 16889447  
  1627393589 20412716372 16889447  
  1627393590 20412716372 16889447  
  1627393591 20412716372 16889447  
  1627393592 20412716372 16889447  
  1627393593 20412716372 16889447  
  1627393594 20412716372 16889447  
  1627393595 20412716372 16889447  
  1627393596 20412716372 16889447  
  1627393597 20412716372 16889447  
  1627393598 20412716372 16889447  
  1627393599 20412716372 16889447  
  1627393600 20412716372 16889447  
  1627393602 20412716372 16889447  
  1627393603 20412716372 16889447  
  1627393604 20412716372 16889447  
  1627393605 20412716372 16889447  
  1627393606 20412716372 16889447  
  1627393607 20412716372 16889447  
  1627393608 20412716372 16889447  
  1627393609 20412716372 16889447  
  1627393610 20412716372 16889447  
  1627393611 20412716372 16889447  
  1627393612 20412716372 16889447  
  1627393613 20412716372 16889447  
  1627393614 20412716372 16889447  
  1627393615 20412716372 16889447  
  1627393616 20412716372 16889447  
  1627393617 20412716372 16889447  
  1627393618 20412716372 16889447  
  1627393619 20412716372 16889447  
  1627393620 20412721005 16889447  
  1627393621 20412721005 16889447  
  1627393622 20412721005 16889447  
  1627393623 20412721713 16889447  
  1627393625 20412721713 16889447  
  1627393626 20412721713 16889447  
  1627393627 20412721713 16889447  
  1627393628 20412721713 16889447  
  1627393629 20412721713 16889447  
  1627393630 20412721713 16889447  
  1627393631 20412721713 16889447  
  1627393632 20412721713 16889447  
  1627393633 20412721713 16889447  
  1627393634 20412721713 16889447  
  1627393635 20412721713 16889447  
  1627393636 20412721713 16889447  
  1627393637 20412721713 16889447  
  1627393638 20412721713 16889447  
  1627393639 20412721713 16889447  
  1627393640 20412721713 16889447  
  1627393641 20412721713 16889447  
  1627393642 20412721713 16889447  
  1627393643 20412721713 16889447  
  1627393644 20412721713 16889447  
  1627393645 20412721713 16889447  
  1627393646 20412723914 16889447  
  1627393647 20412726346 16889447  
  1627393649 20412726346 16889447  
  1627393650 20412726346 16889447  
  1627393651 20412727054 16889447  
  1627393652 20412727054 16889447  
  1627393653 20412727054 16889447  
  1627393654 20412727054 16889447  
  1627393655 20412727054 16889447  
  1627393656 20412727054 16889447  
  1627393657 20412727054 16889447  
  1627393658 20412727054 16889447  
  1627393659 20412727054 16889447  
  1627393660 20412727054 16889447  
  1627393661 20412727054 16889447  
  1627393662 20412727054 16889447  
  1627393663 20412727054 16889447  
  1627393664 20412727054 16889447  
  1627393665 20412727054 16889447  
  1627393666 20412727054 16889447  
  1627393667 20412727054 16889447  
  1627393668 20412727054 16889447  
  1627393669 20412727054 16889447  
  1627393670 20412727054 16889447  
  1627393672 20412727054 16889447  
  1627393673 20412727054 16889447  
  1627393674 20412727054 16889447  
  1627393675 20412727054 16889447  
  1627393676 20412727054 16889447  
  1627393677 20412727054 16889447  
  1627393678 20412727054 16889447  
 