 1626884544 476888156 115366  
  1626884545 476888156 115366  
  1626884546 476888156 115366  
  1626884547 476888156 115366  
  1626884548 476888156 115366  
  1626884549 476888156 115366  
  1626884551 476888156 115366  
  1626884552 476888156 115366  
  1626884553 476888156 115366  
  1626884554 476888156 115366  
  1626884555 476888156 115366  
  1626884556 476888156 115366  
  1626884557 476888156 115366  
  1626884558 476888156 115366  
  1626884559 476888156 115366  
  1626884560 476888156 115366  
  1626884561 476888156 115366  
  1626884562 476888156 115366  
  1626884563 476888156 115366  
  1626884564 476888156 115366  
  1626884565 476888156 115366  
  1626884566 476888156 115366  
  1626884567 476888156 115366  
  1626884568 476889751 115366  
  1626884569 476889751 115366  
  1626884570 476891628 115366  
  1626884571 476894384 115366  
  1626884572 476894384 115366  
  1626884573 476895092 115366  
  1626884574 476895092 115366  
  1626884575 476895092 115366  
  1626884576 476895092 115366  
  1626884577 476895092 115366  
  1626884578 476895092 115366  
  1626884579 476895092 115366  
  1626884580 476895092 115366  
  1626884581 476895092 115366  
  1626884582 476895092 115366  
  1626884583 476895092 115366  
  1626884584 476895092 115366  
  1626884585 476895092 115366  
  1626884586 476895092 115366  
  1626884587 476895092 115366  
  1626884588 476895184 115366  
  1626884589 476895184 115366  
  1626884590 476895184 115366  
  1626884592 476895184 115366  
  1626884593 476895184 115366  
  1626884594 476895184 115366  
  1626884595 476895184 115366  
  1626884596 476895184 115366  
  1626884597 476895184 115366  
  1626884598 476895184 115366  
  1626884599 476895184 115366  
  1626884600 476895184 115366  
  1626884601 476895184 115366  
  1626884602 476895184 115366  
  1626884603 476895184 115366  
  1626884604 476895184 115366  
  1626884605 476895184 115366  
  1626884606 476895184 115366  
  1626884607 476895184 115366  
  1626884608 476895184 115366  
  1626884609 476895276 115366  
  1626884610 476895276 115366  
  1626884611 476895276 115366  
  1626884612 476895276 115366  
  1626884613 476895276 115366  
  1626884614 476895276 115366  
  1626884615 476895276 115366  
  1626884616 476895276 115366  
  1626884617 476895276 115366  
  1626884618 476895276 115366  
  1626884619 476895276 115366  
  1626884620 476895276 115366  
  1626884621 476895276 115366  
  1626884622 476895276 115366  
  1626884623 476895276 115366  
  1626884624 476895276 115366  
  1626884625 476895276 115366  
  1626884626 476895276 115366  
  1626884627 476895276 115366  
  1626884628 476895276 115366  
  1626884629 476895276 115366  
  1626884630 476895276 115366  
  1626884632 476895276 115366  
  1626884633 476895276 115366  
  1626884634 476895276 115366  
  1626884635 476895276 115366  
  1626884636 476895276 115366  
  1626884637 476895276 115366  
  1626884638 476895276 115366  
  1626884639 476895276 115366  
  1626884640 476895276 115366  
  1626884641 476895276 115366  
  1626884642 476895276 115366  
  1626884643 476895276 115366  
  1626884644 476895276 115366  
  1626884645 476895276 115366  
  1626884646 476895276 115366  
  1626884647 476895276 115366  
  1626884648 476895276 115366  
  1626884649 476895276 115366  
  1626884650 476895276 115366  
  1626884651 476895276 115366  
  1626884652 476895276 115366  
  1626884653 476895276 115366  
  1626884654 476895276 115366  
  1626884655 476895276 115366  
  1626884656 476895276 115366  
  1626884657 476895276 115366  
  1626884658 476895276 115366  
  1626884659 476895276 115366  
  1626884660 476895276 115366  
  1626884661 476895276 115366  
  1626884662 476895276 115366  
  1626884663 476895276 115366  
  1626884664 476895276 115366  
  1626884665 476895276 115366  
  1626884666 476895276 115366  
  1626884667 476895276 115366  
  1626884668 476895276 115366  
  1626884669 476895276 115366  
  1626884670 476895276 115366  
  1626884672 476895276 115366  
  1626884673 476895276 115366  
  1626884674 476895368 115366  
  1626884675 476895368 115366  
  1626884676 476895368 115366  
  1626884677 476895368 115366  
  1626884678 476895368 115366  
  1626884679 476895368 115366  
  1626884680 476895368 115366  
  1626884681 476895368 115366  
  1626884682 476895368 115366  
  1626884683 476895368 115366  
  1626884684 476895368 115366  
  1626884685 476895368 115366  
  1626884686 476895368 115366  
  1626884687 476895368 115366  
  1626884688 476895368 115366  
  1626884689 476895368 115366  
  1626884690 476895368 115366  
  1626884691 476895368 115366  
  1626884692 476895368 115366  
  1626884693 476895368 115366  
  1626884694 476895368 115366  
  1626884695 476895368 115366  
  1626884696 476895368 115366  
  1626884697 476895368 115366  
  1626884698 476895368 115366  
  1626884699 476895368 115366  
  1626884700 476895368 115366  
  1626884701 476895368 115366  
  1626884702 476895368 115366  
  1626884703 476895368 115366  
  1626884704 476895368 115366  
  1626884705 476895368 115366  
  1626884706 476895368 115366  
  1626884707 476895368 115366  
  1626884708 476895368 115366  
  1626884709 476895368 115366  
  1626884710 476895368 115366  
  1626884712 476895368 115366  
  1626884713 476895368 115366  
  1626884714 476895368 115366  
  1626884715 476895368 115366  
  1626884716 476895368 115366  
  1626884717 476895368 115366  
  1626884718 476895460 115366  
  1626884719 476895460 115366  
  1626884720 476895460 115366  
  1626884721 476895460 115366  
  1626884722 476895460 115366  
  1626884723 476895460 115366  
  1626884724 476895460 115366  
  1626884725 476895460 115366  
  1626884726 476895460 115366  
  1626884727 476895460 115366  
  1626884728 476895460 115366  
  1626884729 476895460 115366  
  1626884730 476895460 115366  
  1626884731 476895460 115366  
  1626884732 476895460 115366  
  1626884733 476895460 115366  
  1626884734 476895817 115366  
  1626884735 476895817 115366  
  1626884736 476895817 115366  
  1626884737 476895909 115366  
  1626884738 476895909 115366  
  1626884739 476895909 115366  
  1626884740 476900218 115366  
  1626884741 476900542 115366  
  1626884742 476900542 115366  
  1626884743 476901250 115366  
  1626884744 476901250 115366  
  1626884745 476905883 115366  
  1626884746 476905883 115366  
  1626884747 476906591 115366  
  1626884748 476906591 115366  
  1626884749 476915857 115366  
  1626884750 476915857 115366  
  1626884752 476917273 115366  
  1626884753 476917273 115366  
  1626884754 476917273 115366  
  1626884755 476917273 115366  
  1626884756 476917273 115366  
  1626884757 476917273 115366  
  1626884758 476917273 115366  
  1626884759 476917273 115366  
  1626884760 476917273 115366  
  1626884761 476917273 115366  
  1626884762 476917273 115366  
  1626884763 476917273 115366  
  1626884764 476917273 115366  
  1626884765 476917273 115366  
  1626884766 476917273 115366  
  1626884767 476917273 115366  
  1626884768 476917869 115366  
  1626884769 476917869 115366  
  1626884770 476917869 115366  
  1626884771 476917869 115366  
  1626884772 476917869 115366  
  1626884773 476917869 115366  
  1626884774 476917869 115366  
  1626884775 476917869 115366  
  1626884776 476917869 115366  
  1626884777 476917869 115366  
  1626884778 476917869 115366  
  1626884779 476917869 115366  
  1626884780 476917869 115366  
  1626884781 476917869 115366  
  1626884782 476917869 115366  
  1626884783 476917869 115366  
  1626884784 476917869 115366  
  1626884785 476917869 115366  
  1626884786 476917869 115366  
  1626884787 476917869 115366  
  1626884788 476917869 115366  
  1626884789 476917869 115366  
  1626884791 476917869 115366  
  1626884792 476917869 115366  
  1626884793 476917869 115366  
  1626884794 476917869 115366  
  1626884795 476917869 115366  
  1626884796 476917869 115366  
  1626884797 476917869 115366  
  1626884798 476917869 115366  
  1626884799 476917869 115366  
  1626884800 476917869 115366  
  1626884801 476917869 115366  
  1626884802 476917869 115366  
  1626884803 476917961 115366  
  1626884804 476917961 115366  
  1626884805 476917961 115366  
  1626884806 476917961 115366  
  1626884807 476917961 115366  
  1626884808 476917961 115366  
  1626884809 476917961 115366  
  1626884810 476917961 115366  
  1626884811 476917961 115366  
  1626884812 476917961 115366  
  1626884813 476917961 115366  
  1626884814 476917961 115366  
  1626884815 476917961 115366  
  1626884816 476917961 115366  
  1626884817 476917961 115366  
  1626884818 476917961 115366  
  1626884819 476917961 115366  
  1626884820 476917961 115366  
  1626884821 476917961 115366  
  1626884822 476917961 115366  
  1626884823 476917961 115366  
  1626884824 476917961 115366  
  1626884825 476917961 115366  
  1626884826 476917961 115366  
  1626884827 476917961 115366  
  1626884828 476917961 115366  
  1626884830 476917961 115366  
  1626884831 476917961 115366  
  1626884832 476917961 115366  
  1626884833 476917961 115366  
  1626884834 476917961 115366  
  1626884835 476917961 115366  
  1626884836 476917961 115366  
  1626884837 476917961 115366  
  1626884838 476917961 115366  
  1626884839 476917961 115366  
  1626884840 476917961 115366  
  1626884841 476917961 115366  
  1626884842 476917961 115366  
  1626884843 476917961 115366  
  1626884844 476917961 115366  
  1626884845 476917961 115366  
  1626884846 476917961 115366  
  1626884847 476918053 115366  
  1626884848 476918053 115366  
  1626884849 476918053 115366  
  1626884850 476918053 115366  
  1626884851 476918053 115366  
  1626884852 476918053 115366  
  1626884853 476918053 115366  
  1626884854 476918053 115366  
  1626884855 476918121 115366  
  1626884856 476918121 115366  
  1626884857 476918121 115366  
  1626884858 476918121 115366  
  1626884859 476918121 115366  
  1626884860 476918121 115366  
  1626884861 476919277 115366  
  1626884862 476919277 115366  
  1626884863 476919277 115366  
  1626884864 476919277 115366  
  1626884865 476919277 115366  
  1626884866 476919369 115366  
 