 1626771593 461904137 0  
  1626771594 461904137 0  
  1626771595 461904475 0  
  1626771596 461904475 0  
  1626771597 461904475 0  
  1626771598 461904475 0  
  1626771599 461904475 0  
  1626771600 461904567 0  
  1626771601 461904567 0  
  1626771602 461904567 0  
  1626771603 461904567 0  
  1626771604 461904567 0  
  1626771605 461904567 0  
  1626771606 461908876 0  
  1626771607 461909200 0  
  1626771608 461909908 0  
  1626771609 461909908 0  
  1626771610 461909908 0  
  1626771611 461909908 0  
  1626771613 461909908 0  
  1626771614 461909908 0  
  1626771615 461909908 0  
  1626771616 461909908 0  
  1626771617 461909908 0  
  1626771618 461910000 0  
  1626771619 461910000 0  
  1626771620 461910000 0  
  1626771621 461914309 0  
  1626771622 461923507 0  
  1626771623 461924607 0  
  1626771624 461925955 0  
  1626771625 461925955 0  
  1626771626 461925955 0  
  1626771627 461925955 0  
  1626771628 461925955 0  
  1626771629 461925955 0  
  1626771630 461925955 0  
  1626771631 461925955 0  
  1626771632 461925955 0  
  1626771633 461925955 0  
  1626771634 461925955 0  
  1626771635 461925955 0  
  1626771636 461925955 0  
  1626771637 461925955 0  
  1626771638 461925955 0  
  1626771639 461925955 0  
  1626771640 461926312 0  
  1626771641 461926312 0  
  1626771642 461926312 0  
  1626771643 461926312 0  
  1626771644 461926312 0  
  1626771645 461926312 0  
  1626771646 461926312 0  
  1626771647 461926312 0  
  1626771648 461926312 0  
  1626771649 461926312 0  
  1626771650 461926404 0  
  1626771651 461926404 0  
  1626771653 461926404 0  
  1626771654 461926404 0  
  1626771655 461926404 0  
  1626771656 461926404 0  
  1626771657 461926404 0  
  1626771658 461926404 0  
  1626771659 461926404 0  
  1626771660 461926404 0  
  1626771661 461926404 0  
  1626771662 461926404 0  
  1626771663 461926404 0  
  1626771664 461926404 0  
  1626771665 461930713 0  
  1626771666 461931121 0  
  1626771667 461931121 0  
  1626771668 461931625 0  
  1626771669 461931625 0  
  1626771670 461931625 0  
  1626771671 461931625 0  
  1626771672 461931625 0  
  1626771673 461931625 0  
  1626771674 461931625 0  
  1626771675 461931625 0  
  1626771676 461931625 0  
  1626771677 461931625 0  
  1626771678 461931625 0  
  1626771679 461931625 0  
  1626771680 461931625 0  
  1626771681 461931625 0  
  1626771682 461931625 0  
  1626771683 461931625 0  
  1626771684 461931625 0  
  1626771685 461931625 0  
  1626771686 461931625 0  
  1626771687 461931625 0  
  1626771688 461931625 0  
  1626771689 461931625 0  
  1626771690 461931625 0  
  1626771691 461931625 0  
  1626771693 461931625 0  
  1626771694 461931625 0  
  1626771695 461931625 0  
  1626771696 461931625 0  
  1626771697 461931625 0  
  1626771698 461931625 0  
  1626771699 461931625 0  
  1626771700 461931625 0  
  1626771701 461931625 0  
  1626771702 461931625 0  
  1626771703 461931625 0  
  1626771704 461931625 0  
  1626771705 461931625 0  
  1626771706 461931625 0  
  1626771707 461931625 0  
  1626771708 461931625 0  
  1626771709 461931625 0  
  1626771710 461931625 0  
  1626771711 461931625 0  
  1626771712 461931625 0  
  1626771713 461931625 0  
  1626771714 461931625 0  
  1626771715 461931717 0  
  1626771716 461931717 0  
  1626771717 461931717 0  
  1626771718 461931717 0  
  1626771719 461931717 0  
  1626771720 461931717 0  
  1626771721 461931717 0  
  1626771722 461931717 0  
  1626771723 461931717 0  
  1626771724 461931717 0  
  1626771725 461931717 0  
  1626771726 461931717 0  
  1626771727 461931717 0  
  1626771728 461931717 0  
  1626771729 461931717 0  
  1626771730 461931809 0  
  1626771732 461931809 0  
  1626771733 461931809 0  
  1626771734 461931809 0  
  1626771735 461931809 0  
  1626771736 461931809 0  
  1626771737 461931809 0  
  1626771738 461931809 0  
  1626771739 461931809 0  
  1626771740 461931809 0  
  1626771741 461931809 0  
  1626771742 461931809 0  
  1626771743 461931809 0  
  1626771744 461931809 0  
  1626771745 461931809 0  
  1626771746 461931809 0  
  1626771747 461931809 0  
  1626771748 461931809 0  
  1626771749 461931809 0  
  1626771750 461931809 0  
  1626771751 461931809 0  
  1626771752 461931809 0  
  1626771753 461931809 0  
  1626771754 461931809 0  
  1626771755 461931809 0  
  1626771756 461931809 0  
  1626771757 461931809 0  
  1626771758 461931809 0  
  1626771759 461931809 0  
  1626771760 461931809 0  
  1626771761 461931809 0  
  1626771762 461931809 0  
  1626771763 461931809 0  
  1626771764 461931809 0  
  1626771765 461932405 0  
  1626771766 461932405 0  
  1626771767 461932405 0  
  1626771768 461936534 0  
  1626771769 461937038 0  
  1626771770 461937038 0  
  1626771772 461937746 0  
  1626771773 461937746 0  
  1626771774 461937746 0  
  1626771775 461937746 0  
  1626771776 461937746 0  
  1626771777 461937746 0  
  1626771778 461937746 0  
  1626771779 461937746 0  
  1626771780 461937838 0  
  1626771781 461937838 0  
  1626771782 461937838 0  
  1626771783 461937838 0  
  1626771784 461937838 0  
  1626771785 461937838 0  
  1626771786 461937838 0  
  1626771787 461937838 0  
  1626771788 461937838 0  
  1626771789 461937838 0  
  1626771790 461937838 0  
  1626771791 461937838 0  
  1626771792 461937838 0  
  1626771793 461937838 0  
  1626771794 461937838 0  
  1626771795 461937838 0  
  1626771796 461937838 0  
  1626771797 461937838 0  
  1626771798 461937838 0  
  1626771799 461937838 0  
  1626771800 461937838 0  
  1626771801 461937838 0  
  1626771802 461937838 0  
  1626771803 461937838 0  
  1626771804 461937838 0  
  1626771805 461937838 0  
  1626771806 461937838 0  
  1626771807 461937838 0  
  1626771808 461937838 0  
  1626771809 461937838 0  
  1626771811 461937838 0  
  1626771812 461937838 0  
  1626771813 461937838 0  
  1626771814 461937838 0  
  1626771815 461937838 0  
  1626771816 461937838 0  
  1626771817 461937838 0  
  1626771818 461937838 0  
  1626771819 461937838 0  
  1626771820 461937838 0  
  1626771821 461937838 0  
  1626771822 461937838 0  
  1626771823 461937838 0  
  1626771824 461937838 0  
  1626771825 461937838 0  
  1626771826 461937838 0  
  1626771827 461937838 0  
  1626771828 461937838 0  
  1626771829 461937838 0  
  1626771830 461937838 0  
  1626771831 461937838 0  
  1626771832 461937838 0  
  1626771833 461937838 0  
  1626771834 461937838 0  
  1626771835 461937838 0  
  1626771836 461937838 0  
  1626771837 461937838 0  
  1626771838 461937838 0  
  1626771839 461937838 0  
  1626771840 461937838 0  
  1626771841 461937838 0  
  1626771842 461937838 0  
  1626771843 461937930 0  
  1626771844 461937930 0  
  1626771845 461937930 0  
  1626771846 461937930 0  
  1626771847 461937930 0  
  1626771848 461937930 0  
  1626771849 461937930 0  
  1626771851 461937930 0  
  1626771852 461937930 0  
  1626771853 461937930 0  
  1626771854 461937930 0  
  1626771855 461937930 0  
  1626771856 461937930 0  
  1626771857 461937930 0  
  1626771858 461937930 0  
  1626771859 461937930 0  
  1626771860 461938022 0  
  1626771861 461938022 0  
  1626771862 461938022 0  
  1626771863 461938022 0  
  1626771864 461938022 0  
  1626771865 461938022 0  
  1626771866 461938022 0  
  1626771867 461938022 0  
  1626771868 461938022 0  
  1626771869 461938022 0  
  1626771870 461938022 0  
  1626771871 461938022 0  
  1626771872 461938022 0  
  1626771873 461938022 0  
  1626771874 461938022 0  
  1626771875 461938022 0  
  1626771876 461938022 0  
  1626771877 461938022 0  
  1626771878 461938022 0  
  1626771879 461938022 0  
  1626771880 461938022 0  
  1626771881 461938022 0  
  1626771882 461938022 0  
  1626771883 461938022 0  
  1626771884 461938022 0  
  1626771885 461938022 0  
  1626771886 461938022 0  
  1626771887 461938022 0  
  1626771888 461938022 0  
  1626771889 461938022 0  
  1626771891 461938022 0  
  1626771892 461938022 0  
  1626771893 461938022 0  
  1626771894 461938022 0  
  1626771895 461938022 0  
  1626771896 461938022 0  
  1626771897 461938022 0  
  1626771898 461938022 0  
  1626771899 461938022 0  
  1626771900 461938022 0  
  1626771901 461938022 0  
  1626771902 461938022 0  
  1626771903 461938022 0  
  1626771904 461938022 0  
  1626771905 461938022 0  
  1626771906 461942331 0  
  1626771907 461942655 0  
  1626771908 461942655 0  
  1626771909 461943455 0  
  1626771910 461943455 0  
  1626771911 461943455 0  
  1626771912 461943455 0  
  1626771913 461943455 0  
  1626771914 461943455 0  
  1626771915 461943455 0  
 