 1626773009 458790433 0  
  1626773010 458790433 0  
  1626773011 458790525 0  
  1626773012 458790525 0  
  1626773013 458790525 0  
  1626773014 458790525 0  
  1626773015 458790525 0  
  1626773016 458790525 0  
  1626773017 458790525 0  
  1626773018 458790525 0  
  1626773019 458790525 0  
  1626773020 458790525 0  
  1626773021 458790525 0  
  1626773022 458790525 0  
  1626773023 458790525 0  
  1626773024 458790525 0  
  1626773025 458790525 0  
  1626773026 458790525 0  
  1626773027 458790525 0  
  1626773028 458790525 0  
  1626773029 458790525 0  
  1626773030 458790525 0  
  1626773031 458790525 0  
  1626773033 458790525 0  
  1626773034 458790525 0  
  1626773035 458790525 0  
  1626773036 458790525 0  
  1626773037 458790525 0  
  1626773038 458790617 0  
  1626773039 458790617 0  
  1626773040 458790617 0  
  1626773041 458790617 0  
  1626773042 458790617 0  
  1626773043 458790617 0  
  1626773044 458790617 0  
  1626773045 458790617 0  
  1626773046 458790617 0  
  1626773047 458790617 0  
  1626773048 458790617 0  
  1626773049 458790617 0  
  1626773050 458790617 0  
  1626773051 458790617 0  
  1626773052 458790617 0  
  1626773053 458790617 0  
  1626773054 458790617 0  
  1626773055 458790617 0  
  1626773056 458790617 0  
  1626773057 458790617 0  
  1626773058 458790617 0  
  1626773059 458790617 0  
  1626773060 458790617 0  
  1626773061 458790617 0  
  1626773062 458790617 0  
  1626773063 458790617 0  
  1626773064 458790617 0  
  1626773065 458790617 0  
  1626773066 458790617 0  
  1626773067 458790617 0  
  1626773068 458790617 0  
  1626773069 458790617 0  
  1626773070 458790617 0  
  1626773072 458790617 0  
  1626773073 458790617 0  
  1626773074 458790617 0  
  1626773075 458790617 0  
  1626773076 458790709 0  
  1626773077 458790709 0  
  1626773078 458790709 0  
  1626773079 458790709 0  
  1626773080 458790709 0  
  1626773081 458790709 0  
  1626773082 458790709 0  
  1626773083 458790709 0  
  1626773084 458790709 0  
  1626773085 458790709 0  
  1626773086 458790709 0  
  1626773087 458790709 0  
  1626773088 458790709 0  
  1626773089 458790709 0  
  1626773090 458790709 0  
  1626773091 458790709 0  
  1626773092 458790709 0  
  1626773093 458790709 0  
  1626773094 458790709 0  
  1626773095 458790709 0  
  1626773096 458790709 0  
  1626773097 458790709 0  
  1626773098 458790709 0  
  1626773099 458795018 0  
  1626773100 458795342 0  
  1626773101 458796050 0  
  1626773102 458796142 0  
  1626773103 458796142 0  
  1626773104 458796142 0  
  1626773105 458796142 0  
  1626773106 458796142 0  
  1626773107 458796142 0  
  1626773108 458796142 0  
  1626773109 458796142 0  
  1626773110 458796142 0  
  1626773112 458796142 0  
  1626773113 458798103 0  
  1626773114 458800775 0  
  1626773115 458800775 0  
  1626773116 458806116 0  
  1626773117 458810749 0  
  1626773118 458811457 0  
  1626773119 458812165 0  
  1626773120 458812165 0  
  1626773121 458812165 0  
  1626773122 458812165 0  
  1626773123 458812165 0  
  1626773124 458812165 0  
  1626773125 458812233 0  
  1626773126 458812233 0  
  1626773127 458812233 0  
  1626773128 458812233 0  
  1626773129 458812233 0  
  1626773130 458812233 0  
  1626773131 458813814 0  
  1626773132 458813814 0  
  1626773133 458813814 0  
  1626773134 458813814 0  
  1626773135 458813814 0  
  1626773136 458813814 0  
  1626773137 458813814 0  
  1626773138 458813814 0  
  1626773139 458813814 0  
  1626773140 458813906 0  
  1626773141 458813906 0  
  1626773142 458813906 0  
  1626773143 458813906 0  
  1626773144 458813906 0  
  1626773145 458813906 0  
  1626773146 458813906 0  
  1626773147 458813906 0  
  1626773148 458813906 0  
  1626773149 458813906 0  
  1626773151 458813906 0  
  1626773152 458813906 0  
  1626773153 458813906 0  
  1626773154 458813906 0  
  1626773155 458813906 0  
  1626773156 458813906 0  
  1626773157 458813906 0  
  1626773158 458813906 0  
  1626773159 458813906 0  
  1626773160 458813906 0  
  1626773161 458813906 0  
  1626773162 458814244 0  
  1626773163 458814244 0  
  1626773164 458814244 0  
  1626773165 458814244 0  
  1626773166 458814840 0  
  1626773167 458814932 0  
  1626773168 458814932 0  
  1626773169 458814932 0  
  1626773170 458814932 0  
  1626773171 458814932 0  
  1626773172 458814932 0  
  1626773173 458814932 0  
  1626773174 458814932 0  
  1626773175 458814932 0  
  1626773176 458814932 0  
  1626773177 458814932 0  
  1626773178 458814932 0  
  1626773179 458814932 0  
  1626773180 458814932 0  
  1626773181 458814932 0  
  1626773182 458814932 0  
  1626773183 458814932 0  
  1626773184 458814932 0  
  1626773185 458814932 0  
  1626773186 458814932 0  
  1626773187 458814932 0  
  1626773188 458814932 0  
  1626773189 458814932 0  
  1626773191 458814932 0  
  1626773192 458814932 0  
  1626773193 458814932 0  
  1626773194 458814932 0  
  1626773195 458814932 0  
  1626773196 458814932 0  
  1626773197 458814932 0  
  1626773198 458814932 0  
  1626773199 458814932 0  
  1626773200 458814932 0  
  1626773201 458814932 0  
  1626773202 458814932 0  
  1626773203 458814932 0  
  1626773204 458814932 0  
  1626773205 458815024 0  
  1626773206 458815024 0  
  1626773207 458815024 0  
  1626773208 458815024 0  
  1626773209 458815024 0  
  1626773210 458815024 0  
  1626773211 458815024 0  
  1626773212 458815024 0  
  1626773213 458815024 0  
  1626773214 458815024 0  
  1626773215 458815024 0  
  1626773216 458815024 0  
  1626773217 458815024 0  
  1626773218 458815024 0  
  1626773219 458815024 0  
  1626773220 458815024 0  
  1626773221 458815024 0  
  1626773222 458815024 0  
  1626773223 458815024 0  
  1626773224 458815024 0  
  1626773225 458815024 0  
  1626773226 458815024 0  
  1626773227 458815024 0  
  1626773228 458815024 0  
  1626773229 458815024 0  
  1626773231 458815024 0  
  1626773232 458815116 0  
  1626773233 458815116 0  
  1626773234 458815116 0  
  1626773235 458815116 0  
  1626773236 458815116 0  
  1626773237 458815116 0  
  1626773238 458815116 0  
  1626773239 458815116 0  
  1626773240 458815116 0  
  1626773241 458815116 0  
  1626773242 458815116 0  
  1626773243 458815116 0  
  1626773244 458815116 0  
  1626773245 458815116 0  
  1626773246 458815454 0  
  1626773247 458815454 0  
  1626773248 458815454 0  
  1626773249 458815454 0  
  1626773250 458815454 0  
  1626773251 458815454 0  
  1626773252 458815454 0  
  1626773253 458815454 0  
  1626773254 458815454 0  
  1626773255 458815454 0  
  1626773256 458815454 0  
  1626773257 458815454 0  
  1626773258 458815454 0  
  1626773259 458815454 0  
  1626773260 458815454 0  
  1626773261 458815454 0  
  1626773262 458819763 0  
  1626773263 458820087 0  
  1626773264 458820795 0  
  1626773265 458820795 0  
  1626773266 458820795 0  
  1626773267 458820795 0  
  1626773268 458820795 0  
  1626773269 458820887 0  
  1626773270 458820887 0  
  1626773272 458820887 0  
  1626773273 458820887 0  
  1626773274 458820887 0  
  1626773275 458820887 0  
  1626773276 458820887 0  
  1626773277 458820887 0  
  1626773278 458820887 0  
  1626773279 458820887 0  
  1626773280 458820887 0  
  1626773281 458820887 0  
  1626773282 458820887 0  
  1626773283 458820887 0  
  1626773284 458820887 0  
  1626773285 458820887 0  
  1626773286 458820887 0  
  1626773287 458820887 0  
  1626773288 458820887 0  
  1626773289 458820887 0  
  1626773290 458820887 0  
  1626773291 458820887 0  
  1626773292 458820887 0  
  1626773293 458820887 0  
  1626773294 458820887 0  
  1626773295 458820887 0  
  1626773296 458820979 0  
  1626773297 458820979 0  
  1626773298 458820979 0  
  1626773299 458820979 0  
  1626773300 458820979 0  
  1626773301 458820979 0  
  1626773302 458820979 0  
  1626773303 458820979 0  
  1626773304 458820979 0  
  1626773305 458820979 0  
  1626773306 458820979 0  
  1626773307 458820979 0  
  1626773308 458820979 0  
  1626773309 458820979 0  
  1626773310 458820979 0  
  1626773312 458820979 0  
  1626773313 458820979 0  
  1626773314 458820979 0  
  1626773315 458820979 0  
  1626773316 458820979 0  
  1626773317 458820979 0  
  1626773318 458820979 0  
  1626773319 458820979 0  
  1626773320 458820979 0  
  1626773321 458820979 0  
  1626773322 458820979 0  
  1626773323 458820979 0  
  1626773324 458820979 0  
  1626773325 458820979 0  
  1626773326 458820979 0  
  1626773327 458820979 0  
  1626773328 458820979 0  
  1626773329 458820979 0  
  1626773330 458820979 0  
  1626773331 458820979 0  
  1626773332 458820979 0  
  1626773333 458820979 0  
  1626773334 458820979 0  
  1626773335 458821071 0  
  1626773336 458821071 0  
  1626773337 458821071 0  
  1626773338 458821071 0  
  1626773339 458821071 0  
  1626773340 458821071 0  
  1626773341 458821071 0  
  1626773342 458821071 0  
  1626773343 458821071 0  
  1626773344 458821071 0  
  1626773345 458821071 0  
  1626773346 458821071 0  
  1626773347 458821071 0  
  1626773348 458821071 0  
  1626773349 458821071 0  
  1626773350 458821071 0  
  1626773352 458821071 0  
  1626773353 458821071 0  
  1626773354 458821071 0  
  1626773355 458821071 0  
  1626773356 458821071 0  
  1626773357 458821071 0  
  1626773358 458821071 0  
  1626773359 458821071 0  
  1626773360 458821071 0  
  1626773361 458821163 0  
  1626773362 458821163 0  
  1626773363 458821163 0  
  1626773364 458821163 0  
  1626773365 458821163 0  
  1626773366 458821759 0  
  1626773367 458821759 0  
  1626773368 458821759 0  
  1626773369 458821759 0  
  1626773370 458821759 0  
  1626773371 458821759 0  
  1626773372 458821759 0  
  1626773373 458821759 0  
  1626773374 458821759 0  
  1626773375 458821759 0  
  1626773376 458821759 0  
  1626773377 458821759 0  
  1626773378 458821759 0  
  1626773379 458821759 0  
  1626773380 458821759 0  
  1626773381 458821759 0  
  1626773382 458821759 0  
  1626773383 458821759 0  
  1626773384 458821759 0  
  1626773385 458821759 0  
  1626773386 458821759 0  
  1626773387 458821759 0  
  1626773388 458821759 0  
  1626773389 458821759 0  
  1626773390 458821759 0  
  1626773391 458821759 0  
  1626773393 458821759 0  
  1626773394 458821759 0  
  1626773395 458821759 0  
  1626773396 458822097 0  
  1626773397 458822097 0  
  1626773398 458822097 0  
  1626773399 458826406 0  
  1626773400 458826822 0  
  1626773401 458827530 0  
  1626773402 458827530 0  
  1626773403 458827530 0  
  1626773404 458827530 0  
  1626773405 458827530 0  
  1626773406 458827530 0  
  1626773407 458827530 0  
  1626773408 458827530 0  
  1626773409 458827530 0  
  1626773410 458827530 0  
  1626773411 458827530 0  
  1626773412 458827530 0  
  1626773413 458831839 0  
  1626773414 458832163 0  
  1626773415 458832871 0  
  1626773416 458839381 0  
  1626773417 458842137 0  
  1626773418 458843553 0  
  1626773419 458843553 0  
  1626773420 458843553 0  
  1626773421 458843553 0  
  1626773422 458843553 0  
  1626773423 458843553 0  
  1626773424 458843553 0  
  1626773425 458843553 0  
  1626773426 458843645 0  
  1626773427 458843645 0  
  1626773428 458843645 0  
  1626773429 458843645 0  
  1626773430 458843645 0  
  1626773431 458844002 0  
  1626773433 458844094 0  
  1626773434 458844094 0  
  1626773435 458844094 0  
  1626773436 458844094 0  
  1626773437 458844094 0  
  1626773438 458844094 0  
  1626773439 458844094 0  
  1626773440 458844094 0  
  1626773441 458844094 0  
  1626773442 458844094 0  
  1626773443 458844094 0  
  1626773444 458844094 0  
  1626773445 458844094 0  
  1626773446 458844094 0  
  1626773447 458844094 0  
  1626773448 458844094 0  
  1626773449 458844094 0  
  1626773450 458844094 0  
  1626773451 458844094 0  
  1626773452 458844094 0  
  1626773453 458844094 0  
  1626773454 458844094 0  
  1626773455 458844094 0  
  1626773456 458844094 0  
  1626773457 458844094 0  
  1626773458 458844094 0  
  1626773459 458844094 0  
  1626773460 458844094 0  
  1626773461 458844094 0  
  1626773462 458844094 0  
  1626773463 458844094 0  
  1626773464 458844186 0  
  1626773465 458848495 0  
  1626773466 458848903 0  
  1626773467 458848903 0  
  1626773468 458849407 0  
  1626773469 458849407 0  
  1626773470 458849407 0  
  1626773472 458849407 0  
  1626773473 458849407 0  
  1626773474 458849407 0  
  1626773475 458849407 0  
  1626773476 458849407 0  
  1626773477 458849407 0  
  1626773478 458849407 0  
 