 1627025865 495825303 0  
  1627025866 495825303 0  
  1627025867 495825303 0  
  1627025868 495825303 0  
  1627025869 495825303 0  
  1627025870 495825303 0  
  1627025871 495825303 0  
  1627025872 495825303 0  
  1627025873 495825303 0  
  1627025874 495825303 0  
  1627025875 495825303 0  
  1627025876 495825303 0  
  1627025877 495825303 0  
  1627025878 495825303 0  
  1627025879 495825303 0  
  1627025880 495825303 0  
  1627025881 495825303 0  
  1627025882 495825303 0  
  1627025883 495825303 0  
  1627025884 495825303 0  
  1627025885 495825303 0  
  1627025886 495825303 0  
  1627025887 495825303 0  
  1627025888 495825303 0  
  1627025889 495825303 0  
  1627025890 495825303 0  
  1627025891 495825303 0  
  1627025892 495825303 0  
  1627025893 495825303 0  
  1627025895 495825303 0  
  1627025896 495825303 0  
  1627025897 495825303 0  
  1627025898 495825303 0  
  1627025899 495825303 0  
  1627025900 495825303 0  
  1627025901 495825303 0  
  1627025902 495825303 0  
  1627025903 495825303 0  
  1627025904 495825303 0  
  1627025905 495825303 0  
  1627025906 495825303 0  
  1627025907 495825303 0  
  1627025908 495825303 0  
  1627025909 495825303 0  
  1627025910 495825303 0  
  1627025911 495825303 0  
  1627025912 495825303 0  
  1627025913 495829432 0  
  1627025914 495829936 0  
  1627025915 495829936 0  
  1627025916 495830644 0  
  1627025917 495830644 0  
  1627025918 495830644 0  
  1627025919 495830644 0  
  1627025920 495830644 0  
  1627025921 495830644 0  
  1627025922 495830644 0  
  1627025923 495830644 0  
  1627025924 495830644 0  
  1627025925 495830644 0  
  1627025926 495830644 0  
  1627025927 495830644 0  
  1627025928 495830644 0  
  1627025929 495830644 0  
  1627025930 495830644 0  
  1627025931 495830644 0  
  1627025932 495830644 0  
  1627025933 495830644 0  
  1627025934 495830644 0  
  1627025936 495830644 0  
  1627025937 495830644 0  
  1627025938 495830644 0  
  1627025939 495830644 0  
  1627025940 495830644 0  
  1627025941 495830982 0  
  1627025942 495830982 0  
  1627025943 495830982 0  
  1627025944 495830982 0  
  1627025945 495830982 0  
  1627025946 495830982 0  
  1627025947 495830982 0  
  1627025948 495830982 0  
  1627025949 495830982 0  
  1627025950 495830982 0  
  1627025951 495830982 0  
  1627025952 495830982 0  
  1627025953 495830982 0  
  1627025954 495830982 0  
  1627025955 495830982 0  
  1627025956 495830982 0  
  1627025957 495830982 0  
  1627025958 495830982 0  
  1627025959 495830982 0  
  1627025960 495830982 0  
  1627025961 495830982 0  
  1627025962 495830982 0  
  1627025963 495830982 0  
  1627025964 495830982 0  
  1627025965 495830982 0  
  1627025966 495830982 0  
  1627025967 495830982 0  
  1627025968 495830982 0  
  1627025969 495830982 0  
  1627025970 495831578 0  
  1627025971 495831578 0  
  1627025972 495831578 0  
  1627025973 495831578 0  
  1627025974 495831578 0  
  1627025976 495831578 0  
  1627025977 495831578 0  
  1627025978 495831578 0  
  1627025979 495831578 0  
  1627025980 495831578 0  
  1627025981 495831578 0  
  1627025982 495831578 0  
  1627025983 495831578 0  
  1627025984 495831578 0  
  1627025985 495831578 0  
  1627025986 495831578 0  
  1627025987 495831578 0  
  1627025988 495831578 0  
  1627025989 495831578 0  
  1627025990 495831578 0  
  1627025991 495831578 0  
  1627025992 495831578 0  
  1627025993 495831578 0  
  1627025994 495831578 0  
  1627025995 495831578 0  
  1627025996 495831578 0  
  1627025997 495831578 0  
  1627025998 495831578 0  
  1627025999 495831578 0  
  1627026000 495831578 0  
  1627026001 495831578 0  
  1627026002 495831578 0  
  1627026003 495831578 0  
  1627026004 495831578 0  
  1627026005 495831578 0  
  1627026006 495831578 0  
  1627026007 495831578 0  
  1627026008 495831578 0  
  1627026009 495831578 0  
  1627026010 495831578 0  
  1627026011 495831578 0  
  1627026012 495831578 0  
  1627026013 495831578 0  
  1627026015 495831578 0  
  1627026016 495831578 0  
  1627026017 495831578 0  
  1627026018 495831578 0  
  1627026019 495831578 0  
  1627026020 495831578 0  
  1627026021 495831578 0  
  1627026022 495831578 0  
  1627026023 495831762 0  
  1627026024 495831762 0  
  1627026025 495831830 0  
  1627026026 495831886 0  
  1627026027 495831886 0  
  1627026028 495831886 0  
  1627026029 495831886 0  
  1627026030 495831886 0  
  1627026031 495924573 0  
  1627026032 496077166 0  
  1627026033 496077166 0  
  1627026034 496077285 0  
  1627026035 496077285 0  
  1627026036 496077285 0  
  1627026037 496077285 0  
  1627026038 496081918 0  
  1627026039 496081918 0  
  1627026040 496082626 0  
  1627026041 496082626 0  
  1627026042 496087259 0  
  1627026043 496087259 0  
  1627026044 496087899 0  
  1627026045 496087899 0  
  1627026046 496087899 0  
  1627026047 496092532 0  
  1627026048 496092532 0  
  1627026049 496097873 0  
  1627026050 496098581 0  
  1627026051 496098581 0  
  1627026052 496098581 0  
  1627026053 496098581 0  
  1627026055 496098581 0  
  1627026056 496098581 0  
  1627026057 496098581 0  
  1627026058 496098581 0  
  1627026059 496098581 0  
  1627026060 496098581 0  
  1627026061 496098581 0  
  1627026062 496098581 0  
  1627026063 496098581 0  
  1627026064 496098581 0  
  1627026065 496098581 0  
  1627026066 496098581 0  
  1627026067 496098581 0  
  1627026068 496098581 0  
  1627026069 496098581 0  
  1627026070 496098581 0  
  1627026071 496098581 0  
  1627026072 496098581 0  
  1627026073 496098581 0  
  1627026074 496098581 0  
  1627026075 496098581 0  
  1627026076 496098581 0  
  1627026077 496098581 0  
  1627026078 496098581 0  
  1627026079 496098581 0  
  1627026080 496098581 0  
  1627026081 496098581 0  
  1627026082 496098581 0  
  1627026083 496098581 0  
  1627026084 496098581 0  
  1627026085 496098581 0  
  1627026086 496098581 0  
  1627026087 496098581 0  
  1627026088 496098581 0  
  1627026089 496098581 0  
  1627026090 496098919 0  
  1627026091 496098919 0  
  1627026092 496098919 0  
  1627026093 496098919 0  
  1627026095 496098919 0  
  1627026096 496098919 0  
  1627026097 496098919 0  
  1627026098 496098919 0  
  1627026099 496098919 0  
  1627026100 496098919 0  
  1627026101 496098919 0  
  1627026102 496098919 0  
  1627026103 496098919 0  
  1627026104 496098919 0  
  1627026105 496098919 0  
  1627026106 496098919 0  
  1627026107 496098919 0  
  1627026108 496098919 0  
  1627026109 496098919 0  
  1627026110 496098919 0  
  1627026111 496098919 0  
  1627026112 496098919 0  
  1627026113 496098919 0  
  1627026114 496098919 0  
  1627026115 496098919 0  
  1627026116 496098919 0  
  1627026117 496098919 0  
  1627026118 496098919 0  
  1627026119 496098919 0  
  1627026120 496098919 0  
  1627026121 496098919 0  
  1627026122 496098919 0  
  1627026123 496098919 0  
  1627026124 496098919 0  
  1627026125 496098919 0  
  1627026126 496098919 0  
  1627026127 496098919 0  
  1627026128 496098919 0  
  1627026129 496098919 0  
  1627026130 496098919 0  
  1627026131 496098919 0  
  1627026132 496098919 0  
  1627026133 496098919 0  
  1627026135 496098919 0  
  1627026136 496098919 0  
  1627026137 496098919 0  
  1627026138 496098919 0  
  1627026139 496098919 0  
  1627026140 496098919 0  
  1627026141 496098919 0  
  1627026142 496098919 0  
  1627026143 496098919 0  
  1627026144 496098919 0  
  1627026145 496098919 0  
  1627026146 496098919 0  
  1627026147 496098919 0  
  1627026148 496098919 0  
  1627026149 496098919 0  
  1627026150 496098919 0  
  1627026151 496098919 0  
  1627026152 496098919 0  
  1627026153 496098919 0  
  1627026154 496098919 0  
  1627026155 496098919 0  
  1627026156 496098919 0  
  1627026157 496098919 0  
  1627026158 496098919 0  
  1627026159 496098919 0  
  1627026160 496098919 0  
  1627026161 496098919 0  
  1627026162 496098919 0  
  1627026163 496098919 0  
  1627026164 496098919 0  
  1627026165 496098919 0  
  1627026166 496098919 0  
  1627026167 496098919 0  
  1627026168 496098919 0  
  1627026169 496098919 0  
  1627026170 496099515 0  
  1627026171 496099515 0  
  1627026172 496099515 0  
  1627026173 496099515 0  
  1627026174 496099515 0  
  1627026176 496099515 0  
  1627026177 496099515 0  
  1627026178 496099515 0  
  1627026179 496099515 0  
  1627026180 496099515 0  
  1627026181 496099515 0  
  1627026182 496099515 0  
  1627026183 496099515 0  
  1627026184 496099515 0  
  1627026185 496099515 0  
  1627026186 496099515 0  
  1627026187 496099515 0  
  1627026188 496099515 0  
  1627026189 496099515 0  
  1627026190 496099515 0  
  1627026191 496099515 0  
  1627026192 496099515 0  
  1627026193 496099515 0  
  1627026194 496099515 0  
  1627026195 496099515 0  
  1627026196 496099515 0  
  1627026197 496099515 0  
  1627026198 496099515 0  
  1627026199 496099515 0  
  1627026200 496099515 0  
  1627026201 496099515 0  
  1627026202 496099515 0  
  1627026203 496099515 0  
  1627026204 496099515 0  
  1627026205 496099515 0  
  1627026206 496099515 0  
  1627026207 496099515 0  
  1627026208 496099515 0  
  1627026209 496099515 0  
  1627026210 496099515 0  
  1627026211 496099515 0  
  1627026212 496099515 0  
  1627026213 496102412 0  
  1627026214 496104148 0  
  1627026216 496104148 0  
  1627026217 496104720 0  
  1627026218 496104720 0  
  1627026219 496104720 0  
  1627026220 496104720 0  
  1627026221 496104720 0  
  1627026222 496104720 0  
  1627026223 496104720 0  
  1627026224 496104720 0  
  1627026225 496104720 0  
  1627026226 496104720 0  
  1627026227 496104720 0  
  1627026228 496104720 0  
  1627026229 496104720 0  
  1627026230 496104720 0  
  1627026231 496104720 0  
  1627026232 496104720 0  
  1627026233 496104720 0  
  1627026234 496104720 0  
  1627026235 496104720 0  
  1627026236 496104720 0  
  1627026237 496104720 0  
  1627026238 496104720 0  
  1627026239 496104720 0  
  1627026240 496104720 0  
  1627026241 496105058 0  
  1627026242 496105058 0  
  1627026243 496105058 0  
  1627026244 496105058 0  
  1627026245 496105058 0  
  1627026246 496105058 0  
  1627026247 496105058 0  
  1627026248 496105058 0  
  1627026249 496105058 0  
 