 1626884874 481942116 0  
  1626884876 481942116 0  
  1626884877 481942824 0  
  1626884878 481942824 0  
  1626884879 481942824 0  
  1626884880 481942824 0  
  1626884881 481942824 0  
  1626884882 481942824 0  
  1626884883 481942824 0  
  1626884884 481942824 0  
  1626884885 481942824 0  
  1626884886 481942824 0  
  1626884887 481942824 0  
  1626884888 481942824 0  
  1626884889 481942824 0  
  1626884890 481942824 0  
  1626884891 481942824 0  
  1626884892 481942824 0  
  1626884893 481942824 0  
  1626884894 481942824 0  
  1626884895 481942824 0  
  1626884896 481942824 0  
  1626884897 481942824 0  
  1626884898 481942824 0  
  1626884899 481942824 0  
  1626884900 481942824 0  
  1626884901 481942824 0  
  1626884902 481942824 0  
  1626884903 481942824 0  
  1626884904 481942824 0  
  1626884905 481942824 0  
  1626884906 481942824 0  
  1626884907 481942824 0  
  1626884908 481942824 0  
  1626884909 481942824 0  
  1626884910 481942824 0  
  1626884911 481942824 0  
  1626884912 481942824 0  
  1626884914 481942824 0  
  1626884915 481942824 0  
  1626884916 481942824 0  
  1626884917 481942824 0  
  1626884918 481942824 0  
  1626884919 481942824 0  
  1626884920 481942824 0  
  1626884921 481942824 0  
  1626884922 481942824 0  
  1626884923 481942824 0  
  1626884924 481942824 0  
  1626884925 481942824 0  
  1626884926 481942824 0  
  1626884927 481942824 0  
  1626884928 481942824 0  
  1626884929 481942824 0  
  1626884930 481942824 0  
  1626884931 481942916 0  
  1626884932 481942916 0  
  1626884933 481942916 0  
  1626884934 481942916 0  
  1626884935 481942916 0  
  1626884936 481942916 0  
  1626884937 481942916 0  
  1626884938 481942916 0  
  1626884939 481942916 0  
  1626884940 481942916 0  
  1626884941 481942916 0  
  1626884942 481942916 0  
  1626884943 481942916 0  
  1626884944 481942916 0  
  1626884945 481942916 0  
  1626884946 481942916 0  
  1626884947 481942916 0  
  1626884948 481942916 0  
  1626884949 481942916 0  
  1626884950 481942916 0  
  1626884951 481942916 0  
  1626884952 481942916 0  
  1626884954 481942916 0  
  1626884955 481942916 0  
  1626884956 481942916 0  
  1626884957 481942916 0  
  1626884958 481942916 0  
  1626884959 481942916 0  
  1626884960 481942916 0  
  1626884961 481942916 0  
  1626884962 481942916 0  
  1626884963 481943254 0  
  1626884964 481943254 0  
  1626884965 481943254 0  
  1626884966 481943254 0  
  1626884967 481943254 0  
  1626884968 481943254 0  
  1626884969 481943254 0  
  1626884970 481943254 0  
  1626884971 481943254 0  
  1626884972 481943254 0  
  1626884973 481943254 0  
  1626884974 481943254 0  
  1626884975 481943254 0  
  1626884976 481943254 0  
  1626884977 481943254 0  
  1626884978 481943254 0  
  1626884979 481943254 0  
  1626884980 481943254 0  
  1626884981 481943254 0  
  1626884982 481943254 0  
  1626884983 481943254 0  
  1626884984 481943254 0  
  1626884985 481943254 0  
  1626884986 481943254 0  
  1626884987 481943254 0  
  1626884988 481943254 0  
  1626884989 481943254 0  
  1626884990 481943254 0  
  1626884991 481943254 0  
  1626884993 481943254 0  
  1626884994 481943254 0  
  1626884995 481943254 0  
  1626884996 481943254 0  
  1626884997 481943254 0  
  1626884998 481943254 0  
  1626884999 481943254 0  
  1626885000 481943254 0  
  1626885001 481943254 0  
  1626885002 481943254 0  
  1626885003 481943254 0  
  1626885004 481943254 0  
  1626885005 481943254 0  
  1626885006 481943254 0  
  1626885007 481943254 0  
  1626885008 481943254 0  
  1626885009 481943254 0  
  1626885010 481943254 0  
  1626885011 481943254 0  
  1626885012 481943254 0  
  1626885013 481943254 0  
  1626885014 481943254 0  
  1626885015 481943254 0  
  1626885016 481943254 0  
  1626885017 481943254 0  
  1626885018 481943254 0  
  1626885019 481943254 0  
  1626885020 481943254 0  
  1626885021 481943254 0  
  1626885022 481943254 0  
  1626885023 481943254 0  
  1626885024 481943254 0  
  1626885025 481943254 0  
  1626885026 481943254 0  
  1626885027 481943254 0  
  1626885028 481943254 0  
  1626885029 481943254 0  
  1626885030 481943254 0  
  1626885032 481943254 0  
  1626885033 481943254 0  
  1626885034 481943254 0  
  1626885035 481943254 0  
  1626885036 481943254 0  
  1626885037 481943254 0  
  1626885038 481943254 0  
  1626885039 481943254 0  
  1626885040 481943611 0  
  1626885041 481943611 0  
  1626885042 481943611 0  
  1626885043 481947740 0  
  1626885044 481948244 0  
  1626885045 481948244 0  
  1626885046 481948952 0  
  1626885047 481953585 0  
  1626885048 481953585 0  
  1626885049 481954293 0  
  1626885050 481954293 0  
  1626885051 481954293 0  
  1626885052 481963559 0  
  1626885053 481963559 0  
  1626885054 481964839 0  
  1626885055 481964839 0  
  1626885056 481964839 0  
  1626885057 481964839 0  
  1626885058 481964839 0  
  1626885059 481964839 0  
  1626885060 481964931 0  
  1626885061 481964931 0  
  1626885062 481964931 0  
  1626885063 481964931 0  
  1626885064 481969240 0  
  1626885065 481969648 0  
  1626885066 481969648 0  
  1626885067 481970152 0  
  1626885068 481970748 0  
  1626885070 481970748 0  
  1626885071 481970748 0  
  1626885072 481970748 0  
  1626885073 481970748 0  
  1626885074 481970748 0  
  1626885075 481970748 0  
  1626885076 481970748 0  
  1626885077 481970748 0  
  1626885078 481970748 0  
  1626885079 481970748 0  
  1626885080 481970748 0  
  1626885081 481970748 0  
  1626885082 481970748 0  
  1626885083 481970748 0  
  1626885084 481970748 0  
  1626885085 481970748 0  
  1626885086 481970748 0  
  1626885087 481970748 0  
  1626885088 481970748 0  
  1626885089 481970748 0  
  1626885090 481970748 0  
  1626885091 481970748 0  
  1626885092 481970748 0  
  1626885093 481970748 0  
  1626885094 481970748 0  
  1626885095 481970748 0  
  1626885096 481970748 0  
  1626885097 481970748 0  
  1626885098 481970748 0  
  1626885099 481970748 0  
  1626885100 481970748 0  
  1626885101 481970748 0  
  1626885102 481970748 0  
  1626885103 481970748 0  
  1626885104 481970748 0  
  1626885105 481970748 0  
  1626885106 481970748 0  
  1626885108 481970748 0  
  1626885109 481970748 0  
  1626885110 481970748 0  
  1626885111 481970748 0  
  1626885112 481970748 0  
  1626885113 481970748 0  
  1626885114 481970748 0  
  1626885115 481970748 0  
  1626885116 481970748 0  
  1626885117 481970840 0  
  1626885118 481970840 0  
  1626885119 481970840 0  
  1626885120 481970840 0  
  1626885121 481970840 0  
  1626885122 481970840 0  
  1626885123 481970840 0  
  1626885124 481970840 0  
  1626885125 481970840 0  
  1626885126 481970840 0  
  1626885127 481970840 0  
  1626885128 481970840 0  
  1626885129 481970840 0  
  1626885130 481970840 0  
  1626885131 481970840 0  
  1626885132 481970840 0  
  1626885133 481970840 0  
  1626885134 481970840 0  
  1626885135 481970840 0  
  1626885136 481970840 0  
  1626885137 481970840 0  
  1626885138 481970840 0  
  1626885139 481970840 0  
  1626885140 481970840 0  
  1626885141 481970840 0  
  1626885142 481970840 0  
  1626885143 481970840 0  
  1626885144 481970840 0  
  1626885146 481970840 0  
  1626885147 481970840 0  
  1626885148 481970840 0  
  1626885149 481970840 0  
  1626885150 481970840 0  
  1626885151 481970840 0  
  1626885152 481970840 0  
  1626885153 481970840 0  
  1626885154 481970840 0  
  1626885155 481970840 0  
  1626885156 481970840 0  
  1626885157 481970840 0  
  1626885158 481970840 0  
  1626885159 481970840 0  
  1626885160 481970840 0  
  1626885161 481970840 0  
  1626885162 481970896 0  
  1626885163 481970896 0  
  1626885164 481970896 0  
  1626885165 481970896 0  
  1626885166 481970896 0  
  1626885167 481970896 0  
  1626885168 481970896 0  
  1626885169 481970896 0  
  1626885170 481970896 0  
  1626885171 481970896 0  
  1626885172 481970896 0  
  1626885173 481975205 0  
  1626885174 481975529 0  
  1626885175 481976237 0  
  1626885176 481976237 0  
  1626885177 481976237 0  
  1626885178 481976237 0  
  1626885179 481976237 0  
  1626885180 481976237 0  
  1626885181 481976237 0  
  1626885182 481976237 0  
  1626885183 481976237 0  
  1626885185 481976237 0  
  1626885186 481976237 0  
  1626885187 481976237 0  
  1626885188 481976237 0  
  1626885189 481976237 0  
  1626885190 481976237 0  
  1626885191 481976329 0  
  1626885192 481976329 0  
  1626885193 481976329 0  
  1626885194 481976329 0  
  1626885195 481976329 0  
  1626885196 481976329 0  
  1626885197 481976329 0  
  1626885198 481976329 0  
  1626885199 481976329 0  
  1626885200 481976329 0  
  1626885201 481976329 0  
  1626885202 481976329 0  
  1626885203 481976329 0  
  1626885204 481976329 0  
  1626885205 481976329 0  
  1626885206 481976329 0  
  1626885207 481976329 0  
  1626885208 481976329 0  
  1626885209 481976329 0  
  1626885210 481976329 0  
  1626885211 481976329 0  
  1626885212 481976329 0  
  1626885213 481976329 0  
  1626885214 481976329 0  
  1626885215 481976329 0  
  1626885216 481976329 0  
  1626885217 481976329 0  
 